   1.1199952326783398e-02
   1.1259432137464605e-02
   1.1378707564240212e-02
   1.1558411891084088e-02
   1.1799499235517100e-02
   1.2103249602851763e-02
   1.2471275665916324e-02
   1.2905531305390416e-02
   1.3408321954940149e-02
   1.3982316804574854e-02
   1.4630562925092959e-02
   1.5356501386170483e-02
   1.6163985450599012e-02
   1.7057300937423438e-02
   1.8041188857279823e-02
   1.9120870434100393e-02
   2.0302074638536130e-02
   2.1591068369935455e-02
   2.2994689435483152e-02
   2.4520382487098900e-02
   2.4425676634104772e-02
   2.2710069711667856e-02
   2.1115025290719455e-02
   1.9632083029783136e-02
   1.8253375744869512e-02
   1.6971588066962567e-02
   1.5779917943472350e-02
   1.4672040796230088e-02
   1.3642076159366141e-02
   1.2684556630892812e-02
   1.1794398981940785e-02
   1.0966877277319832e-02
   1.0197597870360075e-02
   9.4824761438220273e-03
   8.8177148770348240e-03
   8.1997841273340477e-03
   7.6254025213302653e-03
   7.0915198585588127e-03
   6.5953009366551537e-03
   6.1341105133852648e-03
   5.7054993266554329e-03
   5.3071910990495274e-03
   4.9370704585138111e-03
   4.5931717115490021e-03
   4.2736684096957205e-03
   3.9768636542313199e-03
   3.7011810878514362e-03
   3.4451565257056674e-03
   3.2074301815103070e-03
   2.9867394475876492e-03
   2.7819121905961410e-03
   2.5918605274326653e-03
   2.4155750483209567e-03
   2.2521194564610759e-03
   2.1006255958159986e-03
   1.9602888406636959e-03
   1.8303638224572013e-03
   1.7101604713207796e-03
   1.5990403511767031e-03
   1.4964132690528833e-03
   1.4017341405747996e-03
   1.3145000950033885e-03
   1.2342478044508676e-03
   1.1605510230955731e-03
   1.0930183233309758e-03
   1.0312910168289980e-03
   9.7504124947906561e-04
   9.2397026008718625e-04
   8.7780679358858251e-04
   8.3630566034766432e-04
   7.9924643389469121e-04
   7.6643228018348605e-04
   7.3768891215288948e-04
   7.1286366403999183e-04
   6.9182468052908150e-04
   6.7446021643005724e-04
   6.6067804316701883e-04
   6.5040495892497430e-04
   6.4358639985310443e-04
   6.4018615025971033e-04
   2.7098871742715414e-02
   3.0743826668144875e-02
   3.4551927438024987e-02
   3.8543339243721629e-02
   4.2739181807898513e-02
   4.7161636659944224e-02
   5.1834058848700168e-02
   5.6781093388981053e-02
   6.2028796692129518e-02
   6.7604763168614676e-02
   7.3538257108056906e-02
   7.9860349833567226e-02
   8.6604061986161635e-02
   9.3804510612904263e-02
   1.0149906049908330e-01
   1.0972747888754719e-01
   1.1853209235195039e-01
   1.2795794411637773e-01
   1.3805294951898467e-01
   1.4886804657464817e-01
   1.6045733766857009e-01
   1.7287821727065783e-01
   1.8619147915395995e-01
   2.0046139487689335e-01
   2.1575575318857076e-01
   2.3214584747246153e-01
   2.4970639528372629e-01
   2.6851537038523970e-01
   2.8865372337476175e-01
   3.1020496196051733e-01
   3.3325455614882993e-01
   3.5788912706399062e-01
   3.8419537090849742e-01
   4.1225866188460353e-01
   4.4216127009473349e-01
   4.7398012311283799e-01
   5.0778403398733463e-01
   5.4363031524034999e-01
   5.8156069984685621e-01
   6.2159649873600986e-01
   6.6373294330120902e-01
   7.0793269469774600e-01
   7.5411855387521309e-01
   8.0216548203324689e-01
   8.5189214461388518e-01
   9.0305232533752933e-01
   9.5532671881437037e-01
   1.0083157936270561e+00
   1.0615346066229321e+00
   1.1144106167376191e+00
   1.1662856543976283e+00
   1.2164232017272227e+00
   1.2640219767079046e+00
   1.3082364458421663e+00
   1.3482042933795442e+00
   1.3830800718528804e+00
   1.4120733269123009e+00
   1.4344885679774058e+00
   1.4497637281555511e+00
   1.4575034120352546e+00
