   7.3740565596092669e-02
   7.3866393895992422e-02
   7.4118258345112528e-02
   7.4496574879969121e-02
   7.5001967998644364e-02
   7.5635271468865325e-02
   7.6397529265539221e-02
   7.7289996731941771e-02
   7.8314141957086483e-02
   7.9471647359985312e-02
   8.0764411469508871e-02
   8.2194550886333068e-02
   8.3764402410977656e-02
   8.5476525319158850e-02
   8.7333703762545525e-02
   8.9338949269477524e-02
   9.1495503316217905e-02
   9.3806839934809122e-02
   9.6276668318519554e-02
   9.8908935380127419e-02
   9.8264293264041264e-02
   9.4341718431520644e-02
   9.0578491599313304e-02
   8.6968571650685111e-02
   8.3506127389198992e-02
   8.0185533876766357e-02
   7.7001368390933522e-02
   7.3948406077708029e-02
   7.1021615366540627e-02
   6.8216153205466354e-02
   6.5527360166766246e-02
   6.2950755466741254e-02
   6.0482031937200899e-02
   5.8117050980981681e-02
   5.5851837539147381e-02
   5.3682575093418908e-02
   5.1605600723775284e-02
   4.9617400238002630e-02
   4.7714603387198393e-02
   4.5893979178816109e-02
   4.4152431296725206e-02
   4.2486993635922621e-02
   4.0894825957938800e-02
   3.9373209671600393e-02
   3.7919543742621291e-02
   3.6531340734469564e-02
   3.5206222982081592e-02
   3.3941918899246915e-02
   3.2736259419854322e-02
   3.1587174572655891e-02
   3.0492690188760111e-02
   2.9450924740696112e-02
   2.8460086311589413e-02
   2.7518469692746458e-02
   2.6624453607753864e-02
   2.5776498061051020e-02
   2.4973141808826930e-02
   2.4212999950017900e-02
   2.3494761635137813e-02
   2.2817187890653366e-02
   2.2179109556619180e-02
   2.1579425335309023e-02
   2.1017099948617467e-02
   2.0491162402057759e-02
   2.0000704353245680e-02
   1.9544878582833030e-02
   1.9122897565937234e-02
   1.8734032142203514e-02
   1.8377610282732638e-02
   1.8053015952208679e-02
   1.7759688064667545e-02
   1.7497119531456558e-02
   1.7264856400048396e-02
   1.7062497082487992e-02
   1.6889691672368493e-02
   1.6746141349351581e-02
   1.6631597870367994e-02
   1.6545863146755817e-02
   1.6488788906716598e-02
   1.6460276442592660e-02
   1.0375191674374851e-01
   1.1081326192717923e-01
   1.1805990408105321e-01
   1.2550298166730486e-01
   1.3315374134760280e-01
   1.4102352608114060e-01
   1.4912375946061118e-01
   1.5746592579953753e-01
   1.6606154543324464e-01
   1.7492214464181810e-01
   1.8405921954682147e-01
   1.9348419327496377e-01
   2.0320836562220149e-01
   2.1324285439213209e-01
   2.2359852752457557e-01
   2.3428592507600504e-01
   2.4531517006558409e-01
   2.5669586716225240e-01
   2.6843698816357248e-01
   2.8054674321076262e-01
   2.9303243670228568e-01
   3.0590030691737502e-01
   3.1915534844887949e-01
   3.3280111668085921e-01
   3.4683951374060457e-01
   3.6127055561833277e-01
   3.7609212049266144e-01
   3.9129967873841504e-01
   4.0688600563765859e-01
   4.2284087847647728e-01
   4.3915076049855190e-01
   4.5579847510850013e-01
   4.7276287477509926e-01
   4.9001851027215243e-01
   5.0753530719948436e-01
   5.2527825812390339e-01
   5.4320714013205784e-01
   5.6127626904041383e-01
   5.7943430289106324e-01
   5.9762410858631598e-01
   6.1578270647240219e-01
   6.3384130824942009e-01
   6.5172546362537853e-01
   6.6935533050650498e-01
   6.8664608208878264e-01
   7.0350846186993821e-01
   7.1984949425331468e-01
   7.3557335403236290e-01
   7.5058239266158799e-01
   7.6477831295424525e-01
   7.7806347690966826e-01
   7.9034232407122051e-01
   8.0152287054695837e-01
   8.1151825205877515e-01
   8.2024826863362843e-01
   8.2764088432495209e-01
   8.3363363311801086e-01
   8.3817488229435722e-01
   8.4122490722405263e-01
   8.4275673685004115e-01
