   2.3323897564384183e-01
   2.3326735385719571e-01
   2.3332409829599923e-01
   2.3340918497260624e-01
   2.3352257787598377e-01
   2.3366422893632113e-01
   2.3383407797798406e-01
   2.3403205266093718e-01
   2.3425806841078808e-01
   2.3451202833763846e-01
   2.3479382314396000e-01
   2.3510333102174485e-01
   2.3544041753921366e-01
   2.3580493551739867e-01
   2.3619672489695281e-01
   2.3661561259557179e-01
   2.3706141235645176e-01
   2.3753392458824221e-01
   2.3803293619699145e-01
   2.3855822041062022e-01
   2.3766076743617770e-01
   2.3534098720393914e-01
   2.3304868192916536e-01
   2.3078483510861139e-01
   2.2855038197120731e-01
   2.2634621080632852e-01
   2.2417316432320986e-01
   2.2203204103514010e-01
   2.1992359666247133e-01
   2.1784854554887248e-01
   2.1580756208564172e-01
   2.1380128213926972e-01
   2.1183030447781198e-01
   2.0989519219198324e-01
   2.0799647410722738e-01
   2.0613464618334520e-01
   2.0431017289857453e-01
   2.0252348861531608e-01
   2.0077499892498213e-01
   1.9906508196971170e-01
   1.9739408973895028e-01
   1.9576234933912801e-01
   1.9417016423489344e-01
   1.9261781546056689e-01
   1.9110556280067026e-01
   1.8963364593856918e-01
   1.8820228557242832e-01
   1.8681168449783142e-01
   1.8546202865655850e-01
   1.8415348815113688e-01
   1.8288621822489967e-01
   1.8166036020738785e-01
   1.8047604242502577e-01
   1.7933338107708258e-01
   1.7823248107700573e-01
   1.7717343685927764e-01
   1.7615633315200119e-01
   1.7518124571547000e-01
   1.7424824204701775e-01
   1.7335738205247625e-01
   1.7250871868459822e-01
   1.7170229854882180e-01
   1.7093816247677010e-01
   1.7021634606788852e-01
   1.6953688019962881e-01
   1.6889979150658896e-01
   1.6830510282901645e-01
   1.6775283363107441e-01
   1.6724300038926063e-01
   1.6677561695135590e-01
   1.6635069486626267e-01
   1.6596824368507526e-01
   1.6562827123370327e-01
   1.6533078385734551e-01
   1.6507578663708805e-01
   1.6486328357887300e-01
   1.6469327777505624e-01
   1.6456577153874483e-01
   1.6448076651107288e-01
   1.6443826374154513e-01
   2.4028264766388102e-01
   2.4320541409144503e-01
   2.4615199710186803e-01
   2.4912091057518831e-01
   2.5211059228100680e-01
   2.5511940249018272e-01
   2.5814562272797337e-01
   2.6118745468439752e-01
   2.6424301929812033e-01
   2.6731035603060599e-01
   2.7038742234765867e-01
   2.7347209342575574e-01
   2.7656216210075946e-01
   2.7965533907666279e-01
   2.8274925341196566e-01
   2.8584145330108268e-01
   2.8892940716783144e-01
   2.9201050508754089e-01
   2.9508206055362679e-01
   2.9814131260360860e-01
   3.0118542831847023e-01
   3.0421150570799216e-01
   3.0721657699319449e-01
   3.1019761229533088e-01
   3.1315152373895161e-01
   3.1607516997441665e-01
   3.1896536112288609e-01
   3.2181886414425270e-01
   3.2463240862571952e-01
   3.2740269298577340e-01
   3.3012639108518660e-01
   3.3280015923340495e-01
   3.3542064357528073e-01
   3.3798448783961133e-01
   3.4048834142737616e-01
   3.4292886781396359e-01
   3.4530275323608212e-01
   3.4760671563050177e-01
   3.4983751378830552e-01
   3.5199195668500494e-01
   3.5406691294372372e-01
   3.5605932038573412e-01
   3.5796619561998261e-01
   3.5978464362091739e-01
   3.6151186724196699e-01
   3.6314517661046614e-01
   3.6468199834871201e-01
   3.6611988456520117e-01
   3.6745652155997011e-01
   3.6868973818836109e-01
   3.6981751382848066e-01
   3.7083798589911032e-01
   3.7174945687687982e-01
   3.7255040076410223e-01
   3.7323946896179266e-01
   3.7381549550601556e-01
   3.7427750162980589e-01
   3.7462469961743616e-01
   3.7485649592271919e-01
   3.7497249352828449e-01
