   4.0116963058872751e-01
   3.8259191677528276e-01
   3.6727668061918806e-01
   3.5517463220425988e-01
   3.4623975487124053e-01
   3.4043420261191781e-01
   3.3773166583983499e-01
   3.3811944315418457e-01
   3.4159937461808970e-01
   3.4818770906482360e-01
   3.5791389502598914e-01
   3.7081820192400788e-01
   3.8694799522465584e-01
   4.0635240780384341e-01
   4.2907507435163905e-01
   4.5514453567873675e-01
   4.8456189215830042e-01
   5.1728531721101734e-01
   5.5321117224024363e-01
   5.9215174640133750e-01
   6.3381013992866941e-01
   6.7775357697605632e-01
   7.2338750185029121e-01
   7.6993413618218753e-01
   8.1642057613044672e-01
   8.6168262006264351e-01
   9.0439076392638285e-01
   9.4310348887903483e-01
   9.7634952244480555e-01
   1.0027351282236276e+00
   1.0210655416714360e+00
   1.0304633415194784e+00
   1.0304633415194786e+00
   1.0210655416714371e+00
   1.0027351282236294e+00
   9.7634952244480788e-01
   9.4310348887903772e-01
   9.0439076392638607e-01
   8.6168262006264684e-01
   8.1642057613045027e-01
   7.6993413618219120e-01
   7.2338750185029488e-01
   6.7775357697605976e-01
   6.3381013992867274e-01
   5.9215174640134083e-01
   5.5321117224024685e-01
   5.1728531721102022e-01
   4.8456189215830314e-01
   4.5514453567873930e-01
   4.2907507435164144e-01
   4.0635240780384557e-01
   3.8694799522465784e-01
   3.7081820192400972e-01
   3.5791389502599075e-01
   3.4818770906482510e-01
   3.4159937461809103e-01
   3.3811944315418574e-01
   3.3773166583983599e-01
   3.4043420261191865e-01
   3.4623975487124126e-01
   3.5517463220426049e-01
   3.6727668061918856e-01
   3.8259191677528304e-01
   4.0116963058872768e-01
   4.3440554294136524e-01
   4.8246690249002344e-01
   5.3396312241728694e-01
   5.8870184616236421e-01
   6.4629192312698003e-01
   7.0609295908299685e-01
   7.6716744137000437e-01
   8.2824494518518910e-01
   8.8771156428814191e-01
   9.4363996020210983e-01
   9.9387417660865429e-01
   1.0361764209969171e+00
   1.0684294375819765e+00
   1.0888699271006261e+00
   1.0963115983311584e+00
   1.0903090620772320e+00
   1.0712221402102808e+00
   1.0401637953896192e+00
   9.9884531835789703e-01
   9.4935730226087545e-01
   8.9393511043624796e-01
   8.3475164781949340e-01
   7.7376399468058077e-01
   7.1262208536287330e-01
   6.5263337779100628e-01
   5.9476980745778096e-01
   5.3970155633068451e-01
   4.8784415211250032e-01
   4.3940898334309519e-01
   3.9445096820336506e-01
   3.5291009161777992e-01
   3.1464561310955841e-01
   2.7946303142336631e-01
   2.4713456780830265e-01
   2.1741420087520014e-01
   1.9004831614261938e-01
   1.6478293832677474e-01
   1.4136836752009721e-01
   1.1956188393418941e-01
   9.9129041492124662e-02
   8.4753220156556813e-02
   7.6236795701337984e-02
   6.8577036973788114e-02
   6.1689338319508957e-02
   5.5497222994931747e-02
   4.9931647561295582e-02
   4.4930343829205202e-02
   4.0437203559267929e-02
   3.6401708195629434e-02
   3.2778403918698081e-02
   2.9526420987614113e-02
   2.6609035508658545e-02
   2.3993271271540519e-02
   2.1649539038742879e-02
   1.9551310579718956e-02
   1.7674824758489721e-02
   1.5998823072121086e-02
   1.4504312171800713e-02
   1.3174351058966156e-02
   1.1993860823154573e-02
   1.0949454967120962e-02
   1.0029288542467161e-02
   9.2229244918270916e-03
   8.5212157593569978e-03
   7.9162018887311697e-03
   7.4010189766242343e-03
   6.9698219898539906e-03
   6.6177185863867498e-03
   6.3407137049175180e-03
   6.1356643055222931e-03
   6.0002437558212066e-03
   5.9329154641246220e-03
   5.9329154641246220e-03
   6.0002437558212066e-03
   6.1356643055222931e-03
   6.3407137049175189e-03
   6.6177185863867498e-03
   6.9698219898539906e-03
   7.4010189766242343e-03
   7.9162018887311697e-03
   8.5212157593569978e-03
   9.2229244918270933e-03
   1.0029288542467161e-02
   1.0949454967120961e-02
   1.1993860823154573e-02
   1.3174351058966152e-02
   1.4504312171800707e-02
   1.5998823072121079e-02
   1.7674824758489714e-02
   1.9551310579718945e-02
   2.1649539038742872e-02
   2.3993271271540509e-02
   2.6609035508658535e-02
   2.9526420987614099e-02
   3.2778403918698067e-02
   3.6401708195629420e-02
   4.0437203559267915e-02
   4.4930343829205181e-02
   4.9931647561295561e-02
   5.5497222994931733e-02
   6.1689338319508943e-02
   6.8577036973788114e-02
   7.6236795701337970e-02
   8.4753220156556813e-02
