   3.6758760371866578e-01
   3.4981244529835981e-01
   3.3535294420770484e-01
   3.2413609203836624e-01
   3.1609964960782128e-01
   3.1119611512429518e-01
   3.0939534105898980e-01
   3.1068603804163009e-01
   3.1507630949796200e-01
   3.2259326941296995e-01
   3.3328170569697430e-01
   3.4720166068923813e-01
   3.6442470633946661e-01
   3.8502859418818203e-01
   4.0908986227888766e-01
   4.3667389091477343e-01
   4.6782183365696750e-01
   5.0253383868035972e-01
   5.4074806506131723e-01
   5.8231525553568808e-01
   6.2696913777847851e-01
   6.7429378477427870e-01
   7.2369034539136790e-01
   7.7434725699202256e-01
   8.2522001020024016e-01
   8.7502832931367924e-01
   9.2227951400181751e-01
   9.6532565186642538e-01
   1.0024584878688134e+00
   1.0320385667019540e+00
   1.0526457826785414e+00
   1.0632292610048604e+00
   1.0632292610048604e+00
   1.0526457826785411e+00
   1.0320385667019538e+00
   1.0024584878688132e+00
   9.6532565186642505e-01
   9.2227951400181718e-01
   8.7502832931367891e-01
   8.2522001020023983e-01
   7.7434725699202211e-01
   7.2369034539136756e-01
   6.7429378477427837e-01
   6.2696913777847818e-01
   5.8231525553568775e-01
   5.4074806506131701e-01
   5.0253383868035939e-01
   4.6782183365696717e-01
   4.3667389091477316e-01
   4.0908986227888744e-01
   3.8502859418818181e-01
   3.6442470633946644e-01
   3.4720166068923791e-01
   3.3328170569697413e-01
   3.2259326941296979e-01
   3.1507630949796184e-01
   3.1068603804162992e-01
   3.0939534105898969e-01
   3.1119611512429513e-01
   3.1609964960782122e-01
   3.2413609203836624e-01
   3.3535294420770484e-01
   3.4981244529835986e-01
   3.6758760371866583e-01
   3.9973457557879533e-01
   4.4649145784227406e-01
   4.9695171078656664e-01
   5.5106070957306241e-01
   6.0859075730982071e-01
   6.6908696695670256e-01
   7.3180984917536662e-01
   7.9568208359556336e-01
   8.5925138180142147e-01
   9.2068562560231515e-01
   9.7781864155196085e-01
   1.0282622911043635e+00
   1.0695904032450740e+00
   1.0995819285804771e+00
   1.1164882816410571e+00
   1.1192716750330021e+00
   1.1077575958270685e+00
   1.0826612304497989e+00
   1.0454805983745838e+00
   9.9828518296266566e-01
   9.4345289412723043e-01
   8.8341218594487214e-01
   8.2043248252960255e-01
   7.5648408234222164e-01
   6.9316818684312553e-01
   6.3170432005529698e-01
   5.7295707710938271e-01
   5.1748478698796385e-01
   4.6559642276887864e-01
   4.1740762896350825e-01
   3.7289072490511960e-01
   3.3191647832060361e-01
   2.9428732032447408e-01
   2.5976270928465883e-01
   2.2807780887441678e-01
   1.9895675041657618e-01
   1.7212166495113398e-01
   1.4729850222948596e-01
   1.2422046402131071e-01
   1.0262970002521542e-01
   8.7458612699676724e-02
   7.8490750421033650e-02
   7.0442680167241395e-02
   6.3221718422297291e-02
   5.6744255941010291e-02
   5.0934966541674252e-02
   4.5726059059443963e-02
   4.1056578733593418e-02
   3.6871760738712879e-02
   3.3122436167385451e-02
   2.9764489198326683e-02
   2.6758363197380425e-02
   2.4068612923619497e-02
   2.1663499722501034e-02
   1.9514626491790431e-02
   1.7596609239094143e-02
   1.5886782166547587e-02
   1.4364933386372639e-02
   1.3013068568361052e-02
   1.1815200031611454e-02
   1.0757159007826960e-02
   9.8264290155112167e-03
   9.0119984893407938e-03
   8.3042310044593101e-03
   7.6947516202735353e-03
   7.1763480422118936e-03
   6.7428854630761197e-03
   6.3892340986978361e-03
   6.1112085764675941e-03
   5.9055184709501966e-03
   5.7697294093433911e-03
   5.7022342921336077e-03
   5.7022342921336077e-03
   5.7697294093433920e-03
   5.9055184709501975e-03
   6.1112085764675949e-03
   6.3892340986978395e-03
   6.7428854630761231e-03
   7.1763480422118980e-03
   7.6947516202735405e-03
   8.3042310044593171e-03
   9.0119984893408007e-03
   9.8264290155112236e-03
   1.0757159007826967e-02
   1.1815200031611463e-02
   1.3013068568361061e-02
   1.4364933386372646e-02
   1.5886782166547594e-02
   1.7596609239094150e-02
   1.9514626491790438e-02
   2.1663499722501037e-02
   2.4068612923619507e-02
   2.6758363197380428e-02
   2.9764489198326687e-02
   3.3122436167385458e-02
   3.6871760738712879e-02
   4.1056578733593425e-02
   4.5726059059443963e-02
   5.0934966541674259e-02
   5.6744255941010284e-02
   6.3221718422297277e-02
   7.0442680167241395e-02
   7.8490750421033650e-02
   8.7458612699676710e-02
