   7.6104632211865308e-01
   7.2942680273366023e-01
   6.9573573754658347e-01
   6.6071275958260267e-01
   6.2502997722154463e-01
   5.8927579286125842e-01
   5.5394746855133725e-01
   5.1945074627164134e-01
   4.8610461560365947e-01
   4.5414941780082418e-01
   4.2375675275486885e-01
   3.9504000560736674e-01
   3.6806465759364709e-01
   3.4285784827060550e-01
   3.1941689581892574e-01
   2.9771665733633301e-01
   2.7771572965686669e-01
   2.5936156457239867e-01
   2.4259461204293198e-01
   2.2735162131027464e-01
   2.1356823097683755e-01
   2.0118097119798792e-01
   1.9012878846871739e-01
   1.8035418892549673e-01
   1.7180408141716369e-01
   1.6443038784732736e-01
   1.5819047596342420e-01
   1.5304745904184094e-01
   1.4897039777097609e-01
   1.4593443192778441e-01
   1.4392086298422577e-01
   1.4291720335144881e-01
   1.4291720335144883e-01
   1.4392086298422577e-01
   1.4593443192778444e-01
   1.4897039777097615e-01
   1.5304745904184100e-01
   1.5819047596342425e-01
   1.6443038784732741e-01
   1.7180408141716375e-01
   1.8035418892549682e-01
   1.9012878846871745e-01
   2.0118097119798797e-01
   2.1356823097683764e-01
   2.2735162131027470e-01
   2.4259461204293203e-01
   2.5936156457239873e-01
   2.7771572965686681e-01
   2.9771665733633312e-01
   3.1941689581892579e-01
   3.4285784827060561e-01
   3.6806465759364732e-01
   3.9504000560736696e-01
   4.2375675275486907e-01
   4.5414941780082441e-01
   4.8610461560365975e-01
   5.1945074627164167e-01
   5.5394746855133759e-01
   5.8927579286125886e-01
   6.2502997722154496e-01
   6.6071275958260300e-01
   6.9573573754658369e-01
   7.2942680273366034e-01
   7.6104632211865320e-01
   8.0473132842524442e-01
   8.5910397753102352e-01
   9.0740579555003775e-01
   9.4774695972433587e-01
   9.7835498867637261e-01
   9.9776198284502504e-01
   1.0049804613291629e+00
   9.9963166915160517e-01
   9.8199685899218625e-01
   9.5297910250945661e-01
   9.1398493287735971e-01
   8.6675334183907404e-01
   8.1316801317393861e-01
   7.5508576794403814e-01
   6.9420338845483354e-01
   6.3197172583938854e-01
   5.6955486976521497e-01
   5.0782539210175326e-01
   4.4738426336164655e-01
   3.8859473010051715e-01
   3.4612494799120969e-01
   3.1992605432110527e-01
   2.9546864181203097e-01
   2.7270530390938419e-01
   2.5157351592792104e-01
   2.3200057702079843e-01
   2.1390753450278407e-01
   1.9721224254703518e-01
   1.8183170109286895e-01
   1.6768380736227631e-01
   1.5468863572457825e-01
   1.4276934433019364e-01
   1.3185279045673967e-01
   1.2186992165612610e-01
   1.1275599687897477e-01
   1.0445068081962955e-01
   9.6898045649801853e-02
   9.0046506892192305e-02
   8.3848714200118704e-02
   7.8261413029684410e-02
   7.3245289409088060e-02
   6.8764807041538492e-02
   6.4788043666649919e-02
   6.1286531818511229e-02
   5.8235107748440144e-02
   5.5611771238564534e-02
   5.3397558247770031e-02
   5.1576427747374101e-02
   5.0135163674880003e-02
   4.9063292624399187e-02
   4.8353017673268210e-02
   4.7999168593260498e-02
   4.7999168593260505e-02
   4.8353017673268224e-02
   4.9063292624399214e-02
   5.0135163674880023e-02
   5.1576427747374129e-02
   5.3397558247770073e-02
   5.5611771238564582e-02
   5.8235107748440200e-02
   6.1286531818511285e-02
   6.4788043666649989e-02
   6.8764807041538575e-02
   7.3245289409088157e-02
   7.8261413029684521e-02
   8.3848714200118801e-02
   9.0046506892192416e-02
   9.6898045649801978e-02
   1.0445068081962967e-01
   1.1275599687897488e-01
   1.2186992165612624e-01
   1.3185279045673981e-01
   1.4276934433019378e-01
   1.5468863572457839e-01
   1.6768380736227648e-01
   1.8183170109286909e-01
   1.9721224254703532e-01
   2.1390753450278421e-01
   2.3200057702079857e-01
   2.5157351592792115e-01
   2.7270530390938430e-01
   2.9546864181203109e-01
   3.1992605432110532e-01
   3.4612494799120969e-01
