   7.8557206332086515e-01
   7.5375063784174456e-01
   7.1945962554502108e-01
   6.8351199536256124e-01
   6.4665501995516517e-01
   6.0954885643354118e-01
   5.7275550583898949e-01
   5.3673636980272010e-01
   5.0185623396194956e-01
   4.6839153489772889e-01
   4.3654105116374259e-01
   4.0643755870254367e-01
   3.7815940513106588e-01
   3.5174132571183486e-01
   3.2718411926870411e-01
   3.0446302024787159e-01
   2.8353475157590696e-01
   2.6434333532527343e-01
   2.4682478871590366e-01
   2.3091085437023906e-01
   2.1653191622315957e-01
   2.0361924370338855e-01
   1.9210669211107737e-01
   1.8193197006725678e-01
   1.7303756770629858e-01
   1.6537142317432640e-01
   1.5888739059975659e-01
   1.5354556022606361e-01
   1.4931247080667701e-01
   1.4616124548727014e-01
   1.4407167500491619e-01
   1.4303026585529538e-01
   1.4303026585529538e-01
   1.4407167500491619e-01
   1.4616124548727014e-01
   1.4931247080667698e-01
   1.5354556022606361e-01
   1.5888739059975657e-01
   1.6537142317432640e-01
   1.7303756770629855e-01
   1.8193197006725675e-01
   1.9210669211107737e-01
   2.0361924370338849e-01
   2.1653191622315951e-01
   2.3091085437023900e-01
   2.4682478871590360e-01
   2.6434333532527338e-01
   2.8353475157590691e-01
   3.0446302024787147e-01
   3.2718411926870405e-01
   3.5174132571183481e-01
   3.7815940513106583e-01
   4.0643755870254356e-01
   4.3654105116374248e-01
   4.6839153489772878e-01
   5.0185623396194945e-01
   5.3673636980271999e-01
   5.7275550583898938e-01
   6.0954885643354118e-01
   6.4665501995516506e-01
   6.8351199536256113e-01
   7.1945962554502108e-01
   7.5375063784174434e-01
   7.8557206332086515e-01
   8.2886075721822461e-01
   8.8214419930379839e-01
   9.2872323555769165e-01
   9.6667713200868999e-01
   9.9426259417047647e-01
   1.0101080830497755e+00
   1.0133848742001170e+00
   1.0039178084979341e+00
   9.8220939454033007e-01
   9.4937130787809731e-01
   9.0698000682278679e-01
   8.5688952346411951e-01
   8.0103924299978746e-01
   7.4128803422533940e-01
   6.7929315722425976e-01
   6.1643874294154999e-01
   5.5380840949830468e-01
   4.9219119547997070e-01
   4.3210883034145936e-01
   3.7385388902633770e-01
   3.3186877636217166e-01
   3.0606402063447125e-01
   2.8205575589897969e-01
   2.5977983182165959e-01
   2.3915987524403973e-01
   2.2011187426308168e-01
   2.0254774840326983e-01
   1.8637807491475822e-01
   1.7151412666530919e-01
   1.5786935797353252e-01
   1.4536045442784978e-01
   1.3390804323731165e-01
   1.2343714301397639e-01
   1.1387741653245516e-01
   1.0516327702202397e-01
   9.7233887784824502e-02
   9.0033086162425321e-02
   8.3509255817630357e-02
   7.7615165684994464e-02
   7.2307789519199181e-02
   6.7548116512638770e-02
   6.3300960772376291e-02
   5.9534775383717993e-02
   5.6221475213206917e-02
   5.3336271412779558e-02
   5.0857519694966435e-02
   4.8766583789399173e-02
   4.7047715010595938e-02
   4.5687948524376132e-02
   4.4677016662585563e-02
   4.4007279477379334e-02
   4.3673672626819274e-02
   4.3673672626819267e-02
   4.4007279477379327e-02
   4.4677016662585549e-02
   4.5687948524376111e-02
   4.7047715010595917e-02
   4.8766583789399146e-02
   5.0857519694966401e-02
   5.3336271412779523e-02
   5.6221475213206876e-02
   5.9534775383717937e-02
   6.3300960772376236e-02
   6.7548116512638701e-02
   7.2307789519199098e-02
   7.7615165684994381e-02
   8.3509255817630273e-02
   9.0033086162425238e-02
   9.7233887784824433e-02
   1.0516327702202387e-01
   1.1387741653245506e-01
   1.2343714301397629e-01
   1.3390804323731156e-01
   1.4536045442784967e-01
   1.5786935797353244e-01
   1.7151412666530913e-01
   1.8637807491475814e-01
   2.0254774840326978e-01
   2.2011187426308165e-01
   2.3915987524403973e-01
   2.5977983182165959e-01
   2.8205575589897963e-01
   3.0606402063447125e-01
   3.3186877636217166e-01
