   8.7124297633265257e-01
   8.3865443674407703e-01
   8.0201110329146108e-01
   7.6241959032007711e-01
   7.2093573078603224e-01
   6.7851765528700470e-01
   6.3599675725381466e-01
   5.9406473570053053e-01
   5.5327342342433006e-01
   5.1404364117670132e-01
   4.7667956475192563e-01
   4.4138572643810298e-01
   4.0828453339920906e-01
   3.7743290452885986e-01
   3.4883721933230905e-01
   3.2246621266526210e-01
   2.9826174804316696e-01
   2.7614758598222189e-01
   2.5603636229709326e-01
   2.3783503142463905e-01
   2.2144903317753342e-01
   2.0678542360313473e-01
   1.9375518257553298e-01
   1.8227487923456964e-01
   1.7226784544943685e-01
   1.6366497926612236e-01
   1.5640527571642512e-01
   1.5043616160434886e-01
   1.4571369371554269e-01
   1.4220266588611033e-01
   1.3987665900937241e-01
   1.3871805883531857e-01
   1.3871805883531854e-01
   1.3987665900937238e-01
   1.4220266588611027e-01
   1.4571369371554257e-01
   1.5043616160434875e-01
   1.5640527571642499e-01
   1.6366497926612220e-01
   1.7226784544943663e-01
   1.8227487923456942e-01
   1.9375518257553273e-01
   2.0678542360313446e-01
   2.2144903317753312e-01
   2.3783503142463869e-01
   2.5603636229709281e-01
   2.7614758598222144e-01
   2.9826174804316646e-01
   3.2246621266526154e-01
   3.4883721933230855e-01
   3.7743290452885947e-01
   4.0828453339920862e-01
   4.4138572643810264e-01
   4.7667956475192524e-01
   5.1404364117670098e-01
   5.5327342342432984e-01
   5.9406473570053020e-01
   6.3599675725381444e-01
   6.7851765528700447e-01
   7.2093573078603190e-01
   7.6241959032007700e-01
   8.0201110329146097e-01
   8.3865443674407703e-01
   8.7124297633265269e-01
   9.1291364533378483e-01
   9.6186031541808448e-01
   1.0017145120135453e+00
   1.0305316756862937e+00
   1.0467872625301686e+00
   1.0495761674241149e+00
   1.0387397835723426e+00
   1.0148889150499489e+00
   9.7931659399392046e-01
   9.3382308805001235e-01
   8.8049479322158530e-01
   8.2148297095226652e-01
   7.5881868067164693e-01
   6.9428343284936445e-01
   6.2933849349954418e-01
   5.6510417693190784e-01
   5.0237509585008266e-01
   4.4165696317120667e-01
   3.8321304569343140e-01
   3.2711188289821891e-01
   2.8697705833547205e-01
   2.6259583105664763e-01
   2.4015620618069847e-01
   2.1954449453854366e-01
   2.0064391289377045e-01
   1.8333786682724929e-01
   1.6751230859640642e-01
   1.5305737288385762e-01
   1.3986845793332794e-01
   1.2784688742514549e-01
   1.1690026061816856e-01
   1.0694257497508207e-01
   9.7894186423308244e-02
   8.9681657094377601e-02
   8.2237528268314541e-02
   7.5500046774398588e-02
   6.9412865765122289e-02
   6.3924735154076401e-02
   5.8989192729492608e-02
   5.4564263728044002e-02
   5.0612174241146134e-02
   4.7099082040483839e-02
   4.3994827103383927e-02
   4.1272703177264676e-02
   3.8909251057101350e-02
   3.6884073792577944e-02
   3.5179673740313402e-02
   3.3781311191650662e-02
   3.2676884207943048e-02
   3.1856829260345179e-02
   3.1314042282651347e-02
   3.1043819790735019e-02
   3.1043819790735019e-02
   3.1314042282651347e-02
   3.1856829260345172e-02
   3.2676884207943041e-02
   3.3781311191650648e-02
   3.5179673740313389e-02
   3.6884073792577923e-02
   3.8909251057101329e-02
   4.1272703177264662e-02
   4.3994827103383920e-02
   4.7099082040483832e-02
   5.0612174241146141e-02
   5.4564263728044009e-02
   5.8989192729492622e-02
   6.3924735154076429e-02
   6.9412865765122303e-02
   7.5500046774398616e-02
   8.2237528268314583e-02
   8.9681657094377615e-02
   9.7894186423308271e-02
   1.0694257497508208e-01
   1.1690026061816859e-01
   1.2784688742514552e-01
   1.3986845793332797e-01
   1.5305737288385762e-01
   1.6751230859640645e-01
   1.8333786682724929e-01
   2.0064391289377045e-01
   2.1954449453854366e-01
   2.4015620618069849e-01
   2.6259583105664763e-01
   2.8697705833547205e-01
