   2.4206977878846303e-01
   2.4552837031382310e-01
   2.4901716701900539e-01
   2.5252831598920533e-01
   2.5605356005082430e-01
   2.5958424663274615e-01
   2.6311134091411209e-01
   2.6662544357557760e-01
   2.7011681343688509e-01
   2.7357539521886387e-01
   2.7699085261219680e-01
   2.8035260676829149e-01
   2.8364988024949761e-01
   2.8687174638728130e-01
   2.9000718389876734e-01
   2.9304513650575675e-01
   2.9597457718785936e-01
   2.9878457658517693e-01
   3.0146437494891387e-01
   3.0400345692365921e-01
   3.0639162833646466e-01
   3.0861909406902271e-01
   3.1067653600407563e-01
   3.1255518996939247e-01
   3.1424692055570497e-01
   3.1574429266189175e-01
   3.1704063862381243e-01
   3.1813011981410305e-01
   3.1900778165958998e-01
   3.1966960111041837e-01
   3.2011252570908183e-01
   3.2033450354581694e-01
   3.2033450354581700e-01
   3.2011252570908189e-01
   3.1966960111041842e-01
   3.1900778165959015e-01
   3.1813011981410322e-01
   3.1704063862381265e-01
   3.1574429266189197e-01
   3.1424692055570524e-01
   3.1255518996939274e-01
   3.1067653600407602e-01
   3.0861909406902310e-01
   3.0639162833646505e-01
   3.0400345692365954e-01
   3.0146437494891426e-01
   2.9878457658517732e-01
   2.9597457718785974e-01
   2.9304513650575709e-01
   2.9000718389876767e-01
   2.8687174638728163e-01
   2.8364988024949789e-01
   2.8035260676829177e-01
   2.7699085261219708e-01
   2.7357539521886409e-01
   2.7011681343688532e-01
   2.6662544357557777e-01
   2.6311134091411226e-01
   2.5958424663274626e-01
   2.5605356005082447e-01
   2.5252831598920544e-01
   2.4901716701900548e-01
   2.4552837031382319e-01
   2.4206977878846309e-01
   2.3687476396116103e-01
   2.2995568793194149e-01
   2.2310001740842958e-01
   2.1631972105780031e-01
   2.0962539820448273e-01
   2.0302634285227714e-01
   1.9653061322663049e-01
   1.9014510503683532e-01
   1.8387562688556033e-01
   1.7772697647558844e-01
   1.7170301647560979e-01
   1.6580674910462692e-01
   1.6004038867551729e-01
   1.5440543150120764e-01
   1.4890272271127200e-01
   1.4353251965277911e-01
   1.3829455165760132e-01
   1.3318807605023800e-01
   1.2821193034680403e-01
   1.2336458065863666e-01
   1.1864416636446527e-01
   1.1404854115475678e-01
   1.0957531058211466e-01
   1.0522186627382009e-01
   1.0098541697799236e-01
   9.6863016624537765e-02
   9.2851589587052918e-02
   8.8947953333037372e-02
   8.5148838647920555e-02
   8.1450907614186746e-02
   7.7850769520855692e-02
   7.4344994871223244e-02
   7.0930127648486538e-02
   6.7602695990000086e-02
   6.4359221411701958e-02
   6.1196226714926465e-02
   5.8110242698555734e-02
   5.5097813790384718e-02
   5.2155502702787182e-02
   4.9279894209345115e-02
   4.7183504865597373e-02
   4.5861632583536788e-02
   4.4596837360833710e-02
   4.3387643454125012e-02
   4.2232632276361273e-02
   4.1130441951516473e-02
   4.0079766806089566e-02
   3.9079356809878840e-02
   3.8128016977193625e-02
   3.7224606738478348e-02
   3.6368039291249182e-02
   3.5557280938274545e-02
   3.4791350420057772e-02
   3.4069318247894415e-02
   3.3390306043071048e-02
   3.2753485887138119e-02
   3.2158079687621105e-02
   3.1603358563024750e-02
   3.1088642250528924e-02
   3.0613298539366750e-02
   3.0176742732510836e-02
   2.9778437138967436e-02
   2.9417890598687015e-02
   2.9094658041839399e-02
   2.8808340083968841e-02
   2.8558582658335739e-02
   2.8345076686564632e-02
   2.8167557788549524e-02
   2.8025806032415279e-02
   2.7919645725195254e-02
   2.7848945244757950e-02
   2.7813616913398266e-02
   2.7813616913398266e-02
   2.7848945244757950e-02
   2.7919645725195254e-02
   2.8025806032415279e-02
   2.8167557788549520e-02
   2.8345076686564632e-02
   2.8558582658335739e-02
   2.8808340083968837e-02
   2.9094658041839395e-02
   2.9417890598687019e-02
   2.9778437138967440e-02
   3.0176742732510836e-02
   3.0613298539366746e-02
   3.1088642250528924e-02
   3.1603358563024750e-02
   3.2158079687621105e-02
   3.2753485887138119e-02
   3.3390306043071048e-02
   3.4069318247894415e-02
   3.4791350420057772e-02
   3.5557280938274545e-02
   3.6368039291249182e-02
   3.7224606738478355e-02
   3.8128016977193625e-02
   3.9079356809878840e-02
   4.0079766806089566e-02
   4.1130441951516480e-02
   4.2232632276361280e-02
   4.3387643454125012e-02
   4.4596837360833717e-02
   4.5861632583536795e-02
   4.7183504865597373e-02
