  -2.0000000005401704e-03   0.0000000000000000e+00
  -2.3228303873116980e-03   0.0000000000000000e+00
  -2.6698006583236499e-03   0.0000000000000000e+00
  -2.9285329488254085e-02   0.0000000000000000e+00
  -5.4720525654543176e-02   0.0000000000000000e+00
  -2.1484969592854350e-01   0.0000000000000000e+00
  -2.5167589618892489e-01   0.0000000000000000e+00
  -4.4097290089651642e-01   0.0000000000000000e+00
  -6.7053789711079703e-01   0.0000000000000000e+00
  -6.4409292056939138e-01   0.0000000000000000e+00
  -1.1851615606544703e+00   0.0000000000000000e+00
  -9.4651447889594476e-01   0.0000000000000000e+00
  -1.1851615590884950e+00  -2.0223160826659667e-11
  -1.3891170108747350e+00   0.0000000000000000e+00
