   4.6955984756809643e-01
   4.6955984756809677e-01
   4.6955984756809777e-01
   4.6955984756809993e-01
   4.6955984756810332e-01
   4.6955984756810848e-01
   4.6955984756811586e-01
   4.6955984756812613e-01
   4.6955984756813940e-01
   4.6955984756815594e-01
   4.6955984756817509e-01
   4.6955984756819619e-01
   4.6955984756821784e-01
   4.6955984756823843e-01
   4.6955984756825575e-01
   4.6955984756826813e-01
   4.6955984756827429e-01
   4.6955984756827346e-01
   4.6955984756826558e-01
   4.6955984756825170e-01
   4.6955984756823321e-01
   4.6955984756821195e-01
   4.6955984756818986e-01
   4.6955984756816871e-01
   4.6955984756814984e-01
   4.6955984756813396e-01
   4.6955984756812152e-01
   4.6955984756811220e-01
   4.6955984756810581e-01
   4.6955984756810154e-01
   4.6955984756809882e-01
   4.6955984756809732e-01
   4.6955984756809666e-01
   4.6955984756809643e-01
   4.6955984756809643e-01
   4.6955984756809654e-01
   4.6955984756809704e-01
   4.6955984756809799e-01
   4.6955984756809960e-01
   4.6955984756810187e-01
   4.6955984756810520e-01
   4.6955984756810987e-01
   4.6955984756811608e-01
   4.6955984756812424e-01
   4.6955984756813435e-01
   4.6955984756814623e-01
   4.6955984756815972e-01
   4.6955984756817443e-01
   4.6955984756818997e-01
   4.6955984756820585e-01
   4.6955984756822133e-01
   4.6955984756823593e-01
   4.6955984756824892e-01
   4.6955984756825969e-01
   4.6955984756826813e-01
   4.6955984756827390e-01
   4.6955984756827718e-01
   4.6955984756827818e-01
   4.6955984756827729e-01
   4.6955984756827485e-01
   4.6955984756827146e-01
   4.6955984756826757e-01
   4.6955984756826352e-01
   4.6955984756825964e-01
   4.6955984756825625e-01
   4.6955984756825364e-01
   4.6955984756825203e-01
   4.6955984756825148e-01
   4.6955984756825148e-01
   4.6955984756825137e-01
   4.6955984756825103e-01
   4.6955984756825053e-01
   4.6955984756824920e-01
   4.6955984756824665e-01
   4.6955984756824221e-01
   4.6955984756823577e-01
   4.6955984756822666e-01
   4.6955984756821512e-01
   4.6955984756820113e-01
   4.6955984756818542e-01
   4.6955984756816882e-01
   4.6955984756815267e-01
   4.6955984756813801e-01
   4.6955984756812646e-01
   4.6955984756811925e-01
   4.6955984756811719e-01
   4.6955984756812014e-01
   4.6955984756812802e-01
   4.6955984756814001e-01
   4.6955984756815455e-01
   4.6955984756817065e-01
   4.6955984756818686e-01
   4.6955984756820202e-01
   4.6955984756821523e-01
   4.6955984756822622e-01
   4.6955984756823477e-01
   4.6955984756824126e-01
   4.6955984756824570e-01
   4.6955984756824853e-01
   4.6955984756825025e-01
   4.6955984756825120e-01
   4.6955984756825148e-01
