   5.6138505712693054e-01
   5.6138505712693099e-01
   5.6138505712693121e-01
   5.6138505712693132e-01
   5.6138505712693121e-01
   5.6138505712693110e-01
   5.6138505712693065e-01
   5.6138505712693021e-01
   5.6138505712692954e-01
   5.6138505712692877e-01
   5.6138505712692788e-01
   5.6138505712692688e-01
   5.6138505712692577e-01
   5.6138505712692455e-01
   5.6138505712692333e-01
   5.6138505712692199e-01
   5.6138505712692066e-01
   5.6138505712691933e-01
   5.6138505712691800e-01
   5.6138505712691655e-01
   5.6138505712691522e-01
   5.6138505712691389e-01
   5.6138505712691267e-01
   5.6138505712691156e-01
   5.6138505712691045e-01
   5.6138505712690945e-01
   5.6138505712690856e-01
   5.6138505712690789e-01
   5.6138505712690734e-01
   5.6138505712690678e-01
   5.6138505712690656e-01
   5.6138505712690634e-01
   5.6138505712690634e-01
   5.6138505712690645e-01
   5.6138505712690667e-01
   5.6138505712690712e-01
   5.6138505712690767e-01
   5.6138505712690845e-01
   5.6138505712690923e-01
   5.6138505712691023e-01
   5.6138505712691122e-01
   5.6138505712691245e-01
   5.6138505712691356e-01
   5.6138505712691489e-01
   5.6138505712691622e-01
   5.6138505712691755e-01
   5.6138505712691900e-01
   5.6138505712692033e-01
   5.6138505712692166e-01
   5.6138505712692310e-01
   5.6138505712692421e-01
   5.6138505712692555e-01
   5.6138505712692666e-01
   5.6138505712692766e-01
   5.6138505712692854e-01
   5.6138505712692932e-01
   5.6138505712692999e-01
   5.6138505712693054e-01
   5.6138505712693099e-01
   5.6138505712693121e-01
   5.6138505712693132e-01
   5.6138505712693121e-01
   5.6138505712693110e-01
   5.6138505712693065e-01
   5.6138505712693010e-01
   5.6138505712692932e-01
   5.6138505712692854e-01
   5.6138505712692766e-01
   5.6138505712692655e-01
   5.6138505712692532e-01
   5.6138505712692410e-01
   5.6138505712692277e-01
   5.6138505712692144e-01
   5.6138505712692000e-01
   5.6138505712691855e-01
   5.6138505712691711e-01
   5.6138505712691578e-01
   5.6138505712691444e-01
   5.6138505712691311e-01
   5.6138505712691178e-01
   5.6138505712691067e-01
   5.6138505712690967e-01
   5.6138505712690878e-01
   5.6138505712690789e-01
   5.6138505712690734e-01
   5.6138505712690701e-01
   5.6138505712690689e-01
   5.6138505712690678e-01
   5.6138505712690689e-01
   5.6138505712690712e-01
   5.6138505712690745e-01
   5.6138505712690800e-01
   5.6138505712690867e-01
   5.6138505712690945e-01
   5.6138505712691034e-01
   5.6138505712691134e-01
   5.6138505712691245e-01
   5.6138505712691356e-01
   5.6138505712691478e-01
   5.6138505712691600e-01
   5.6138505712691733e-01
   5.6138505712691866e-01
   5.6138505712692000e-01
   5.6138505712692133e-01
   5.6138505712692255e-01
   5.6138505712692377e-01
   5.6138505712692499e-01
   5.6138505712692599e-01
   5.6138505712692710e-01
   5.6138505712692799e-01
   5.6138505712692877e-01
   5.6138505712692943e-01
   5.6138505712692999e-01
   5.6138505712693043e-01
   5.6138505712693065e-01
   5.6138505712693076e-01
   5.6138505712693076e-01
   5.6138505712693054e-01
   5.6138505712693032e-01
   5.6138505712692988e-01
   5.6138505712692932e-01
   5.6138505712692854e-01
   5.6138505712692777e-01
   5.6138505712692677e-01
   5.6138505712692577e-01
   5.6138505712692466e-01
   5.6138505712692344e-01
   5.6138505712692222e-01
   5.6138505712692088e-01
   5.6138505712691966e-01
   5.6138505712691833e-01
   5.6138505712691700e-01
   5.6138505712691567e-01
   5.6138505712691433e-01
   5.6138505712691322e-01
   5.6138505712691200e-01
   5.6138505712691100e-01
   5.6138505712691000e-01
   5.6138505712690911e-01
   5.6138505712690845e-01
   5.6138505712690789e-01
   5.6138505712690734e-01
   5.6138505712690701e-01
   5.6138505712690689e-01
   5.6138505712690678e-01
   5.6138505712690689e-01
   5.6138505712690712e-01
   5.6138505712690745e-01
