   5.4105238163801195e-01
   5.4105238164020064e-01
   5.4105238164087388e-01
   5.4105238164002400e-01
   5.4105238163766056e-01
   5.4105238163381042e-01
   5.4105238162851688e-01
   5.4105238162183977e-01
   5.4105238161385438e-01
   5.4105238160465086e-01
   5.4105238159433300e-01
   5.4105238158301749e-01
   5.4105238157083180e-01
   5.4105238155791346e-01
   5.4105238154440838e-01
   5.4105238153046897e-01
   5.4105238151625246e-01
   5.4105238150191948e-01
   5.4105238148763146e-01
   5.4105238147355006e-01
   5.4105238145983381e-01
   5.4105238144663781e-01
   5.4105238143411083e-01
   5.4105238142239431e-01
   5.4105238141162049e-01
   5.4105238140191092e-01
   5.4105238139337530e-01
   5.4105238138610978e-01
   5.4105238138019640e-01
   5.4105238137570200e-01
   5.4105238137267730e-01
   5.4105238137115630e-01
   5.4105238137115630e-01
   5.4105238137267719e-01
   5.4105238137570200e-01
   5.4105238138019629e-01
   5.4105238138610967e-01
   5.4105238139337508e-01
   5.4105238140191081e-01
   5.4105238141162038e-01
   5.4105238142239409e-01
   5.4105238143411061e-01
   5.4105238144663748e-01
   5.4105238145983359e-01
   5.4105238147354973e-01
   5.4105238148763124e-01
   5.4105238150191914e-01
   5.4105238151625223e-01
   5.4105238153046875e-01
   5.4105238154440816e-01
   5.4105238155791313e-01
   5.4105238157083158e-01
   5.4105238158301727e-01
   5.4105238159433289e-01
   5.4105238160465063e-01
   5.4105238161385416e-01
   5.4105238162183955e-01
   5.4105238162851677e-01
   5.4105238163381042e-01
   5.4105238163766056e-01
   5.4105238164002389e-01
   5.4105238164087388e-01
   5.4105238164020075e-01
   5.4105238163801206e-01
   5.4105238163242431e-01
   5.4105238162344726e-01
   5.4105238161309410e-01
   5.4105238160148583e-01
   5.4105238158875868e-01
   5.4105238157506153e-01
   5.4105238156055480e-01
   5.4105238154540825e-01
   5.4105238152979940e-01
   5.4105238151391088e-01
   5.4105238149792889e-01
   5.4105238148204038e-01
   5.4105238146643164e-01
   5.4105238145128520e-01
   5.4105238143677858e-01
   5.4105238142308154e-01
   5.4105238141035461e-01
   5.4105238139874656e-01
   5.4105238138839351e-01
   5.4105238137941669e-01
   5.4105238137382938e-01
   5.4105238137164069e-01
   5.4105238137096756e-01
   5.4105238137181744e-01
   5.4105238137418088e-01
   5.4105238137803113e-01
   5.4105238138332468e-01
   5.4105238139000189e-01
   5.4105238139798739e-01
   5.4105238140719103e-01
   5.4105238141750889e-01
   5.4105238142882450e-01
   5.4105238144101031e-01
   5.4105238145392875e-01
   5.4105238146743384e-01
   5.4105238148137336e-01
   5.4105238149558998e-01
   5.4105238150992307e-01
   5.4105238152421109e-01
   5.4105238153829271e-01
   5.4105238155200897e-01
   5.4105238156520497e-01
   5.4105238157773206e-01
   5.4105238158944857e-01
   5.4105238160022240e-01
   5.4105238160993208e-01
   5.4105238161846780e-01
   5.4105238162573333e-01
   5.4105238163164660e-01
   5.4105238163614100e-01
   5.4105238163916580e-01
   5.4105238164068670e-01
   5.4105238164068670e-01
   5.4105238163916569e-01
   5.4105238163614100e-01
   5.4105238163164648e-01
   5.4105238162573310e-01
   5.4105238161846758e-01
   5.4105238160993185e-01
   5.4105238160022218e-01
   5.4105238158944835e-01
   5.4105238157773172e-01
   5.4105238156520474e-01
   5.4105238155200863e-01
   5.4105238153829238e-01
   5.4105238152421076e-01
   5.4105238150992285e-01
   5.4105238149558965e-01
   5.4105238148137302e-01
   5.4105238146743362e-01
   5.4105238145392842e-01
   5.4105238144101009e-01
   5.4105238142882428e-01
   5.4105238141750867e-01
   5.4105238140719081e-01
   5.4105238139798717e-01
   5.4105238139000178e-01
   5.4105238138332457e-01
   5.4105238137803102e-01
   5.4105238137418077e-01
   5.4105238137181744e-01
   5.4105238137096756e-01
   5.4105238137164080e-01
   5.4105238137382938e-01
