   3.7046455173727494e-01
   3.7070582465932594e-01
   3.7128383790375419e-01
   3.7209550353783144e-01
   3.7305099084768234e-01
   3.7422487965297946e-01
   3.7571536818593043e-01
   3.7752000801261965e-01
   3.7957000843585037e-01
   3.8184009547204167e-01
   3.8436749095080464e-01
   3.8719404306080524e-01
   3.9032622419166113e-01
   3.9375003353090576e-01
   3.9746360885668364e-01
   4.0148427365574341e-01
   4.0583287388828082e-01
   4.1052170795459175e-01
   4.1555740757588294e-01
   4.2094936494986168e-01
   4.2671225746246305e-01
   4.3286237760245500e-01
   4.3941413209957958e-01
   4.4638005962248539e-01
   4.5377245022874485e-01
   4.6160368723199491e-01
   4.6988492132193549e-01
   4.7862447854560553e-01
   4.8782692095581309e-01
   4.9749245675139520e-01
   5.0761607641218576e-01
   5.1818633907727507e-01
   5.2918421972452534e-01
   5.4058240396358603e-01
   5.5234516126920430e-01
   5.6442880664723327e-01
   5.7678279199258631e-01
   5.8935145969543590e-01
   6.0207635497189238e-01
   6.1489882045470468e-01
   6.2776251185095056e-01
   6.4061551400577166e-01
   6.5341185700297300e-01
   6.6611236946938890e-01
   6.7868492080912424e-01
   6.9110417822703574e-01
   7.0335103436443203e-01
   7.1541185374697314e-01
   7.2727765565646796e-01
   7.3894331379980116e-01
   7.5040682048948937e-01
   7.6166863900916726e-01
   7.7273115170828954e-01
   7.8359820117309154e-01
   7.9427471601652955e-01
   8.0476641023684536e-01
   8.1507954469970967e-01
   8.2522074005560442e-01
   8.3519683162406999e-01
   8.4501475811320526e-01
   8.5468147732977873e-01
   8.6420390326012231e-01
   8.7358885997383617e-01
   8.8284304870629993e-01
   8.9197302521422261e-01
   9.0098518509101955e-01
   9.0988575522162674e-01
   9.1868078993567637e-01
   9.2737617073718670e-01
   9.3597760873051605e-01
   9.4449064905672664e-01
   9.5292067680496517e-01
   9.6127292398629960e-01
   9.6955247724930871e-01
   9.7776428609364885e-01
   9.8591317139483647e-01
   9.9400383409623583e-01
   1.0020408639671059e+00
   1.0100287483452439e+00
   1.0179718808097600e+00
   1.0258745697432090e+00
   1.0337410467577364e+00
   1.0415754749693060e+00
   1.0493819571091727e+00
   1.0571645434695391e+00
   1.0649272396851246e+00
   1.0726740143518134e+00
   1.0804088064903663e+00
   1.0881355328566362e+00
   1.0958580951072625e+00
   1.1035803868288627e+00
   1.1113063004280601e+00
   1.1190397338912477e+00
   1.1267845974127439e+00
   1.1345448198929593e+00
   1.1423243552933102e+00
   1.1501271888507947e+00
   1.1579573431296877e+00
   1.1658188839032262e+00
   1.1737159258340641e+00
   1.1816526379265733e+00
   1.1896332487215906e+00
   1.1976620511842335e+00
   1.2057434072364661e+00
   1.2138817518713112e+00
   1.2220815967827161e+00
   1.2303475334250376e+00
   1.2386842354114063e+00
   1.2470964601436612e+00
   1.2555890495580013e+00
   1.2641669298555822e+00
   1.2728351100684576e+00
   1.2815986793133989e+00
   1.2904628025604503e+00
   1.2994327147439368e+00
   1.3085137130328512e+00
   1.3177111470802518e+00
   1.3270304070716274e+00
   1.3364769094062081e+00
   1.3460560798602752e+00
   1.3557733341263931e+00
   1.3656340556365725e+00
   1.3756435706684089e+00
   1.3858071207719938e+00
   1.3961298326647393e+00
   1.4066166858266673e+00
   1.4172724781467161e+00
   1.4281017900966102e+00
   1.4391089480370602e+00
   1.4502979873868009e+00
   1.4616726165086202e+00
   1.4732361822714739e+00
   1.4849916383179389e+00
   1.4969415171072267e+00
   1.5090879067929388e+00
   1.5214324339323553e+00
   1.5339762528979159e+00
   1.5467200426886702e+00
   1.5596640116010645e+00
   1.5728079099526640e+00
   1.5861510507511032e+00
   1.5996923378986290e+00
   1.6134303012325211e+00
   1.6273631374459288e+00
   1.6414887557312823e+00
   1.6558048268490755e+00
   1.6703088342573513e+00
   1.6849981259445863e+00
   1.6998699656795369e+00
   1.7149215825226498e+00
   1.7301502176154040e+00
   1.7455531674625329e+00
   1.7611278231338665e+00
   1.7768717050203291e+00
   1.7927824929716110e+00
   1.8088580518147175e+00
   1.8250964523946724e+00
   1.8414959883906470e+00
   1.8580551892433523e+00
   1.8747728295824015e+00
   1.8916479355711087e+00
   1.9086797885949796e+00
   1.9258679267109275e+00
   1.9432121442539869e+00
   1.9607124899689135e+00
   1.9783692639999169e+00
   1.9961830140339505e+00
   2.0141545308563673e+00
   2.0322848435409973e+00
