   2.4535634514790380e-01
   2.4975383437884094e-01
   2.5421824028728285e-01
   2.5873973331199562e-01
   2.6330776084290047e-01
   2.6791104035187840e-01
   2.7253755935822038e-01
   2.7717458312857773e-01
   2.8180867099794266e-01
   2.8642570216049046e-01
   2.9101091171364440e-01
   2.9554893764248658e-01
   3.0002387930227437e-01
   3.0441936779286483e-01
   3.0871864841996843e-01
   3.1290467520543797e-01
   3.1696021714494110e-01
   3.2086797562087765e-01
   3.2461071206767511e-01
   3.2817138466391793e-01
   3.3153329250121449e-01
   3.3468022536485037e-01
   3.3759661696885279e-01
   3.4026769923140149e-01
   3.4267965496883718e-01
   3.4481976624033095e-01
   3.4667655550149024e-01
   3.4823991673239202e-01
   3.4950123379926845e-01
   3.5045348349127242e-01
   3.5109132094233486e-01
   3.5141114549688562e-01
   3.5141114549688562e-01
   3.5109132094233492e-01
   3.5045348349127237e-01
   3.4950123379926845e-01
   3.4823991673239202e-01
   3.4667655550149024e-01
   3.4481976624033095e-01
   3.4267965496883723e-01
   3.4026769923140149e-01
   3.3759661696885279e-01
   3.3468022536485043e-01
   3.3153329250121455e-01
   3.2817138466391799e-01
   3.2461071206767517e-01
   3.2086797562087777e-01
   3.1696021714494116e-01
   3.1290467520543808e-01
   3.0871864841996849e-01
   3.0441936779286488e-01
   3.0002387930227442e-01
   2.9554893764248663e-01
   2.9101091171364446e-01
   2.8642570216049046e-01
   2.8180867099794271e-01
   2.7717458312857779e-01
   2.7253755935822038e-01
   2.6791104035187846e-01
   2.6330776084290053e-01
   2.5873973331199562e-01
   2.5421824028728290e-01
   2.4975383437884097e-01
   2.4535634514790383e-01
   2.3879382241900168e-01
   2.3008218382654372e-01
   2.2147794046591818e-01
   2.1299428645492882e-01
   2.0464230421453189e-01
   1.9643110682954174e-01
   1.8836798346284298e-01
   1.8045854487864318e-01
   1.7270686667369847e-01
   1.6511562831116494e-01
   1.5768624649433122e-01
   1.5041900180497347e-01
   1.4331315786404575e-01
   1.3636707255335664e-01
   1.2957830106953469e-01
   1.2294369077046147e-01
   1.1645946792433336e-01
   1.1012131658756048e-01
   1.0392444992464293e-01
   9.7863674345520374e-02
   9.3443063811158258e-02
   9.0653735821855735e-02
   8.7983339006229275e-02
   8.5429179050158136e-02
   8.2988610990796380e-02
   8.0659047246131502e-02
   7.8437964570961125e-02
   7.6322910053519363e-02
   7.4311506257489418e-02
   7.2401455605158899e-02
   7.0590544089033203e-02
   6.8876644391330469e-02
   6.7257718483436008e-02
   6.5731819770584912e-02
   6.4297094840751204e-02
   6.2951784870928132e-02
   6.1694226738661435e-02
   6.0522853881818377e-02
   5.9436196945111000e-02
   5.8432884247812102e-02
   5.7511642103378766e-02
   5.6671295018300726e-02
   5.5910765794391137e-02
   5.5229075555908960e-02
   5.4625343720317174e-02
   5.4098787929115766e-02
   5.3648723953017452e-02
   5.3274565583735008e-02
   5.2975824522799780e-02
   5.2752110276110424e-02
   5.2603130061298665e-02
   5.2528688733476422e-02
   5.2528688733476429e-02
   5.2603130061298672e-02
   5.2752110276110431e-02
   5.2975824522799787e-02
   5.3274565583735008e-02
   5.3648723953017459e-02
   5.4098787929115773e-02
   5.4625343720317181e-02
   5.5229075555908981e-02
   5.5910765794391151e-02
   5.6671295018300739e-02
   5.7511642103378786e-02
   5.8432884247812122e-02
   5.9436196945111021e-02
   6.0522853881818404e-02
   6.1694226738661463e-02
   6.2951784870928174e-02
   6.4297094840751232e-02
   6.5731819770584940e-02
   6.7257718483436049e-02
   6.8876644391330510e-02
   7.0590544089033230e-02
   7.2401455605158940e-02
   7.4311506257489460e-02
   7.6322910053519405e-02
   7.8437964570961166e-02
   8.0659047246131543e-02
   8.2988610990796408e-02
   8.5429179050158163e-02
   8.7983339006229275e-02
   9.0653735821855749e-02
   9.3443063811158258e-02
