   1.8387455085758392e-01
   1.8504100781204694e-01
   1.8619048737579549e-01
   1.8732135252720958e-01
   1.8843196498873516e-01
   1.8952068885657644e-01
   1.9058589437682874e-01
   1.9162596185596412e-01
   1.9263928569202940e-01
   1.9362427851138792e-01
   1.9457937539435768e-01
   1.9550303817168402e-01
   1.9639375977245668e-01
   1.9725006860285699e-01
   1.9807053293402324e-01
   1.9885376527636642e-01
   1.9959842671687478e-01
   2.0030323119533225e-01
   2.0096694969495416e-01
   2.0158841432272953e-01
   2.0216652225476603e-01
   2.0270023952216359e-01
   2.0318860461340857e-01
   2.0363073186997951e-01
   2.0402581465278999e-01
   2.0437312825826054e-01
   2.0467203256419952e-01
   2.0492197438727516e-01
   2.0512248953566289e-01
   2.0527320454243372e-01
   2.0537383806739534e-01
   2.0542420195738106e-01
   2.0542420195738106e-01
   2.0537383806739534e-01
   2.0527320454243372e-01
   2.0512248953566289e-01
   2.0492197438727516e-01
   2.0467203256419952e-01
   2.0437312825826057e-01
   2.0402581465278999e-01
   2.0363073186997951e-01
   2.0318860461340860e-01
   2.0270023952216359e-01
   2.0216652225476603e-01
   2.0158841432272956e-01
   2.0096694969495416e-01
   2.0030323119533225e-01
   1.9959842671687478e-01
   1.9885376527636645e-01
   1.9807053293402327e-01
   1.9725006860285699e-01
   1.9639375977245671e-01
   1.9550303817168405e-01
   1.9457937539435771e-01
   1.9362427851138794e-01
   1.9263928569202945e-01
   1.9162596185596414e-01
   1.9058589437682877e-01
   1.8952068885657647e-01
   1.8843196498873516e-01
   1.8732135252720961e-01
   1.8619048737579555e-01
   1.8504100781204699e-01
   1.8387455085758395e-01
   1.8207987614592158e-01
   1.7965895487494488e-01
   1.7722798421761352e-01
   1.7479017534750776e-01
   1.7234862225994679e-01
   1.6990629876435076e-01
   1.6746605626215022e-01
   1.6503062226233520e-01
   1.6260259958477302e-01
   1.6018446620021387e-01
   1.5777857565536510e-01
   1.5538715803148853e-01
   1.5301232138557952e-01
   1.5065605362425613e-01
   1.4832022476194845e-01
   1.4600658951676856e-01
   1.4371679019949626e-01
   1.4145235985337840e-01
   1.3921472560485496e-01
   1.3700521218784784e-01
   1.3538003551339259e-01
   1.3433895376956650e-01
   1.3332748038703188e-01
   1.3234608825810948e-01
   1.3139522113050162e-01
   1.3047529488659088e-01
   1.2958669879802651e-01
   1.2872979675224477e-01
   1.2790492844792054e-01
   1.2711241055667580e-01
   1.2635253784867370e-01
   1.2562558428000928e-01
   1.2493180404006625e-01
   1.2427143255724755e-01
   1.2364468746170185e-01
   1.2305176950386627e-01
   1.2249286342782079e-01
   1.2196813879860835e-01
   1.2147775078281614e-01
   1.2102184088183712e-01
   1.2060053761734045e-01
   1.2021395716857357e-01
   1.1986220396120079e-01
   1.1954537120745093e-01
   1.1926354139740572e-01
   1.1901678674130697e-01
   1.1880516956279889e-01
   1.1862874264305236e-01
   1.1848754951573946e-01
   1.1838162471284389e-01
   1.1831099396130230e-01
   1.1827567433047911e-01
   1.1827567433047911e-01
   1.1831099396130230e-01
   1.1838162471284389e-01
   1.1848754951573946e-01
   1.1862874264305236e-01
   1.1880516956279889e-01
   1.1901678674130697e-01
   1.1926354139740572e-01
   1.1954537120745093e-01
   1.1986220396120079e-01
   1.2021395716857357e-01
   1.2060053761734044e-01
   1.2102184088183712e-01
   1.2147775078281614e-01
   1.2196813879860836e-01
   1.2249286342782079e-01
   1.2305176950386627e-01
   1.2364468746170182e-01
   1.2427143255724754e-01
   1.2493180404006626e-01
   1.2562558428000928e-01
   1.2635253784867370e-01
   1.2711241055667580e-01
   1.2790492844792051e-01
   1.2872979675224475e-01
   1.2958669879802651e-01
   1.3047529488659085e-01
   1.3139522113050162e-01
   1.3234608825810948e-01
   1.3332748038703185e-01
   1.3433895376956650e-01
   1.3538003551339259e-01
