   2.5717303286661691e-01
   2.6277372895865403e-01
   2.6855187828802390e-01
   2.7449548982728750e-01
   2.8059114696538529e-01
   2.8682392471222246e-01
   2.9317731528878910e-01
   2.9963316490942482e-01
   3.0617162483218835e-01
   3.1277111998206475e-01
   3.1940833862008627e-01
   3.2605824661725946e-01
   3.3269412987189617e-01
   3.3928766825855455e-01
   3.4580904419342834e-01
   3.5222708842476463e-01
   3.5850946499294745e-01
   3.6462289644599694e-01
   3.7053342934507755e-01
   3.7620673886602002e-01
   3.8160846992561731e-01
   3.8670461077920287e-01
   3.9146189350721272e-01
   3.9584821430478856e-01
   3.9983306509207528e-01
   4.0338796676153471e-01
   4.0648689346012024e-01
   4.0910667674932361e-01
   4.1122737836146861e-01
   4.1283262062146325e-01
   4.1390986444771227e-01
   4.1445062617106732e-01
   4.1445062617106720e-01
   4.1390986444771216e-01
   4.1283262062146314e-01
   4.1122737836146844e-01
   4.0910667674932355e-01
   4.0648689346012007e-01
   4.0338796676153454e-01
   3.9983306509207506e-01
   3.9584821430478834e-01
   3.9146189350721244e-01
   3.8670461077920265e-01
   3.8160846992561703e-01
   3.7620673886601974e-01
   3.7053342934507727e-01
   3.6462289644599666e-01
   3.5850946499294717e-01
   3.5222708842476436e-01
   3.4580904419342801e-01
   3.3928766825855422e-01
   3.3269412987189584e-01
   3.2605824661725913e-01
   3.1940833862008594e-01
   3.1277111998206447e-01
   3.0617162483218802e-01
   2.9963316490942454e-01
   2.9317731528878882e-01
   2.8682392471222223e-01
   2.8059114696538506e-01
   2.7449548982728733e-01
   2.6855187828802385e-01
   2.6277372895865397e-01
   2.5717303286661691e-01
   2.4895352087235534e-01
   2.3813672820844684e-01
   2.2754556303339873e-01
   2.1719243616389564e-01
   2.0708651800505962e-01
   1.9723406460265994e-01
   1.8763873082263413e-01
   1.7830186686284799e-01
   1.6922279553293690e-01
   1.6039906875789414e-01
   1.5182670258552527e-01
   1.4350039062718870e-01
   1.3541369635766701e-01
   1.2755922506610881e-01
   1.1992877650736514e-01
   1.1251347947163902e-01
   1.0530390958796433e-01
   9.8290191719142536e-02
   9.1462088305616335e-02
   8.4809074984407221e-02
   7.9972180594951162e-02
   7.6937655397307181e-02
   7.4048715494309317e-02
   7.1300516909534858e-02
   6.8688385269939964e-02
   6.6207819866320461e-02
   6.3854496466124386e-02
   6.1624269067790720e-02
   5.9513170763684779e-02
   5.7517413858847240e-02
   5.5633389375002763e-02
   5.3857666053412516e-02
   5.2186988956038335e-02
   5.0618277751951928e-02
   4.9148624764821167e-02
   4.7775292847492989e-02
   4.6495713141037544e-02
   4.5307482767998432e-02
   4.4208362502897260e-02
   4.3196274457165090e-02
   4.2269299810525615e-02
   4.1425676616350715e-02
   4.0663797704571771e-02
   3.9982208702291987e-02
   3.9379606189241877e-02
   3.8854836002597981e-02
   3.8406891703391607e-02
   3.8034913214725054e-02
   3.7738185640244677e-02
   3.7516138269757228e-02
   3.7368343777480835e-02
   3.7294517617165200e-02
   3.7294517617165200e-02
   3.7368343777480828e-02
   3.7516138269757221e-02
   3.7738185640244663e-02
   3.8034913214725040e-02
   3.8406891703391594e-02
   3.8854836002597953e-02
   3.9379606189241870e-02
   3.9982208702291973e-02
   4.0663797704571750e-02
   4.1425676616350694e-02
   4.2269299810525608e-02
   4.3196274457165069e-02
   4.4208362502897246e-02
   4.5307482767998425e-02
   4.6495713141037530e-02
   4.7775292847492976e-02
   4.9148624764821160e-02
   5.0618277751951921e-02
   5.2186988956038322e-02
   5.3857666053412509e-02
   5.5633389375002749e-02
   5.7517413858847233e-02
   5.9513170763684765e-02
   6.1624269067790720e-02
   6.3854496466124386e-02
   6.6207819866320461e-02
   6.8688385269939950e-02
   7.1300516909534858e-02
   7.4048715494309303e-02
   7.6937655397307167e-02
   7.9972180594951148e-02
