   1.3651425706958120e-01
   1.4377477895266644e-01
   1.5219091829729511e-01
   1.6182301387629669e-01
   1.7273858806568218e-01
   1.8501205611980159e-01
   1.9872423998714892e-01
   2.1396161347672038e-01
   2.3081518643646368e-01
   2.4937891302281251e-01
   2.6974748337830334e-01
   2.9201333004166291e-01
   3.1626265227519379e-01
   3.4257023703977091e-01
   3.7099284095719198e-01
   4.0156090314235321e-01
   4.3426839856427885e-01
   4.6906073493598199e-01
   5.0582076701916545e-01
   5.4435327690241264e-01
   5.8436866994794279e-01
   6.2546717199278312e-01
   6.6712546119364191e-01
   7.0868835220811188e-01
   7.4936872270965771e-01
   7.8825910347241190e-01
   8.2435795772347331e-01
   8.5661238481421076e-01
   8.8397667534703506e-01
   9.0548299819776878e-01
   9.2031709922587612e-01
   9.2788918346535953e-01
   9.2788918346535909e-01
   9.2031709922587512e-01
   9.0548299819776723e-01
   8.8397667534703284e-01
   8.5661238481420809e-01
   8.2435795772347031e-01
   7.8825910347240846e-01
   7.4936872270965416e-01
   7.0868835220810833e-01
   6.6712546119363825e-01
   6.2546717199277935e-01
   5.8436866994793923e-01
   5.4435327690240920e-01
   5.0582076701916223e-01
   4.6906073493597888e-01
   4.3426839856427590e-01
   4.0156090314235049e-01
   3.7099284095718948e-01
   3.4257023703976858e-01
   3.1626265227519168e-01
   2.9201333004166097e-01
   2.6974748337830157e-01
   2.4937891302281096e-01
   2.3081518643646232e-01
   2.1396161347671919e-01
   1.9872423998714792e-01
   1.8501205611980079e-01
   1.7273858806568151e-01
   1.6182301387629619e-01
   1.5219091829729475e-01
   1.4377477895266622e-01
   1.3651425706958117e-01
   1.2716291102181587e-01
   1.1569002711306355e-01
   1.0519878216717440e-01
   9.5605032897334977e-02
   8.6830614525177388e-02
   7.8803110584981517e-02
   7.1455564292609144e-02
   6.4726154663326013e-02
   5.8557854298907600e-02
   5.2898080981846798e-02
   4.7698351590619963e-02
   4.2913944124531644e-02
   3.8503571592543695e-02
   3.4429070014744240e-02
   3.0655101680639878e-02
   2.7148874006856765e-02
   2.3879873762375308e-02
   2.0819616024100953e-02
   1.7941406945171670e-02
   1.5220119229346681e-02
   1.3290823993477266e-02
   1.2132451958058562e-02
   1.1076396828910359e-02
   1.0113757783484707e-02
   9.2364200962252209e-03
   8.4369871567194447e-03
   7.7087184316169937e-03
   7.0454728744734612e-03
   6.4416573270168562e-03
   5.8921794924121987e-03
   5.3924050958504685e-03
   4.9381188802126242e-03
   4.5254891147102306e-03
   4.1510353223678529e-03
   3.8115989580971192e-03
   3.5043167930397805e-03
   3.2265967829554071e-03
   2.9760962188292595e-03
   2.7507019767068755e-03
   2.5485127011508051e-03
   2.3678227727838811e-03
   2.2071079252493912e-03
   2.0650123906928958e-03
   1.9403374656586472e-03
   1.8320314011953775e-03
   1.7391805320758440e-03
   1.6610015704410122e-03
   1.5968349989672627e-03
   1.5461395079034482e-03
   1.5084874291098735e-03
   1.4835611286258825e-03
   1.4711503273662611e-03
   1.4711503273662613e-03
   1.4835611286258825e-03
   1.5084874291098737e-03
   1.5461395079034487e-03
   1.5968349989672632e-03
   1.6610015704410128e-03
   1.7391805320758446e-03
   1.8320314011953784e-03
   1.9403374656586480e-03
   2.0650123906928966e-03
   2.2071079252493925e-03
   2.3678227727838824e-03
   2.5485127011508064e-03
   2.7507019767068768e-03
   2.9760962188292613e-03
   3.2265967829554084e-03
   3.5043167930397822e-03
   3.8115989580971214e-03
   4.1510353223678546e-03
   4.5254891147102332e-03
   4.9381188802126259e-03
   5.3924050958504702e-03
   5.8921794924122004e-03
   6.4416573270168580e-03
   7.0454728744734629e-03
   7.7087184316169954e-03
   8.4369871567194464e-03
   9.2364200962252226e-03
   1.0113757783484709e-02
   1.1076396828910359e-02
   1.2132451958058564e-02
   1.3290823993477266e-02
