   1.8957168709644434e-01
   1.9099457908013573e-01
   1.9239935866655095e-01
   1.9378389513742728e-01
   1.9514604551087325e-01
   1.9648365952787272e-01
   1.9779458490990132e-01
   1.9907667287203160e-01
   2.0032778387299094e-01
   2.0154579358071426e-01
   2.0272859902903809e-01
   2.0387412493834853e-01
   2.0498033017026787e-01
   2.0604521428388028e-01
   2.0706682415860173e-01
   2.0804326064663214e-01
   2.0897268521603315e-01
   2.0985332654389116e-01
   2.1068348701778791e-01
   2.1146154910294779e-01
   2.1218598153198792e-01
   2.1285534527418853e-01
   2.1346829924165062e-01
   2.1402360569061923e-01
   2.1452013527763697e-01
   2.1495687173204553e-01
   2.1533291610866717e-01
   2.1564749058725013e-01
   2.1589994178843255e-01
   2.1608974357953090e-01
   2.1621649934735174e-01
   2.1627994371941567e-01
   2.1627994371941567e-01
   2.1621649934735174e-01
   2.1608974357953090e-01
   2.1589994178843255e-01
   2.1564749058725013e-01
   2.1533291610866720e-01
   2.1495687173204553e-01
   2.1452013527763697e-01
   2.1402360569061923e-01
   2.1346829924165062e-01
   2.1285534527418853e-01
   2.1218598153198792e-01
   2.1146154910294782e-01
   2.1068348701778791e-01
   2.0985332654389119e-01
   2.0897268521603315e-01
   2.0804326064663214e-01
   2.0706682415860173e-01
   2.0604521428388028e-01
   2.0498033017026787e-01
   2.0387412493834853e-01
   2.0272859902903809e-01
   2.0154579358071426e-01
   2.0032778387299094e-01
   1.9907667287203162e-01
   1.9779458490990132e-01
   1.9648365952787272e-01
   1.9514604551087325e-01
   1.9378389513742728e-01
   1.9239935866655097e-01
   1.9099457908013573e-01
   1.8957168709644437e-01
   1.8738659982247838e-01
   1.8444199513164866e-01
   1.8148831785976330e-01
   1.7852963649312051e-01
   1.7556983592839265e-01
   1.7261261488835272e-01
   1.6966148454472529e-01
   1.6671976825182114e-01
   1.6379060229349399e-01
   1.6087693754618226e-01
   1.5798154196218034e-01
   1.5510700377966916e-01
   1.5225573536924716e-01
   1.4942997763058924e-01
   1.4663180485728050e-01
   1.4386312999268439e-01
   1.4112571020479256e-01
   1.3842115271326236e-01
   1.3575092080717593e-01
   1.3311633999737768e-01
   1.3117989184898901e-01
   1.2994102120134843e-01
   1.2873890802992899e-01
   1.2757398398174424e-01
   1.2644664681940182e-01
   1.2535726240486883e-01
   1.2430616662292485e-01
   1.2329366724133137e-01
   1.2232004570525586e-01
   1.2138555886394643e-01
   1.2049044062806760e-01
   1.1963490355647641e-01
   1.1881914037154620e-01
   1.1804332540243363e-01
   1.1730761595593556e-01
   1.1661215361479949e-01
   1.1595706546353486e-01
   1.1534246524192680e-01
   1.1476845442658032e-01
   1.1423512324092271e-01
   1.1374255159416966e-01
   1.1329080994981502e-01
   1.1287996012424029e-01
   1.1251005601605707e-01
   1.1218114426679790e-01
   1.1189326485355783e-01
   1.1164645161416362e-01
   1.1144073270541029e-01
   1.1127613099485875e-01
   1.1115266438663202e-01
   1.1107034608158629e-01
   1.1102918477216410e-01
   1.1102918477216410e-01
   1.1107034608158629e-01
   1.1115266438663202e-01
   1.1127613099485875e-01
   1.1144073270541030e-01
   1.1164645161416362e-01
   1.1189326485355783e-01
   1.1218114426679790e-01
   1.1251005601605707e-01
   1.1287996012424029e-01
   1.1329080994981502e-01
   1.1374255159416966e-01
   1.1423512324092272e-01
   1.1476845442658035e-01
   1.1534246524192680e-01
   1.1595706546353486e-01
   1.1661215361479950e-01
   1.1730761595593556e-01
   1.1804332540243363e-01
   1.1881914037154621e-01
   1.1963490355647641e-01
   1.2049044062806760e-01
   1.2138555886394643e-01
   1.2232004570525586e-01
   1.2329366724133137e-01
   1.2430616662292486e-01
   1.2535726240486886e-01
   1.2644664681940182e-01
   1.2757398398174427e-01
   1.2873890802992899e-01
   1.2994102120134843e-01
   1.3117989184898901e-01
