   1.8574227269204260e-01
   1.8699259091056281e-01
   1.8822544799494628e-01
   1.8943905038738268e-01
   1.9063160022489564e-01
   1.9180129939800386e-01
   1.9294635379123121e-01
   1.9406497769211373e-01
   1.9515539835341214e-01
   1.9621586069132654e-01
   1.9724463210063695e-01
   1.9824000736589267e-01
   1.9920031364606669e-01
   2.0012391550849987e-01
   2.0100921998652016e-01
   2.0185468163384632e-01
   2.0265880754780749e-01
   2.0342016233254875e-01
   2.0413737297276782e-01
   2.0480913358816097e-01
   2.0543421003866041e-01
   2.0601144435073357e-01
   2.0653975893549642e-01
   2.0701816057017275e-01
   2.0744574411550851e-01
   2.0782169594312283e-01
   2.0814529704843598e-01
   2.0841592582674590e-01
   2.0863306049221350e-01
   2.0879628112193926e-01
   2.0890527130994466e-01
   2.0895981941868591e-01
   2.0895981941868591e-01
   2.0890527130994466e-01
   2.0879628112193926e-01
   2.0863306049221350e-01
   2.0841592582674590e-01
   2.0814529704843598e-01
   2.0782169594312286e-01
   2.0744574411550851e-01
   2.0701816057017275e-01
   2.0653975893549642e-01
   2.0601144435073357e-01
   2.0543421003866041e-01
   2.0480913358816097e-01
   2.0413737297276782e-01
   2.0342016233254878e-01
   2.0265880754780749e-01
   2.0185468163384632e-01
   2.0100921998652016e-01
   2.0012391550849987e-01
   1.9920031364606669e-01
   1.9824000736589270e-01
   1.9724463210063695e-01
   1.9621586069132657e-01
   1.9515539835341217e-01
   1.9406497769211373e-01
   1.9294635379123126e-01
   1.9180129939800389e-01
   1.9063160022489567e-01
   1.8943905038738268e-01
   1.8822544799494631e-01
   1.8699259091056281e-01
   1.8574227269204263e-01
   1.8381974484522204e-01
   1.8122719947124263e-01
   1.7862479089252797e-01
   1.7601600632163131e-01
   1.7340419581367347e-01
   1.7079256930947892e-01
   1.6818419459234643e-01
   1.6558199609711252e-01
   1.6298875450831368e-01
   1.6040710708332301e-01
   1.5783954863622890e-01
   1.5528843311884255e-01
   1.5275597573647057e-01
   1.5024425553787124e-01
   1.4775521842104419e-01
   1.4529068049909033e-01
   1.4285233177325019e-01
   1.4044174006330573e-01
   1.3806035514875256e-01
   1.3570951307745294e-01
   1.3398079081990194e-01
   1.3287385326929985e-01
   1.3179884710007422e-01
   1.3075623684588747e-01
   1.2974645621206221e-01
   1.2876990957499510e-01
   1.2782697344669852e-01
   1.2691799790112632e-01
   1.2604330795934368e-01
   1.2520320493097395e-01
   1.2439796770969785e-01
   1.2362785402089498e-01
   1.2289310161980235e-01
   1.2219392943882358e-01
   1.2153053868285445e-01
   1.2090311387169851e-01
   1.2031182382883020e-01
   1.1975682261592543e-01
   1.1923825041272004e-01
   1.1875623434187903e-01
   1.1831088923866229e-01
   1.1790231836525961e-01
   1.1753061406973873e-01
   1.1719585838960736e-01
   1.1689812360003340e-01
   1.1663747270680085e-01
   1.1641395988409908e-01
   1.1622763085725674e-01
   1.1607852323053423e-01
   1.1596666676008663e-01
   1.1589208357219821e-01
   1.1585478832687686e-01
   1.1585478832687686e-01
   1.1589208357219821e-01
   1.1596666676008663e-01
   1.1607852323053423e-01
   1.1622763085725674e-01
   1.1641395988409908e-01
   1.1663747270680085e-01
   1.1689812360003340e-01
   1.1719585838960736e-01
   1.1753061406973873e-01
   1.1790231836525961e-01
   1.1831088923866229e-01
   1.1875623434187903e-01
   1.1923825041272006e-01
   1.1975682261592543e-01
   1.2031182382883020e-01
   1.2090311387169851e-01
   1.2153053868285445e-01
   1.2219392943882358e-01
   1.2289310161980235e-01
   1.2362785402089498e-01
   1.2439796770969785e-01
   1.2520320493097395e-01
   1.2604330795934368e-01
   1.2691799790112632e-01
   1.2782697344669852e-01
   1.2876990957499510e-01
   1.2974645621206221e-01
   1.3075623684588747e-01
   1.3179884710007422e-01
   1.3287385326929985e-01
   1.3398079081990194e-01
