   2.3892977026772497e-01
   2.4664836400308054e-01
   2.5499826155297500e-01
   2.6398024521656865e-01
   2.7359285896325369e-01
   2.8383181369257809e-01
   2.9468932245229196e-01
   3.0615336544560401e-01
   3.1820688750549708e-01
   3.3082693451052042e-01
   3.4398374009108429e-01
   3.5763978001910635e-01
   3.7174881891083628e-01
   3.8625498222095356e-01
   4.0109189573245430e-01
   4.1618194441788675e-01
   4.3143571198324565e-01
   4.4675167064742155e-01
   4.6201619651497666e-01
   4.7710398778242691e-01
   4.9187895935275661e-01
   5.0619567663507425e-01
   5.1990137209335219e-01
   5.3283855982536232e-01
   5.4484822642576058e-01
   5.5577353223280279e-01
   5.6546390886587505e-01
   5.7377939124860555e-01
   5.8059498068070592e-01
   5.8580480598693674e-01
   5.8932583783070647e-01
   5.9110092085955057e-01
   5.9110092085955057e-01
   5.8932583783070636e-01
   5.8580480598693663e-01
   5.8059498068070581e-01
   5.7377939124860533e-01
   5.6546390886587483e-01
   5.5577353223280246e-01
   5.4484822642576036e-01
   5.3283855982536188e-01
   5.1990137209335185e-01
   5.0619567663507381e-01
   4.9187895935275616e-01
   4.7710398778242641e-01
   4.6201619651497616e-01
   4.4675167064742100e-01
   4.3143571198324515e-01
   4.1618194441788625e-01
   4.0109189573245385e-01
   3.8625498222095311e-01
   3.7174881891083578e-01
   3.5763978001910590e-01
   3.4398374009108384e-01
   3.3082693451051998e-01
   3.1820688750549664e-01
   3.0615336544560368e-01
   2.9468932245229162e-01
   2.8383181369257782e-01
   2.7359285896325347e-01
   2.6398024521656849e-01
   2.5499826155297489e-01
   2.4664836400308052e-01
   2.3892977026772497e-01
   2.2816328412845027e-01
   2.1436605420585020e-01
   2.0120189832431623e-01
   1.8865395350189537e-01
   1.7670224725801598e-01
   1.6532443823372811e-01
   1.5449644059349468e-01
   1.4419294468050112e-01
   1.3438784624414152e-01
   1.2505459597186391e-01
   1.1616648020541638e-01
   1.0769684272750349e-01
   9.9619256457388158e-02
   9.1907652853808711e-02
   8.4536415830381753e-02
   7.7480446066418199e-02
   7.0715200757484498e-02
   6.4216713099882153e-02
   5.7961595140965279e-02
   5.1927027048942420e-02
   4.7576439709452675e-02
   4.4887046944253321e-02
   4.2363439485447650e-02
   3.9996476478758695e-02
   3.7777556063613660e-02
   3.5698590820742712e-02
   3.3751983888635262e-02
   3.1930605866214913e-02
   3.0227772588187905e-02
   2.8637223834411279e-02
   2.7153103014355751e-02
   2.5769937851492782e-02
   2.4482622079533868e-02
   2.3286398152319684e-02
   2.2176840961317622e-02
   2.1149842548737755e-02
   2.0201597799883699e-02
   1.9328591095238757e-02
   1.8527583900716169e-02
   1.7795603273283910e-02
   1.7129931258649905e-02
   1.6528095157731137e-02
   1.5987858639122065e-02
   1.5507213675634787e-02
   1.5084373284132610e-02
   1.4717765049260681e-02
   1.4406025413243649e-02
   1.4147994715631239e-02
   1.3942712968697060e-02
   1.3789416356107377e-02
   1.3687534444455101e-02
   1.3636688099282696e-02
   1.3636688099282696e-02
   1.3687534444455101e-02
   1.3789416356107375e-02
   1.3942712968697060e-02
   1.4147994715631237e-02
   1.4406025413243647e-02
   1.4717765049260678e-02
   1.5084373284132604e-02
   1.5507213675634783e-02
   1.5987858639122058e-02
   1.6528095157731133e-02
   1.7129931258649901e-02
   1.7795603273283903e-02
   1.8527583900716162e-02
   1.9328591095238750e-02
   2.0201597799883692e-02
   2.1149842548737748e-02
   2.2176840961317616e-02
   2.3286398152319671e-02
   2.4482622079533858e-02
   2.5769937851492768e-02
   2.7153103014355740e-02
   2.8637223834411269e-02
   3.0227772588187894e-02
   3.1930605866214899e-02
   3.3751983888635241e-02
   3.5698590820742691e-02
   3.7777556063613639e-02
   3.9996476478758682e-02
   4.2363439485447636e-02
   4.4887046944253314e-02
   4.7576439709452668e-02
