   2.5258103450509328e-01
   2.5759955384847122e-01
   2.6273447685415247e-01
   2.6797459185066663e-01
   2.7330763134313579e-01
   2.7872023636846016e-01
   2.8419792930030374e-01
   2.8972509682342629e-01
   2.9528498486926330e-01
   3.0085970733961648e-01
   3.0643027043340954e-01
   3.1197661432311163e-01
   3.1747767379345410e-01
   3.2291145924731474e-01
   3.2825515919570625e-01
   3.3348526497682979e-01
   3.3857771799265185e-01
   3.4350807921409321e-01
   3.4825172009620969e-01
   3.5278403337650777e-01
   3.5708066152213519e-01
   3.6111773986980056e-01
   3.6487215079532714e-01
   3.6832178459078785e-01
   3.7144580215131501e-01
   3.7422489411613158e-01
   3.7664153080205465e-01
   3.7868019714094664e-01
   3.8032760690645612e-01
   3.8157289080176982e-01
   3.8240775347994632e-01
   3.8282659527083679e-01
   3.8282659527083684e-01
   3.8240775347994638e-01
   3.8157289080176993e-01
   3.8032760690645623e-01
   3.7868019714094675e-01
   3.7664153080205481e-01
   3.7422489411613180e-01
   3.7144580215131523e-01
   3.6832178459078813e-01
   3.6487215079532742e-01
   3.6111773986980084e-01
   3.5708066152213552e-01
   3.5278403337650810e-01
   3.4825172009621003e-01
   3.4350807921409360e-01
   3.3857771799265224e-01
   3.3348526497683023e-01
   3.2825515919570664e-01
   3.2291145924731518e-01
   3.1747767379345448e-01
   3.1197661432311208e-01
   3.0643027043340998e-01
   3.0085970733961692e-01
   2.9528498486926369e-01
   2.8972509682342662e-01
   2.8419792930030402e-01
   2.7872023636846038e-01
   2.7330763134313601e-01
   2.6797459185066680e-01
   2.6273447685415258e-01
   2.5759955384847133e-01
   2.5258103450509339e-01
   2.4515220972353516e-01
   2.3533209678890485e-01
   2.2567397789132512e-01
   2.1619130078255200e-01
   2.0689481062548798e-01
   1.9779277639270940e-01
   1.8889121459636374e-01
   1.8019410669460037e-01
   1.7170360739895432e-01
   1.6342024187225557e-01
   1.5534309045817565e-01
   1.4746996012666130e-01
   1.3979754226256991e-01
   1.3232155677794630e-01
   1.2503688280252637e-01
   1.1793767641324579e-01
   1.1101747601238239e-01
   1.0426929606529947e-01
   9.7685709971470386e-02
   9.1258922874389969e-02
   8.6579004514663188e-02
   8.3634615485584582e-02
   8.0823723128716690e-02
   7.8142560953887080e-02
   7.5587467442417511e-02
   7.3154892748548347e-02
   7.0841404180620168e-02
   6.8643690617362044e-02
   6.6558565998973751e-02
   6.4582972018304513e-02
   6.2713980124277632e-02
   6.0948792937726232e-02
   5.9284745168924000e-02
   5.7719304116243229e-02
   5.6250069816477011e-02
   5.4874774909349347e-02
   5.3591284271533805e-02
   5.2397594469037752e-02
   5.1291833071019373e-02
   5.0272257862923664e-02
   4.9337255992193990e-02
   4.8485343075679879e-02
   4.7715162294169430e-02
   4.7025483496176898e-02
   4.6415202330168999e-02
   4.5883339421775582e-02
   4.5429039610163868e-02
   4.5051571255625436e-02
   4.4750325628498205e-02
   4.4524816387792737e-02
   4.4374679156283306e-02
   4.4299671197334210e-02
   4.4299671197334210e-02
   4.4374679156283299e-02
   4.4524816387792737e-02
   4.4750325628498198e-02
   4.5051571255625422e-02
   4.5429039610163854e-02
   4.5883339421775568e-02
   4.6415202330168985e-02
   4.7025483496176877e-02
   4.7715162294169410e-02
   4.8485343075679858e-02
   4.9337255992193962e-02
   5.0272257862923636e-02
   5.1291833071019352e-02
   5.2397594469037731e-02
   5.3591284271533771e-02
   5.4874774909349319e-02
   5.6250069816476976e-02
   5.7719304116243195e-02
   5.9284745168923958e-02
   6.0948792937726190e-02
   6.2713980124277591e-02
   6.4582972018304458e-02
   6.6558565998973696e-02
   6.8643690617362002e-02
   7.0841404180620113e-02
   7.3154892748548278e-02
   7.5587467442417441e-02
   7.8142560953887025e-02
   8.0823723128716649e-02
   8.3634615485584554e-02
   8.6579004514663174e-02
