   1.8764187787313533e-01
   1.8897768222190542e-01
   1.9029564414948669e-01
   1.9159380558102271e-01
   1.9287020048647061e-01
   1.9412285939203580e-01
   1.9534981411479435e-01
   1.9654910270595211e-01
   1.9771877458580309e-01
   1.9885689585107291e-01
   1.9996155473299432e-01
   2.0103086718219051e-01
   2.0206298255427282e-01
   2.0305608936802197e-01
   2.0400842110615133e-01
   2.0491826202697963e-01
   2.0578395295389904e-01
   2.0660389700834506e-01
   2.0737656525108447e-01
   2.0810050219605877e-01
   2.0877433116078262e-01
   2.0939675941740590e-01
   2.0996658310902930e-01
   2.1048269189671384e-01
   2.1094407330385495e-01
   2.1134981672619257e-01
   2.1169911707769490e-01
   2.1199127804486673e-01
   2.1222571492467490e-01
   2.1240195702422360e-01
   2.1251964960352371e-01
   2.1257855534614120e-01
   2.1257855534614120e-01
   2.1251964960352371e-01
   2.1240195702422360e-01
   2.1222571492467490e-01
   2.1199127804486673e-01
   2.1169911707769490e-01
   2.1134981672619257e-01
   2.1094407330385495e-01
   2.1048269189671384e-01
   2.0996658310902930e-01
   2.0939675941740590e-01
   2.0877433116078264e-01
   2.0810050219605877e-01
   2.0737656525108447e-01
   2.0660389700834506e-01
   2.0578395295389904e-01
   2.0491826202697969e-01
   2.0400842110615133e-01
   2.0305608936802197e-01
   2.0206298255427282e-01
   2.0103086718219054e-01
   1.9996155473299437e-01
   1.9885689585107294e-01
   1.9771877458580309e-01
   1.9654910270595213e-01
   1.9534981411479438e-01
   1.9412285939203583e-01
   1.9287020048647063e-01
   1.9159380558102271e-01
   1.9029564414948674e-01
   1.8897768222190542e-01
   1.8764187787313535e-01
   1.8558919615229244e-01
   1.8282206459154043e-01
   1.8004539233998004e-01
   1.7726295244520490e-01
   1.7447835869848752e-01
   1.7169506281411706e-01
   1.6891635266283214e-01
   1.6614535148196866e-01
   1.6338501798335850e-01
   1.6063814727954584e-01
   1.5790737254940623e-01
   1.5519516736562816e-01
   1.5250384860862115e-01
   1.4983557989412635e-01
   1.4719237544500849e-01
   1.4457610434129547e-01
   1.4198849508640524e-01
   1.3943114043156885e-01
   1.3690550240464527e-01
   1.3441291749375783e-01
   1.3258039830437521e-01
   1.3140750537864579e-01
   1.3026892738947812e-01
   1.2916511518179882e-01
   1.2809648718606215e-01
   1.2706343115274113e-01
   1.2606630584011053e-01
   1.2510544265209850e-01
   1.2418114722344240e-01
   1.2329370094979902e-01
   1.2244336246084152e-01
   1.2163036903471719e-01
   1.2085493795255012e-01
   1.2011726779194849e-01
   1.1941753965872044e-01
   1.1875591835621763e-01
   1.1813255349191244e-01
   1.1754758052097579e-01
   1.1700112172675900e-01
   1.1649328713819707e-01
   1.1602417538424396e-01
   1.1559387448552377e-01
   1.1520246258343843e-01
   1.1485000860701182e-01
   1.1453657287777612e-01
   1.1426220765301819e-01
   1.1402695760770416e-01
   1.1383086025539071e-01
   1.1367394630841193e-01
   1.1355623997760433e-01
   1.1347775921179819e-01
   1.1343851587726465e-01
   1.1343851587726465e-01
   1.1347775921179819e-01
   1.1355623997760433e-01
   1.1367394630841193e-01
   1.1383086025539071e-01
   1.1402695760770416e-01
   1.1426220765301819e-01
   1.1453657287777610e-01
   1.1485000860701182e-01
   1.1520246258343843e-01
   1.1559387448552376e-01
   1.1602417538424395e-01
   1.1649328713819707e-01
   1.1700112172675900e-01
   1.1754758052097579e-01
   1.1813255349191244e-01
   1.1875591835621761e-01
   1.1941753965872043e-01
   1.2011726779194848e-01
   1.2085493795255012e-01
   1.2163036903471718e-01
   1.2244336246084150e-01
   1.2329370094979901e-01
   1.2418114722344238e-01
   1.2510544265209850e-01
   1.2606630584011050e-01
   1.2706343115274113e-01
   1.2809648718606212e-01
   1.2916511518179882e-01
   1.3026892738947812e-01
   1.3140750537864579e-01
   1.3258039830437518e-01
