   2.4665667877570308e-01
   2.5414283051822606e-01
   2.6217338644610372e-01
   2.7074459434692272e-01
   2.7985029048401433e-01
   2.8948140492848234e-01
   2.9962542212439958e-01
   3.1026579986192754e-01
   3.2138135239449250e-01
   3.3294560661366074e-01
   3.4492614401758492e-01
   3.5728394566278043e-01
   3.6997276230072895e-01
   3.8293853731442257e-01
   3.9611891562529378e-01
   4.0944287705437277e-01
   4.2283053717389069e-01
   4.3619316182384982e-01
   4.4943344242737049e-01
   4.6244607719166025e-01
   4.7511869742126173e-01
   4.8733316782666875e-01
   4.9896727449617700e-01
   5.0989679416416245e-01
   5.1999791419462249e-01
   5.2914994563340378e-01
   5.3723824380088347e-01
   5.4415722483893680e-01
   5.4981334539916660e-01
   5.5412789927097905e-01
   5.5703948175037488e-01
   5.5850598157079845e-01
   5.5850598157079845e-01
   5.5703948175037477e-01
   5.5412789927097894e-01
   5.4981334539916626e-01
   5.4415722483893636e-01
   5.3723824380088303e-01
   5.2914994563340323e-01
   5.1999791419462182e-01
   5.0989679416416189e-01
   4.9896727449617628e-01
   4.8733316782666808e-01
   4.7511869742126095e-01
   4.6244607719165942e-01
   4.4943344242736960e-01
   4.3619316182384898e-01
   4.2283053717388985e-01
   4.0944287705437193e-01
   3.9611891562529289e-01
   3.8293853731442173e-01
   3.6997276230072812e-01
   3.5728394566277971e-01
   3.4492614401758415e-01
   3.3294560661365996e-01
   3.2138135239449173e-01
   3.1026579986192682e-01
   2.9962542212439897e-01
   2.8948140492848179e-01
   2.7985029048401389e-01
   2.7074459434692244e-01
   2.6217338644610350e-01
   2.5414283051822589e-01
   2.4665667877570302e-01
   2.3611771638723744e-01
   2.2254625529220445e-01
   2.0953644425461510e-01
   1.9707900722959840e-01
   1.8516106990249162e-01
   1.7376687724112541e-01
   1.6287841281904394e-01
   1.5247592781005390e-01
   1.4253838822805751e-01
   1.3304384913851536e-01
   1.2396976435599134e-01
   1.1529323968945906e-01
   1.0699123719773773e-01
   9.9040737241647775e-02
   9.1418864417655912e-02
   8.4102982764878223e-02
   7.7070764976405304e-02
   7.0300239731184599e-02
   6.3769820701819122e-02
   5.7458320289692270e-02
   5.2901188848702048e-02
   5.0076626820171125e-02
   4.7419261938669230e-02
   4.4920458547070601e-02
   4.2572060895506587e-02
   4.0366374534263783e-02
   3.8296147845174204e-02
   3.6354553872532232e-02
   3.4535172580836729e-02
   3.2831973638652805e-02
   3.1239299804738933e-02
   2.9751850973536272e-02
   2.8364668921526844e-02
   2.7073122783285643e-02
   2.5872895275814413e-02
   2.4759969681555298e-02
   2.3730617594007335e-02
   2.2781387424824565e-02
   2.1909093667423774e-02
   2.1110806909271175e-02
   2.0383844582983000e-02
   1.9725762445022658e-02
   1.9134346769989163e-02
   1.8607607248167957e-02
   1.8143770574074024e-02
   1.7741274714088557e-02
   1.7398763841917134e-02
   1.7115083931431411e-02
   1.6889278997457246e-02
   1.6720587976207242e-02
   1.6608442238295960e-02
   1.6552463728598695e-02
   1.6552463728598695e-02
   1.6608442238295960e-02
   1.6720587976207239e-02
   1.6889278997457242e-02
   1.7115083931431404e-02
   1.7398763841917131e-02
   1.7741274714088547e-02
   1.8143770574074018e-02
   1.8607607248167946e-02
   1.9134346769989156e-02
   1.9725762445022648e-02
   2.0383844582982990e-02
   2.1110806909271165e-02
   2.1909093667423760e-02
   2.2781387424824558e-02
   2.3730617594007328e-02
   2.4759969681555295e-02
   2.5872895275814409e-02
   2.7073122783285643e-02
   2.8364668921526844e-02
   2.9751850973536276e-02
   3.1239299804738930e-02
   3.2831973638652812e-02
   3.4535172580836729e-02
   3.6354553872532239e-02
   3.8296147845174204e-02
   4.0366374534263789e-02
   4.2572060895506594e-02
   4.4920458547070607e-02
   4.7419261938669237e-02
   5.0076626820171138e-02
   5.2901188848702055e-02
