   2.2116137068901920e-01
   2.2914326444423339e-01
   2.3791099613348898e-01
   2.4747585420965568e-01
   2.5784773822805185e-01
   2.6903442044707992e-01
   2.8104068378178687e-01
   2.9386732482213274e-01
   3.0751001275955675e-01
   3.2195799872767755e-01
   3.3719267569452704e-01
   3.5318599711873799e-01
   3.6989877356888679e-01
   3.8727888079827538e-01
   4.0525943058633118e-01
   4.2375697690817576e-01
   4.4266985409321685e-01
   4.6187676931321175e-01
   4.8123579685218010e-01
   5.0058394298753250e-01
   5.1973746375112573e-01
   5.3849311829819613e-01
   5.5663052270496949e-01
   5.7391572786732825e-01
   5.9010607762131040e-01
   6.0495630921798171e-01
   6.1822574230347105e-01
   6.2968627435965208e-01
   6.3913077516251049e-01
   6.4638136899570753e-01
   6.5129703076403533e-01
   6.5377991730809437e-01
   6.5377991730809448e-01
   6.5129703076403556e-01
   6.4638136899570764e-01
   6.3913077516251071e-01
   6.2968627435965241e-01
   6.1822574230347138e-01
   6.0495630921798205e-01
   5.9010607762131073e-01
   5.7391572786732870e-01
   5.5663052270496993e-01
   5.3849311829819668e-01
   5.1973746375112628e-01
   5.0058394298753306e-01
   4.8123579685218065e-01
   4.6187676931321237e-01
   4.4266985409321746e-01
   4.2375697690817632e-01
   4.0525943058633174e-01
   3.8727888079827594e-01
   3.6989877356888734e-01
   3.5318599711873849e-01
   3.3719267569452749e-01
   3.2195799872767805e-01
   3.0751001275955719e-01
   2.9386732482213312e-01
   2.8104068378178726e-01
   2.6903442044708020e-01
   2.5784773822805213e-01
   2.4747585420965587e-01
   2.3791099613348909e-01
   2.2914326444423344e-01
   2.2116137068901923e-01
   2.1021520098373192e-01
   1.9631391198147063e-01
   1.8316598053091646e-01
   1.7073922892746368e-01
   1.5899974714693890e-01
   1.4791259036872864e-01
   1.3744233783753965e-01
   1.2755353373694739e-01
   1.1821102864142813e-01
   1.0938023792213838e-01
   1.0102733133905480e-01
   9.3119366040539275e-02
   8.5624373356412362e-02
   7.8511408132166075e-02
   7.1750567913002966e-02
   6.5312988039219116e-02
   5.9170817645063267e-02
   5.3297180644453448e-02
   4.7666125020580992e-02
   4.2252563094491581e-02
   3.8361115338944048e-02
   3.5967874900924658e-02
   3.3733492740935053e-02
   3.1648201599695718e-02
   2.9702868348230868e-02
   2.7888958471539330e-02
   2.6198502301596510e-02
   2.4624063013242159e-02
   2.3158706375036742e-02
   2.1795972230879743e-02
   2.0529847676083925e-02
   1.9354741882876392e-02
   1.8265462524283575e-02
   1.7257193741509146e-02
   1.6325475597786753e-02
   1.5466184960923472e-02
   1.4675517757051969e-02
   1.3949972539243495e-02
   1.3286335316409539e-02
   1.2681665590184583e-02
   1.2133283550114171e-02
   1.1638758380374632e-02
   1.1195897634347458e-02
   1.0802737636602789e-02
   1.0457534875167424e-02
   1.0158758350328053e-02
   9.9050828496247759e-03
   9.6953831221044430e-03
   9.5287289283155583e-03
   9.4043809459282181e-03
   9.3217875142494744e-03
   9.2805822042752572e-03
   9.2805822042752572e-03
   9.3217875142494744e-03
   9.4043809459282198e-03
   9.5287289283155600e-03
   9.6953831221044447e-03
   9.9050828496247776e-03
   1.0158758350328055e-02
   1.0457534875167427e-02
   1.0802737636602791e-02
   1.1195897634347460e-02
   1.1638758380374634e-02
   1.2133283550114171e-02
   1.2681665590184583e-02
   1.3286335316409539e-02
   1.3949972539243497e-02
   1.4675517757051969e-02
   1.5466184960923472e-02
   1.6325475597786753e-02
   1.7257193741509146e-02
   1.8265462524283575e-02
   1.9354741882876395e-02
   2.0529847676083925e-02
   2.1795972230879739e-02
   2.3158706375036739e-02
   2.4624063013242155e-02
   2.6198502301596507e-02
   2.7888958471539327e-02
   2.9702868348230865e-02
   3.1648201599695718e-02
   3.3733492740935053e-02
   3.5967874900924651e-02
   3.8361115338944041e-02
