   2.5469149723568979e-01
   2.5994218007839837e-01
   2.6533173585885000e-01
   2.7084856428210130e-01
   2.7647986773704913e-01
   2.8221159961586384e-01
   2.8802842133269424e-01
   2.9391367015927972e-01
   2.9984934012845804e-01
   3.0581607834920943e-01
   3.1179319911581183e-01
   3.1775871816521911e-01
   3.2368940932717344e-01
   3.2956088560784413e-01
   3.3534770643875261e-01
   3.4102351240005868e-01
   3.4656118818681092e-01
   3.5193305392973129e-01
   3.5711108421633808e-01
   3.6206715329905798e-01
   3.6677330404787062e-01
   3.7120203723756628e-01
   3.7532661679304213e-01
   3.7912138569564635e-01
   3.8256208642898071e-01
   3.8562617916475972e-01
   3.8829315040722889e-01
   3.9054480457145907e-01
   3.9236553100020355e-01
   3.9374253924661684e-01
   3.9466605607091565e-01
   3.9512947850556812e-01
   3.9512947850556812e-01
   3.9466605607091565e-01
   3.9374253924661690e-01
   3.9236553100020360e-01
   3.9054480457145913e-01
   3.8829315040722889e-01
   3.8562617916475966e-01
   3.8256208642898071e-01
   3.7912138569564641e-01
   3.7532661679304219e-01
   3.7120203723756634e-01
   3.6677330404787067e-01
   3.6206715329905803e-01
   3.5711108421633814e-01
   3.5193305392973140e-01
   3.4656118818681098e-01
   3.4102351240005868e-01
   3.3534770643875267e-01
   3.2956088560784419e-01
   3.2368940932717344e-01
   3.1775871816521917e-01
   3.1179319911581183e-01
   3.0581607834920949e-01
   2.9984934012845804e-01
   2.9391367015927972e-01
   2.8802842133269430e-01
   2.8221159961586390e-01
   2.7647986773704919e-01
   2.7084856428210136e-01
   2.6533173585885000e-01
   2.5994218007839837e-01
   2.5469149723568985e-01
   2.4694463206957953e-01
   2.3672166928621277e-01
   2.2668452139339840e-01
   2.1684639717033979e-01
   2.0721758321403738e-01
   1.9780570769790173e-01
   1.8861599804368492e-01
   1.7965152870905915e-01
   1.7091345631217733e-01
   1.6240124018492091e-01
   1.5411284717344395e-01
   1.4604494009813174e-01
   1.3819304975821206e-01
   1.3055173073343845e-01
   1.2311470151125609e-01
   1.1587496966695486e-01
   1.0882494295981100e-01
   1.0195652729214554e-01
   9.5261212521190269e-02
   8.8730147124812295e-02
   8.3977282718952523e-02
   8.0990328586529159e-02
   7.8141893735934637e-02
   7.5427789211309229e-02
   7.2843955342519501e-02
   7.0386467568767888e-02
   6.8051541015807696e-02
   6.5835533996504866e-02
   6.3734950586292693e-02
   6.1746442408509669e-02
   5.9866809749604219e-02
   5.8093002110633368e-02
   5.6422118289272363e-02
   5.4851406075586258e-02
   5.3378261634989016e-02
   5.2000228643032290e-02
   5.0714997228830619e-02
   4.9520402776951494e-02
   4.8414424631395170e-02
   4.7395184739780827e-02
   4.6460946270970853e-02
   4.5610112235036977e-02
   4.4841224130638492e-02
   4.4152960641488589e-02
   4.3544136400577693e-02
   4.3013700838155235e-02
   4.2560737127101143e-02
   4.2184461237205102e-02
   4.1884221107979180e-02
   4.1659495947924285e-02
   4.1509895666621881e-02
   4.1435160444599946e-02
   4.1435160444599953e-02
   4.1509895666621881e-02
   4.1659495947924292e-02
   4.1884221107979180e-02
   4.2184461237205109e-02
   4.2560737127101143e-02
   4.3013700838155235e-02
   4.3544136400577700e-02
   4.4152960641488596e-02
   4.4841224130638499e-02
   4.5610112235036991e-02
   4.6460946270970860e-02
   4.7395184739780834e-02
   4.8414424631395184e-02
   4.9520402776951508e-02
   5.0714997228830626e-02
   5.2000228643032304e-02
   5.3378261634989030e-02
   5.4851406075586279e-02
   5.6422118289272377e-02
   5.8093002110633389e-02
   5.9866809749604240e-02
   6.1746442408509690e-02
   6.3734950586292721e-02
   6.5835533996504894e-02
   6.8051541015807709e-02
   7.0386467568767916e-02
   7.2843955342519515e-02
   7.5427789211309257e-02
   7.8141893735934650e-02
   8.0990328586529173e-02
   8.3977282718952523e-02
