   1.7207836010452826e-01
   1.7992277457076844e-01
   1.8882410776959407e-01
   1.9882270139838351e-01
   2.0996180253269700e-01
   2.2228687889913842e-01
   2.3584472109343815e-01
   2.5068228045508179e-01
   2.6684518334910257e-01
   2.8437585507645741e-01
   3.0331118057447615e-01
   3.2367962605060779e-01
   3.4549774797721283e-01
   3.6876602655743768e-01
   3.9346398387100612e-01
   4.1954458732229138e-01
   4.4692800222000334e-01
   4.7549484865936215e-01
   5.0507924122801751e-01
   5.3546204571335687e-01
   5.6636496873579123e-01
   5.9744628783316811e-01
   6.2829920140054751e-01
   6.5845388548397821e-01
   6.8738433038436708e-01
   7.1452083270529143e-01
   7.3926858834283027e-01
   7.6103215482894748e-01
   7.7924467340415515e-01
   7.9339978419438273e-01
   8.0308332402560290e-01
   8.0800139139768468e-01
   8.0800139139768479e-01
   8.0308332402560301e-01
   7.9339978419438295e-01
   7.7924467340415549e-01
   7.6103215482894770e-01
   7.3926858834283071e-01
   7.1452083270529176e-01
   6.8738433038436764e-01
   6.5845388548397876e-01
   6.2829920140054785e-01
   5.9744628783316867e-01
   5.6636496873579179e-01
   5.3546204571335732e-01
   5.0507924122801795e-01
   4.7549484865936253e-01
   4.4692800222000378e-01
   4.1954458732229183e-01
   3.9346398387100651e-01
   3.6876602655743801e-01
   3.4549774797721311e-01
   3.2367962605060813e-01
   3.0331118057447637e-01
   2.8437585507645768e-01
   2.6684518334910279e-01
   2.5068228045508201e-01
   2.3584472109343835e-01
   2.2228687889913856e-01
   2.0996180253269711e-01
   1.9882270139838359e-01
   1.8882410776959413e-01
   1.7992277457076847e-01
   1.7207836010452832e-01
   1.6171485776983571e-01
   1.4881800002775594e-01
   1.3685858480713714e-01
   1.2577062831784827e-01
   1.1549085198458070e-01
   1.0595892836443049e-01
   9.7117607422893604e-02
   8.8912751993796640e-02
   8.1293305355170709e-02
   7.4211208997338740e-02
   6.7621284702930190e-02
   6.1481091864231417e-02
   5.5750768404498587e-02
   5.0392861634078183e-02
   4.5372153762311955e-02
   4.0655485520194982e-02
   3.6211580358349670e-02
   3.2010870913978202e-02
   2.8025328843411988e-02
   2.4228298656839457e-02
   2.1519408584650155e-02
   1.9875239079903746e-02
   1.8360073816526590e-02
   1.6964098812820308e-02
   1.5678267778366853e-02
   1.4494244794799018e-02
   1.3404351298336068e-02
   1.2401517086986799e-02
   1.1479235087026286e-02
   1.0631519626425204e-02
   9.8528679767756391e-03
   9.1382249394849503e-03
   8.4829502662825285e-03
   7.8827887181744105e-03
   7.3338425807260889e-03
   6.8325464668449708e-03
   6.3756442510008596e-03
   5.9601679910256285e-03
   5.5834187052547198e-03
   5.2429488838128847e-03
   4.9365466233168148e-03
   4.6622212841892219e-03
   4.4181905791801940e-03
   4.2028690106043669e-03
   4.0148575822619723e-03
   3.8529347200549958e-03
   3.7160483429749479e-03
   3.6033090334645769e-03
   3.5139842631812983e-03
   3.4474936369536988e-03
   3.4034051242626904e-03
   3.3814322539337449e-03
   3.3814322539337444e-03
   3.4034051242626908e-03
   3.4474936369536984e-03
   3.5139842631812979e-03
   3.6033090334645764e-03
   3.7160483429749471e-03
   3.8529347200549945e-03
   4.0148575822619706e-03
   4.2028690106043652e-03
   4.4181905791801923e-03
   4.6622212841892193e-03
   4.9365466233168113e-03
   5.2429488838128821e-03
   5.5834187052547172e-03
   5.9601679910256250e-03
   6.3756442510008561e-03
   6.8325464668449673e-03
   7.3338425807260845e-03
   7.8827887181744070e-03
   8.4829502662825251e-03
   9.1382249394849450e-03
   9.8528679767756339e-03
   1.0631519626425199e-02
   1.1479235087026283e-02
   1.2401517086986795e-02
   1.3404351298336068e-02
   1.4494244794799015e-02
   1.5678267778366849e-02
   1.6964098812820304e-02
   1.8360073816526587e-02
   1.9875239079903746e-02
   2.1519408584650158e-02
