   2.2590097351344410e-01
   2.3383769589131734e-01
   2.4252333309559146e-01
   2.5196635983816201e-01
   2.6217358638684446e-01
   2.7314944859131446e-01
   2.8489518781820000e-01
   2.9740791283696305e-01
   3.1067953819793837e-01
   3.2469559755378197e-01
   3.3943393604494704e-01
   3.5486329365565644e-01
   3.7094180167267105e-01
   3.8761542727217441e-01
   4.0481641686318176e-01
   4.2246180687359264e-01
   4.4045209048845441e-01
   4.5867014917428450e-01
   4.7698057668331389e-01
   4.9522953789670349e-01
   5.1324531188773415e-01
   5.3083966402072158e-01
   5.4781017176099334e-01
   5.6394358982937232e-01
   5.7902028065129429e-01
   5.9281965659356295e-01
   6.0512648562024707e-01
   6.1573781006769590e-01
   6.2447013124795303e-01
   6.3116643496043578e-01
   6.3570258930242685e-01
   6.3799264823210411e-01
   6.3799264823210400e-01
   6.3570258930242640e-01
   6.3116643496043534e-01
   6.2447013124795248e-01
   6.1573781006769512e-01
   6.0512648562024629e-01
   5.9281965659356217e-01
   5.7902028065129330e-01
   5.6394358982937143e-01
   5.4781017176099234e-01
   5.3083966402072058e-01
   5.1324531188773326e-01
   4.9522953789670254e-01
   4.7698057668331295e-01
   4.5867014917428356e-01
   4.4045209048845352e-01
   4.2246180687359175e-01
   4.0481641686318093e-01
   3.8761542727217363e-01
   3.7094180167267032e-01
   3.5486329365565583e-01
   3.3943393604494643e-01
   3.2469559755378141e-01
   3.1067953819793781e-01
   2.9740791283696255e-01
   2.8489518781819956e-01
   2.7314944859131413e-01
   2.6217358638684424e-01
   2.5196635983816179e-01
   2.4252333309559129e-01
   2.3383769589131725e-01
   2.2590097351344407e-01
   2.1497115704852043e-01
   2.0105959585998373e-01
   1.8787345942310618e-01
   1.7538444231633679e-01
   1.6356211650571728e-01
   1.5237464993634925e-01
   1.4178939040489313e-01
   1.3177333349186612e-01
   1.2229349173690759e-01
   1.1331718045427773e-01
   1.0481223375848520e-01
   9.6747162598645658e-02
   8.9091264944580070e-02
   8.1814696760223418e-02
   7.4888511054247278e-02
   6.8284671114968831e-02
   6.1976043009758230e-02
   5.5936371546777414e-02
   5.0140243145175047e-02
   4.4563038424246824e-02
   4.0550976398709436e-02
   3.8080344223643550e-02
   3.5770746328389544e-02
   3.3612533489928223e-02
   3.1596668979150387e-02
   2.9714695719674576e-02
   2.7958704920989751e-02
   2.6321306227344864e-02
   2.4795599399571849e-02
   2.3375147528209107e-02
   2.2053951761889918e-02
   2.0826427524149111e-02
   1.9687382183900665e-02
   1.8631994139289832e-02
   1.7655793270965447e-02
   1.6754642718675612e-02
   1.5924721934155166e-02
   1.5162510963295940e-02
   1.4464775911366806e-02
   1.3828555546415532e-02
   1.3251148997805157e-02
   1.2730104509007216e-02
   1.2263209206207423e-02
   1.1848479846908766e-02
   1.1484154515488757e-02
   1.1168685235540855e-02
   1.0900731471772328e-02
   1.0679154497218632e-02
   1.0503012604549340e-02
   1.0371557143270600e-02
   1.0284229367665128e-02
   1.0240658083347533e-02
   1.0240658083347533e-02
   1.0284229367665126e-02
   1.0371557143270602e-02
   1.0503012604549342e-02
   1.0679154497218636e-02
   1.0900731471772332e-02
   1.1168685235540859e-02
   1.1484154515488763e-02
   1.1848479846908769e-02
   1.2263209206207430e-02
   1.2730104509007223e-02
   1.3251148997805164e-02
   1.3828555546415539e-02
   1.4464775911366815e-02
   1.5162510963295951e-02
   1.5924721934155176e-02
   1.6754642718675623e-02
   1.7655793270965461e-02
   1.8631994139289846e-02
   1.9687382183900679e-02
   2.0826427524149125e-02
   2.2053951761889928e-02
   2.3375147528209111e-02
   2.4795599399571860e-02
   2.6321306227344875e-02
   2.7958704920989758e-02
   2.9714695719674580e-02
   3.1596668979150387e-02
   3.3612533489928230e-02
   3.5770746328389551e-02
   3.8080344223643550e-02
   4.0550976398709436e-02
