   2.5702343236715175e-01
   2.6383925354047177e-01
   2.7102526041377795e-01
   2.7857145514272719e-01
   2.8646559554954393e-01
   2.9469291058448538e-01
   3.0323580764681379e-01
   3.1207357690666238e-01
   3.2118209918055662e-01
   3.3053356546012247e-01
   3.4009621783302402e-01
   3.4983412320274199e-01
   3.5970699281941082e-01
   3.6967006206018005e-01
   3.7967404599964755e-01
   3.8966518691966351e-01
   3.9958540983667512e-01
   4.0937260118175345e-01
   4.1896102377317213e-01
   4.2828187802762141e-01
   4.3726401487801814e-01
   4.4583480010634102e-01
   4.5392112287719072e-01
   4.6145053342572223e-01
   4.6835248651053779e-01
   4.7455965892319302e-01
   4.8000930169502093e-01
   4.8464458136207300e-01
   4.8841586043348201e-01
   4.9128186565946830e-01
   4.9321069423907093e-01
   4.9418061292193005e-01
   4.9418061292193005e-01
   4.9321069423907093e-01
   4.9128186565946819e-01
   4.8841586043348184e-01
   4.8464458136207289e-01
   4.8000930169502071e-01
   4.7455965892319285e-01
   4.6835248651053762e-01
   4.6145053342572201e-01
   4.5392112287719050e-01
   4.4583480010634075e-01
   4.3726401487801786e-01
   4.2828187802762108e-01
   4.1896102377317179e-01
   4.0937260118175312e-01
   3.9958540983667479e-01
   3.8966518691966312e-01
   3.7967404599964721e-01
   3.6967006206017972e-01
   3.5970699281941049e-01
   3.4983412320274165e-01
   3.4009621783302368e-01
   3.3053356546012214e-01
   3.2118209918055629e-01
   3.1207357690666210e-01
   3.0323580764681352e-01
   2.9469291058448516e-01
   2.8646559554954376e-01
   2.7857145514272702e-01
   2.7102526041377784e-01
   2.6383925354047172e-01
   2.5702343236715175e-01
   2.4724733249548728e-01
   2.3453459993472292e-01
   2.2223179214223376e-01
   2.1034238266976416e-01
   1.9886589072530703e-01
   1.8779846569327566e-01
   1.7713341510825931e-01
   1.6686167630258464e-01
   1.5697223350576425e-01
   1.4745248324898536e-01
   1.3828855161511736e-01
   1.2946556725909952e-01
   1.2096789427800080e-01
   1.1277932899552373e-01
   1.0488326459192374e-01
   9.7262827296717022e-02
   8.9900987598832069e-02
   8.2780649640270612e-02
   7.5884721662070706e-02
   6.9196170077704358e-02
   6.4352238479209067e-02
   6.1333991612694441e-02
   5.8479655021382415e-02
   5.5781986234162827e-02
   5.3234089605115130e-02
   5.0829409175745979e-02
   4.8561720799232599e-02
   4.6425123738835075e-02
   4.4414031919154273e-02
   4.2523164980136377e-02
   4.0747539259062167e-02
   3.9082458804681156e-02
   3.7523506509686166e-02
   3.6066535432457615e-02
   3.4707660366074415e-02
   3.3443249701670098e-02
   3.2269917624028858e-02
   3.1184516669624775e-02
   3.0184130670895617e-02
   2.9266068105228943e-02
   2.8427855862762350e-02
   2.7667233443525924e-02
   2.6982147591563949e-02
   2.6370747371362843e-02
   2.5831379690095104e-02
   2.5362585267788215e-02
   2.4963095056477740e-02
   2.4631827108648200e-02
   2.4367883894754128e-02
   2.4170550069304395e-02
   2.4039290684847229e-02
   2.3973749853178159e-02
   2.3973749853178159e-02
   2.4039290684847229e-02
   2.4170550069304398e-02
   2.4367883894754128e-02
   2.4631827108648200e-02
   2.4963095056477740e-02
   2.5362585267788215e-02
   2.5831379690095104e-02
   2.6370747371362840e-02
   2.6982147591563949e-02
   2.7667233443525927e-02
   2.8427855862762353e-02
   2.9266068105228946e-02
   3.0184130670895617e-02
   3.1184516669624775e-02
   3.2269917624028865e-02
   3.3443249701670098e-02
   3.4707660366074422e-02
   3.6066535432457615e-02
   3.7523506509686173e-02
   3.9082458804681162e-02
   4.0747539259062167e-02
   4.2523164980136377e-02
   4.4414031919154266e-02
   4.6425123738835075e-02
   4.8561720799232606e-02
   5.0829409175745979e-02
   5.3234089605115137e-02
   5.5781986234162827e-02
   5.8479655021382422e-02
   6.1333991612694434e-02
   6.4352238479209067e-02
