   2.0179582500564430e-01
   2.0377913612749299e-01
   2.0574563197222817e-01
   2.0769195627972484e-01
   2.0961469660779228e-01
   2.1151039251625661e-01
   2.1337554449581658e-01
   2.1520662362717177e-01
   2.1700008194773632e-01
   2.1875236349465094e-01
   2.2045991598390255e-01
   2.2211920307625710e-01
   2.2372671717154216e-01
   2.2527899266372378e-01
   2.2677261958035613e-01
   2.2820425752151333e-01
   2.2957064980540126e-01
   2.3086863772067096e-01
   2.3209517477917957e-01
   2.3324734085773571e-01
   2.3432235611337596e-01
   2.3531759455408485e-01
   2.3623059714571501e-01
   2.3705908433627432e-01
   2.3780096788080018e-01
   2.3845436185376442e-01
   2.3901759274135531e-01
   2.3948920851303096e-01
   2.3986798658036446e-01
   2.4015294056129965e-01
   2.4034332577937556e-01
   2.4043864344008134e-01
   2.4043864344008134e-01
   2.4034332577937556e-01
   2.4015294056129965e-01
   2.3986798658036446e-01
   2.3948920851303096e-01
   2.3901759274135531e-01
   2.3845436185376442e-01
   2.3780096788080018e-01
   2.3705908433627432e-01
   2.3623059714571501e-01
   2.3531759455408485e-01
   2.3432235611337596e-01
   2.3324734085773571e-01
   2.3209517477917957e-01
   2.3086863772067096e-01
   2.2957064980540126e-01
   2.2820425752151335e-01
   2.2677261958035616e-01
   2.2527899266372378e-01
   2.2372671717154216e-01
   2.2211920307625710e-01
   2.2045991598390255e-01
   2.1875236349465094e-01
   2.1700008194773632e-01
   2.1520662362717180e-01
   2.1337554449581658e-01
   2.1151039251625661e-01
   2.0961469660779228e-01
   2.0769195627972487e-01
   2.0574563197222817e-01
   2.0377913612749299e-01
   2.0179582500564430e-01
   1.9876344996965101e-01
   1.9468654290400253e-01
   1.9060707527789986e-01
   1.8653109264213388e-01
   1.8246425521700679e-01
   1.7841183989251913e-01
   1.7437874462317607e-01
   1.7036949492299105e-01
   1.6638825217593897e-01
   1.6243882348989205e-01
   1.5852467283725283e-01
   1.5464893324242732e-01
   1.5081441979438234e-01
   1.4702364328129264e-01
   1.4327882426327077e-01
   1.3958190741801574e-01
   1.3593457601261921e-01
   1.3233826637248422e-01
   1.2879418223516190e-01
   1.2530330889275815e-01
   1.2274133025018133e-01
   1.2110673294387247e-01
   1.1952484541718289e-01
   1.1799585621225082e-01
   1.1651991468419162e-01
   1.1509713473811116e-01
   1.1372759838172852e-01
   1.1241135909606205e-01
   1.1114844502730198e-01
   1.0993886200354160e-01
   1.0878259638047801e-01
   1.0767961772053343e-01
   1.0662988131009961e-01
   1.0563333051977927e-01
   1.0468989901259955e-01
   1.0379951280520974e-01
   1.0296209218705862e-01
   1.0217755350247892e-01
   1.0144581080049812e-01
   1.0076677735704723e-01
   1.0014036707406010e-01
   9.9566495759748977e-02
   9.9045082294110812e-02
   9.8576049683466851e-02
   9.8159326007569520e-02
   9.7794845262526173e-02
   9.7482548102493918e-02
   9.7222382482792538e-02
   9.7014304206768098e-02
   9.6858277378417776e-02
   9.6754274762459319e-02
   9.6702278053196394e-02
   9.6702278053196394e-02
   9.6754274762459319e-02
   9.6858277378417776e-02
   9.7014304206768098e-02
   9.7222382482792538e-02
   9.7482548102493918e-02
   9.7794845262526173e-02
   9.8159326007569533e-02
   9.8576049683466851e-02
   9.9045082294110812e-02
   9.9566495759748977e-02
   1.0014036707406010e-01
   1.0076677735704724e-01
   1.0144581080049812e-01
   1.0217755350247892e-01
   1.0296209218705864e-01
   1.0379951280520976e-01
   1.0468989901259955e-01
   1.0563333051977927e-01
   1.0662988131009961e-01
   1.0767961772053344e-01
   1.0878259638047801e-01
   1.0993886200354160e-01
   1.1114844502730198e-01
   1.1241135909606205e-01
   1.1372759838172854e-01
   1.1509713473811117e-01
   1.1651991468419164e-01
   1.1799585621225082e-01
   1.1952484541718289e-01
   1.2110673294387247e-01
   1.2274133025018134e-01
