   1.5430071208850216e-01
   1.6189783003052552e-01
   1.7061085215140270e-01
   1.8049030607217342e-01
   1.9159166723896648e-01
   2.0397483580312045e-01
   2.1770339892346990e-01
   2.3284361449820196e-01
   2.4946303885148019e-01
   2.6762870621603363e-01
   2.8740475279503325e-01
   3.0884936426243753e-01
   3.3201091525747672e-01
   3.5692316657453066e-01
   3.8359939590439068e-01
   4.1202536877099777e-01
   4.4215111752697278e-01
   4.7388159949981540e-01
   5.0706646266600663e-01
   5.4148936832798844e-01
   5.7685760789758656e-01
   6.1279309374527036e-01
   6.4882616813496974e-01
   6.8439399439243898e-01
   7.1884547046606251e-01
   7.5145450854077500e-01
   7.8144302330616044e-01
   8.0801397598599944e-01
   8.3039334500173834e-01
   8.4787811104963362e-01
   8.5988560664690061e-01
   8.6599836406293074e-01
   8.6599836406293074e-01
   8.5988560664690061e-01
   8.4787811104963351e-01
   8.3039334500173811e-01
   8.0801397598599922e-01
   7.8144302330616011e-01
   7.5145450854077467e-01
   7.1884547046606229e-01
   6.8439399439243875e-01
   6.4882616813496941e-01
   6.1279309374527013e-01
   5.7685760789758622e-01
   5.4148936832798811e-01
   5.0706646266600641e-01
   4.7388159949981512e-01
   4.4215111752697250e-01
   4.1202536877099755e-01
   3.8359939590439046e-01
   3.5692316657453049e-01
   3.3201091525747656e-01
   3.0884936426243731e-01
   2.8740475279503308e-01
   2.6762870621603352e-01
   2.4946303885148005e-01
   2.3284361449820185e-01
   2.1770339892346982e-01
   2.0397483580312040e-01
   1.9159166723896642e-01
   1.8049030607217340e-01
   1.7061085215140265e-01
   1.6189783003052552e-01
   1.5430071208850216e-01
   1.4438972563458727e-01
   1.3214224833015242e-01
   1.2086288539043655e-01
   1.1047589898370372e-01
   1.0090990732799440e-01
   9.2097902381575128e-02
   8.3977174677762847e-02
   7.6489172390300508e-02
   6.9579315365540600e-02
   6.3196779827017130e-02
   5.7294265505662516e-02
   5.1827753866632353e-02
   4.6756263716032156e-02
   4.2041608632959783e-02
   3.7648159266345654e-02
   3.3542612467310294e-02
   2.9693768420627115e-02
   2.6072316333621708e-02
   2.2650628790477145e-02
   1.9402564547708199e-02
   1.7092242882590099e-02
   1.5697235258731939e-02
   1.4418279666301581e-02
   1.3245931298467507e-02
   1.2171530217314645e-02
   1.1187138151235600e-02
   1.0285480435158326e-02
   9.4598927086097084e-03
   8.7042720117017618e-03
   8.0130319438466834e-03
   7.3810615740215121e-03
   6.8036878144872321e-03
   6.2766409918806956e-03
   5.7960233704624983e-03
   5.3582804019883610e-03
   4.9601744951771115e-03
   4.5987611151009711e-03
   4.2713670390655970e-03
   3.9755706107322125e-03
   3.7091838484228450e-03
   3.4702362768077267e-03
   3.2569603635684338e-03
   3.0677784542295322e-03
   2.9012911092226889e-03
   2.7562667574567278e-03
   2.6316325902794543e-03
   2.5264666287949577e-03
   2.4399909061039757e-03
   2.3715657142234282e-03
   2.3206848732709425e-03
   2.2869719880258769e-03
   2.2701776642532951e-03
   2.2701776642532951e-03
   2.2869719880258769e-03
   2.3206848732709425e-03
   2.3715657142234286e-03
   2.4399909061039757e-03
   2.5264666287949582e-03
   2.6316325902794547e-03
   2.7562667574567283e-03
   2.9012911092226902e-03
   3.0677784542295326e-03
   3.2569603635684351e-03
   3.4702362768077280e-03
   3.7091838484228463e-03
   3.9755706107322134e-03
   4.2713670390655987e-03
   4.5987611151009728e-03
   4.9601744951771132e-03
   5.3582804019883619e-03
   5.7960233704625001e-03
   6.2766409918806974e-03
   6.8036878144872338e-03
   7.3810615740215147e-03
   8.0130319438466869e-03
   8.7042720117017653e-03
   9.4598927086097118e-03
   1.0285480435158329e-02
   1.1187138151235603e-02
   1.2171530217314649e-02
   1.3245931298467510e-02
   1.4418279666301582e-02
   1.5697235258731939e-02
   1.7092242882590102e-02
