   2.3416197584347304e-01
   2.3781620062134046e-01
   2.4149537598154661e-01
   2.4519167860955032e-01
   2.4889686803238192e-01
   2.5260229510640791e-01
   2.5629891489111944e-01
   2.5997730423929305e-01
   2.6362768439972739e-01
   2.6723994888364599e-01
   2.7080369678924920e-01
   2.7430827171056710e-01
   2.7774280627682613e-01
   2.8109627227751932e-01
   2.8435753622724813e-01
   2.8751542011466158e-01
   2.9055876696344529e-01
   2.9347651071281694e-01
   2.9625774980334563e-01
   2.9889182373453960e-01
   3.0136839174728614e-01
   3.0367751268083215e-01
   3.0580972496459657e-01
   3.0775612563363791e-01
   3.0950844720670351e-01
   3.1105913124064122e-01
   3.1240139737707540e-01
   3.1352930672831808e-01
   3.1443781851023817e-01
   3.1512283891988718e-01
   3.1558126137363512e-01
   3.1581099736481527e-01
   3.1581099736481527e-01
   3.1558126137363518e-01
   3.1512283891988718e-01
   3.1443781851023817e-01
   3.1352930672831814e-01
   3.1240139737707540e-01
   3.1105913124064122e-01
   3.0950844720670351e-01
   3.0775612563363797e-01
   3.0580972496459657e-01
   3.0367751268083215e-01
   3.0136839174728619e-01
   2.9889182373453960e-01
   2.9625774980334563e-01
   2.9347651071281700e-01
   2.9055876696344535e-01
   2.8751542011466164e-01
   2.8435753622724819e-01
   2.8109627227751932e-01
   2.7774280627682618e-01
   2.7430827171056715e-01
   2.7080369678924920e-01
   2.6723994888364599e-01
   2.6362768439972739e-01
   2.5997730423929311e-01
   2.5629891489111950e-01
   2.5260229510640797e-01
   2.4889686803238198e-01
   2.4519167860955038e-01
   2.4149537598154663e-01
   2.3781620062134048e-01
   2.3416197584347306e-01
   2.2866183056602910e-01
   2.2132783212840201e-01
   2.1405143724348377e-01
   2.0684431439401654e-01
   1.9971668021392877e-01
   1.9267737046054348e-01
   1.8573391621299579e-01
   1.7889262340475803e-01
   1.7215865405155009e-01
   1.6553610778080463e-01
   1.5902810249991250e-01
   1.5263685325402732e-01
   1.4636374851801959e-01
   1.4020942334015959e-01
   1.3417382890711857e-01
   1.2825629823144655e-01
   1.2245560777485862e-01
   1.1677003491482352e-01
   1.1119741123969679e-01
   1.0573517172066856e-01
   1.0174352704421277e-01
   9.9216303934819089e-02
   9.6788830467846310e-02
   9.4459553842879171e-02
   9.2226922036288447e-02
   9.0089391764414772e-02
   8.8045435642723394e-02
   8.6093548607849152e-02
   8.4232253665558587e-02
   8.2460107023752519e-02
   8.0775702665769278e-02
   7.9177676415463499e-02
   7.7664709541860694e-02
   7.6235531947644167e-02
   7.4888924982334168e-02
   7.3623723917781353e-02
   7.2438820120521247e-02
   7.1333162952626122e-02
   7.0305761429946115e-02
   6.9355685664045694e-02
   6.8482068111713187e-02
   6.7684104653640234e-02
   6.6961055521728083e-02
   6.6312246092470065e-02
   6.5737067561974005e-02
   6.5234977516415479e-02
   6.4805500410042904e-02
   6.4448227961276860e-02
   6.4162819475951038e-02
   6.3949002105316344e-02
   6.3806571045067512e-02
   6.3735389680338025e-02
   6.3735389680338025e-02
   6.3806571045067512e-02
   6.3949002105316358e-02
   6.4162819475951038e-02
   6.4448227961276874e-02
   6.4805500410042918e-02
   6.5234977516415507e-02
   6.5737067561974019e-02
   6.6312246092470092e-02
   6.6961055521728124e-02
   6.7684104653640276e-02
   6.8482068111713229e-02
   6.9355685664045735e-02
   7.0305761429946170e-02
   7.1333162952626178e-02
   7.2438820120521302e-02
   7.3623723917781422e-02
   7.4888924982334223e-02
   7.6235531947644236e-02
   7.7664709541860749e-02
   7.9177676415463541e-02
   8.0775702665769347e-02
   8.2460107023752574e-02
   8.4232253665558629e-02
   8.6093548607849207e-02
   8.8045435642723435e-02
   9.0089391764414800e-02
   9.2226922036288475e-02
   9.4459553842879185e-02
   9.6788830467846351e-02
   9.9216303934819103e-02
   1.0174352704421277e-01
