   2.4889072148331773e-01
   2.5356908400906719e-01
   2.5833494861415152e-01
   2.6317781083717440e-01
   2.6808630124907801e-01
   2.7304816781467506e-01
   2.7805026593381710e-01
   2.8307855738939930e-01
   2.8811811944356691e-01
   2.9315316530715285e-01
   2.9816707715494489e-01
   3.0314245276555024e-01
   3.0806116672473971e-01
   3.1290444694158670e-01
   3.1765296698530709e-01
   3.2228695445720157e-01
   3.2678631526855600e-01
   3.3113077330653884e-01
   3.3530002454374075e-01
   3.3927390419384063e-01
   3.4303256504977025e-01
   3.4655666467827129e-01
   3.4982755870471910e-01
   3.5282749702483424e-01
   3.5553981944622848e-01
   3.5794914701277486e-01
   3.6004156511672614e-01
   3.6180479447223207e-01
   3.6322834611979532e-01
   3.6430365685905119e-01
   3.6502420186554091e-01
   3.6538558172763336e-01
   3.6538558172763336e-01
   3.6502420186554091e-01
   3.6430365685905119e-01
   3.6322834611979532e-01
   3.6180479447223213e-01
   3.6004156511672619e-01
   3.5794914701277492e-01
   3.5553981944622853e-01
   3.5282749702483424e-01
   3.4982755870471910e-01
   3.4655666467827134e-01
   3.4303256504977025e-01
   3.3927390419384063e-01
   3.3530002454374075e-01
   3.3113077330653889e-01
   3.2678631526855606e-01
   3.2228695445720162e-01
   3.1765296698530709e-01
   3.1290444694158670e-01
   3.0806116672473977e-01
   3.0314245276555024e-01
   2.9816707715494489e-01
   2.9315316530715285e-01
   2.8811811944356691e-01
   2.8307855738939935e-01
   2.7805026593381715e-01
   2.7304816781467511e-01
   2.6808630124907806e-01
   2.6317781083717440e-01
   2.5833494861415157e-01
   2.5356908400906725e-01
   2.4889072148331776e-01
   2.4193375430643935e-01
   2.3271553349040705e-01
   2.2362783061771935e-01
   2.1468409706945690e-01
   2.0589540681705459e-01
   1.9727063393309338e-01
   1.8881663111711688e-01
   1.8053840592883016e-01
   1.7243929210742528e-01
   1.6452111396888941e-01
   1.5678434240924025e-01
   1.4922824150107269e-01
   1.4185100505690040e-01
   1.3464988285084178e-01
   1.2762129644671857e-01
   1.2076094478267455e-01
   1.1406389981715662e-01
   1.0752469265550138e-01
   1.0113739065695522e-01
   9.4895666074689314e-02
   9.0346406697246265e-02
   8.7479636743495959e-02
   8.4738574620756194e-02
   8.2120052532292889e-02
   7.9620975492310939e-02
   7.7238328928723135e-02
   7.4969185134017319e-02
   7.2810708697266399e-02
   7.0760161038175909e-02
   6.8814904152738651e-02
   6.6972403669560837e-02
   6.5230231306225073e-02
   6.3586066806133837e-02
   6.2037699428099745e-02
   6.0583029053475485e-02
   5.9220066968805309e-02
   5.7946936375785262e-02
   5.6761872674698365e-02
   5.5663223562397002e-02
   5.4649448981295611e-02
   5.3719120951670099e-02
   5.2870923315795224e-02
   5.2103651419050045e-02
   5.1416211750047625e-02
   5.0807621559063848e-02
   5.0277008471520251e-02
   4.9823610110985669e-02
   4.9446773744073573e-02
   4.9145955957699411e-02
   4.8920722377398931e-02
   4.8770747433771702e-02
   4.8695814182579907e-02
   4.8695814182579907e-02
   4.8770747433771702e-02
   4.8920722377398931e-02
   4.9145955957699411e-02
   4.9446773744073573e-02
   4.9823610110985669e-02
   5.0277008471520251e-02
   5.0807621559063841e-02
   5.1416211750047625e-02
   5.2103651419050052e-02
   5.2870923315795230e-02
   5.3719120951670106e-02
   5.4649448981295611e-02
   5.5663223562397002e-02
   5.6761872674698365e-02
   5.7946936375785268e-02
   5.9220066968805309e-02
   6.0583029053475485e-02
   6.2037699428099745e-02
   6.3586066806133837e-02
   6.5230231306225073e-02
   6.6972403669560837e-02
   6.8814904152738651e-02
   7.0760161038175923e-02
   7.2810708697266399e-02
   7.4969185134017333e-02
   7.7238328928723135e-02
   7.9620975492310939e-02
   8.2120052532292889e-02
   8.4738574620756194e-02
   8.7479636743495959e-02
   9.0346406697246265e-02
