   2.5875333419838970e-01
   2.6472437446123981e-01
   2.7092071556062874e-01
   2.7733029763286843e-01
   2.8393937955900084e-01
   2.9073241226703844e-01
   2.9769191867899469e-01
   3.0479838392267333e-01
   3.1203015991752581e-01
   3.1936338890599830e-01
   3.2677195090789635e-01
   3.3422744039125790e-01
   3.4169917764022228e-01
   3.4915426031611674e-01
   3.5655766050877841e-01
   3.6387237211868584e-01
   3.7105961265953297e-01
   3.7807908249755012e-01
   3.8488928313442539e-01
   3.9144789440047761e-01
   3.9771220838270749e-01
   4.0363961562447748e-01
   4.0918813668453830e-01
   4.1431698964560315e-01
   4.1898718175360677e-01
   4.2316211120235042e-01
   4.2680816331563293e-01
   4.2989528417554518e-01
   4.3239751423638223e-01
   4.3429346474858455e-01
   4.3556672094824100e-01
   4.3620615793924700e-01
   4.3620615793924705e-01
   4.3556672094824100e-01
   4.3429346474858460e-01
   4.3239751423638229e-01
   4.2989528417554523e-01
   4.2680816331563304e-01
   4.2316211120235064e-01
   4.1898718175360694e-01
   4.1431698964560337e-01
   4.0918813668453846e-01
   4.0363961562447775e-01
   3.9771220838270777e-01
   3.9144789440047795e-01
   3.8488928313442566e-01
   3.7807908249755040e-01
   3.7105961265953324e-01
   3.6387237211868617e-01
   3.5655766050877874e-01
   3.4915426031611702e-01
   3.4169917764022262e-01
   3.3422744039125818e-01
   3.2677195090789668e-01
   3.1936338890599864e-01
   3.1203015991752603e-01
   3.0479838392267367e-01
   2.9769191867899497e-01
   2.9073241226703866e-01
   2.8393937955900100e-01
   2.7733029763286854e-01
   2.7092071556062886e-01
   2.6472437446123986e-01
   2.5875333419838975e-01
   2.5004386097687259e-01
   2.3861873006530099e-01
   2.2746701301945912e-01
   2.1659957789767434e-01
   2.0602374848871324e-01
   1.9574370350849227e-01
   1.8576085325324770e-01
   1.7607419032620367e-01
   1.6668061248840524e-01
   1.5757521682850054e-01
   1.4875156533327866e-01
   1.4020192260586198e-01
   1.3191746695667458e-01
   1.2388847641682681e-01
   1.1610449142446801e-01
   1.0855445603848550e-01
   1.0122683956341767e-01
   9.4109740443699588e-02
   8.7190974220075448e-02
   8.0458147248867462e-02
   7.5568506305761216e-02
   7.2506734062958003e-02
   6.9597270803953296e-02
   6.6834559534843033e-02
   6.4213260438813147e-02
   6.1728252437039548e-02
   5.9374633560740804e-02
   5.7147720339636596e-02
   5.5043046385894835e-02
   5.3056360329453482e-02
   5.1183623240100076e-02
   4.9421005653621404e-02
   4.7764884303447663e-02
   4.6211838645281299e-02
   4.4758647250007284e-02
   4.3402284129536159e-02
   4.2139915050955969e-02
   4.0968893886307402e-02
   3.9886759038301280e-02
   3.8891229976243842e-02
   3.7980203911204283e-02
   3.7151752634951338e-02
   3.6404119543306572e-02
   3.5735716861232225e-02
   3.5145123084117318e-02
   3.4631080647282139e-02
   3.4192493833632501e-02
   3.3828426927607222e-02
   3.3538102622031933e-02
   3.3320900683175517e-02
   3.3176356878166724e-02
   3.3104162167932223e-02
   3.3104162167932223e-02
   3.3176356878166724e-02
   3.3320900683175517e-02
   3.3538102622031933e-02
   3.3828426927607222e-02
   3.4192493833632501e-02
   3.4631080647282139e-02
   3.5145123084117311e-02
   3.5735716861232225e-02
   3.6404119543306565e-02
   3.7151752634951338e-02
   3.7980203911204283e-02
   3.8891229976243842e-02
   3.9886759038301280e-02
   4.0968893886307395e-02
   4.2139915050955969e-02
   4.3402284129536159e-02
   4.4758647250007284e-02
   4.6211838645281285e-02
   4.7764884303447663e-02
   4.9421005653621404e-02
   5.1183623240100069e-02
   5.3056360329453475e-02
   5.5043046385894835e-02
   5.7147720339636596e-02
   5.9374633560740804e-02
   6.1728252437039534e-02
   6.4213260438813147e-02
   6.6834559534843033e-02
   6.9597270803953296e-02
   7.2506734062958003e-02
   7.5568506305761216e-02
