   2.5676968308953274e-01
   2.6230370046623108e-01
   2.6800735502096895e-01
   2.7386870897165527e-01
   2.7987444365407782e-01
   2.8600978336591298e-01
   2.9225842773712862e-01
   2.9860249529473071e-01
   3.0502248112849739e-01
   3.1149723176174510e-01
   3.1800394046888170e-01
   3.2451816633923597e-01
   3.3101388034302592e-01
   3.3746354148885382e-01
   3.4383820585265495e-01
   3.5010767078843213e-01
   3.5624065598924987e-01
   3.6220502224780460e-01
   3.6796802777363835e-01
   3.7349662077407819e-01
   3.7875776572620362e-01
   3.8371879939885040e-01
   3.8834781128116613e-01
   3.9261404170343966e-01
   3.9648828967149202e-01
   3.9994332135712352e-01
   4.0295426937255135e-01
   4.0549901247821829e-01
   4.0755852528933095e-01
   4.0911718789612755e-01
   4.1016304611086701e-01
   4.1068801428769408e-01
   4.1068801428769414e-01
   4.1016304611086707e-01
   4.0911718789612761e-01
   4.0755852528933112e-01
   4.0549901247821851e-01
   4.0295426937255152e-01
   3.9994332135712374e-01
   3.9648828967149230e-01
   3.9261404170344000e-01
   3.8834781128116641e-01
   3.8371879939885067e-01
   3.7875776572620395e-01
   3.7349662077407858e-01
   3.6796802777363868e-01
   3.6220502224780499e-01
   3.5624065598925025e-01
   3.5010767078843247e-01
   3.4383820585265534e-01
   3.3746354148885427e-01
   3.3101388034302631e-01
   3.2451816633923641e-01
   3.1800394046888208e-01
   3.1149723176174549e-01
   3.0502248112849778e-01
   2.9860249529473115e-01
   2.9225842773712896e-01
   2.8600978336591326e-01
   2.7987444365407804e-01
   2.7386870897165549e-01
   2.6800735502096917e-01
   2.6230370046623119e-01
   2.5676968308953280e-01
   2.4863953675581243e-01
   2.3793453814884016e-01
   2.2744720180751193e-01
   2.1719013557129752e-01
   2.0717276574176524e-01
   1.9740165073081037e-01
   1.8788078329363950e-01
   1.7861187752633698e-01
   1.6959463799903762e-01
   1.6082700938867533e-01
   1.5230540578331539e-01
   1.4402491947121288e-01
   1.3597950952226948e-01
   1.2816217083833539e-01
   1.2056508461204174e-01
   1.1317975131033460e-01
   1.0599710740552899e-01
   9.9007627128350401e-02
   9.2201410526814451e-02
   8.5568259092630813e-02
   8.0744895358386998e-02
   7.7717849494111022e-02
   7.4835092968404140e-02
   7.2091908116300243e-02
   6.9483738852739077e-02
   6.7006195111766642e-02
   6.4655056034415237e-02
   6.2426272091001433e-02
   6.0315966302221531e-02
   5.8320434704195449e-02
   5.6436146185356750e-02
   5.4659741807653206e-02
   5.2988033710754910e-02
   5.1418003685717778e-02
   4.9946801493675926e-02
   4.8571742995505388e-02
   4.7290308149887418e-02
   4.6100138929687326e-02
   4.4999037199948258e-02
   4.3984962594980075e-02
   4.3056030426913298e-02
   4.2210509653605552e-02
   4.1446820929859754e-02
   4.0763534762472568e-02
   4.0159369786619062e-02
   3.9633191178439421e-02
   3.9184009216377567e-02
   3.8810978001784825e-02
   3.8513394347502956e-02
   3.8290696841544000e-02
   3.8142465091553841e-02
   3.8068419154452124e-02
   3.8068419154452124e-02
   3.8142465091553848e-02
   3.8290696841544000e-02
   3.8513394347502956e-02
   3.8810978001784825e-02
   3.9184009216377567e-02
   3.9633191178439421e-02
   4.0159369786619062e-02
   4.0763534762472561e-02
   4.1446820929859754e-02
   4.2210509653605552e-02
   4.3056030426913292e-02
   4.3984962594980075e-02
   4.4999037199948258e-02
   4.6100138929687326e-02
   4.7290308149887411e-02
   4.8571742995505394e-02
   4.9946801493675926e-02
   5.1418003685717785e-02
   5.2988033710754903e-02
   5.4659741807653199e-02
   5.6436146185356757e-02
   5.8320434704195449e-02
   6.0315966302221531e-02
   6.2426272091001433e-02
   6.4655056034415237e-02
   6.7006195111766642e-02
   6.9483738852739091e-02
   7.2091908116300257e-02
   7.4835092968404154e-02
   7.7717849494111022e-02
   8.0744895358387012e-02
