   2.4974645298569972e-01
   2.5710069080249409e-01
   2.6495824969016379e-01
   2.7331356077459662e-01
   2.8215862547574644e-01
   2.9148257028763763e-01
   3.0127116720138486e-01
   3.1150632391945277e-01
   3.2216555034124023e-01
   3.3322141060803606e-01
   3.4464097327777515e-01
   3.5638527591607277e-01
   3.6840882444568968e-01
   3.8065915182950766e-01
   3.9307646482766401e-01
   4.0559341133053484e-01
   4.1813500369317397e-01
   4.3061873506429682e-01
   4.4295492533301323e-01
   4.5504733041210810e-01
   4.6679404259235063e-01
   4.7808870023371425e-01
   4.8882201194749436e-01
   4.9888358386133724e-01
   5.0816401918334320e-01
   5.1655723822191368e-01
   5.2396294588631820e-01
   5.3028915448539704e-01
   5.3545465455235497e-01
   5.3939131757600689e-01
   5.4204611365030064e-01
   5.4338273520124258e-01
   5.4338273520124258e-01
   5.4204611365030075e-01
   5.3939131757600700e-01
   5.3545465455235519e-01
   5.3028915448539726e-01
   5.2396294588631842e-01
   5.1655723822191402e-01
   5.0816401918334353e-01
   4.9888358386133758e-01
   4.8882201194749475e-01
   4.7808870023371464e-01
   4.6679404259235097e-01
   4.5504733041210854e-01
   4.4295492533301367e-01
   4.3061873506429726e-01
   4.1813500369317441e-01
   4.0559341133053528e-01
   3.9307646482766440e-01
   3.8065915182950810e-01
   3.6840882444569012e-01
   3.5638527591607322e-01
   3.4464097327777560e-01
   3.3322141060803651e-01
   3.2216555034124061e-01
   3.1150632391945321e-01
   3.0127116720138525e-01
   2.9148257028763797e-01
   2.8215862547574672e-01
   2.7331356077459690e-01
   2.6495824969016396e-01
   2.5710069080249420e-01
   2.4974645298569978e-01
   2.3934809572205845e-01
   2.2592709086664067e-01
   2.1303301682311765e-01
   2.0065991595211405e-01
   1.8879807199675480e-01
   1.7743470620075866e-01
   1.6655458457069264e-01
   1.5614054214444029e-01
   1.4617393110798521e-01
   1.3663500004606338e-01
   1.2750321166527226e-01
   1.1875750610905586e-01
   1.1037651658555349e-01
   1.0233874352270100e-01
   9.4622692903108541e-02
   8.7206983852273795e-02
   8.0070429984167385e-02
   7.3192098465743496e-02
   6.6551350257345085e-02
   6.0127864525214167e-02
   5.5486614165257672e-02
   5.2606361045395733e-02
   4.9893318837821027e-02
   4.7339131511003205e-02
   4.4935893439563029e-02
   4.2676133560441351e-02
   4.0552799436642105e-02
   3.8559241406322234e-02
   3.6689196960580095e-02
   3.4936775464470868e-02
   3.3296443311729436e-02
   3.1763009583693949e-02
   3.0331612266383999e-02
   2.8997705066068896e-02
   2.7757044852513024e-02
   2.6605679750022031e-02
   2.5539937889107030e-02
   2.4556416825755274e-02
   2.3651973630707979e-02
   2.2823715647598289e-02
   2.2068991916124672e-02
   2.1385385254484329e-02
   2.0770704993945392e-02
   2.0222980357594962e-02
   1.9740454474874752e-02
   1.9321579023436782e-02
   1.8965009490055532e-02
   1.8669601042770392e-02
   1.8434405007058941e-02
   1.8258665939621728e-02
   1.8141819294261233e-02
   1.8083489675335310e-02
   1.8083489675335310e-02
   1.8141819294261233e-02
   1.8258665939621724e-02
   1.8434405007058941e-02
   1.8669601042770392e-02
   1.8965009490055536e-02
   1.9321579023436782e-02
   1.9740454474874752e-02
   2.0222980357594962e-02
   2.0770704993945396e-02
   2.1385385254484329e-02
   2.2068991916124676e-02
   2.2823715647598289e-02
   2.3651973630707982e-02
   2.4556416825755274e-02
   2.5539937889107030e-02
   2.6605679750022031e-02
   2.7757044852513024e-02
   2.8997705066068899e-02
   3.0331612266383999e-02
   3.1763009583693949e-02
   3.3296443311729436e-02
   3.4936775464470868e-02
   3.6689196960580095e-02
   3.8559241406322241e-02
   4.0552799436642112e-02
   4.2676133560441358e-02
   4.4935893439563029e-02
   4.7339131511003205e-02
   4.9893318837821027e-02
   5.2606361045395733e-02
   5.5486614165257672e-02
