   1.9759678227744010e-01
   1.9938547744246182e-01
   2.0115628953763512e-01
   2.0290630941423796e-01
   2.0463259040829893e-01
   2.0633215541319611e-01
   2.0800200449717832e-01
   2.0963912304871785e-01
   2.1124049042664386e-01
   2.1280308908584489e-01
   2.1432391414304366e-01
   2.1579998334081854e-01
   2.1722834736176286e-01
   2.1860610043853701e-01
   2.1993039119967675e-01
   2.2119843368548706e-01
   2.2240751846327739e-01
   2.2355502376669509e-01
   2.2463842658008887e-01
   2.2565531358578816e-01
   2.2660339189000367e-01
   2.2748049944182430e-01
   2.2828461505956815e-01
   2.2901386797959719e-01
   2.2966654684465185e-01
   2.3024110805182660e-01
   2.3073618338447263e-01
   2.3115058685755965e-01
   2.3148332071229635e-01
   2.3173358050303375e-01
   2.3190075922755674e-01
   2.3198445046070357e-01
   2.3198445046070357e-01
   2.3190075922755674e-01
   2.3173358050303375e-01
   2.3148332071229635e-01
   2.3115058685755965e-01
   2.3073618338447263e-01
   2.3024110805182663e-01
   2.2966654684465188e-01
   2.2901386797959719e-01
   2.2828461505956815e-01
   2.2748049944182430e-01
   2.2660339189000372e-01
   2.2565531358578819e-01
   2.2463842658008887e-01
   2.2355502376669512e-01
   2.2240751846327741e-01
   2.2119843368548706e-01
   2.1993039119967678e-01
   2.1860610043853701e-01
   2.1722834736176289e-01
   2.1579998334081857e-01
   2.1432391414304369e-01
   2.1280308908584492e-01
   2.1124049042664389e-01
   2.0963912304871790e-01
   2.0800200449717837e-01
   2.0633215541319613e-01
   2.0463259040829895e-01
   2.0290630941423798e-01
   2.0115628953763517e-01
   1.9938547744246188e-01
   1.9759678227744015e-01
   1.9485767862356473e-01
   1.9117200820282954e-01
   1.8748081285354853e-01
   1.8378944002177264e-01
   1.8010293085926127e-01
   1.7642601994376686e-01
   1.7276313694751411e-01
   1.6911841004461556e-01
   1.6549567085215872e-01
   1.6189846070614963e-01
   1.5833003808193968e-01
   1.5479338697876402e-01
   1.5129122609917792e-01
   1.4782601866613887e-01
   1.4439998273292340e-01
   1.4101510185371793e-01
   1.3767313599534242e-01
   1.3437563258296403e-01
   1.3112393758467122e-01
   1.2791920655128472e-01
   1.2556601796263286e-01
   1.2406323157290354e-01
   1.2260758200497061e-01
   1.2119936483306350e-01
   1.1983883740138018e-01
   1.1852622193332017e-01
   1.1726170850637742e-01
   1.1604545789244235e-01
   1.1487760426392260e-01
   1.1375825776665768e-01
   1.1268750696108117e-01
   1.1166542113348375e-01
   1.1069205247955531e-01
   1.0976743816264288e-01
   1.0889160224935959e-01
   1.0806455752532185e-01
   1.0728630719388579e-01
   1.0655684646080210e-01
   1.0587616400771670e-01
   1.0524424335741807e-01
   1.0466106413367311e-01
   1.0412660321840582e-01
   1.0364083580886266e-01
   1.0320373637727422e-01
   1.0281527953537074e-01
   1.0247544080594073e-01
   1.0218419730343814e-01
   1.0194152832544905e-01
   1.0174741585662281e-01
   1.0160184498645872e-01
   1.0150480424211730e-01
   1.0145628583719875e-01
   1.0145628583719875e-01
   1.0150480424211730e-01
   1.0160184498645872e-01
   1.0174741585662281e-01
   1.0194152832544905e-01
   1.0218419730343814e-01
   1.0247544080594073e-01
   1.0281527953537074e-01
   1.0320373637727422e-01
   1.0364083580886266e-01
   1.0412660321840582e-01
   1.0466106413367311e-01
   1.0524424335741807e-01
   1.0587616400771670e-01
   1.0655684646080210e-01
   1.0728630719388579e-01
   1.0806455752532185e-01
   1.0889160224935959e-01
   1.0976743816264289e-01
   1.1069205247955530e-01
   1.1166542113348375e-01
   1.1268750696108117e-01
   1.1375825776665770e-01
   1.1487760426392260e-01
   1.1604545789244235e-01
   1.1726170850637742e-01
   1.1852622193332016e-01
   1.1983883740138017e-01
   1.2119936483306350e-01
   1.2260758200497061e-01
   1.2406323157290355e-01
   1.2556601796263286e-01
