   1.7922150738229900e-01
   1.7922150738229900e-01
   1.7922150738229900e-01
   1.7922150738229903e-01
   1.7922150738229903e-01
   1.7922150738229906e-01
   1.7922150738229906e-01
   1.7922150738229906e-01
   1.7922150738229908e-01
   1.7922150738229908e-01
   1.7922150738229908e-01
   1.7922150738229911e-01
   1.7922150738229911e-01
   1.7922150738229911e-01
   1.7922150738229911e-01
   1.7922150738229914e-01
   1.7922150738229914e-01
   1.7922150738229914e-01
   1.7922150738229914e-01
   1.7922150738229914e-01
   1.7922150738229917e-01
   1.7922150738229917e-01
   1.7922150738229917e-01
   1.7922150738229914e-01
   1.7922150738229914e-01
   1.7922150738229914e-01
   1.7922150738229914e-01
   1.7922150738229914e-01
   1.7922150738229914e-01
   1.7922150738229914e-01
   1.7922150738229914e-01
   1.7922150738229914e-01
   1.7922150738229914e-01
   1.7922150738229914e-01
   1.7922150738229911e-01
   1.7922150738229911e-01
   1.7922150738229911e-01
   1.7922150738229911e-01
   1.7922150738229908e-01
   1.7922150738229908e-01
   1.7922150738229908e-01
   1.7922150738229908e-01
   1.7922150738229908e-01
   1.7922150738229906e-01
   1.7922150738229906e-01
   1.7922150738229903e-01
   1.7922150738229900e-01
   1.7922150738229903e-01
   1.7922150738229900e-01
   1.7922150738229897e-01
   1.7922150738229906e-01
   1.7922150738229908e-01
   1.7922150738229914e-01
   1.7922150738229917e-01
   1.7922150738229919e-01
   1.7922150738229922e-01
   1.7922150738229928e-01
   1.7922150738229931e-01
   1.7922150738229933e-01
   1.7922150738229936e-01
   1.7922150738229939e-01
   1.7922150738229942e-01
   1.7922150738229944e-01
   1.7922150738229947e-01
   1.7922150738229950e-01
   1.7922150738229953e-01
   1.7922150738229956e-01
   1.7922150738229958e-01
   1.7922150738229961e-01
   1.7922150738229961e-01
   1.7922150738229964e-01
   1.7922150738229967e-01
   1.7922150738229969e-01
   1.7922150738229972e-01
   1.7922150738229975e-01
   1.7922150738229978e-01
   1.7922150738229978e-01
   1.7922150738229981e-01
   1.7922150738229981e-01
   1.7922150738229986e-01
   1.7922150738229986e-01
   1.7922150738229989e-01
   1.7922150738229989e-01
   1.7922150738229992e-01
   1.7922150738229992e-01
   1.7922150738229992e-01
   1.7922150738229994e-01
   1.7922150738229997e-01
   1.7922150738229997e-01
   1.7922150738229997e-01
   1.7922150738230000e-01
   1.7922150738230000e-01
   1.7922150738230000e-01
   1.7922150738230003e-01
   1.7922150738230003e-01
   1.7922150738230003e-01
   1.7922150738230003e-01
   1.7922150738230005e-01
   1.7922150738230005e-01
   1.7922150738230005e-01
   1.7922150738230005e-01
   1.7922150738230005e-01
   1.7922150738230005e-01
   1.7922150738230005e-01
   1.7922150738230005e-01
   1.7922150738230005e-01
   1.7922150738230005e-01
   1.7922150738230005e-01
   1.7922150738230005e-01
   1.7922150738230003e-01
   1.7922150738230005e-01
   1.7922150738230005e-01
   1.7922150738230003e-01
   1.7922150738230003e-01
   1.7922150738230000e-01
   1.7922150738230000e-01
   1.7922150738230000e-01
   1.7922150738230000e-01
   1.7922150738229997e-01
   1.7922150738229997e-01
   1.7922150738229997e-01
   1.7922150738229994e-01
   1.7922150738229992e-01
   1.7922150738229992e-01
   1.7922150738229989e-01
   1.7922150738229989e-01
   1.7922150738229989e-01
   1.7922150738229986e-01
   1.7922150738229983e-01
   1.7922150738229903e-01
   1.7922150738229906e-01
   1.7922150738229908e-01
   1.7922150738229914e-01
   1.7922150738229917e-01
   1.7922150738229919e-01
   1.7922150738229922e-01
   1.7922150738229925e-01
   1.7922150738229931e-01
   1.7922150738229933e-01
   1.7922150738229936e-01
   1.7922150738229939e-01
   1.7922150738229942e-01
   1.7922150738229944e-01
   1.7922150738229947e-01
   1.7922150738229950e-01
   1.7922150738229953e-01
   1.7922150738229956e-01
   1.7922150738229958e-01
   1.7922150738229961e-01
   1.7922150738229961e-01
   1.7922150738229964e-01
   1.7922150738229967e-01
   1.7922150738229969e-01
   1.7922150738229972e-01
   1.7922150738229972e-01
   1.7922150738229975e-01
   1.7922150738229978e-01
   1.7922150738229981e-01
   1.7922150738229983e-01
   1.7922150738229983e-01
   1.7922150738229986e-01
   1.7922150738229989e-01
   1.7922150738229989e-01
   1.7922150738229992e-01
   1.7922150738229992e-01
   1.7922150738229994e-01
   1.7922150738229994e-01
   1.7922150738229997e-01
   1.7922150738229997e-01
   1.7922150738229997e-01
   1.7922150738230000e-01
   1.7922150738230000e-01
   1.7922150738230000e-01
   1.7922150738230000e-01
   1.7922150738230003e-01
   1.7922150738230003e-01
   1.7922150738230003e-01
   1.7922150738230005e-01
   1.7922150738230003e-01
   1.7922150738230005e-01
   1.7922150738230005e-01
   1.7922150738230005e-01
   1.7922150738230005e-01
   1.7922150738230005e-01
   1.7922150738230005e-01
   1.7922150738230003e-01
   1.7922150738230005e-01
   1.7922150738230005e-01
   1.7922150738230003e-01
   1.7922150738230003e-01
   1.7922150738230003e-01
   1.7922150738230003e-01
   1.7922150738230003e-01
   1.7922150738230000e-01
   1.7922150738230000e-01
   1.7922150738230000e-01
   1.7922150738229997e-01
   1.7922150738229997e-01
   1.7922150738229997e-01
   1.7922150738229997e-01
   1.7922150738229994e-01
   1.7922150738229992e-01
   1.7922150738229992e-01
   1.7922150738229989e-01
   1.7922150738229989e-01
   1.7922150738229989e-01
   1.7922150738229986e-01
   1.7922150738229983e-01
   1.7922150738229903e-01
   1.7922150738229906e-01
   1.7922150738229908e-01
   1.7922150738229911e-01
   1.7922150738229914e-01
   1.7922150738229919e-01
   1.7922150738229922e-01
   1.7922150738229925e-01
   1.7922150738229928e-01
   1.7922150738229931e-01
   1.7922150738229933e-01
   1.7922150738229936e-01
   1.7922150738229939e-01
   1.7922150738229942e-01
   1.7922150738229944e-01
   1.7922150738229950e-01
   1.7922150738229950e-01
   1.7922150738229956e-01
   1.7922150738229956e-01
   1.7922150738229961e-01
   1.7922150738229961e-01
   1.7922150738229964e-01
   1.7922150738229967e-01
   1.7922150738229969e-01
   1.7922150738229972e-01
   1.7922150738229975e-01
   1.7922150738229975e-01
   1.7922150738229978e-01
   1.7922150738229981e-01
   1.7922150738229981e-01
   1.7922150738229983e-01
   1.7922150738229983e-01
   1.7922150738229986e-01
   1.7922150738229989e-01
   1.7922150738229992e-01
   1.7922150738229992e-01
   1.7922150738229992e-01
   1.7922150738229994e-01
   1.7922150738229994e-01
   1.7922150738229994e-01
   1.7922150738229997e-01
   1.7922150738229997e-01
   1.7922150738230000e-01
   1.7922150738230000e-01
   1.7922150738230000e-01
   1.7922150738230000e-01
   1.7922150738230003e-01
   1.7922150738230003e-01
   1.7922150738230003e-01
   1.7922150738230005e-01
   1.7922150738230005e-01
   1.7922150738230005e-01
   1.7922150738230005e-01
   1.7922150738230005e-01
   1.7922150738230005e-01
   1.7922150738230005e-01
   1.7922150738230005e-01
   1.7922150738230005e-01
   1.7922150738230003e-01
   1.7922150738230005e-01
   1.7922150738230005e-01
   1.7922150738230003e-01
   1.7922150738230003e-01
   1.7922150738230003e-01
   1.7922150738230003e-01
   1.7922150738230003e-01
   1.7922150738230000e-01
   1.7922150738230000e-01
   1.7922150738229997e-01
   1.7922150738229997e-01
   1.7922150738229997e-01
   1.7922150738229994e-01
   1.7922150738229992e-01
   1.7922150738229992e-01
   1.7922150738229992e-01
   1.7922150738229992e-01
   1.7922150738229989e-01
   1.7922150738229986e-01
   1.7922150738229986e-01
   1.7922150738229986e-01
   1.7922150738229989e-01
   1.7922150738229989e-01
   1.7922150738229992e-01
   1.7922150738229992e-01
   1.7922150738229994e-01
   1.7922150738229994e-01
   1.7922150738229997e-01
   1.7922150738230000e-01
   1.7922150738229997e-01
   1.7922150738230000e-01
   1.7922150738230000e-01
   1.7922150738230003e-01
   1.7922150738230003e-01
   1.7922150738230005e-01
   1.7922150738230005e-01
   1.7922150738230005e-01
   1.7922150738230008e-01
   1.7922150738230008e-01
   1.7922150738230008e-01
   1.7922150738230008e-01
   1.7922150738230008e-01
   1.7922150738230008e-01
   1.7922150738230008e-01
   1.7922150738230008e-01
   1.7922150738230008e-01
   1.7922150738230008e-01
   1.7922150738230005e-01
   1.7922150738230005e-01
   1.7922150738230005e-01
   1.7922150738230008e-01
   1.7922150738230005e-01
   1.7922150738230005e-01
   1.7922150738230005e-01
   1.7922150738230005e-01
   1.7922150738230003e-01
   1.7922150738230003e-01
   1.7922150738230003e-01
   1.7922150738230000e-01
   1.7922150738230000e-01
   1.7922150738230000e-01
   1.7922150738229997e-01
   1.7922150738229997e-01
   1.7922150738229994e-01
   1.7922150738229992e-01
   1.7922150738229994e-01
   1.7922150738229992e-01
   1.7922150738229989e-01
   1.7922150738229986e-01
   1.7922150738229986e-01
