   4.7266707196917995e-01
   4.7266707196917990e-01
   4.7266707196917990e-01
   4.7266707196917995e-01
   4.7266707196917995e-01
   4.7266707196918001e-01
   4.7266707196917995e-01
   4.7266707196918001e-01
   4.7266707196918001e-01
   4.7266707196918001e-01
   4.7266707196918001e-01
   4.7266707196918006e-01
   4.7266707196918001e-01
   4.7266707196918006e-01
   4.7266707196918001e-01
   4.7266707196918006e-01
   4.7266707196918006e-01
   4.7266707196918006e-01
   4.7266707196918006e-01
   4.7266707196918006e-01
   4.7266707196918001e-01
   4.7266707196918001e-01
   4.7266707196918006e-01
   4.7266707196918001e-01
   4.7266707196918001e-01
   4.7266707196918001e-01
   4.7266707196918001e-01
   4.7266707196918006e-01
   4.7266707196918006e-01
   4.7266707196918006e-01
   4.7266707196918006e-01
   4.7266707196918001e-01
   4.7266707196918001e-01
   4.7266707196918001e-01
   4.7266707196918001e-01
   4.7266707196918001e-01
   4.7266707196918001e-01
   4.7266707196918001e-01
   4.7266707196918001e-01
   4.7266707196917995e-01
   4.7266707196917995e-01
   4.7266707196917995e-01
   4.7266707196918001e-01
   4.7266707196918001e-01
   4.7266707196917990e-01
   4.7266707196917990e-01
   4.7266707196917990e-01
   4.7266707196917995e-01
   4.7266707196917995e-01
   4.7266707196917984e-01
   4.7266707196917995e-01
   4.7266707196917990e-01
   4.7266707196917990e-01
   4.7266707196917984e-01
   4.7266707196917990e-01
   4.7266707196917984e-01
   4.7266707196917973e-01
   4.7266707196917979e-01
   4.7266707196917973e-01
   4.7266707196917979e-01
   4.7266707196917973e-01
   4.7266707196917962e-01
   4.7266707196917962e-01
   4.7266707196917962e-01
   4.7266707196917962e-01
   4.7266707196917951e-01
   4.7266707196917951e-01
   4.7266707196917951e-01
   4.7266707196917951e-01
   4.7266707196917945e-01
   4.7266707196917951e-01
   4.7266707196917940e-01
   4.7266707196917945e-01
   4.7266707196917945e-01
   4.7266707196917940e-01
   4.7266707196917940e-01
   4.7266707196917940e-01
   4.7266707196917934e-01
   4.7266707196917929e-01
   4.7266707196917934e-01
   4.7266707196917929e-01
   4.7266707196917929e-01
   4.7266707196917923e-01
   4.7266707196917918e-01
   4.7266707196917923e-01
   4.7266707196917918e-01
   4.7266707196917918e-01
   4.7266707196917912e-01
   4.7266707196917912e-01
   4.7266707196917912e-01
   4.7266707196917912e-01
   4.7266707196917912e-01
   4.7266707196917912e-01
   4.7266707196917906e-01
   4.7266707196917912e-01
   4.7266707196917906e-01
   4.7266707196917906e-01
   4.7266707196917906e-01
   4.7266707196917906e-01
   4.7266707196917901e-01
   4.7266707196917906e-01
   4.7266707196917906e-01
   4.7266707196917906e-01
   4.7266707196917901e-01
   4.7266707196917906e-01
   4.7266707196917912e-01
   4.7266707196917906e-01
   4.7266707196917912e-01
   4.7266707196917906e-01
   4.7266707196917912e-01
   4.7266707196917906e-01
   4.7266707196917912e-01
   4.7266707196917912e-01
   4.7266707196917912e-01
   4.7266707196917912e-01
   4.7266707196917912e-01
   4.7266707196917912e-01
   4.7266707196917923e-01
   4.7266707196917918e-01
   4.7266707196917918e-01
   4.7266707196917918e-01
   4.7266707196917929e-01
   4.7266707196917929e-01
   4.7266707196917923e-01
   4.7266707196917934e-01
   4.7266707196917929e-01
   4.7266707196917934e-01
   4.7266707196917929e-01
   4.7266707196917940e-01
   4.7266707196917995e-01
   4.7266707196917995e-01
   4.7266707196918001e-01
   4.7266707196918001e-01
   4.7266707196917995e-01
   4.7266707196917995e-01
   4.7266707196917995e-01
   4.7266707196917995e-01
   4.7266707196917995e-01
   4.7266707196917990e-01
   4.7266707196917995e-01
   4.7266707196917990e-01
   4.7266707196917990e-01
   4.7266707196917995e-01
   4.7266707196917990e-01
   4.7266707196917995e-01
   4.7266707196917990e-01
   4.7266707196917995e-01
   4.7266707196917990e-01
   4.7266707196917990e-01
   4.7266707196917990e-01
   4.7266707196917990e-01
   4.7266707196917990e-01
   4.7266707196917984e-01
   4.7266707196917990e-01
   4.7266707196917984e-01
   4.7266707196917984e-01
   4.7266707196917984e-01
   4.7266707196917984e-01
   4.7266707196917990e-01
   4.7266707196917984e-01
   4.7266707196917984e-01
   4.7266707196917979e-01
   4.7266707196917979e-01
   4.7266707196917979e-01
   4.7266707196917979e-01
   4.7266707196917979e-01
   4.7266707196917984e-01
   4.7266707196917973e-01
   4.7266707196917973e-01
   4.7266707196917973e-01
   4.7266707196917973e-01
   4.7266707196917973e-01
   4.7266707196917968e-01
   4.7266707196917973e-01
   4.7266707196917973e-01
   4.7266707196917968e-01
   4.7266707196917968e-01
   4.7266707196917968e-01
   4.7266707196917968e-01
   4.7266707196917968e-01
   4.7266707196917962e-01
   4.7266707196917968e-01
   4.7266707196917962e-01
   4.7266707196917962e-01
   4.7266707196917956e-01
   4.7266707196917962e-01
   4.7266707196917962e-01
   4.7266707196917956e-01
   4.7266707196917962e-01
   4.7266707196917956e-01
   4.7266707196917956e-01
   4.7266707196917956e-01
   4.7266707196917956e-01
   4.7266707196917956e-01
   4.7266707196917956e-01
   4.7266707196917956e-01
   4.7266707196917956e-01
   4.7266707196917951e-01
   4.7266707196917956e-01
   4.7266707196917951e-01
   4.7266707196917951e-01
   4.7266707196917945e-01
   4.7266707196917951e-01
   4.7266707196917951e-01
   4.7266707196917951e-01
   4.7266707196917945e-01
   4.7266707196917951e-01
   4.7266707196917945e-01
   4.7266707196917990e-01
   4.7266707196917990e-01
   4.7266707196917984e-01
   4.7266707196917984e-01
   4.7266707196917979e-01
   4.7266707196917973e-01
   4.7266707196917979e-01
   4.7266707196917973e-01
   4.7266707196917973e-01
   4.7266707196917973e-01
   4.7266707196917973e-01
   4.7266707196917968e-01
   4.7266707196917962e-01
   4.7266707196917956e-01
   4.7266707196917956e-01
   4.7266707196917951e-01
   4.7266707196917951e-01
   4.7266707196917956e-01
   4.7266707196917951e-01
   4.7266707196917945e-01
   4.7266707196917945e-01
   4.7266707196917940e-01
   4.7266707196917940e-01
   4.7266707196917940e-01
   4.7266707196917934e-01
   4.7266707196917934e-01
   4.7266707196917940e-01
   4.7266707196917929e-01
   4.7266707196917929e-01
   4.7266707196917929e-01
   4.7266707196917923e-01
   4.7266707196917929e-01
   4.7266707196917923e-01
   4.7266707196917923e-01
   4.7266707196917923e-01
   4.7266707196917923e-01
   4.7266707196917912e-01
   4.7266707196917912e-01
   4.7266707196917918e-01
   4.7266707196917912e-01
   4.7266707196917912e-01
   4.7266707196917918e-01
   4.7266707196917912e-01
   4.7266707196917912e-01
   4.7266707196917912e-01
   4.7266707196917912e-01
   4.7266707196917906e-01
   4.7266707196917912e-01
   4.7266707196917912e-01
   4.7266707196917906e-01
   4.7266707196917912e-01
   4.7266707196917912e-01
   4.7266707196917912e-01
   4.7266707196917906e-01
   4.7266707196917912e-01
   4.7266707196917906e-01
   4.7266707196917912e-01
   4.7266707196917912e-01
   4.7266707196917906e-01
   4.7266707196917912e-01
   4.7266707196917906e-01
   4.7266707196917912e-01
   4.7266707196917912e-01
   4.7266707196917912e-01
   4.7266707196917918e-01
   4.7266707196917923e-01
   4.7266707196917923e-01
   4.7266707196917918e-01
   4.7266707196917918e-01
   4.7266707196917923e-01
   4.7266707196917923e-01
   4.7266707196917923e-01
   4.7266707196917929e-01
   4.7266707196917929e-01
   4.7266707196917929e-01
   4.7266707196917934e-01
   4.7266707196917934e-01
   4.7266707196917934e-01
   4.7266707196917940e-01
   4.7266707196917940e-01
   4.7266707196917940e-01
   4.7266707196917934e-01
   4.7266707196917940e-01
   4.7266707196917934e-01
   4.7266707196917934e-01
   4.7266707196917934e-01
   4.7266707196917934e-01
   4.7266707196917929e-01
   4.7266707196917929e-01
   4.7266707196917929e-01
   4.7266707196917923e-01
   4.7266707196917929e-01
   4.7266707196917923e-01
   4.7266707196917923e-01
   4.7266707196917923e-01
   4.7266707196917923e-01
   4.7266707196917923e-01
   4.7266707196917929e-01
   4.7266707196917923e-01
   4.7266707196917923e-01
   4.7266707196917923e-01
   4.7266707196917923e-01
   4.7266707196917923e-01
   4.7266707196917923e-01
   4.7266707196917923e-01
   4.7266707196917923e-01
   4.7266707196917918e-01
   4.7266707196917923e-01
   4.7266707196917923e-01
   4.7266707196917929e-01
   4.7266707196917929e-01
   4.7266707196917929e-01
   4.7266707196917929e-01
   4.7266707196917923e-01
   4.7266707196917923e-01
   4.7266707196917929e-01
   4.7266707196917929e-01
   4.7266707196917929e-01
   4.7266707196917923e-01
   4.7266707196917934e-01
   4.7266707196917929e-01
   4.7266707196917934e-01
   4.7266707196917934e-01
   4.7266707196917940e-01
   4.7266707196917934e-01
   4.7266707196917940e-01
   4.7266707196917934e-01
   4.7266707196917940e-01
   4.7266707196917945e-01
