   3.0086442074941061e-01
   3.0086442074941061e-01
   3.0086442074941055e-01
   3.0086442074941055e-01
   3.0086442074941055e-01
   3.0086442074941061e-01
   3.0086442074941061e-01
   3.0086442074941055e-01
   3.0086442074941055e-01
   3.0086442074941055e-01
   3.0086442074941055e-01
   3.0086442074941055e-01
   3.0086442074941055e-01
   3.0086442074941055e-01
   3.0086442074941055e-01
   3.0086442074941055e-01
   3.0086442074941055e-01
   3.0086442074941055e-01
   3.0086442074941055e-01
   3.0086442074941055e-01
   3.0086442074941055e-01
   3.0086442074941055e-01
   3.0086442074941055e-01
   3.0086442074941055e-01
   3.0086442074941055e-01
   3.0086442074941055e-01
   3.0086442074941055e-01
   3.0086442074941055e-01
   3.0086442074941055e-01
   3.0086442074941055e-01
   3.0086442074941055e-01
   3.0086442074941055e-01
   3.0086442074941055e-01
   3.0086442074941055e-01
   3.0086442074941055e-01
   3.0086442074941050e-01
   3.0086442074941055e-01
   3.0086442074941055e-01
   3.0086442074941055e-01
   3.0086442074941055e-01
   3.0086442074941055e-01
   3.0086442074941055e-01
   3.0086442074941055e-01
   3.0086442074941055e-01
   3.0086442074941055e-01
   3.0086442074941055e-01
   3.0086442074941050e-01
   3.0086442074941050e-01
   3.0086442074941055e-01
   3.0086442074941055e-01
   3.0086442074941061e-01
   3.0086442074941061e-01
   3.0086442074941061e-01
   3.0086442074941055e-01
   3.0086442074941050e-01
   3.0086442074941050e-01
   3.0086442074941050e-01
   3.0086442074941044e-01
   3.0086442074941044e-01
   3.0086442074941044e-01
   3.0086442074941039e-01
   3.0086442074941039e-01
   3.0086442074941039e-01
   3.0086442074941033e-01
   3.0086442074941033e-01
   3.0086442074941033e-01
   3.0086442074941028e-01
   3.0086442074941022e-01
   3.0086442074941028e-01
   3.0086442074941022e-01
   3.0086442074941022e-01
   3.0086442074941017e-01
   3.0086442074941017e-01
   3.0086442074941017e-01
   3.0086442074941011e-01
   3.0086442074941011e-01
   3.0086442074941006e-01
   3.0086442074941006e-01
   3.0086442074941006e-01
   3.0086442074941000e-01
   3.0086442074941000e-01
   3.0086442074941000e-01
   3.0086442074941000e-01
   3.0086442074940994e-01
   3.0086442074940994e-01
   3.0086442074940994e-01
   3.0086442074940994e-01
   3.0086442074940989e-01
   3.0086442074940989e-01
   3.0086442074940989e-01
   3.0086442074940989e-01
   3.0086442074940983e-01
   3.0086442074940989e-01
   3.0086442074940983e-01
   3.0086442074940978e-01
   3.0086442074940978e-01
   3.0086442074940978e-01
   3.0086442074940978e-01
   3.0086442074940978e-01
   3.0086442074940978e-01
   3.0086442074940972e-01
   3.0086442074940978e-01
   3.0086442074940972e-01
   3.0086442074940972e-01
   3.0086442074940972e-01
   3.0086442074940972e-01
   3.0086442074940972e-01
   3.0086442074940972e-01
   3.0086442074940972e-01
   3.0086442074940967e-01
   3.0086442074940972e-01
   3.0086442074940967e-01
   3.0086442074940972e-01
   3.0086442074940967e-01
   3.0086442074940972e-01
   3.0086442074940972e-01
   3.0086442074940972e-01
   3.0086442074940972e-01
   3.0086442074940967e-01
   3.0086442074940967e-01
   3.0086442074940967e-01
   3.0086442074940967e-01
   3.0086442074940972e-01
   3.0086442074940967e-01
   3.0086442074940967e-01
   3.0086442074940972e-01
   3.0086442074940972e-01
   3.0086442074940972e-01
   3.0086442074940972e-01
   3.0086442074941067e-01
   3.0086442074941067e-01
   3.0086442074941061e-01
   3.0086442074941055e-01
   3.0086442074941055e-01
   3.0086442074941055e-01
   3.0086442074941050e-01
   3.0086442074941050e-01
   3.0086442074941044e-01
   3.0086442074941044e-01
   3.0086442074941039e-01
   3.0086442074941044e-01
   3.0086442074941039e-01
   3.0086442074941033e-01
   3.0086442074941033e-01
   3.0086442074941033e-01
   3.0086442074941028e-01
   3.0086442074941028e-01
   3.0086442074941022e-01
   3.0086442074941022e-01
   3.0086442074941022e-01
   3.0086442074941017e-01
   3.0086442074941017e-01
   3.0086442074941017e-01
   3.0086442074941017e-01
   3.0086442074941011e-01
   3.0086442074941006e-01
   3.0086442074941011e-01
   3.0086442074941006e-01
   3.0086442074941006e-01
   3.0086442074941000e-01
   3.0086442074941000e-01
   3.0086442074941000e-01
   3.0086442074941000e-01
   3.0086442074940994e-01
   3.0086442074940994e-01
   3.0086442074940994e-01
   3.0086442074940989e-01
   3.0086442074940989e-01
   3.0086442074940989e-01
   3.0086442074940989e-01
   3.0086442074940983e-01
   3.0086442074940983e-01
   3.0086442074940983e-01
   3.0086442074940983e-01
   3.0086442074940978e-01
   3.0086442074940983e-01
   3.0086442074940978e-01
   3.0086442074940978e-01
   3.0086442074940978e-01
   3.0086442074940978e-01
   3.0086442074940972e-01
   3.0086442074940972e-01
   3.0086442074940972e-01
   3.0086442074940972e-01
   3.0086442074940972e-01
   3.0086442074940967e-01
   3.0086442074940972e-01
   3.0086442074940967e-01
   3.0086442074940972e-01
   3.0086442074940967e-01
   3.0086442074940967e-01
   3.0086442074940967e-01
   3.0086442074940967e-01
   3.0086442074940967e-01
   3.0086442074940967e-01
   3.0086442074940967e-01
   3.0086442074940967e-01
   3.0086442074940967e-01
   3.0086442074940967e-01
   3.0086442074940967e-01
   3.0086442074940967e-01
   3.0086442074940967e-01
   3.0086442074940967e-01
   3.0086442074940972e-01
   3.0086442074940967e-01
   3.0086442074940967e-01
   3.0086442074940972e-01
   3.0086442074940972e-01
   3.0086442074941061e-01
   3.0086442074941055e-01
   3.0086442074941055e-01
   3.0086442074941050e-01
   3.0086442074941044e-01
   3.0086442074941050e-01
   3.0086442074941044e-01
   3.0086442074941039e-01
   3.0086442074941044e-01
   3.0086442074941039e-01
   3.0086442074941033e-01
   3.0086442074941033e-01
   3.0086442074941033e-01
   3.0086442074941028e-01
   3.0086442074941028e-01
   3.0086442074941028e-01
   3.0086442074941022e-01
   3.0086442074941022e-01
   3.0086442074941017e-01
   3.0086442074941017e-01
   3.0086442074941017e-01
   3.0086442074941011e-01
   3.0086442074941011e-01
   3.0086442074941011e-01
   3.0086442074941011e-01
   3.0086442074941006e-01
   3.0086442074941000e-01
   3.0086442074941006e-01
   3.0086442074941000e-01
   3.0086442074941000e-01
   3.0086442074941000e-01
   3.0086442074941000e-01
   3.0086442074940994e-01
   3.0086442074940994e-01
   3.0086442074940994e-01
   3.0086442074940989e-01
   3.0086442074940989e-01
   3.0086442074940983e-01
   3.0086442074940989e-01
   3.0086442074940983e-01
   3.0086442074940983e-01
   3.0086442074940983e-01
   3.0086442074940983e-01
   3.0086442074940978e-01
   3.0086442074940983e-01
   3.0086442074940978e-01
   3.0086442074940978e-01
   3.0086442074940978e-01
   3.0086442074940978e-01
   3.0086442074940972e-01
   3.0086442074940978e-01
   3.0086442074940972e-01
   3.0086442074940972e-01
   3.0086442074940972e-01
   3.0086442074940972e-01
   3.0086442074940972e-01
   3.0086442074940967e-01
   3.0086442074940972e-01
   3.0086442074940967e-01
   3.0086442074940972e-01
   3.0086442074940967e-01
   3.0086442074940967e-01
   3.0086442074940972e-01
   3.0086442074940967e-01
   3.0086442074940972e-01
   3.0086442074940967e-01
   3.0086442074940972e-01
   3.0086442074940972e-01
   3.0086442074940967e-01
   3.0086442074940967e-01
   3.0086442074940967e-01
   3.0086442074940967e-01
   3.0086442074940972e-01
   3.0086442074940972e-01
   3.0086442074940967e-01
   3.0086442074940972e-01
   3.0086442074940972e-01
   3.0086442074940972e-01
   3.0086442074940978e-01
   3.0086442074940972e-01
   3.0086442074940978e-01
   3.0086442074940972e-01
   3.0086442074940972e-01
   3.0086442074940972e-01
   3.0086442074940972e-01
   3.0086442074940972e-01
   3.0086442074940967e-01
   3.0086442074940967e-01
   3.0086442074940967e-01
   3.0086442074940961e-01
   3.0086442074940961e-01
   3.0086442074940967e-01
   3.0086442074940967e-01
   3.0086442074940961e-01
   3.0086442074940961e-01
   3.0086442074940961e-01
   3.0086442074940961e-01
   3.0086442074940961e-01
   3.0086442074940961e-01
   3.0086442074940961e-01
   3.0086442074940961e-01
   3.0086442074940961e-01
   3.0086442074940961e-01
   3.0086442074940961e-01
   3.0086442074940961e-01
   3.0086442074940961e-01
   3.0086442074940961e-01
   3.0086442074940961e-01
   3.0086442074940961e-01
   3.0086442074940961e-01
   3.0086442074940961e-01
   3.0086442074940961e-01
   3.0086442074940961e-01
   3.0086442074940961e-01
   3.0086442074940967e-01
   3.0086442074940967e-01
   3.0086442074940967e-01
   3.0086442074940967e-01
   3.0086442074940967e-01
   3.0086442074940967e-01
   3.0086442074940967e-01
   3.0086442074940972e-01
   3.0086442074940972e-01
   3.0086442074940972e-01
   3.0086442074940978e-01
   3.0086442074940972e-01
   3.0086442074940978e-01
   3.0086442074940978e-01
   3.0086442074940978e-01
