   3.1622776443050539e-02
   3.1622776443050539e-02
   3.1622776443050539e-02
   3.1622776443050539e-02
   3.1622776443050532e-02
   3.1622776443050532e-02
   3.1622776443050532e-02
   3.1622776443050532e-02
   3.1622776443050532e-02
   3.1622776443050532e-02
   3.1622776443050532e-02
   3.1622776443050525e-02
   3.1622776443050532e-02
   3.1622776443050525e-02
   3.1622776443050525e-02
   3.1622776443050525e-02
   3.1622776443050525e-02
   3.1622776443050525e-02
   3.1622776443050525e-02
   3.1622776443050518e-02
   3.1622776443050518e-02
   3.1622776443050525e-02
   3.1622776443050518e-02
   3.1622776443050525e-02
   3.1622776443050525e-02
   3.1622776443050518e-02
   3.1622776443050518e-02
   3.1622776443050525e-02
   3.1622776443050518e-02
   3.1622776443050525e-02
   3.1622776443050525e-02
   3.1622776443050518e-02
   3.1622776443050518e-02
   3.1622776443050525e-02
   3.1622776443050525e-02
   3.1622776443050518e-02
   3.1622776443050518e-02
   3.1622776443050525e-02
   3.1622776443050525e-02
   3.1622776443050525e-02
   3.1622776443050525e-02
   3.1622776443050525e-02
   3.1622776443050525e-02
   3.1622776443050525e-02
   3.1622776443050525e-02
   3.1622776443050532e-02
   3.1622776443050532e-02
   3.1622776443050525e-02
   3.1622776443050532e-02
   3.1622776443050532e-02
   3.1622776443050546e-02
   3.1622776443050546e-02
   3.1622776443050553e-02
   3.1622776443050553e-02
   3.1622776443050553e-02
   3.1622776443050553e-02
   3.1622776443050560e-02
   3.1622776443050553e-02
   3.1622776443050560e-02
   3.1622776443050560e-02
   3.1622776443050560e-02
   3.1622776443050567e-02
   3.1622776443050560e-02
   3.1622776443050567e-02
   3.1622776443050567e-02
   3.1622776443050567e-02
   3.1622776443050574e-02
   3.1622776443050574e-02
   3.1622776443050574e-02
   3.1622776443050574e-02
   3.1622776443050574e-02
   3.1622776443050581e-02
   3.1622776443050581e-02
   3.1622776443050581e-02
   3.1622776443050588e-02
   3.1622776443050581e-02
   3.1622776443050588e-02
   3.1622776443050594e-02
   3.1622776443050594e-02
   3.1622776443050594e-02
   3.1622776443050594e-02
   3.1622776443050601e-02
   3.1622776443050601e-02
   3.1622776443050601e-02
   3.1622776443050601e-02
   3.1622776443050608e-02
   3.1622776443050608e-02
   3.1622776443050615e-02
   3.1622776443050615e-02
   3.1622776443050622e-02
   3.1622776443050622e-02
   3.1622776443050629e-02
   3.1622776443050629e-02
   3.1622776443050629e-02
   3.1622776443050629e-02
   3.1622776443050636e-02
   3.1622776443050643e-02
   3.1622776443050650e-02
   3.1622776443050650e-02
   3.1622776443050650e-02
   3.1622776443050657e-02
   3.1622776443050657e-02
   3.1622776443050664e-02
   3.1622776443050664e-02
   3.1622776443050671e-02
   3.1622776443050671e-02
   3.1622776443050678e-02
   3.1622776443050678e-02
   3.1622776443050685e-02
   3.1622776443050692e-02
   3.1622776443050692e-02
   3.1622776443050692e-02
   3.1622776443050699e-02
   3.1622776443050706e-02
   3.1622776443050706e-02
   3.1622776443050712e-02
   3.1622776443050712e-02
   3.1622776443050719e-02
   3.1622776443050719e-02
   3.1622776443050733e-02
   3.1622776443050733e-02
   3.1622776443050733e-02
   3.1622776443050740e-02
   3.1622776443050747e-02
   3.1622776443050747e-02
   3.1622776443050754e-02
   3.1622776443050761e-02
   3.1622776443050768e-02
   3.1622776443050768e-02
   3.1622776443050546e-02
   3.1622776443050539e-02
   3.1622776443050539e-02
   3.1622776443050546e-02
   3.1622776443050546e-02
   3.1622776443050546e-02
   3.1622776443050546e-02
   3.1622776443050553e-02
   3.1622776443050553e-02
   3.1622776443050553e-02
   3.1622776443050553e-02
   3.1622776443050560e-02
   3.1622776443050560e-02
   3.1622776443050560e-02
   3.1622776443050560e-02
   3.1622776443050560e-02
   3.1622776443050567e-02
   3.1622776443050567e-02
   3.1622776443050567e-02
   3.1622776443050574e-02
   3.1622776443050574e-02
   3.1622776443050574e-02
   3.1622776443050574e-02
   3.1622776443050581e-02
   3.1622776443050581e-02
   3.1622776443050581e-02
   3.1622776443050588e-02
   3.1622776443050588e-02
   3.1622776443050588e-02
   3.1622776443050594e-02
   3.1622776443050594e-02
   3.1622776443050594e-02
   3.1622776443050594e-02
   3.1622776443050601e-02
   3.1622776443050601e-02
   3.1622776443050608e-02
   3.1622776443050608e-02
   3.1622776443050608e-02
   3.1622776443050615e-02
   3.1622776443050615e-02
   3.1622776443050622e-02
   3.1622776443050622e-02
   3.1622776443050622e-02
   3.1622776443050622e-02
   3.1622776443050629e-02
   3.1622776443050636e-02
   3.1622776443050636e-02
   3.1622776443050636e-02
   3.1622776443050643e-02
   3.1622776443050650e-02
   3.1622776443050643e-02
   3.1622776443050650e-02
   3.1622776443050657e-02
   3.1622776443050664e-02
   3.1622776443050664e-02
   3.1622776443050664e-02
   3.1622776443050671e-02
   3.1622776443050678e-02
   3.1622776443050678e-02
   3.1622776443050685e-02
   3.1622776443050685e-02
   3.1622776443050685e-02
   3.1622776443050692e-02
   3.1622776443050699e-02
   3.1622776443050699e-02
   3.1622776443050706e-02
   3.1622776443050712e-02
   3.1622776443050712e-02
   3.1622776443050719e-02
   3.1622776443050726e-02
   3.1622776443050726e-02
   3.1622776443050733e-02
   3.1622776443050733e-02
   3.1622776443050747e-02
   3.1622776443050747e-02
   3.1622776443050754e-02
   3.1622776443050761e-02
   3.1622776443050768e-02
   3.1622776443050768e-02
   3.1622776443050539e-02
   3.1622776443050539e-02
   3.1622776443050539e-02
   3.1622776443050539e-02
   3.1622776443050539e-02
   3.1622776443050539e-02
   3.1622776443050546e-02
   3.1622776443050539e-02
   3.1622776443050546e-02
   3.1622776443050539e-02
   3.1622776443050539e-02
   3.1622776443050546e-02
   3.1622776443050546e-02
   3.1622776443050546e-02
   3.1622776443050546e-02
   3.1622776443050553e-02
   3.1622776443050553e-02
   3.1622776443050553e-02
   3.1622776443050553e-02
   3.1622776443050553e-02
   3.1622776443050560e-02
   3.1622776443050560e-02
   3.1622776443050560e-02
   3.1622776443050567e-02
   3.1622776443050560e-02
   3.1622776443050567e-02
   3.1622776443050567e-02
   3.1622776443050574e-02
   3.1622776443050574e-02
   3.1622776443050581e-02
   3.1622776443050581e-02
   3.1622776443050581e-02
   3.1622776443050588e-02
   3.1622776443050588e-02
   3.1622776443050594e-02
   3.1622776443050594e-02
   3.1622776443050594e-02
   3.1622776443050601e-02
   3.1622776443050601e-02
   3.1622776443050608e-02
   3.1622776443050608e-02
   3.1622776443050615e-02
   3.1622776443050615e-02
   3.1622776443050622e-02
   3.1622776443050622e-02
   3.1622776443050629e-02
   3.1622776443050629e-02
   3.1622776443050636e-02
   3.1622776443050636e-02
   3.1622776443050643e-02
   3.1622776443050643e-02
   3.1622776443050650e-02
   3.1622776443050657e-02
   3.1622776443050657e-02
   3.1622776443050664e-02
   3.1622776443050664e-02
   3.1622776443050671e-02
   3.1622776443050671e-02
   3.1622776443050671e-02
   3.1622776443050678e-02
   3.1622776443050678e-02
   3.1622776443050685e-02
   3.1622776443050692e-02
   3.1622776443050699e-02
   3.1622776443050699e-02
   3.1622776443050706e-02
   3.1622776443050706e-02
   3.1622776443050712e-02
   3.1622776443050712e-02
   3.1622776443050726e-02
   3.1622776443050726e-02
   3.1622776443050733e-02
   3.1622776443050740e-02
   3.1622776443050747e-02
   3.1622776443050747e-02
   3.1622776443050754e-02
   3.1622776443050754e-02
   3.1622776443050761e-02
   3.1622776443050768e-02
   3.1622776443050768e-02
   3.1622776443050768e-02
   3.1622776443050768e-02
   3.1622776443050768e-02
   3.1622776443050761e-02
   3.1622776443050768e-02
   3.1622776443050761e-02
   3.1622776443050761e-02
   3.1622776443050761e-02
   3.1622776443050761e-02
   3.1622776443050761e-02
   3.1622776443050754e-02
   3.1622776443050754e-02
   3.1622776443050754e-02
   3.1622776443050754e-02
   3.1622776443050754e-02
   3.1622776443050754e-02
   3.1622776443050754e-02
   3.1622776443050754e-02
   3.1622776443050754e-02
   3.1622776443050754e-02
   3.1622776443050754e-02
   3.1622776443050754e-02
   3.1622776443050754e-02
   3.1622776443050754e-02
   3.1622776443050754e-02
   3.1622776443050754e-02
   3.1622776443050754e-02
   3.1622776443050754e-02
   3.1622776443050754e-02
   3.1622776443050754e-02
   3.1622776443050754e-02
   3.1622776443050761e-02
   3.1622776443050761e-02
   3.1622776443050754e-02
   3.1622776443050761e-02
   3.1622776443050754e-02
   3.1622776443050761e-02
   3.1622776443050761e-02
   3.1622776443050761e-02
   3.1622776443050761e-02
   3.1622776443050761e-02
   3.1622776443050761e-02
   3.1622776443050768e-02
   3.1622776443050761e-02
   3.1622776443050768e-02
   3.1622776443050768e-02
   3.1622776443050761e-02
   3.1622776443050768e-02
   3.1622776443050768e-02
