   6.8501235240191316e-01
   6.8501235240191338e-01
   6.8501235240191338e-01
   6.8501235240191349e-01
   6.8501235240191372e-01
   6.8501235240191372e-01
   6.8501235240191383e-01
   6.8501235240191383e-01
   6.8501235240191383e-01
   6.8501235240191383e-01
   6.8501235240191372e-01
   6.8501235240191372e-01
   6.8501235240191360e-01
   6.8501235240191349e-01
   6.8501235240191327e-01
   6.8501235240191316e-01
   6.8501235240191305e-01
   6.8501235240191283e-01
   6.8501235240191272e-01
   6.8501235240191261e-01
   6.8501235240191227e-01
   6.8501235240191216e-01
   6.8501235240191205e-01
   6.8501235240191183e-01
   6.8501235240191172e-01
   6.8501235240191150e-01
   6.8501235240191138e-01
   6.8501235240191138e-01
   6.8501235240191127e-01
   6.8501235240191116e-01
   6.8501235240191105e-01
   6.8501235240191105e-01
   6.8501235240191105e-01
   6.8501235240191116e-01
   6.8501235240191116e-01
   6.8501235240191138e-01
   6.8501235240191150e-01
   6.8501235240191150e-01
   6.8501235240191161e-01
   6.8501235240191183e-01
   6.8501235240191194e-01
   6.8501235240191205e-01
   6.8501235240191238e-01
   6.8501235240191249e-01
   6.8501235240191272e-01
   6.8501235240191294e-01
   6.8501235240191305e-01
   6.8501235240191327e-01
   6.8501235240191338e-01
   6.8501235240191338e-01
   6.8501235240191360e-01
   6.8501235240191372e-01
   6.8501235240191372e-01
   6.8501235240191372e-01
   6.8501235240191383e-01
   6.8501235240191372e-01
   6.8501235240191372e-01
   6.8501235240191372e-01
   6.8501235240191372e-01
   6.8501235240191360e-01
   6.8501235240191338e-01
   6.8501235240191327e-01
   6.8501235240191327e-01
   6.8501235240191316e-01
   6.8501235240191305e-01
   6.8501235240191316e-01
   6.8501235240191316e-01
   6.8501235240191316e-01
   6.8501235240191327e-01
   6.8501235240191327e-01
   6.8501235240191327e-01
   6.8501235240191327e-01
   6.8501235240191316e-01
   6.8501235240191316e-01
   6.8501235240191316e-01
   6.8501235240191305e-01
   6.8501235240191305e-01
   6.8501235240191283e-01
   6.8501235240191283e-01
   6.8501235240191272e-01
   6.8501235240191261e-01
   6.8501235240191261e-01
   6.8501235240191249e-01
   6.8501235240191227e-01
   6.8501235240191216e-01
   6.8501235240191205e-01
   6.8501235240191205e-01
   6.8501235240191194e-01
   6.8501235240191194e-01
   6.8501235240191183e-01
   6.8501235240191183e-01
   6.8501235240191172e-01
   6.8501235240191172e-01
   6.8501235240191172e-01
   6.8501235240191172e-01
   6.8501235240191172e-01
   6.8501235240191172e-01
   6.8501235240191183e-01
   6.8501235240191194e-01
   6.8501235240191205e-01
   6.8501235240191205e-01
   6.8501235240191216e-01
   6.8501235240191216e-01
   6.8501235240191238e-01
   6.8501235240191261e-01
   6.8501235240191272e-01
   6.8501235240191272e-01
   6.8501235240191272e-01
   6.8501235240191283e-01
   6.8501235240191283e-01
   6.8501235240191294e-01
   6.8501235240191283e-01
   6.8501235240191283e-01
   6.8501235240191283e-01
   6.8501235240191283e-01
   6.8501235240191283e-01
   6.8501235240191283e-01
   6.8501235240191283e-01
   6.8501235240191283e-01
   6.8501235240191272e-01
   6.8501235240191272e-01
   6.8501235240191272e-01
   6.8501235240191272e-01
   6.8501235240191261e-01
   6.8501235240191249e-01
   6.8501235240191249e-01
   6.8501235240191238e-01
   6.8501235240191238e-01
   6.8501235240191238e-01
   6.8501235240191227e-01
   6.8501235240191216e-01
   6.8501235240191216e-01
   6.8501235240191205e-01
   6.8501235240191205e-01
   6.8501235240191205e-01
   6.8501235240191205e-01
   6.8501235240191205e-01
   6.8501235240191205e-01
   6.8501235240191205e-01
   6.8501235240191205e-01
   6.8501235240191205e-01
   6.8501235240191216e-01
   6.8501235240191205e-01
   6.8501235240191227e-01
   6.8501235240191227e-01
   6.8501235240191227e-01
   6.8501235240191238e-01
   6.8501235240191238e-01
   6.8501235240191249e-01
   6.8501235240191249e-01
   6.8501235240191261e-01
   6.8501235240191272e-01
   6.8501235240191272e-01
   6.8501235240191272e-01
   6.8501235240191272e-01
   6.8501235240191283e-01
   6.8501235240191283e-01
   6.8501235240191283e-01
   6.8501235240191283e-01
   6.8501235240191283e-01
   6.8501235240191283e-01
   6.8501235240191283e-01
   6.8501235240191283e-01
   6.8501235240191283e-01
   6.8501235240191283e-01
   6.8501235240191272e-01
   6.8501235240191272e-01
   6.8501235240191272e-01
