   3.9504489905440343e-01
   3.7385182581444826e-01
   3.5625762901095431e-01
   3.4218115530802212e-01
   3.3154826192893261e-01
   3.2429772747634883e-01
   3.2038531072998350e-01
   3.1978631707768818e-01
   3.2249691551726289e-01
   3.2853433609221455e-01
   3.3793596755329375e-01
   3.5075726548684893e-01
   3.6706826937230058e-01
   3.8694841151403803e-01
   4.1047918308218634e-01
   4.3773410969468707e-01
   4.6876539725966210e-01
   5.0358656810853974e-01
   5.4215046698127645e-01
   5.8432224955756173e-01
   6.2984747157333254e-01
   6.7831628883652018e-01
   7.2912615944819148e-01
   7.8144733758571883e-01
   8.3419771939140175e-01
   8.8603580502257151e-01
   9.3538184183429351e-01
   9.8047642247605216e-01
   1.0194817035559742e+00
   1.0506224005864555e+00
   1.0723527246371780e+00
   1.0835244112384734e+00
   1.0835244112384728e+00
   1.0723527246371758e+00
   1.0506224005864517e+00
   1.0194817035559691e+00
   9.8047642247604616e-01
   9.3538184183428674e-01
   8.8603580502256418e-01
   8.3419771939139420e-01
   7.8144733758571128e-01
   7.2912615944818415e-01
   6.7831628883651307e-01
   6.2984747157332588e-01
   5.8432224955755541e-01
   5.4215046698127045e-01
   5.0358656810853419e-01
   4.6876539725965699e-01
   4.3773410969468235e-01
   4.1047918308218195e-01
   3.8694841151403414e-01
   3.6706826937229697e-01
   3.5075726548684572e-01
   3.3793596755329092e-01
   3.2853433609221200e-01
   3.2249691551726067e-01
   3.1978631707768629e-01
   3.2038531072998183e-01
   3.2429772747634744e-01
   3.3154826192893150e-01
   3.4218115530802129e-01
   3.5625762901095370e-01
   3.7385182581444787e-01
   3.9504489905440338e-01
   4.3281511877198742e-01
   4.8739480714983702e-01
   5.4588924052311405e-01
   6.0810835915361927e-01
   6.7360344126228500e-01
   7.4159639401692612e-01
   8.1091216860889415e-01
   8.7992910774876210e-01
   9.4656808119907798e-01
   1.0083447526952920e+00
   1.0625062739795954e+00
   1.1062601867607171e+00
   1.1370784014131323e+00
   1.1530283010428815e+00
   1.1530589938254745e+00
   1.1371684237273418e+00
   1.1064037051672333e+00
   1.0626945833451680e+00
   1.0085675027600003e+00
   9.4681452739688343e-01
   8.8018914814833404e-01
   8.1117704317956951e-01
   7.4185903470043846e-01
   6.7385853574444410e-01
   6.0835222087178087e-01
   5.4611957386251242e-01
   4.8761043644401353e-01
   4.3301572564960228e-01
   3.8233244628350155e-01
   3.3541877032907480e-01
   2.9203803955953367e-01
   2.5189231021027791e-01
   2.1464688366365697e-01
   1.7994750992080788e-01
   1.4743187678996325e-01
   1.1673678113825081e-01
   8.7502121421921500e-02
   5.9372606570931991e-02
   3.1997869016050839e-02
   5.0315066955222082e-03
  -1.5022272413172104e-02
  -2.8412802918967278e-02
  -4.2152956090226734e-02
  -5.6411018173437764e-02
  -7.1360641531404062e-02
  -8.7182470962802155e-02
  -1.0406567328271331e-01
  -1.2220930997771048e-01
  -1.4182346367089807e-01
  -1.6312998892928621e-01
  -1.8636270339492381e-01
  -2.1176676252577031e-01
  -2.3959686632626176e-01
  -2.7011382572770654e-01
  -3.0357886809150259e-01
  -3.4024488867975844e-01
  -3.8034367021297827e-01
  -4.2406792479266525e-01
  -4.7154691768751478e-01
  -5.2281450758181658e-01
  -5.7776883376567378e-01
  -6.3612380791260192e-01
  -6.9735427782279247e-01
  -7.6063944465027400e-01
  -8.2481287132323633e-01
  -8.8833181454108856e-01
  -9.4928248868266996e-01
  -1.0054391301936454e+00
  -1.0543906287999922e+00
  -1.0937367809627425e+00
  -1.1213371603803737e+00
  -1.1355738567845901e+00
  -1.1355738567845926e+00
  -1.1213371603803810e+00
  -1.0937367809627541e+00
  -1.0543906288000076e+00
  -1.0054391301936636e+00
  -9.4928248868269050e-01
  -8.8833181454111032e-01
  -8.2481287132325853e-01
  -7.6063944465029620e-01
  -6.9735427782281401e-01
  -6.3612380791262269e-01
  -5.7776883376569343e-01
  -5.2281450758183479e-01
  -4.7154691768753160e-01
  -4.2406792479268068e-01
  -3.8034367021299220e-01
  -3.4024488867977110e-01
  -3.0357886809151391e-01
  -2.7011382572771669e-01
  -2.3959686632627081e-01
  -2.1176676252577828e-01
  -1.8636270339493080e-01
  -1.6312998892929231e-01
  -1.4182346367090337e-01
  -1.2220930997771501e-01
  -1.0406567328271711e-01
  -8.7182470962805292e-02
  -7.1360641531406560e-02
  -5.6411018173439680e-02
  -4.2152956090228087e-02
  -2.8412802918968080e-02
  -1.5022272413172371e-02
