   6.4866513830229633e-01
   6.5546605910277067e-01
   6.6218001668574167e-01
   6.6878577981612508e-01
   6.7526185252203852e-01
   6.8158657070253670e-01
   6.8773820713774581e-01
   6.9369508432507798e-01
   6.9943569438765940e-01
   7.0493882512184269e-01
   7.1018369107417478e-01
   7.1515006836937645e-01
   7.1981843185496708e-01
   7.2417009299048640e-01
   7.2818733679506886e-01
   7.3185355608141844e-01
   7.3515338115145334e-01
   7.3807280311278300e-01
   7.4059928899850758e-01
   7.4272188693723584e-01
   7.4443131972605703e-01
   7.4572006530546109e-01
   7.4658242281944553e-01
   7.4701456316247516e-01
   7.4701456316247516e-01
   7.4658242281944553e-01
   7.4572006530546109e-01
   7.4443131972605703e-01
   7.4272188693723595e-01
   7.4059928899850769e-01
   7.3807280311278300e-01
   7.3515338115145346e-01
   7.3185355608141844e-01
   7.2818733679506897e-01
   7.2417009299048651e-01
   7.1981843185496708e-01
   7.1515006836937656e-01
   7.1018369107417489e-01
   7.0493882512184269e-01
   6.9943569438765951e-01
   6.9369508432507820e-01
   6.8773820713774592e-01
   6.8158657070253681e-01
   6.7526185252203863e-01
   6.6878577981612519e-01
   6.6218001668574189e-01
   6.5546605910277089e-01
   6.4866513830229644e-01
   6.4278879903742214e-01
   6.3785534372628316e-01
   6.3288824527949461e-01
   6.2790141749386208e-01
   6.2290850735085079e-01
   6.1792285771209920e-01
   6.1295747432033754e-01
   6.0802499702262014e-01
   6.0313767509127980e-01
   5.9830734648226513e-01
   5.9354542084049466e-01
   5.8886286603738225e-01
   5.8427019800652624e-01
   5.7977747362937382e-01
   5.7539428641309043e-01
   5.7112976469747212e-01
   5.6699257212608045e-01
   5.6299091011841307e-01
   5.5913252208438990e-01
   5.5542469912929959e-01
   5.5187428700620267e-01
   5.4848769408322284e-01
   5.4527090010483203e-01
   5.4222946553881002e-01
   5.3936854131375678e-01
   5.3669287876560368e-01
   5.3420683962527826e-01
   5.3191440589337380e-01
   5.2981918946118634e-01
   5.2792444135070937e-01
   5.2623306045903762e-01
   5.2474760170505463e-01
   5.2347028348824798e-01
   5.2240299438098492e-01
   5.2154729898660912e-01
   5.2090444290630089e-01
   5.2047535676782286e-01
   5.2026065927909793e-01
   5.2026065927909793e-01
   5.2047535676782275e-01
   5.2090444290630089e-01
   5.2154729898660912e-01
   5.2240299438098481e-01
   5.2347028348824798e-01
   5.2474760170505463e-01
   5.2623306045903762e-01
   5.2792444135070926e-01
   5.2981918946118622e-01
   5.3191440589337369e-01
   5.3420683962527815e-01
   5.3669287876560356e-01
   5.3936854131375667e-01
   5.4222946553880991e-01
   5.4527090010483192e-01
   5.4848769408322273e-01
   5.5187428700620256e-01
   5.5542469912929948e-01
   5.5913252208438979e-01
   5.6299091011841296e-01
   5.6699257212608034e-01
   5.7112976469747201e-01
   5.7539428641309032e-01
   5.7977747362937371e-01
   5.8427019800652613e-01
   5.8886286603738214e-01
   5.9354542084049455e-01
   5.9830734648226491e-01
   6.0313767509127958e-01
   6.0802499702262003e-01
   6.1295747432033731e-01
   6.1792285771209909e-01
   6.2290850735085068e-01
   6.2790141749386197e-01
   6.3288824527949450e-01
   6.3785534372628294e-01
   6.4278879903742203e-01
   6.4304673813366742e-01
   6.3862841297495287e-01
   6.3417425020930129e-01
   6.2969678657555050e-01
   6.2520836438563832e-01
   6.2072109635889616e-01
   6.1624683393415447e-01
   6.1179713903235677e-01
   6.0738325920617997e-01
   6.0301610608112055e-01
   5.9870623696471492e-01
   5.9446383947699533e-01
   5.9029871903584286e-01
   5.8622028901542811e-01
   5.8223756338419619e-01
   5.7835915162061224e-01
   5.7459325569982356e-01
   5.7094766894222748e-01
   5.6742977651531956e-01
   5.6404655738283072e-01
   5.6080458749971718e-01
   5.5771004405775526e-01
   5.5476871059401245e-01
   5.5198598278307165e-01
   5.4936687474332102e-01
   5.4691602569768027e-01
   5.4463770683962243e-01
   5.4253582826610214e-01
   5.4061394584988332e-01
   5.3887526793464968e-01
   5.3732266174709720e-01
   5.3595865943087029e-01
   5.3478546361766999e-01
   5.3380495246110515e-01
   5.3301868406884356e-01
   5.3242790027837827e-01
   5.3203352973123552e-01
   5.3183619020976247e-01
   5.3183619020976247e-01
   5.3203352973123552e-01
   5.3242790027837827e-01
   5.3301868406884356e-01
   5.3380495246110504e-01
   5.3478546361766999e-01
   5.3595865943087029e-01
   5.3732266174709720e-01
   5.3887526793464957e-01
   5.4061394584988332e-01
   5.4253582826610214e-01
   5.4463770683962232e-01
   5.4691602569768016e-01
   5.4936687474332091e-01
   5.5198598278307165e-01
   5.5476871059401234e-01
   5.5771004405775515e-01
   5.6080458749971707e-01
   5.6404655738283060e-01
   5.6742977651531945e-01
   5.7094766894222748e-01
   5.7459325569982345e-01
   5.7835915162061213e-01
   5.8223756338419608e-01
   5.8622028901542800e-01
   5.9029871903584274e-01
   5.9446383947699521e-01
   5.9870623696471470e-01
   6.0301610608112044e-01
   6.0738325920617986e-01
   6.1179713903235666e-01
   6.1624683393415436e-01
   6.2072109635889605e-01
   6.2520836438563820e-01
   6.2969678657555039e-01
   6.3417425020930118e-01
   6.3862841297495276e-01
   6.4304673813366731e-01
   6.4304673813366742e-01
   6.3862841297495299e-01
   6.3417425020930163e-01
   6.2969678657555106e-01
   6.2520836438563898e-01
   6.2072109635889705e-01
   6.1624683393415536e-01
   6.1179713903235788e-01
   6.0738325920618130e-01
   6.0301610608112188e-01
   5.9870623696471648e-01
   5.9446383947699699e-01
   5.9029871903584474e-01
   5.8622028901543011e-01
   5.8223756338419830e-01
   5.7835915162061446e-01
   5.7459325569982589e-01
   5.7094766894222992e-01
   5.6742977651532212e-01
   5.6404655738283338e-01
   5.6080458749971995e-01
   5.5771004405775815e-01
   5.5476871059401545e-01
   5.5198598278307476e-01
   5.4936687474332402e-01
   5.4691602569768338e-01
   5.4463770683962565e-01
   5.4253582826610558e-01
   5.4061394584988665e-01
   5.3887526793465312e-01
   5.3732266174710075e-01
   5.3595865943087373e-01
   5.3478546361767354e-01
   5.3380495246110871e-01
   5.3301868406884712e-01
   5.3242790027838194e-01
   5.3203352973123907e-01
   5.3183619020976614e-01
   5.3183619020976614e-01
   5.3203352973123907e-01
   5.3242790027838194e-01
   5.3301868406884712e-01
   5.3380495246110859e-01
   5.3478546361767354e-01
   5.3595865943087362e-01
   5.3732266174710064e-01
   5.3887526793465301e-01
   5.4061394584988665e-01
   5.4253582826610547e-01
   5.4463770683962553e-01
   5.4691602569768327e-01
   5.4936687474332402e-01
   5.5198598278307465e-01
   5.5476871059401534e-01
   5.5771004405775804e-01
   5.6080458749971973e-01
   5.6404655738283316e-01
   5.6742977651532212e-01
   5.7094766894222981e-01
   5.7459325569982567e-01
   5.7835915162061435e-01
   5.8223756338419808e-01
   5.8622028901542989e-01
   5.9029871903584463e-01
   5.9446383947699688e-01
   5.9870623696471625e-01
   6.0301610608112177e-01
   6.0738325920618108e-01
   6.1179713903235766e-01
   6.1624683393415525e-01
   6.2072109635889683e-01
   6.2520836438563887e-01
   6.2969678657555095e-01
   6.3417425020930140e-01
   6.3862841297495287e-01
   6.4304673813366720e-01
   6.4866513830229644e-01
   6.5546605910277089e-01
   6.6218001668574200e-01
   6.6878577981612564e-01
   6.7526185252203930e-01
   6.8158657070253748e-01
   6.8773820713774680e-01
   6.9369508432507909e-01
   6.9943569438766062e-01
   7.0493882512184391e-01
   7.1018369107417634e-01
   7.1515006836937800e-01
   7.1981843185496874e-01
   7.2417009299048818e-01
   7.2818733679507075e-01
   7.3185355608142044e-01
   7.3515338115145545e-01
   7.3807280311278511e-01
   7.4059928899850991e-01
   7.4272188693723817e-01
   7.4443131972605936e-01
   7.4572006530546331e-01
   7.4658242281944787e-01
   7.4701456316247750e-01
   7.4701456316247750e-01
   7.4658242281944787e-01
   7.4572006530546342e-01
   7.4443131972605947e-01
   7.4272188693723817e-01
   7.4059928899850991e-01
   7.3807280311278511e-01
   7.3515338115145545e-01
   7.3185355608142055e-01
   7.2818733679507086e-01
   7.2417009299048818e-01
   7.1981843185496885e-01
   7.1515006836937811e-01
   7.1018369107417645e-01
   7.0493882512184414e-01
   6.9943569438766073e-01
   6.9369508432507931e-01
   6.8773820713774680e-01
   6.8158657070253759e-01
   6.7526185252203930e-01
   6.6878577981612586e-01
   6.6218001668574222e-01
   6.5546605910277111e-01
   6.4866513830229655e-01
