   6.6115936308025458e-01
   6.6734778059656474e-01
   6.7346012352983842e-01
   6.7947653076966907e-01
   6.8537694104774349e-01
   6.9114118223253507e-01
   6.9674906772060774e-01
   7.0218049937632554e-01
   7.0741557632202534e-01
   7.1243470873088266e-01
   7.1721873562855232e-01
   7.2174904557121800e-01
   7.2600769894120276e-01
   7.2997755049105395e-01
   7.3364237067721738e-01
   7.3698696425896915e-01
   7.3999728460063430e-01
   7.4266054210813526e-01
   7.4496530525663718e-01
   7.4690159272561174e-01
   7.4846095525114875e-01
   7.4963654593181706e-01
   7.5042317788170387e-01
   7.5081736830928314e-01
   7.5081736830928314e-01
   7.5042317788170398e-01
   7.4963654593181706e-01
   7.4846095525114875e-01
   7.4690159272561174e-01
   7.4496530525663729e-01
   7.4266054210813526e-01
   7.3999728460063430e-01
   7.3698696425896926e-01
   7.3364237067721738e-01
   7.2997755049105406e-01
   7.2600769894120287e-01
   7.2174904557121800e-01
   7.1721873562855232e-01
   7.1243470873088277e-01
   7.0741557632202545e-01
   7.0218049937632565e-01
   6.9674906772060785e-01
   6.9114118223253518e-01
   6.8537694104774360e-01
   6.7947653076966918e-01
   6.7346012352983853e-01
   6.6734778059656485e-01
   6.6115936308025469e-01
   6.5397034128792886e-01
   6.4580334093245639e-01
   6.3762632172843736e-01
   6.2946227893776607e-01
   6.2133329920569291e-01
   6.1326051956905725e-01
   6.0526409773747192e-01
   5.9736319281954486e-01
   5.8957595561154041e-01
   5.8191952753364007e-01
   5.7441004728657163e-01
   5.6706266430618379e-01
   5.5989155811285218e-01
   5.5290996268378712e-01
   5.4613019501688709e-01
   5.3956368710244662e-01
   5.3322102057168375e-01
   5.2711196334685761e-01
   5.2124550767509781e-01
   5.1562990898558814e-01
   5.1027272506631727e-01
   5.0518085511131716e-01
   5.0036057824144187e-01
   4.9581759115076740e-01
   4.9155704457626120e-01
   4.8758357833022686e-01
   4.8390135467308815e-01
   4.8051408983830762e-01
   4.7742508355171442e-01
   4.7463724641437760e-01
   4.7215312504158763e-01
   4.6997492487072640e-01
   4.6810453056806262e-01
   4.6654352397908572e-01
   4.6529319957916659e-01
   4.6435457739140684e-01
   4.6372841334680875e-01
   4.6341520706866901e-01
   4.6341520706866901e-01
   4.6372841334680875e-01
   4.6435457739140690e-01
   4.6529319957916671e-01
   4.6654352397908572e-01
   4.6810453056806262e-01
   4.6997492487072645e-01
   4.7215312504158763e-01
   4.7463724641437766e-01
   4.7742508355171442e-01
   4.8051408983830762e-01
   4.8390135467308815e-01
   4.8758357833022692e-01
   4.9155704457626120e-01
   4.9581759115076740e-01
   5.0036057824144187e-01
   5.0518085511131716e-01
   5.1027272506631727e-01
   5.1562990898558814e-01
   5.2124550767509781e-01
   5.2711196334685761e-01
   5.3322102057168375e-01
   5.3956368710244662e-01
   5.4613019501688709e-01
   5.5290996268378712e-01
   5.5989155811285218e-01
   5.6706266430618379e-01
   5.7441004728657163e-01
   5.8191952753364007e-01
   5.8957595561154041e-01
   5.9736319281954486e-01
   6.0526409773747192e-01
   6.1326051956905725e-01
   6.2133329920569291e-01
   6.2946227893776607e-01
   6.3762632172843736e-01
   6.4580334093245650e-01
   6.5397034128792886e-01
   6.5697245674954252e-01
   6.5480069573035282e-01
   6.5259259013077797e-01
   6.5035470080497104e-01
   6.4809361053404224e-01
   6.4581590251826293e-01
   6.4352813965021816e-01
   6.4123684463859942e-01
   6.3894848104013069e-01
   6.3666943524513664e-01
   6.3440599945064480e-01
   6.3216435564378126e-01
   6.2995056060767751e-01
   6.2777053195225208e-01
   6.2563003516312321e-01
   6.2353467165361243e-01
   6.2148986779734428e-01
   6.1950086491236278e-01
   6.1757271016197446e-01
   6.1571024833269017e-01
   6.1391811444566236e-01
   6.1220072715486518e-01
   6.1056228288293479e-01
   6.0900675064400500e-01
   6.0753786750203287e-01
   6.0615913461293458e-01
   6.0487381379931526e-01
   6.0368492460761758e-01
   6.0259524179908619e-01
   6.0160729322800210e-01
   6.0072335806312571e-01
   5.9994546531116710e-01
   5.9927539260431339e-01
   5.9871466521736150e-01
   5.9826455528377764e-01
   5.9792608118399737e-01
   5.9770000708345883e-01
   5.9758684260218553e-01
   5.9758684260218553e-01
   5.9770000708345883e-01
   5.9792608118399737e-01
   5.9826455528377753e-01
   5.9871466521736139e-01
   5.9927539260431339e-01
   5.9994546531116721e-01
   6.0072335806312571e-01
   6.0160729322800210e-01
   6.0259524179908608e-01
   6.0368492460761747e-01
   6.0487381379931515e-01
   6.0615913461293447e-01
   6.0753786750203276e-01
   6.0900675064400489e-01
   6.1056228288293468e-01
   6.1220072715486507e-01
   6.1391811444566224e-01
   6.1571024833269017e-01
   6.1757271016197424e-01
   6.1950086491236256e-01
   6.2148986779734416e-01
   6.2353467165361220e-01
   6.2563003516312310e-01
   6.2777053195225185e-01
   6.2995056060767729e-01
   6.3216435564378104e-01
   6.3440599945064469e-01
   6.3666943524513642e-01
   6.3894848104013058e-01
   6.4123684463859931e-01
   6.4352813965021805e-01
   6.4581590251826282e-01
   6.4809361053404202e-01
   6.5035470080497082e-01
   6.5259259013077775e-01
   6.5480069573035271e-01
   6.5697245674954230e-01
   6.5697245674954252e-01
   6.5480069573035282e-01
   6.5259259013077797e-01
   6.5035470080497104e-01
   6.4809361053404224e-01
   6.4581590251826293e-01
   6.4352813965021816e-01
   6.4123684463859942e-01
   6.3894848104013069e-01
   6.3666943524513664e-01
   6.3440599945064469e-01
   6.3216435564378126e-01
   6.2995056060767751e-01
   6.2777053195225196e-01
   6.2563003516312321e-01
   6.2353467165361243e-01
   6.2148986779734428e-01
   6.1950086491236278e-01
   6.1757271016197435e-01
   6.1571024833269017e-01
   6.1391811444566236e-01
   6.1220072715486507e-01
   6.1056228288293479e-01
   6.0900675064400500e-01
   6.0753786750203276e-01
   6.0615913461293447e-01
   6.0487381379931526e-01
   6.0368492460761747e-01
   6.0259524179908619e-01
   6.0160729322800210e-01
   6.0072335806312571e-01
   5.9994546531116710e-01
   5.9927539260431339e-01
   5.9871466521736150e-01
   5.9826455528377753e-01
   5.9792608118399737e-01
   5.9770000708345883e-01
   5.9758684260218553e-01
   5.9758684260218553e-01
   5.9770000708345872e-01
   5.9792608118399737e-01
   5.9826455528377742e-01
   5.9871466521736139e-01
   5.9927539260431339e-01
   5.9994546531116710e-01
   6.0072335806312560e-01
   6.0160729322800199e-01
   6.0259524179908608e-01
   6.0368492460761736e-01
   6.0487381379931515e-01
   6.0615913461293447e-01
   6.0753786750203276e-01
   6.0900675064400489e-01
   6.1056228288293468e-01
   6.1220072715486507e-01
   6.1391811444566224e-01
   6.1571024833269006e-01
   6.1757271016197424e-01
   6.1950086491236256e-01
   6.2148986779734416e-01
   6.2353467165361232e-01
   6.2563003516312310e-01
   6.2777053195225185e-01
   6.2995056060767740e-01
   6.3216435564378104e-01
   6.3440599945064469e-01
   6.3666943524513642e-01
   6.3894848104013058e-01
   6.4123684463859931e-01
   6.4352813965021805e-01
   6.4581590251826282e-01
   6.4809361053404213e-01
   6.5035470080497093e-01
   6.5259259013077786e-01
   6.5480069573035271e-01
   6.5697245674954241e-01
   6.6115936308025480e-01
   6.6734778059656530e-01
   6.7346012352983931e-01
   6.7947653076967018e-01
   6.8537694104774494e-01
   6.9114118223253695e-01
   6.9674906772060974e-01
   7.0218049937632798e-01
   7.0741557632202801e-01
   7.1243470873088566e-01
   7.1721873562855543e-01
   7.2174904557122144e-01
   7.2600769894120654e-01
   7.2997755049105784e-01
   7.3364237067722160e-01
   7.3698696425897359e-01
   7.3999728460063874e-01
   7.4266054210813981e-01
   7.4496530525664195e-01
   7.4690159272561663e-01
   7.4846095525115375e-01
   7.4963654593182205e-01
   7.5042317788170909e-01
   7.5081736830928825e-01
   7.5081736830928836e-01
   7.5042317788170909e-01
   7.4963654593182205e-01
   7.4846095525115375e-01
   7.4690159272561663e-01
   7.4496530525664206e-01
   7.4266054210813992e-01
   7.3999728460063885e-01
   7.3698696425897359e-01
   7.3364237067722160e-01
   7.2997755049105795e-01
   7.2600769894120665e-01
   7.2174904557122155e-01
   7.1721873562855565e-01
   7.1243470873088577e-01
   7.0741557632202823e-01
   7.0218049937632820e-01
   6.9674906772060996e-01
   6.9114118223253707e-01
   6.8537694104774505e-01
   6.7947653076967029e-01
   6.7346012352983953e-01
   6.6734778059656541e-01
   6.6115936308025491e-01
