   7.0850730245852156e-01
   7.2781142922498843e-01
   7.4729655944556528e-01
   7.6689295808470948e-01
   7.8652452990180211e-01
   8.0610889100724514e-01
   8.2555756340525133e-01
   8.4477630799082315e-01
   8.6366560970541639e-01
   8.8212132581099834e-01
   9.0003550444209068e-01
   9.1729737572190317e-01
   9.3379451183610473e-01
   9.4941414568683846e-01
   9.6404463033663967e-01
   9.7757701373029249e-01
   9.8990669557432209e-01
   1.0009351262490915e+00
   1.0105715017543642e+00
   1.0187344044669340e+00
   1.0253533373846708e+00
   1.0303700999044521e+00
   1.0337399562373126e+00
   1.0354325533174520e+00
   1.0354325533174520e+00
   1.0337399562373124e+00
   1.0303700999044518e+00
   1.0253533373846706e+00
   1.0187344044669338e+00
   1.0105715017543635e+00
   1.0009351262490911e+00
   9.8990669557432154e-01
   9.7757701373029193e-01
   9.6404463033663912e-01
   9.4941414568683780e-01
   9.3379451183610407e-01
   9.1729737572190240e-01
   9.0003550444208991e-01
   8.8212132581099767e-01
   8.6366560970541573e-01
   8.4477630799082259e-01
   8.2555756340525077e-01
   8.0610889100724481e-01
   7.8652452990180188e-01
   7.6689295808470936e-01
   7.4729655944556517e-01
   7.2781142922498854e-01
   7.0850730245852167e-01
   7.0075944343157848e-01
   7.0458751474813719e-01
   7.0866815068718325e-01
   7.1298884727484269e-01
   7.1753610117282529e-01
   7.2229540619202137e-01
   7.2725125381032107e-01
   7.3238713848738579e-01
   7.3768556858789169e-01
   7.4312808373176997e-01
   7.4869527938317715e-01
   7.5436683946730887e-01
   7.6012157776375544e-01
   7.6593748876507917e-01
   7.7179180860810048e-01
   7.7766108658182465e-01
   7.8352126758930019e-01
   7.8934778579085474e-01
   7.9511566948370926e-01
   8.0079965707931755e-01
   8.0637432382725660e-01
   8.1181421870634340e-01
   8.1709401066415077e-01
   8.2218864314041384e-01
   8.2707349556407095e-01
   8.3172455027468306e-01
   8.3611856309414889e-01
   8.4023323557172147e-01
   8.4404738675211233e-01
   8.4754112218048228e-01
   8.5069599776622684e-01
   8.5349517608559866e-01
   8.5592357271595143e-01
   8.5796799026469961e-01
   8.5961723788505429e-01
   8.6086223425725528e-01
   8.6169609225527011e-01
   8.6211418380958293e-01
   8.6211418380958282e-01
   8.6169609225526977e-01
   8.6086223425725483e-01
   8.5961723788505340e-01
   8.5796799026469850e-01
   8.5592357271595021e-01
   8.5349517608559711e-01
   8.5069599776622518e-01
   8.4754112218048050e-01
   8.4404738675211033e-01
   8.4023323557171925e-01
   8.3611856309414645e-01
   8.3172455027468040e-01
   8.2707349556406817e-01
   8.2218864314041096e-01
   8.1709401066414777e-01
   8.1181421870634041e-01
   8.0637432382725349e-01
   8.0079965707931433e-01
   7.9511566948370593e-01
   7.8934778579085141e-01
   7.8352126758929685e-01
   7.7766108658182131e-01
   7.7179180860809704e-01
   7.6593748876507584e-01
   7.6012157776375211e-01
   7.5436683946730565e-01
   7.4869527938317404e-01
   7.4312808373176686e-01
   7.3768556858788870e-01
   7.3238713848738290e-01
   7.2725125381031819e-01
   7.2229540619201860e-01
   7.1753610117282263e-01
   7.1298884727484013e-01
   7.0866815068718081e-01
   7.0458751474813497e-01
   7.0075944343157637e-01
   6.8863204865490812e-01
   6.6824041383760890e-01
   6.4820226655127955e-01
   6.2856544190769614e-01
   6.0937163838626529e-01
   5.9065680962093436e-01
   5.7245157856489270e-01
   5.5478166293184394e-01
   5.3766830265033383e-01
   5.2112868179042859e-01
   5.0517633899487302e-01
   4.8982156184985876e-01
   4.7507176185593369e-01
   4.6093182770875163e-01
   4.4740445548022367e-01
   4.3449045501548528e-01
   4.2218903244486200e-01
   4.1049804916883992e-01
   3.9941425802430353e-01
   3.8893351759781802e-01
   3.7905098583132796e-01
   3.6976129418082754e-01
   3.6105870365135440e-01
   3.5293724405260390e-01
   3.4539083780759006e-01
   3.3841340960974781e-01
   3.3199898316805709e-01
   3.2614176621038571e-01
   3.2083622483652174e-01
   3.1607714822762645e-01
   3.1185970463067136e-01
   3.0817948944678247e-01
   3.0503256616271424e-01
   3.0241550077590174e-01
   3.0032539027630750e-01
   2.9875988566292577e-01
   2.9771720988942102e-01
   2.9719617105188806e-01
   2.9719617105188800e-01
   2.9771720988942091e-01
   2.9875988566292555e-01
   3.0032539027630722e-01
   3.0241550077590140e-01
   3.0503256616271390e-01
   3.0817948944678203e-01
   3.1185970463067081e-01
   3.1607714822762584e-01
   3.2083622483652108e-01
   3.2614176621038493e-01
   3.3199898316805621e-01
   3.3841340960974686e-01
   3.4539083780758900e-01
   3.5293724405260285e-01
   3.6105870365135323e-01
   3.6976129418082632e-01
   3.7905098583132668e-01
   3.8893351759781658e-01
   3.9941425802430203e-01
   4.1049804916883831e-01
   4.2218903244486033e-01
   4.3449045501548350e-01
   4.4740445548022179e-01
   4.6093182770874985e-01
   4.7507176185593175e-01
   4.8982156184985681e-01
   5.0517633899487113e-01
   5.2112868179042660e-01
   5.3766830265033172e-01
   5.5478166293184172e-01
   5.7245157856489060e-01
   5.9065680962093225e-01
   6.0937163838626307e-01
   6.2856544190769381e-01
   6.4820226655127733e-01
   6.6824041383760668e-01
   6.8863204865490590e-01
   6.8863204865490812e-01
   6.6824041383760890e-01
   6.4820226655127955e-01
   6.2856544190769614e-01
   6.0937163838626529e-01
   5.9065680962093448e-01
   5.7245157856489282e-01
   5.5478166293184394e-01
   5.3766830265033383e-01
   5.2112868179042870e-01
   5.0517633899487313e-01
   4.8982156184985887e-01
   4.7507176185593375e-01
   4.6093182770875180e-01
   4.4740445548022373e-01
   4.3449045501548539e-01
   4.2218903244486211e-01
   4.1049804916884003e-01
   3.9941425802430364e-01
   3.8893351759781813e-01
   3.7905098583132812e-01
   3.6976129418082765e-01
   3.6105870365135445e-01
   3.5293724405260407e-01
   3.4539083780759017e-01
   3.3841340960974792e-01
   3.3199898316805720e-01
   3.2614176621038582e-01
   3.2083622483652185e-01
   3.1607714822762656e-01
   3.1185970463067147e-01
   3.0817948944678264e-01
   3.0503256616271440e-01
   3.0241550077590185e-01
   3.0032539027630767e-01
   2.9875988566292594e-01
   2.9771720988942119e-01
   2.9719617105188817e-01
   2.9719617105188817e-01
   2.9771720988942107e-01
   2.9875988566292577e-01
   3.0032539027630745e-01
   3.0241550077590157e-01
   3.0503256616271407e-01
   3.0817948944678220e-01
   3.1185970463067103e-01
   3.1607714822762606e-01
   3.2083622483652130e-01
   3.2614176621038515e-01
   3.3199898316805648e-01
   3.3841340960974708e-01
   3.4539083780758928e-01
   3.5293724405260313e-01
   3.6105870365135351e-01
   3.6976129418082659e-01
   3.7905098583132696e-01
   3.8893351759781691e-01
   3.9941425802430236e-01
   4.1049804916883864e-01
   4.2218903244486067e-01
   4.3449045501548389e-01
   4.4740445548022217e-01
   4.6093182770875019e-01
   4.7507176185593203e-01
   4.8982156184985709e-01
   5.0517633899487124e-01
   5.2112868179042671e-01
   5.3766830265033183e-01
   5.5478166293184183e-01
   5.7245157856489071e-01
   5.9065680962093225e-01
   6.0937163838626307e-01
   6.2856544190769381e-01
   6.4820226655127722e-01
   6.6824041383760657e-01
   6.8863204865490568e-01
   7.0850730245851978e-01
   7.2781142922498709e-01
   7.4729655944556417e-01
   7.6689295808470859e-01
   7.8652452990180144e-01
   8.0610889100724481e-01
   8.2555756340525110e-01
   8.4477630799082326e-01
   8.6366560970541673e-01
   8.8212132581099900e-01
   9.0003550444209146e-01
   9.1729737572190428e-01
   9.3379451183610618e-01
   9.4941414568684046e-01
   9.6404463033664167e-01
   9.7757701373029493e-01
   9.8990669557432487e-01
   1.0009351262490946e+00
   1.0105715017543673e+00
   1.0187344044669375e+00
   1.0253533373846746e+00
   1.0303700999044558e+00
   1.0337399562373166e+00
   1.0354325533174560e+00
   1.0354325533174560e+00
   1.0337399562373166e+00
   1.0303700999044558e+00
   1.0253533373846746e+00
   1.0187344044669375e+00
   1.0105715017543673e+00
   1.0009351262490946e+00
   9.8990669557432487e-01
   9.7757701373029504e-01
   9.6404463033664178e-01
   9.4941414568684046e-01
   9.3379451183610629e-01
   9.1729737572190440e-01
   9.0003550444209146e-01
   8.8212132581099900e-01
   8.6366560970541673e-01
   8.4477630799082315e-01
   8.2555756340525110e-01
   8.0610889100724470e-01
   7.8652452990180133e-01
   7.6689295808470848e-01
   7.4729655944556417e-01
   7.2781142922498698e-01
   7.0850730245851978e-01
