   8.4303443242286957e-01
   8.5866587874686495e-01
   8.7471703698732384e-01
   8.9111124912553352e-01
   9.0776537150573888e-01
   9.2458983287984420e-01
   9.4148881941243590e-01
   9.5836060399351919e-01
   9.7509803544959806e-01
   9.9158920042099419e-01
   1.0077182666918820e+00
   1.0233665115860320e+00
   1.0384135327210451e+00
   1.0527386310879887e+00
   1.0662223483401549e+00
   1.0787481316930756e+00
   1.0902040914192954e+00
   1.1004848081084262e+00
   1.1094931402446853e+00
   1.1171419778185465e+00
   1.1233558851673320e+00
   1.1280725764464159e+00
   1.1312441703118601e+00
   1.1328381765764526e+00
   1.1328381765764526e+00
   1.1312441703118603e+00
   1.1280725764464161e+00
   1.1233558851673322e+00
   1.1171419778185467e+00
   1.1094931402446855e+00
   1.1004848081084264e+00
   1.0902040914192956e+00
   1.0787481316930756e+00
   1.0662223483401552e+00
   1.0527386310879892e+00
   1.0384135327210455e+00
   1.0233665115860324e+00
   1.0077182666918825e+00
   9.9158920042099463e-01
   9.7509803544959850e-01
   9.5836060399351963e-01
   9.4148881941243623e-01
   9.2458983287984453e-01
   9.0776537150573933e-01
   8.9111124912553408e-01
   8.7471703698732439e-01
   8.5866587874686529e-01
   8.4303443242286979e-01
   8.1894112760561399e-01
   7.8647652178381733e-01
   7.5470947984787695e-01
   7.2373810015351026e-01
   6.9364298392101575e-01
   6.6448880989979298e-01
   6.3632594495385542e-01
   6.0919204094404134e-01
   5.8311358031828786e-01
   5.5810734334114265e-01
   5.3418177878772877e-01
   5.1133826721811626e-01
   4.8957227174492912e-01
   4.6887437567013046e-01
   4.4923120967964247e-01
   4.3062627363401257e-01
   4.1304065955799968e-01
   3.9645368337348047e-01
   3.8084343337983312e-01
   3.6618724358390969e-01
   3.5246209981697180e-01
   3.3964498622858130e-01
   3.2771317928057031e-01
   3.1664449582657989e-01
   3.0641750129093698e-01
   2.9701168338165401e-01
   2.8840759620504225e-01
   2.8058697910658009e-01
   2.7353285405225231e-01
   2.6722960489093556e-01
   2.6166304140322544e-01
   2.5682045064511100e-01
   2.5269063773445599e-01
   2.4926395790175726e-01
   2.4653234133091867e-01
   2.4448931204722138e-01
   2.4313000186449457e-01
   2.4245116017779914e-01
   2.4245116017779914e-01
   2.4313000186449446e-01
   2.4448931204722113e-01
   2.4653234133091839e-01
   2.4926395790175690e-01
   2.5269063773445555e-01
   2.5682045064511044e-01
   2.6166304140322483e-01
   2.6722960489093484e-01
   2.7353285405225153e-01
   2.8058697910657915e-01
   2.8840759620504125e-01
   2.9701168338165296e-01
   3.0641750129093581e-01
   3.1664449582657861e-01
   3.2771317928056892e-01
   3.3964498622857980e-01
   3.5246209981697019e-01
   3.6618724358390797e-01
   3.8084343337983129e-01
   3.9645368337347853e-01
   4.1304065955799762e-01
   4.3062627363401040e-01
   4.4923120967964031e-01
   4.6887437567012813e-01
   4.8957227174492657e-01
   5.1133826721811348e-01
   5.3418177878772599e-01
   5.5810734334113976e-01
   5.8311358031828475e-01
   6.0919204094403823e-01
   6.3632594495385209e-01
   6.6448880989978965e-01
   6.9364298392101231e-01
   7.2373810015350659e-01
   7.5470947984787329e-01
   7.8647652178381355e-01
   8.1894112760561000e-01
   8.3621414180170883e-01
   8.3822610713750234e-01
   8.4074068675176239e-01
   8.4374725811201678e-01
   8.4723297721656776e-01
   8.5118275735768412e-01
   8.5557924815670450e-01
   8.6040281667509144e-01
   8.6563153264489812e-01
   8.7124116008489882e-01
   8.7720515776828556e-01
   8.8349469117658308e-01
   8.9007865870332381e-01
   8.9692373495006539e-01
   9.0399443397576418e-01
   9.1125319530719873e-01
   9.1866049538201400e-01
   9.2617498686677446e-01
   9.3375366796131554e-01
   9.4135208336123222e-01
   9.4892455799921716e-01
   9.5642446402403802e-01
   9.6380452070899714e-01
   9.7101712612126079e-01
   9.7801471844712384e-01
   9.8475016388014602e-01
   9.9117716696937586e-01
   9.9725069832933810e-01
   1.0029274336722616e+00
   1.0081661972791240e+00
   1.0129284023231060e+00
   1.0171784799388561e+00
   1.0208842886310616e+00
   1.0240174955664956e+00
   1.0265539215157475e+00
   1.0284738417131780e+00
   1.0297622356820613e+00
   1.0304089801082514e+00
   1.0304089801082510e+00
   1.0297622356820590e+00
   1.0284738417131745e+00
   1.0265539215157427e+00
   1.0240174955664894e+00
   1.0208842886310541e+00
   1.0171784799388475e+00
   1.0129284023230960e+00
   1.0081661972791132e+00
   1.0029274336722498e+00
   9.9725069832932545e-01
   9.9117716696936220e-01
   9.8475016388013159e-01
   9.7801471844710908e-01
   9.7101712612124547e-01
   9.6380452070898126e-01
   9.5642446402402181e-01
   9.4892455799920072e-01
   9.4135208336121556e-01
   9.3375366796129899e-01
   9.2617498686675814e-01
   9.1866049538199779e-01
   9.1125319530718263e-01
   9.0399443397574875e-01
   8.9692373495005007e-01
   8.9007865870330927e-01
   8.8349469117656909e-01
   8.7720515776827224e-01
   8.7124116008488628e-01
   8.6563153264488635e-01
   8.6040281667508023e-01
   8.5557924815669406e-01
   8.5118275735767468e-01
   8.4723297721655921e-01
   8.4374725811200912e-01
   8.4074068675175573e-01
   8.3822610713749668e-01
   8.3621414180170428e-01
   8.3621414180170883e-01
   8.3822610713750201e-01
   8.4074068675176183e-01
   8.4374725811201601e-01
   8.4723297721656698e-01
   8.5118275735768312e-01
   8.5557924815670316e-01
   8.6040281667509000e-01
   8.6563153264489656e-01
   8.7124116008489705e-01
   8.7720515776828356e-01
   8.8349469117658119e-01
   8.9007865870332181e-01
   8.9692373495006328e-01
   9.0399443397576218e-01
   9.1125319530719651e-01
   9.1866049538201178e-01
   9.2617498686677246e-01
   9.3375366796131365e-01
   9.4135208336123011e-01
   9.4892455799921516e-01
   9.5642446402403625e-01
   9.6380452070899536e-01
   9.7101712612125923e-01
   9.7801471844712218e-01
   9.8475016388014436e-01
   9.9117716696937452e-01
   9.9725069832933699e-01
   1.0029274336722604e+00
   1.0081661972791232e+00
   1.0129284023231053e+00
   1.0171784799388555e+00
   1.0208842886310612e+00
   1.0240174955664954e+00
   1.0265539215157473e+00
   1.0284738417131780e+00
   1.0297622356820615e+00
   1.0304089801082519e+00
   1.0304089801082514e+00
   1.0297622356820599e+00
   1.0284738417131754e+00
   1.0265539215157435e+00
   1.0240174955664905e+00
   1.0208842886310554e+00
   1.0171784799388490e+00
   1.0129284023230978e+00
   1.0081661972791147e+00
   1.0029274336722513e+00
   9.9725069832932722e-01
   9.9117716696936409e-01
   9.8475016388013348e-01
   9.7801471844711085e-01
   9.7101712612124735e-01
   9.6380452070898337e-01
   9.5642446402402381e-01
   9.4892455799920283e-01
   9.4135208336121756e-01
   9.3375366796130099e-01
   9.2617498686675992e-01
   9.1866049538199945e-01
   9.1125319530718429e-01
   9.0399443397575030e-01
   8.9692373495005173e-01
   8.9007865870331082e-01
   8.8349469117657042e-01
   8.7720515776827357e-01
   8.7124116008488739e-01
   8.6563153264488735e-01
   8.6040281667508123e-01
   8.5557924815669495e-01
   8.5118275735767523e-01
   8.4723297721655977e-01
   8.4374725811200946e-01
   8.4074068675175595e-01
   8.3822610713749679e-01
   8.3621414180170428e-01
   8.4303443242286591e-01
   8.5866587874686173e-01
   8.7471703698732139e-01
   8.9111124912553163e-01
   9.0776537150573733e-01
   9.2458983287984287e-01
   9.4148881941243534e-01
   9.5836060399351919e-01
   9.7509803544959828e-01
   9.9158920042099485e-01
   1.0077182666918834e+00
   1.0233665115860338e+00
   1.0384135327210473e+00
   1.0527386310879914e+00
   1.0662223483401581e+00
   1.0787481316930789e+00
   1.0902040914192992e+00
   1.1004848081084304e+00
   1.1094931402446899e+00
   1.1171419778185514e+00
   1.1233558851673371e+00
   1.1280725764464210e+00
   1.1312441703118654e+00
   1.1328381765764577e+00
   1.1328381765764577e+00
   1.1312441703118654e+00
   1.1280725764464210e+00
   1.1233558851673371e+00
   1.1171419778185514e+00
   1.1094931402446899e+00
   1.1004848081084304e+00
   1.0902040914192994e+00
   1.0787481316930791e+00
   1.0662223483401581e+00
   1.0527386310879916e+00
   1.0384135327210477e+00
   1.0233665115860340e+00
   1.0077182666918836e+00
   9.9158920042099519e-01
   9.7509803544959872e-01
   9.5836060399351930e-01
   9.4148881941243534e-01
   9.2458983287984320e-01
   9.0776537150573755e-01
   8.9111124912553175e-01
   8.7471703698732151e-01
   8.5866587874686207e-01
   8.4303443242286613e-01
