   7.2356790684295336e-01
   7.7244423890804492e-01
   8.2166530966848839e-01
   8.6996366698267069e-01
   9.1586350167384678e-01
   9.5773681471278582e-01
   9.9389675052418680e-01
   1.0227247924293523e+00
   1.0428191511169329e+00
   1.0531425678940165e+00
   1.0531425678940165e+00
   1.0428191511169329e+00
   1.0227247924293523e+00
   9.9389675052418680e-01
   9.5773681471278593e-01
   9.1586350167384678e-01
   8.6996366698267080e-01
   8.2166530966848839e-01
   7.7244423890804492e-01
   7.2356790684295336e-01
   7.0432595583624025e-01
   7.1500606643628140e-01
   7.2717129761342614e-01
   7.4060099082687958e-01
   7.5503708911106282e-01
   7.7018496035741757e-01
   7.8571587230835571e-01
   8.0127155486349855e-01
   8.1647119381322142e-01
   8.3092103306825882e-01
   8.4422651787212011e-01
   8.5600660288127883e-01
   8.6590950895751484e-01
   8.7362889197602711e-01
   8.7891914841893481e-01
   8.8160848710110629e-01
   8.8160848710110573e-01
   8.7891914841893337e-01
   8.7362889197602489e-01
   8.6590950895751173e-01
   8.5600660288127506e-01
   8.4422651787211567e-01
   8.3092103306825393e-01
   8.1647119381321631e-01
   8.0127155486349344e-01
   7.8571587230835027e-01
   7.7018496035741235e-01
   7.5503708911105782e-01
   7.4060099082687481e-01
   7.2717129761342170e-01
   7.1500606643627751e-01
   7.0432595583623692e-01
   6.7425324748283755e-01
   6.2525552731011125e-01
   5.7900632878192293e-01
   5.3592398691750465e-01
   4.9626909078247439e-01
   4.6017959745738363e-01
   4.2770242113101031e-01
   3.9882036403162757e-01
   3.7347417635113150e-01
   3.5158006768915689e-01
   3.3304325246401928e-01
   3.1776819336897838e-01
   3.0566618419326669e-01
   2.9666083674287408e-01
   2.9069193773651592e-01
   2.8771803816289521e-01
   2.8771803816289515e-01
   2.9069193773651575e-01
   2.9666083674287375e-01
   3.0566618419326624e-01
   3.1776819336897777e-01
   3.3304325246401839e-01
   3.5158006768915578e-01
   3.7347417635113017e-01
   3.9882036403162602e-01
   4.2770242113100854e-01
   4.6017959745738157e-01
   4.9626909078247211e-01
   5.3592398691750220e-01
   5.7900632878192027e-01
   6.2525552731010836e-01
   6.7425324748283444e-01
   6.7425324748283744e-01
   6.2525552731011125e-01
   5.7900632878192282e-01
   5.3592398691750465e-01
   4.9626909078247428e-01
   4.6017959745738352e-01
   4.2770242113101015e-01
   3.9882036403162741e-01
   3.7347417635113134e-01
   3.5158006768915673e-01
   3.3304325246401906e-01
   3.1776819336897816e-01
   3.0566618419326647e-01
   2.9666083674287380e-01
   2.9069193773651569e-01
   2.8771803816289487e-01
   2.8771803816289482e-01
   2.9069193773651536e-01
   2.9666083674287336e-01
   3.0566618419326580e-01
   3.1776819336897727e-01
   3.3304325246401795e-01
   3.5158006768915545e-01
   3.7347417635112989e-01
   3.9882036403162568e-01
   4.2770242113100820e-01
   4.6017959745738124e-01
   4.9626909078247189e-01
   5.3592398691750198e-01
   5.7900632878191993e-01
   6.2525552731010814e-01
   6.7425324748283444e-01
   7.2356790684295069e-01
   7.7244423890804326e-01
   8.2166530966848783e-01
   8.6996366698267136e-01
   9.1586350167384833e-01
   9.5773681471278849e-01
   9.9389675052419046e-01
   1.0227247924293565e+00
   1.0428191511169378e+00
   1.0531425678940216e+00
   1.0531425678940216e+00
   1.0428191511169376e+00
   1.0227247924293565e+00
   9.9389675052419035e-01
   9.5773681471278849e-01
   9.1586350167384833e-01
   8.6996366698267125e-01
   8.2166530966848772e-01
   7.7244423890804315e-01
   7.2356790684295058e-01
