   6.7151229101078458e-01
   6.7780087143142609e-01
   6.8401894309675471e-01
   6.9014574736377088e-01
   6.9616029139221536e-01
   7.0204144204229757e-01
   7.0776802757780310e-01
   7.1331894661166018e-01
   7.1867328356535976e-01
   7.2381042974698195e-01
   7.2871020898913375e-01
   7.3335300663240766e-01
   7.3771990049680247e-01
   7.4179279235778162e-01
   7.4555453834008545e-01
   7.4898907656555158e-01
   7.5208155034506408e-01
   7.5481842519266373e-01
   7.5718759796427471e-01
   7.5917849648583413e-01
   7.6078216813609656e-01
   7.6199135598702061e-01
   7.6280056127713614e-01
   7.6320609119710026e-01
   7.6320609119710026e-01
   7.6280056127713614e-01
   7.6199135598702072e-01
   7.6078216813609667e-01
   7.5917849648583424e-01
   7.5718759796427482e-01
   7.5481842519266384e-01
   7.5208155034506419e-01
   7.4898907656555180e-01
   7.4555453834008567e-01
   7.4179279235778184e-01
   7.3771990049680269e-01
   7.3335300663240788e-01
   7.2871020898913397e-01
   7.2381042974698229e-01
   7.1867328356535998e-01
   7.1331894661166040e-01
   7.0776802757780344e-01
   7.0204144204229779e-01
   6.9616029139221558e-01
   6.9014574736377121e-01
   6.8401894309675493e-01
   6.7780087143142631e-01
   6.7151229101078480e-01
   6.6355573925552191e-01
   6.5395667826940951e-01
   6.4436162945698749e-01
   6.3479796614783313e-01
   6.2529176167118383e-01
   6.1586775285548068e-01
   6.0654931892933184e-01
   5.9735847438803158e-01
   5.8831587435076615e-01
   5.7944083092837451e-01
   5.7075133914484022e-01
   5.6226411100246798e-01
   5.5399461634604397e-01
   5.4595712926066930e-01
   5.3816477882725411e-01
   5.3062960315522256e-01
   5.2336260571066451e-01
   5.1637381305730590e-01
   5.0967233322508343e-01
   5.0326641401506023e-01
   4.9716350063857340e-01
   4.9137029217189154e-01
   4.8589279638462113e-01
   4.8073638257025125e-01
   4.7590583207038889e-01
   4.7140538624044442e-01
   4.6723879165392790e-01
   4.6340934238539006e-01
   4.5991991924874409e-01
   4.5677302589865221e-01
   4.5397082172829939e-01
   4.5151515151769733e-01
   4.4940757180313168e-01
   4.4764937395098509e-01
   4.4624160392840784e-01
   4.4518507876963265e-01
   4.4448039974060316e-01
   4.4412796220642825e-01
   4.4412796220642825e-01
   4.4448039974060316e-01
   4.4518507876963259e-01
   4.4624160392840778e-01
   4.4764937395098520e-01
   4.4940757180313168e-01
   4.5151515151769733e-01
   4.5397082172829939e-01
   4.5677302589865221e-01
   4.5991991924874409e-01
   4.6340934238539000e-01
   4.6723879165392784e-01
   4.7140538624044437e-01
   4.7590583207038889e-01
   4.8073638257025125e-01
   4.8589279638462102e-01
   4.9137029217189143e-01
   4.9716350063857334e-01
   5.0326641401506012e-01
   5.0967233322508332e-01
   5.1637381305730579e-01
   5.2336260571066440e-01
   5.3062960315522245e-01
   5.3816477882725411e-01
   5.4595712926066930e-01
   5.5399461634604386e-01
   5.6226411100246798e-01
   5.7075133914484011e-01
   5.7944083092837440e-01
   5.8831587435076615e-01
   5.9735847438803147e-01
   6.0654931892933173e-01
   6.1586775285548057e-01
   6.2529176167118372e-01
   6.3479796614783301e-01
   6.4436162945698738e-01
   6.5395667826940951e-01
   6.6355573925552169e-01
   6.6759234892628816e-01
   6.6605409852824604e-01
   6.6448358637475835e-01
   6.6288563374539544e-01
   6.6126511166689894e-01
   6.5962692451867178e-01
   6.5797599395068507e-01
   6.5631724317620155e-01
   6.5465558169509419e-01
   6.5299589049678664e-01
   6.5134300778506593e-01
   6.4970171526028631e-01
   6.4807672498789448e-01
   6.4647266687581229e-01
   6.4489407677709376e-01
   6.4334538522847329e-01
   6.4183090682999322e-01
   6.4035483026588003e-01
   6.3892120896225602e-01
   6.3753395237315624e-01
   6.3619681788267679e-01
   6.3491340330792623e-01
   6.3368713998478177e-01
   6.3252128641626726e-01
   6.3141892246166120e-01
   6.3038294404319417e-01
   6.2941605834639369e-01
   6.2852077948975649e-01
   6.2769942463945272e-01
   6.2695411054517047e-01
   6.2628675047395743e-01
   6.2569905151999727e-01
   6.2519251226962391e-01
   6.2476842080251482e-01
   6.2442785301187009e-01
   6.2417167122846651e-01
   6.2400052313571985e-01
   6.2391484096529226e-01
   6.2391484096529226e-01
   6.2400052313571985e-01
   6.2417167122846651e-01
   6.2442785301187009e-01
   6.2476842080251482e-01
   6.2519251226962391e-01
   6.2569905151999716e-01
   6.2628675047395732e-01
   6.2695411054517047e-01
   6.2769942463945272e-01
   6.2852077948975638e-01
   6.2941605834639369e-01
   6.3038294404319417e-01
   6.3141892246166120e-01
   6.3252128641626715e-01
   6.3368713998478166e-01
   6.3491340330792612e-01
   6.3619681788267668e-01
   6.3753395237315624e-01
   6.3892120896225590e-01
   6.4035483026587992e-01
   6.4183090682999311e-01
   6.4334538522847329e-01
   6.4489407677709376e-01
   6.4647266687581217e-01
   6.4807672498789437e-01
   6.4970171526028631e-01
   6.5134300778506582e-01
   6.5299589049678652e-01
   6.5465558169509408e-01
   6.5631724317620144e-01
   6.5797599395068507e-01
   6.5962692451867178e-01
   6.6126511166689883e-01
   6.6288563374539533e-01
   6.6448358637475824e-01
   6.6605409852824593e-01
   6.6759234892628805e-01
   6.6759234892628816e-01
   6.6605409852824604e-01
   6.6448358637475846e-01
   6.6288563374539555e-01
   6.6126511166689894e-01
   6.5962692451867189e-01
   6.5797599395068518e-01
   6.5631724317620166e-01
   6.5465558169509419e-01
   6.5299589049678675e-01
   6.5134300778506604e-01
   6.4970171526028642e-01
   6.4807672498789459e-01
   6.4647266687581240e-01
   6.4489407677709387e-01
   6.4334538522847340e-01
   6.4183090682999333e-01
   6.4035483026588014e-01
   6.3892120896225624e-01
   6.3753395237315647e-01
   6.3619681788267701e-01
   6.3491340330792645e-01
   6.3368713998478188e-01
   6.3252128641626737e-01
   6.3141892246166131e-01
   6.3038294404319439e-01
   6.2941605834639391e-01
   6.2852077948975660e-01
   6.2769942463945283e-01
   6.2695411054517058e-01
   6.2628675047395754e-01
   6.2569905151999727e-01
   6.2519251226962413e-01
   6.2476842080251482e-01
   6.2442785301187009e-01
   6.2417167122846651e-01
   6.2400052313571985e-01
   6.2391484096529226e-01
   6.2391484096529226e-01
   6.2400052313571985e-01
   6.2417167122846651e-01
   6.2442785301187009e-01
   6.2476842080251482e-01
   6.2519251226962402e-01
   6.2569905151999716e-01
   6.2628675047395743e-01
   6.2695411054517047e-01
   6.2769942463945272e-01
   6.2852077948975649e-01
   6.2941605834639380e-01
   6.3038294404319417e-01
   6.3141892246166120e-01
   6.3252128641626726e-01
   6.3368713998478166e-01
   6.3491340330792612e-01
   6.3619681788267679e-01
   6.3753395237315624e-01
   6.3892120896225590e-01
   6.4035483026587992e-01
   6.4183090682999311e-01
   6.4334538522847318e-01
   6.4489407677709376e-01
   6.4647266687581217e-01
   6.4807672498789437e-01
   6.4970171526028619e-01
   6.5134300778506582e-01
   6.5299589049678641e-01
   6.5465558169509397e-01
   6.5631724317620144e-01
   6.5797599395068496e-01
   6.5962692451867166e-01
   6.6126511166689872e-01
   6.6288563374539533e-01
   6.6448358637475813e-01
   6.6605409852824582e-01
   6.6759234892628805e-01
   6.7151229101078480e-01
   6.7780087143142664e-01
   6.8401894309675570e-01
   6.9014574736377232e-01
   6.9616029139221713e-01
   7.0204144204229979e-01
   7.0776802757780577e-01
   7.1331894661166306e-01
   7.1867328356536309e-01
   7.2381042974698562e-01
   7.2871020898913763e-01
   7.3335300663241187e-01
   7.3771990049680702e-01
   7.4179279235778650e-01
   7.4555453834009044e-01
   7.4898907656555691e-01
   7.5208155034506963e-01
   7.5481842519266940e-01
   7.5718759796428059e-01
   7.5917849648584024e-01
   7.6078216813610267e-01
   7.6199135598702683e-01
   7.6280056127714235e-01
   7.6320609119710647e-01
   7.6320609119710647e-01
   7.6280056127714235e-01
   7.6199135598702683e-01
   7.6078216813610267e-01
   7.5917849648584024e-01
   7.5718759796428059e-01
   7.5481842519266940e-01
   7.5208155034506963e-01
   7.4898907656555691e-01
   7.4555453834009044e-01
   7.4179279235778650e-01
   7.3771990049680702e-01
   7.3335300663241187e-01
   7.2871020898913763e-01
   7.2381042974698562e-01
   7.1867328356536309e-01
   7.1331894661166306e-01
   7.0776802757780577e-01
   7.0204144204229979e-01
   6.9616029139221713e-01
   6.9014574736377232e-01
   6.8401894309675582e-01
   6.7780087143142664e-01
   6.7151229101078480e-01
