   6.7364829399907922e-01
   6.7997104438096967e-01
   6.8622443022797797e-01
   6.9238745718930850e-01
   6.9843888730075365e-01
   7.0435733409083057e-01
   7.1012136568749218e-01
   7.1570961535897093e-01
   7.2110089875225281e-01
   7.2627433692139409e-01
   7.3120948406967179e-01
   7.3588645876906245e-01
   7.4028607727272633e-01
   7.4438998740606632e-01
   7.4818080141449772e-01
   7.5164222606597531e-01
   7.5475918825776467e-01
   7.5751795436336822e-01
   7.5990624157950803e-01
   7.6191331959609820e-01
   7.6353010101450614e-01
   7.6474921908008353e-01
   7.6556509147160190e-01
   7.6597396909923465e-01
   7.6597396909923465e-01
   7.6556509147160190e-01
   7.6474921908008353e-01
   7.6353010101450614e-01
   7.6191331959609820e-01
   7.5990624157950815e-01
   7.5751795436336833e-01
   7.5475918825776478e-01
   7.5164222606597542e-01
   7.4818080141449783e-01
   7.4438998740606643e-01
   7.4028607727272644e-01
   7.3588645876906267e-01
   7.3120948406967190e-01
   7.2627433692139420e-01
   7.2110089875225303e-01
   7.1570961535897115e-01
   7.1012136568749229e-01
   7.0435733409083079e-01
   6.9843888730075387e-01
   6.9238745718930861e-01
   6.8622443022797819e-01
   6.7997104438096989e-01
   6.7364829399907944e-01
   6.6553889913639852e-01
   6.5566890548136059e-01
   6.4580581264507964e-01
   6.3597784726279605e-01
   6.2621185409476809e-01
   6.1653326090227734e-01
   6.0696605957879846e-01
   5.9753280196177727e-01
   5.8825460871680835e-01
   5.7915118968850965e-01
   5.7024087414521885e-01
   5.6154064940212089e-01
   5.5306620638414916e-01
   5.4483199078099886e-01
   5.3685125854739080e-01
   5.2913613460836884e-01
   5.2169767373856202e-01
   5.1454592269315647e-01
   5.0768998277454125e-01
   5.0113807212040240e-01
   4.9489758709511128e-01
   4.8897516225560916e-01
   4.8337672844501783e-01
   4.7810756864157106e-01
   4.7317237125704842e-01
   4.6857528063780007e-01
   4.6431994457291115e-01
   4.6040955865840394e-01
   4.5684690740405653e-01
   4.5363440200089739e-01
   4.5077411469324297e-01
   4.4826780971980246e-01
   4.4611697080442525e-01
   4.4432282518903893e-01
   4.4288636420973532e-01
   4.4180836042231525e-01
   4.4108938128637876e-01
   4.4072979941771062e-01
   4.4072979941771062e-01
   4.4108938128637876e-01
   4.4180836042231530e-01
   4.4288636420973532e-01
   4.4432282518903882e-01
   4.4611697080442519e-01
   4.4826780971980240e-01
   4.5077411469324297e-01
   4.5363440200089733e-01
   4.5684690740405648e-01
   4.6040955865840383e-01
   4.6431994457291104e-01
   4.6857528063779996e-01
   4.7317237125704836e-01
   4.7810756864157095e-01
   4.8337672844501772e-01
   4.8897516225560900e-01
   4.9489758709511117e-01
   5.0113807212040229e-01
   5.0768998277454114e-01
   5.1454592269315647e-01
   5.2169767373856191e-01
   5.2913613460836872e-01
   5.3685125854739058e-01
   5.4483199078099875e-01
   5.5306620638414905e-01
   5.6154064940212067e-01
   5.7024087414521862e-01
   5.7915118968850954e-01
   5.8825460871680813e-01
   5.9753280196177705e-01
   6.0696605957879846e-01
   6.1653326090227711e-01
   6.2621185409476787e-01
   6.3597784726279583e-01
   6.4580581264507941e-01
   6.5566890548136048e-01
   6.6553889913639830e-01
   6.6976390274850783e-01
   6.6833085938082948e-01
   6.6686656033156777e-01
   6.6537552978968006e-01
   6.6386234440884684e-01
   6.6233161783554384e-01
   6.6078798548639717e-01
   6.5923608963474944e-01
   6.5768056486056115e-01
   6.5612602391181707e-01
   6.5457704401958228e-01
   6.5303815370283202e-01
   6.5151382009324399e-01
   6.5000843680435261e-01
   6.4852631236387748e-01
   6.4707165922271781e-01
   6.4564858334908770e-01
   6.4426107441158964e-01
   6.4291299655072953e-01
   6.4160807973447465e-01
   6.4034991168997790e-01
   6.3914193040053646e-01
   6.3798741715423468e-01
   6.3688949012853713e-01
   6.3585109849334354e-01
   6.3487501701367821e-01
   6.3396384113226334e-01
   6.3311998251168489e-01
   6.3234566501569944e-01
   6.3164292110941189e-01
   6.3101358865857393e-01
   6.3045930810906614e-01
   6.2998152002872732e-01
   6.2958146299503503e-01
   6.2926017181371874e-01
   6.2901847605514916e-01
   6.2885699889728297e-01
   6.2877615626602090e-01
   6.2877615626602079e-01
   6.2885699889728297e-01
   6.2901847605514916e-01
   6.2926017181371885e-01
   6.2958146299503503e-01
   6.2998152002872720e-01
   6.3045930810906614e-01
   6.3101358865857382e-01
   6.3164292110941178e-01
   6.3234566501569944e-01
   6.3311998251168478e-01
   6.3396384113226323e-01
   6.3487501701367810e-01
   6.3585109849334331e-01
   6.3688949012853691e-01
   6.3798741715423446e-01
   6.3914193040053624e-01
   6.4034991168997768e-01
   6.4160807973447431e-01
   6.4291299655072931e-01
   6.4426107441158953e-01
   6.4564858334908748e-01
   6.4707165922271759e-01
   6.4852631236387726e-01
   6.5000843680435239e-01
   6.5151382009324366e-01
   6.5303815370283169e-01
   6.5457704401958205e-01
   6.5612602391181685e-01
   6.5768056486056081e-01
   6.5923608963474922e-01
   6.6078798548639694e-01
   6.6233161783554351e-01
   6.6386234440884662e-01
   6.6537552978967984e-01
   6.6686656033156766e-01
   6.6833085938082926e-01
   6.6976390274850761e-01
   6.6976390274850783e-01
   6.6833085938082948e-01
   6.6686656033156777e-01
   6.6537552978968018e-01
   6.6386234440884695e-01
   6.6233161783554395e-01
   6.6078798548639728e-01
   6.5923608963474956e-01
   6.5768056486056126e-01
   6.5612602391181718e-01
   6.5457704401958250e-01
   6.5303815370283214e-01
   6.5151382009324410e-01
   6.5000843680435283e-01
   6.4852631236387770e-01
   6.4707165922271803e-01
   6.4564858334908792e-01
   6.4426107441158986e-01
   6.4291299655072975e-01
   6.4160807973447487e-01
   6.4034991168997812e-01
   6.3914193040053680e-01
   6.3798741715423490e-01
   6.3688949012853735e-01
   6.3585109849334376e-01
   6.3487501701367854e-01
   6.3396384113226356e-01
   6.3311998251168522e-01
   6.3234566501569978e-01
   6.3164292110941223e-01
   6.3101358865857404e-01
   6.3045930810906636e-01
   6.2998152002872754e-01
   6.2958146299503526e-01
   6.2926017181371907e-01
   6.2901847605514938e-01
   6.2885699889728319e-01
   6.2877615626602101e-01
   6.2877615626602112e-01
   6.2885699889728319e-01
   6.2901847605514938e-01
   6.2926017181371896e-01
   6.2958146299503526e-01
   6.2998152002872743e-01
   6.3045930810906625e-01
   6.3101358865857404e-01
   6.3164292110941200e-01
   6.3234566501569955e-01
   6.3311998251168500e-01
   6.3396384113226334e-01
   6.3487501701367821e-01
   6.3585109849334343e-01
   6.3688949012853702e-01
   6.3798741715423457e-01
   6.3914193040053646e-01
   6.4034991168997779e-01
   6.4160807973447442e-01
   6.4291299655072942e-01
   6.4426107441158964e-01
   6.4564858334908748e-01
   6.4707165922271759e-01
   6.4852631236387726e-01
   6.5000843680435239e-01
   6.5151382009324366e-01
   6.5303815370283169e-01
   6.5457704401958194e-01
   6.5612602391181674e-01
   6.5768056486056081e-01
   6.5923608963474911e-01
   6.6078798548639683e-01
   6.6233161783554351e-01
   6.6386234440884651e-01
   6.6537552978967984e-01
   6.6686656033156744e-01
   6.6833085938082915e-01
   6.6976390274850739e-01
   6.7364829399907922e-01
   6.7997104438097000e-01
   6.8622443022797841e-01
   6.9238745718930916e-01
   6.9843888730075443e-01
   7.0435733409083157e-01
   7.1012136568749351e-01
   7.1570961535897237e-01
   7.2110089875225447e-01
   7.2627433692139587e-01
   7.3120948406967368e-01
   7.3588645876906456e-01
   7.4028607727272855e-01
   7.4438998740606876e-01
   7.4818080141450027e-01
   7.5164222606597808e-01
   7.5475918825776755e-01
   7.5751795436337122e-01
   7.5990624157951114e-01
   7.6191331959610131e-01
   7.6353010101450935e-01
   7.6474921908008664e-01
   7.6556509147160501e-01
   7.6597396909923776e-01
   7.6597396909923776e-01
   7.6556509147160512e-01
   7.6474921908008675e-01
   7.6353010101450924e-01
   7.6191331959610142e-01
   7.5990624157951125e-01
   7.5751795436337133e-01
   7.5475918825776767e-01
   7.5164222606597819e-01
   7.4818080141450038e-01
   7.4438998740606899e-01
   7.4028607727272877e-01
   7.3588645876906478e-01
   7.3120948406967390e-01
   7.2627433692139598e-01
   7.2110089875225458e-01
   7.1570961535897260e-01
   7.1012136568749362e-01
   7.0435733409083179e-01
   6.9843888730075465e-01
   6.9238745718930939e-01
   6.8622443022797874e-01
   6.7997104438097022e-01
   6.7364829399907944e-01
