   6.7109772828930858e-01
   7.0754592397594840e-01
   7.4552376674034226e-01
   7.8497050926304313e-01
   8.2579932095245889e-01
   8.6789351342557230e-01
   9.1110274030711302e-01
   9.5523933587776055e-01
   1.0000750064027570e+00
   1.0453381390535266e+00
   1.0907120414408262e+00
   1.1358344632004631e+00
   1.1802987712304474e+00
   1.2236571421314257e+00
   1.2654260889474440e+00
   1.3050945457308758e+00
   1.3421345878866353e+00
   1.3760146702733720e+00
   1.4062150290619624e+00
   1.4322446379073133e+00
   1.4536588641404771e+00
   1.4700767729140822e+00
   1.4811969137472234e+00
   1.4868104251694318e+00
   1.4868104251694318e+00
   1.4811969137472236e+00
   1.4700767729140825e+00
   1.4536588641404773e+00
   1.4322446379073139e+00
   1.4062150290619633e+00
   1.3760146702733727e+00
   1.3421345878866360e+00
   1.3050945457308765e+00
   1.2654260889474449e+00
   1.2236571421314266e+00
   1.1802987712304482e+00
   1.1358344632004642e+00
   1.0907120414408271e+00
   1.0453381390535272e+00
   1.0000750064027579e+00
   9.5523933587776133e-01
   9.1110274030711402e-01
   8.6789351342557308e-01
   8.2579932095245956e-01
   7.8497050926304368e-01
   7.4552376674034271e-01
   7.0754592397594862e-01
   6.7109772828930880e-01
   6.5458408890769681e-01
   6.5799127257347256e-01
   6.6295069635788528e-01
   6.6945921761740790e-01
   6.7751220438559834e-01
   6.8710312007293683e-01
   6.9822300344041577e-01
   7.1085984111645795e-01
   7.2499783029887988e-01
   7.4061653018969398e-01
   7.5768990227955024e-01
   7.7618524197099115e-01
   7.9606200735218546e-01
   8.1727055534931070e-01
   8.3975080112334233e-01
   8.6343082352602363e-01
   8.8822544771729162e-01
   9.1403484560293435e-01
   9.4074320537145140e-01
   9.6821753270904010e-01
   9.9630665764681703e-01
   1.0248405315855438e+00
   1.0536299077199101e+00
   1.0824665034588761e+00
   1.1111237439225012e+00
   1.1393581795143288e+00
   1.1669116563392694e+00
   1.1935142946127841e+00
   1.2188882965689742e+00
   1.2427525620421520e+00
   1.2648280384016439e+00
   1.2848436747833296e+00
   1.3025427928902942e+00
   1.3176896334842343e+00
   1.3300757951601991e+00
   1.3395262560915171e+00
   1.3459046651499549e+00
   1.3491176092362818e+00
   1.3491176092362822e+00
   1.3459046651499569e+00
   1.3395262560915202e+00
   1.3300757951602036e+00
   1.3176896334842398e+00
   1.3025427928903008e+00
   1.2848436747833374e+00
   1.2648280384016526e+00
   1.2427525620421616e+00
   1.2188882965689845e+00
   1.1935142946127948e+00
   1.1669116563392807e+00
   1.1393581795143404e+00
   1.1111237439225130e+00
   1.0824665034588878e+00
   1.0536299077199218e+00
   1.0248405315855558e+00
   9.9630665764682869e-01
   9.6821753270905164e-01
   9.4074320537146261e-01
   9.1403484560294523e-01
   8.8822544771730194e-01
   8.6343082352603373e-01
   8.3975080112335210e-01
   8.1727055534932003e-01
   7.9606200735219435e-01
   7.7618524197099947e-01
   7.5768990227955824e-01
   7.4061653018970142e-01
   7.2499783029888676e-01
   7.1085984111646439e-01
   6.9822300344042165e-01
   6.8710312007294216e-01
   6.7751220438560300e-01
   6.6945921761741212e-01
   6.6295069635788895e-01
   6.5799127257347567e-01
   6.5458408890769937e-01
   6.3589232115536964e-01
   6.0192400740219465e-01
   5.6952097760180276e-01
   5.3867284751545441e-01
   5.0935832802634340e-01
   4.8154743916722909e-01
   4.5520343413763226e-01
   4.3028445379249769e-01
   4.0674493544081658e-01
   3.8453680119448785e-01
   3.6361045111396173e-01
   3.4391558545407008e-01
   3.2540187876600496e-01
   3.0801952671876481e-01
   2.9171968445412921e-01
   2.7645481321582305e-01
   2.6217894998502994e-01
   2.4884791296707059e-01
   2.3641945404005293e-01
   2.2485336771054987e-01
   2.1411156472689627e-01
   2.0415811727260705e-01
   1.9495928159087031e-01
   1.8648350296340771e-01
   1.7870140716927055e-01
   1.7158578186713910e-01
   1.6511155076459041e-01
   1.5925574294659448e-01
   1.5399745932122633e-01
   1.4931783779242064e-01
   1.4520001847788333e-01
   1.4162911004646125e-01
   1.3859215804584379e-01
   1.3607811592185598e-01
   1.3407781928906679e-01
   1.3258396389396565e-01
   1.3159108761216662e-01
   1.3109555673611162e-01
   1.3109555673611162e-01
   1.3159108761216662e-01
   1.3258396389396565e-01
   1.3407781928906681e-01
   1.3607811592185601e-01
   1.3859215804584382e-01
   1.4162911004646128e-01
   1.4520001847788336e-01
   1.4931783779242067e-01
   1.5399745932122635e-01
   1.5925574294659453e-01
   1.6511155076459044e-01
   1.7158578186713916e-01
   1.7870140716927060e-01
   1.8648350296340779e-01
   1.9495928159087039e-01
   2.0415811727260713e-01
   2.1411156472689638e-01
   2.2485336771054998e-01
   2.3641945404005310e-01
   2.4884791296707084e-01
   2.6217894998503022e-01
   2.7645481321582344e-01
   2.9171968445412966e-01
   3.0801952671876531e-01
   3.2540187876600546e-01
   3.4391558545407064e-01
   3.6361045111396240e-01
   3.8453680119448858e-01
   4.0674493544081741e-01
   4.3028445379249858e-01
   4.5520343413763326e-01
   4.8154743916723014e-01
   5.0935832802634473e-01
   5.3867284751545585e-01
   5.6952097760180442e-01
   6.0192400740219654e-01
   6.3589232115537164e-01
   6.3589232115536964e-01
   6.0192400740219465e-01
   5.6952097760180276e-01
   5.3867284751545441e-01
   5.0935832802634340e-01
   4.8154743916722903e-01
   4.5520343413763226e-01
   4.3028445379249775e-01
   4.0674493544081664e-01
   3.8453680119448791e-01
   3.6361045111396179e-01
   3.4391558545407003e-01
   3.2540187876600496e-01
   3.0801952671876487e-01
   2.9171968445412927e-01
   2.7645481321582310e-01
   2.6217894998503000e-01
   2.4884791296707068e-01
   2.3641945404005299e-01
   2.2485336771054992e-01
   2.1411156472689635e-01
   2.0415811727260710e-01
   1.9495928159087039e-01
   1.8648350296340779e-01
   1.7870140716927063e-01
   1.7158578186713919e-01
   1.6511155076459050e-01
   1.5925574294659456e-01
   1.5399745932122644e-01
   1.4931783779242078e-01
   1.4520001847788344e-01
   1.4162911004646139e-01
   1.3859215804584393e-01
   1.3607811592185615e-01
   1.3407781928906695e-01
   1.3258396389396582e-01
   1.3159108761216676e-01
   1.3109555673611178e-01
   1.3109555673611181e-01
   1.3159108761216681e-01
   1.3258396389396587e-01
   1.3407781928906704e-01
   1.3607811592185626e-01
   1.3859215804584410e-01
   1.4162911004646156e-01
   1.4520001847788364e-01
   1.4931783779242100e-01
   1.5399745932122672e-01
   1.5925574294659486e-01
   1.6511155076459083e-01
   1.7158578186713955e-01
   1.7870140716927102e-01
   1.8648350296340824e-01
   1.9495928159087086e-01
   2.0415811727260763e-01
   2.1411156472689691e-01
   2.2485336771055053e-01
   2.3641945404005368e-01
   2.4884791296707140e-01
   2.6217894998503077e-01
   2.7645481321582405e-01
   2.9171968445413027e-01
   3.0801952671876598e-01
   3.2540187876600607e-01
   3.4391558545407130e-01
   3.6361045111396312e-01
   3.8453680119448935e-01
   4.0674493544081813e-01
   4.3028445379249941e-01
   4.5520343413763398e-01
   4.8154743916723086e-01
   5.0935832802634518e-01
   5.3867284751545630e-01
   5.6952097760180465e-01
   6.0192400740219676e-01
   6.3589232115537164e-01
   6.7109772828931091e-01
   7.0754592397595062e-01
   7.4552376674034437e-01
   7.8497050926304512e-01
   8.2579932095246089e-01
   8.6789351342557397e-01
   9.1110274030711480e-01
   9.5523933587776189e-01
   1.0000750064027581e+00
   1.0453381390535275e+00
   1.0907120414408271e+00
   1.1358344632004640e+00
   1.1802987712304476e+00
   1.2236571421314260e+00
   1.2654260889474438e+00
   1.3050945457308754e+00
   1.3421345878866344e+00
   1.3760146702733711e+00
   1.4062150290619615e+00
   1.4322446379073122e+00
   1.4536588641404755e+00
   1.4700767729140805e+00
   1.4811969137472216e+00
   1.4868104251694301e+00
   1.4868104251694301e+00
   1.4811969137472216e+00
   1.4700767729140805e+00
   1.4536588641404755e+00
   1.4322446379073122e+00
   1.4062150290619615e+00
   1.3760146702733711e+00
   1.3421345878866346e+00
   1.3050945457308754e+00
   1.2654260889474440e+00
   1.2236571421314260e+00
   1.1802987712304478e+00
   1.1358344632004640e+00
   1.0907120414408271e+00
   1.0453381390535277e+00
   1.0000750064027584e+00
   9.5523933587776200e-01
   9.1110274030711491e-01
   8.6789351342557419e-01
   8.2579932095246100e-01
   7.8497050926304535e-01
   7.4552376674034448e-01
   7.0754592397595073e-01
   6.7109772828931102e-01
