   6.5962385567709003e-01
   6.6882481569429375e-01
   6.7794124372349651e-01
   6.8694308631250944e-01
   6.9579951604082690e-01
   7.0447907180144831e-01
   7.1294981773323840e-01
   7.2117952030138610e-01
   7.2913584261844477e-01
   7.3678655466795440e-01
   7.4409975764708924e-01
   7.5104412019647682e-01
   7.5758912384844013e-01
   7.6370531461487667e-01
   7.6936455726906661e-01
   7.7454028856826029e-01
   7.7920776543159720e-01
   7.8334430394489674e-01
   7.8692950502191950e-01
   7.8994546261938603e-01
   7.9237695058508040e-01
   7.9421158451503371e-01
   7.9543995540265289e-01
   7.9605573237050453e-01
   7.9605573237050453e-01
   7.9543995540265289e-01
   7.9421158451503371e-01
   7.9237695058508051e-01
   7.8994546261938603e-01
   7.8692950502191961e-01
   7.8334430394489685e-01
   7.7920776543159731e-01
   7.7454028856826040e-01
   7.6936455726906661e-01
   7.6370531461487690e-01
   7.5758912384844024e-01
   7.5104412019647693e-01
   7.4409975764708947e-01
   7.3678655466795462e-01
   7.2913584261844488e-01
   7.2117952030138643e-01
   7.1294981773323862e-01
   7.0447907180144853e-01
   6.9579951604082713e-01
   6.8694308631250978e-01
   6.7794124372349673e-01
   6.6882481569429408e-01
   6.5962385567709025e-01
   6.5407071438284503e-01
   6.5218303056199922e-01
   6.5026321616690563e-01
   6.4831692240077221e-01
   6.4634982824830922e-01
   6.4436762222017685e-01
   6.4237598465321055e-01
   6.4038057062694465e-01
   6.3838699354795791e-01
   6.3640080944463950e-01
   6.3442750200623022e-01
   6.3247246839153137e-01
   6.3054100582456740e-01
   6.2863829898682544e-01
   6.2676940820852145e-01
   6.2493925845472265e-01
   6.2315262909611446e-01
   6.2141414444877385e-01
   6.1972826506251344e-01
   6.1809927973319612e-01
   6.1653129821089381e-01
   6.1502824457286953e-01
   6.1359385122806798e-01
   6.1223165351811371e-01
   6.1094498487868942e-01
   6.0973697252457992e-01
   6.0861053362159534e-01
   6.0756837190898338e-01
   6.0661297473678388e-01
   6.0574661048382628e-01
   6.0497132632368489e-01
   6.0428894630786356e-01
   6.0370106973772852e-01
   6.0320906979923472e-01
   6.0281409243723305e-01
   6.0251705544910628e-01
   6.0231864778059852e-01
   6.0221932900996900e-01
   6.0221932900996888e-01
   6.0231864778059852e-01
   6.0251705544910628e-01
   6.0281409243723294e-01
   6.0320906979923450e-01
   6.0370106973772830e-01
   6.0428894630786334e-01
   6.0497132632368467e-01
   6.0574661048382594e-01
   6.0661297473678355e-01
   6.0756837190898305e-01
   6.0861053362159512e-01
   6.0973697252457959e-01
   6.1094498487868898e-01
   6.1223165351811326e-01
   6.1359385122806753e-01
   6.1502824457286909e-01
   6.1653129821089336e-01
   6.1809927973319556e-01
   6.1972826506251300e-01
   6.2141414444877330e-01
   6.2315262909611391e-01
   6.2493925845472220e-01
   6.2676940820852090e-01
   6.2863829898682477e-01
   6.3054100582456685e-01
   6.3247246839153082e-01
   6.3442750200622966e-01
   6.3640080944463895e-01
   6.3838699354795736e-01
   6.4038057062694409e-01
   6.4237598465321000e-01
   6.4436762222017641e-01
   6.4634982824830867e-01
   6.4831692240077166e-01
   6.5026321616690497e-01
   6.5218303056199867e-01
   6.5407071438284448e-01
   6.5086665512971087e-01
   6.4258033769350531e-01
   6.3428966596367720e-01
   6.2601764315597308e-01
   6.1778632978258996e-01
   6.0961680590048928e-01
   6.0152914465529572e-01
   5.9354239624542415e-01
   5.8567458138307038e-01
   5.7794269330306380e-01
   5.7036270736459116e-01
   5.6294959730165395e-01
   5.5571735720302695e-01
   5.4867902833875692e-01
   5.4184672999534378e-01
   5.3523169353336231e-01
   5.2884429893733487e-01
   5.2269411318630399e-01
   5.1678992983322225e-01
   5.1113980924062996e-01
   5.0575111897805702e-01
   5.0063057394229193e-01
   4.9578427581444467e-01
   4.9121775151711883e-01
   4.8693599038066637e-01
   4.8294347976925123e-01
   4.7924423895520502e-01
   4.7584185106396670e-01
   4.7273949294182910e-01
   4.6993996282494682e-01
   4.6744570571079841e-01
   4.6525883635276977e-01
   4.6338115981501915e-01
   4.6181418953856912e-01
   4.6055916288095289e-01
   4.5961705410101239e-01
   4.5898858476792087e-01
   4.5867423157947385e-01
   4.5867423157947385e-01
   4.5898858476792087e-01
   4.5961705410101228e-01
   4.6055916288095272e-01
   4.6181418953856901e-01
   4.6338115981501893e-01
   4.6525883635276954e-01
   4.6744570571079813e-01
   4.6993996282494654e-01
   4.7273949294182888e-01
   4.7584185106396643e-01
   4.7924423895520463e-01
   4.8294347976925084e-01
   4.8693599038066604e-01
   4.9121775151711833e-01
   4.9578427581444429e-01
   5.0063057394229149e-01
   5.0575111897805647e-01
   5.1113980924062941e-01
   5.1678992983322181e-01
   5.2269411318630354e-01
   5.2884429893733431e-01
   5.3523169353336164e-01
   5.4184672999534311e-01
   5.4867902833875626e-01
   5.5571735720302629e-01
   5.6294959730165328e-01
   5.7036270736459049e-01
   5.7794269330306292e-01
   5.8567458138306960e-01
   5.9354239624542338e-01
   6.0152914465529483e-01
   6.0961680590048839e-01
   6.1778632978258918e-01
   6.2601764315597241e-01
   6.3428966596367631e-01
   6.4258033769350453e-01
   6.5086665512971009e-01
   6.5086665512971076e-01
   6.4258033769350520e-01
   6.3428966596367709e-01
   6.2601764315597297e-01
   6.1778632978258985e-01
   6.0961680590048917e-01
   6.0152914465529550e-01
   5.9354239624542404e-01
   5.8567458138307016e-01
   5.7794269330306358e-01
   5.7036270736459094e-01
   5.6294959730165384e-01
   5.5571735720302673e-01
   5.4867902833875670e-01
   5.4184672999534356e-01
   5.3523169353336209e-01
   5.2884429893733464e-01
   5.2269411318630377e-01
   5.1678992983322203e-01
   5.1113980924062974e-01
   5.0575111897805680e-01
   5.0063057394229171e-01
   4.9578427581444440e-01
   4.9121775151711849e-01
   4.8693599038066615e-01
   4.8294347976925089e-01
   4.7924423895520463e-01
   4.7584185106396648e-01
   4.7273949294182888e-01
   4.6993996282494654e-01
   4.6744570571079808e-01
   4.6525883635276943e-01
   4.6338115981501876e-01
   4.6181418953856879e-01
   4.6055916288095250e-01
   4.5961705410101211e-01
   4.5898858476792054e-01
   4.5867423157947357e-01
   4.5867423157947351e-01
   4.5898858476792054e-01
   4.5961705410101200e-01
   4.6055916288095244e-01
   4.6181418953856868e-01
   4.6338115981501865e-01
   4.6525883635276921e-01
   4.6744570571079785e-01
   4.6993996282494627e-01
   4.7273949294182854e-01
   4.7584185106396609e-01
   4.7924423895520424e-01
   4.8294347976925062e-01
   4.8693599038066565e-01
   4.9121775151711805e-01
   4.9578427581444401e-01
   5.0063057394229116e-01
   5.0575111897805614e-01
   5.1113980924062907e-01
   5.1678992983322147e-01
   5.2269411318630321e-01
   5.2884429893733398e-01
   5.3523169353336153e-01
   5.4184672999534289e-01
   5.4867902833875604e-01
   5.5571735720302595e-01
   5.6294959730165306e-01
   5.7036270736459027e-01
   5.7794269330306280e-01
   5.8567458138306938e-01
   5.9354239624542315e-01
   6.0152914465529472e-01
   6.0961680590048828e-01
   6.1778632978258896e-01
   6.2601764315597219e-01
   6.3428966596367620e-01
   6.4258033769350442e-01
   6.5086665512970998e-01
   6.5962385567708992e-01
   6.6882481569429386e-01
   6.7794124372349696e-01
   6.8694308631251033e-01
   6.9579951604082801e-01
   7.0447907180144975e-01
   7.1294981773324018e-01
   7.2117952030138821e-01
   7.2913584261844711e-01
   7.3678655466795706e-01
   7.4409975764709213e-01
   7.5104412019647993e-01
   7.5758912384844357e-01
   7.6370531461488045e-01
   7.6936455726907049e-01
   7.7454028856826440e-01
   7.7920776543160142e-01
   7.8334430394490118e-01
   7.8692950502192405e-01
   7.8994546261939069e-01
   7.9237695058508528e-01
   7.9421158451503859e-01
   7.9543995540265777e-01
   7.9605573237050953e-01
   7.9605573237050953e-01
   7.9543995540265777e-01
   7.9421158451503859e-01
   7.9237695058508528e-01
   7.8994546261939069e-01
   7.8692950502192394e-01
   7.8334430394490118e-01
   7.7920776543160142e-01
   7.7454028856826440e-01
   7.6936455726907049e-01
   7.6370531461488034e-01
   7.5758912384844357e-01
   7.5104412019647993e-01
   7.4409975764709213e-01
   7.3678655466795706e-01
   7.2913584261844711e-01
   7.2117952030138821e-01
   7.1294981773324018e-01
   7.0447907180144964e-01
   6.9579951604082801e-01
   6.8694308631251033e-01
   6.7794124372349684e-01
   6.6882481569429386e-01
   6.5962385567708981e-01
