   6.4887043290025959e-01
   6.5554663074798691e-01
   6.6213670757851484e-01
   6.6861983321424601e-01
   6.7497493098613259e-01
   6.8118077223609774e-01
   6.8721607885107594e-01
   6.9305963325899433e-01
   6.9869039514753828e-01
   7.0408762399586700e-01
   7.0923100634182079e-01
   7.1410078654726172e-01
   7.1867789967693485e-01
   7.2294410497667405e-01
   7.2688211832982863e-01
   7.3047574199113530e-01
   7.3370998984906088e-01
   7.3657120645434915e-01
   7.3904717807669584e-01
   7.4112723411460246e-01
   7.4280233728583844e-01
   7.4406516116652788e-01
   7.4491015382335679e-01
   7.4533358649213644e-01
   7.4533358649213644e-01
   7.4491015382335679e-01
   7.4406516116652799e-01
   7.4280233728583855e-01
   7.4112723411460246e-01
   7.3904717807669584e-01
   7.3657120645434915e-01
   7.3370998984906077e-01
   7.3047574199113541e-01
   7.2688211832982874e-01
   7.2294410497667405e-01
   7.1867789967693485e-01
   7.1410078654726183e-01
   7.0923100634182079e-01
   7.0408762399586700e-01
   6.9869039514753839e-01
   6.9305963325899445e-01
   6.8721607885107594e-01
   6.8118077223609785e-01
   6.7497493098613270e-01
   6.6861983321424612e-01
   6.6213670757851495e-01
   6.5554663074798702e-01
   6.4887043290025970e-01
   6.4291055667384767e-01
   6.3768554570640557e-01
   6.3242841931464755e-01
   6.2715387354681695e-01
   6.2187629297117231e-01
   6.1660971235898776e-01
   6.1136778317378693e-01
   6.0616374474545787e-01
   6.0101039996364147e-01
   5.9592009528729728e-01
   5.9090470483650803e-01
   5.8597561830812073e-01
   5.8114373243838302e-01
   5.7641944572288184e-01
   5.7181265609633680e-01
   5.6733276127160903e-01
   5.6298866143813653e-01
   5.5878876402431965e-01
   5.5474099023566525e-01
   5.5085278309020680e-01
   5.4713111668439807e-01
   5.4358250643587291e-01
   5.4021302006377891e-01
   5.3702828908246636e-01
   5.3403352059983689e-01
   5.3123350922735368e-01
   5.2863264892437067e-01
   5.2623494461485398e-01
   5.2404402342961509e-01
   5.2206314544172927e-01
   5.2029521377680366e-01
   5.1874278399314144e-01
   5.1740807263959299e-01
   5.1629296491101218e-01
   5.1539902133273974e-01
   5.1472748341649155e-01
   5.1427927824046249e-01
   5.1405502191645347e-01
   5.1405502191645336e-01
   5.1427927824046249e-01
   5.1472748341649155e-01
   5.1539902133273974e-01
   5.1629296491101218e-01
   5.1740807263959288e-01
   5.1874278399314133e-01
   5.2029521377680366e-01
   5.2206314544172916e-01
   5.2404402342961498e-01
   5.2623494461485398e-01
   5.2863264892437067e-01
   5.3123350922735368e-01
   5.3403352059983678e-01
   5.3702828908246625e-01
   5.4021302006377880e-01
   5.4358250643587280e-01
   5.4713111668439796e-01
   5.5085278309020669e-01
   5.5474099023566525e-01
   5.5878876402431965e-01
   5.6298866143813664e-01
   5.6733276127160903e-01
   5.7181265609633669e-01
   5.7641944572288184e-01
   5.8114373243838291e-01
   5.8597561830812062e-01
   5.9090470483650803e-01
   5.9592009528729717e-01
   6.0101039996364147e-01
   6.0616374474545787e-01
   6.1136778317378682e-01
   6.1660971235898765e-01
   6.2187629297117220e-01
   6.2715387354681695e-01
   6.3242841931464744e-01
   6.3768554570640557e-01
   6.4291055667384756e-01
   6.4344978569706401e-01
   6.3930166799635579e-01
   6.3511684459436335e-01
   6.3090713141421617e-01
   6.2668418455345154e-01
   6.2245946641334793e-01
   6.1824421490166925e-01
   6.1404941570507054e-01
   6.0988577759415530e-01
   6.0576371069433421e-01
   6.0169330762937323e-01
   5.9768432742183519e-01
   5.9374618201550311e-01
   5.8988792526920941e-01
   5.8611824425914671e-01
   5.8244545271749237e-01
   5.7887748642884029e-01
   5.7542190040222729e-01
   5.7208586763523750e-01
   5.6887617928747325e-01
   5.6579924608335519e-01
   5.6286110076848195e-01
   5.6006740144940970e-01
   5.5742343565345376e-01
   5.5493412495277772e-01
   5.5260403000539571e-01
   5.5043735587463027e-01
   5.4843795749784841e-01
   5.4660934518485305e-01
   5.4495469003598207e-01
   5.4347682917970752e-01
   5.4217827073923097e-01
   5.4106119844721023e-01
   5.4012747583725751e-01
   5.3937864995022999e-01
   5.3881595450255149e-01
   5.3844031247287372e-01
   5.3825233807231376e-01
   5.3825233807231376e-01
   5.3844031247287372e-01
   5.3881595450255149e-01
   5.3937864995022999e-01
   5.4012747583725751e-01
   5.4106119844721035e-01
   5.4217827073923086e-01
   5.4347682917970741e-01
   5.4495469003598207e-01
   5.4660934518485305e-01
   5.4843795749784841e-01
   5.5043735587463027e-01
   5.5260403000539571e-01
   5.5493412495277761e-01
   5.5742343565345376e-01
   5.6006740144940959e-01
   5.6286110076848195e-01
   5.6579924608335508e-01
   5.6887617928747325e-01
   5.7208586763523739e-01
   5.7542190040222718e-01
   5.7887748642884018e-01
   5.8244545271749237e-01
   5.8611824425914660e-01
   5.8988792526920930e-01
   5.9374618201550311e-01
   5.9768432742183508e-01
   6.0169330762937312e-01
   6.0576371069433421e-01
   6.0988577759415530e-01
   6.1404941570507054e-01
   6.1824421490166914e-01
   6.2245946641334793e-01
   6.2668418455345143e-01
   6.3090713141421617e-01
   6.3511684459436324e-01
   6.3930166799635568e-01
   6.4344978569706390e-01
   6.4344978569706412e-01
   6.3930166799635590e-01
   6.3511684459436346e-01
   6.3090713141421628e-01
   6.2668418455345154e-01
   6.2245946641334804e-01
   6.1824421490166914e-01
   6.1404941570507066e-01
   6.0988577759415541e-01
   6.0576371069433421e-01
   6.0169330762937312e-01
   5.9768432742183519e-01
   5.9374618201550300e-01
   5.8988792526920941e-01
   5.8611824425914649e-01
   5.8244545271749237e-01
   5.7887748642884018e-01
   5.7542190040222707e-01
   5.7208586763523728e-01
   5.6887617928747314e-01
   5.6579924608335497e-01
   5.6286110076848184e-01
   5.6006740144940947e-01
   5.5742343565345365e-01
   5.5493412495277750e-01
   5.5260403000539549e-01
   5.5043735587463005e-01
   5.4843795749784818e-01
   5.4660934518485282e-01
   5.4495469003598185e-01
   5.4347682917970708e-01
   5.4217827073923064e-01
   5.4106119844721001e-01
   5.4012747583725729e-01
   5.3937864995022966e-01
   5.3881595450255126e-01
   5.3844031247287349e-01
   5.3825233807231332e-01
   5.3825233807231332e-01
   5.3844031247287338e-01
   5.3881595450255115e-01
   5.3937864995022966e-01
   5.4012747583725718e-01
   5.4106119844720990e-01
   5.4217827073923064e-01
   5.4347682917970708e-01
   5.4495469003598174e-01
   5.4660934518485271e-01
   5.4843795749784807e-01
   5.5043735587462994e-01
   5.5260403000539537e-01
   5.5493412495277727e-01
   5.5742343565345343e-01
   5.6006740144940925e-01
   5.6286110076848161e-01
   5.6579924608335475e-01
   5.6887617928747292e-01
   5.7208586763523706e-01
   5.7542190040222685e-01
   5.7887748642883996e-01
   5.8244545271749204e-01
   5.8611824425914638e-01
   5.8988792526920908e-01
   5.9374618201550278e-01
   5.9768432742183497e-01
   6.0169330762937290e-01
   6.0576371069433399e-01
   6.0988577759415508e-01
   6.1404941570507032e-01
   6.1824421490166892e-01
   6.2245946641334771e-01
   6.2668418455345132e-01
   6.3090713141421595e-01
   6.3511684459436313e-01
   6.3930166799635557e-01
   6.4344978569706390e-01
   6.4887043290025970e-01
   6.5554663074798714e-01
   6.6213670757851517e-01
   6.6861983321424645e-01
   6.7497493098613326e-01
   6.8118077223609841e-01
   6.8721607885107661e-01
   6.9305963325899533e-01
   6.9869039514753939e-01
   7.0408762399586811e-01
   7.0923100634182201e-01
   7.1410078654726306e-01
   7.1867789967693629e-01
   7.2294410497667549e-01
   7.2688211832983030e-01
   7.3047574199113707e-01
   7.3370998984906255e-01
   7.3657120645435092e-01
   7.3904717807669773e-01
   7.4112723411460435e-01
   7.4280233728584044e-01
   7.4406516116652988e-01
   7.4491015382335879e-01
   7.4533358649213843e-01
   7.4533358649213843e-01
   7.4491015382335879e-01
   7.4406516116652988e-01
   7.4280233728584044e-01
   7.4112723411460435e-01
   7.3904717807669773e-01
   7.3657120645435092e-01
   7.3370998984906255e-01
   7.3047574199113707e-01
   7.2688211832983030e-01
   7.2294410497667561e-01
   7.1867789967693629e-01
   7.1410078654726317e-01
   7.0923100634182212e-01
   7.0408762399586811e-01
   6.9869039514753939e-01
   6.9305963325899533e-01
   6.8721607885107672e-01
   6.8118077223609852e-01
   6.7497493098613337e-01
   6.6861983321424656e-01
   6.6213670757851528e-01
   6.5554663074798725e-01
   6.4887043290025981e-01
