   7.0640954514420018e-01
   7.3580277278938255e-01
   7.6603444680711674e-01
   7.9701825121329117e-01
   8.2865058295138427e-01
   8.6080922170486163e-01
   8.9335220238187885e-01
   9.2611698012579025e-01
   9.5891998821136282e-01
   9.9155669636197574e-01
   1.0238022790902925e+00
   1.0554129987071517e+00
   1.0861283937968704e+00
   1.1156743396820763e+00
   1.1437670118178123e+00
   1.1701177363097603e+00
   1.1944386553560218e+00
   1.2164490724726171e+00
   1.2358822776171310e+00
   1.2524925919033036e+00
   1.2660623224714662e+00
   1.2764082872031541e+00
   1.2833875622360429e+00
   1.2869021263931775e+00
   1.2869021263931775e+00
   1.2833875622360427e+00
   1.2764082872031539e+00
   1.2660623224714660e+00
   1.2524925919033032e+00
   1.2358822776171308e+00
   1.2164490724726167e+00
   1.1944386553560213e+00
   1.1701177363097599e+00
   1.1437670118178120e+00
   1.1156743396820759e+00
   1.0861283937968700e+00
   1.0554129987071512e+00
   1.0238022790902923e+00
   9.9155669636197541e-01
   9.5891998821136260e-01
   9.2611698012578980e-01
   8.9335220238187862e-01
   8.6080922170486129e-01
   8.2865058295138405e-01
   7.9701825121329095e-01
   7.6603444680711663e-01
   7.3580277278938278e-01
   7.0640954514420040e-01
   6.9433231788523808e-01
   6.9958160108999534e-01
   7.0573978261696868e-01
   7.1279399065261284e-01
   7.2072880585622612e-01
   7.2952601450995957e-01
   7.3916433525894487e-01
   7.4961912251106555e-01
   7.6086205040721855e-01
   7.7286078225598753e-01
   7.8557863145154572e-01
   7.9897422115245864e-01
   8.1300115137388951e-01
   8.2760768360606951e-01
   8.4273645457259283e-01
   8.5832423222103493e-01
   8.7430172841518949e-01
   8.9059348397354166e-01
   9.0711784255518391e-01
   9.2378703029970410e-01
   9.4050735793916695e-01
   9.5717956117366798e-01
   9.7369929330141214e-01
   9.8995778130695944e-01
   1.0058426527629127e+00
   1.0212389359726373e+00
   1.0360302298291646e+00
   1.0501000330299080e+00
   1.0633332148061494e+00
   1.0756176015362500e+00
   1.0868456459370111e+00
   1.0969161384625112e+00
   1.1057359146147163e+00
   1.1132215076101655e+00
   1.1193006937214904e+00
   1.1239138779832532e+00
   1.1270152710253076e+00
   1.1285738135882910e+00
   1.1285738135882870e+00
   1.1270152710252954e+00
   1.1239138779832329e+00
   1.1193006937214625e+00
   1.1132215076101302e+00
   1.1057359146146737e+00
   1.0969161384624619e+00
   1.0868456459369555e+00
   1.0756176015361887e+00
   1.0633332148060830e+00
   1.0501000330298369e+00
   1.0360302298290893e+00
   1.0212389359725584e+00
   1.0058426527628315e+00
   9.8995778130687584e-01
   9.7369929330132687e-01
   9.5717956117358161e-01
   9.4050735793907991e-01
   9.2378703029961706e-01
   9.0711784255509764e-01
   8.9059348397345606e-01
   8.7430172841510545e-01
   8.5832423222095278e-01
   8.4273645457251278e-01
   8.2760768360599213e-01
   8.1300115137381501e-01
   7.9897422115238725e-01
   7.8557863145147766e-01
   7.7286078225592325e-01
   7.6086205040715815e-01
   7.4961912251100904e-01
   7.3916433525889258e-01
   7.2952601450991172e-01
   7.2072880585618260e-01
   7.1279399065257387e-01
   7.0573978261693426e-01
   6.9958160108996559e-01
   6.9433231788521321e-01
   6.7695555836626342e-01
   6.4748343854698454e-01
   6.1900782051121495e-01
   5.9156117032343791e-01
   5.6516503470041102e-01
   5.3983151087663706e-01
   5.1556461097152595e-01
   4.9236151214499702e-01
   4.7021368930009005e-01
   4.4910793123887544e-01
   4.2902724419894983e-01
   4.0995164878714774e-01
   3.9185887766642280e-01
   3.7472498210312055e-01
   3.5852485578466403e-01
   3.4323268428895876e-01
   3.2882232832217434e-01
   3.1526764841730764e-01
   3.0254277826165382e-01
   2.9062235324247021e-01
   2.7948170020047630e-01
   2.6909699378476071e-01
   2.5944538422704722e-01
   2.5050510080920879e-01
   2.4225553479208098e-01
   2.3467730510940721e-01
   2.2775230970911739e-01
   2.2146376504439461e-01
   2.1579623587723684e-01
   2.1073565725485949e-01
   2.0626935025123708e-01
   2.0238603282906545e-01
   1.9907582696807261e-01
   1.9633026302060205e-01
   1.9414228209150203e-01
   1.9250623709349959e-01
   1.9141789299847703e-01
   1.9087442668661958e-01
   1.9087442668661939e-01
   1.9141789299847642e-01
   1.9250623709349859e-01
   1.9414228209150064e-01
   1.9633026302060025e-01
   1.9907582696807039e-01
   2.0238603282906278e-01
   2.0626935025123400e-01
   2.1073565725485593e-01
   2.1579623587723290e-01
   2.2146376504439014e-01
   2.2775230970911248e-01
   2.3467730510940180e-01
   2.4225553479207509e-01
   2.5050510080920241e-01
   2.5944538422704028e-01
   2.6909699378475321e-01
   2.7948170020046825e-01
   2.9062235324246161e-01
   3.0254277826164466e-01
   3.1526764841729787e-01
   3.2882232832216396e-01
   3.4323268428894771e-01
   3.5852485578465232e-01
   3.7472498210310817e-01
   3.9185887766640976e-01
   4.0995164878713397e-01
   4.2902724419893529e-01
   4.4910793123886023e-01
   4.7021368930007412e-01
   4.9236151214498020e-01
   5.1556461097150841e-01
   5.3983151087661863e-01
   5.6516503470039170e-01
   5.9156117032341793e-01
   6.1900782051119418e-01
   6.4748343854696311e-01
   6.7695555836624111e-01
   6.7695555836626342e-01
   6.4748343854698465e-01
   6.1900782051121495e-01
   5.9156117032343791e-01
   5.6516503470041102e-01
   5.3983151087663706e-01
   5.1556461097152595e-01
   4.9236151214499696e-01
   4.7021368930009017e-01
   4.4910793123887549e-01
   4.2902724419894983e-01
   4.0995164878714779e-01
   3.9185887766642280e-01
   3.7472498210312055e-01
   3.5852485578466409e-01
   3.4323268428895876e-01
   3.2882232832217440e-01
   3.1526764841730764e-01
   3.0254277826165382e-01
   2.9062235324247021e-01
   2.7948170020047630e-01
   2.6909699378476071e-01
   2.5944538422704727e-01
   2.5050510080920879e-01
   2.4225553479208101e-01
   2.3467730510940724e-01
   2.2775230970911742e-01
   2.2146376504439461e-01
   2.1579623587723684e-01
   2.1073565725485949e-01
   2.0626935025123708e-01
   2.0238603282906545e-01
   1.9907582696807261e-01
   1.9633026302060208e-01
   1.9414228209150206e-01
   1.9250623709349959e-01
   1.9141789299847703e-01
   1.9087442668661958e-01
   1.9087442668661939e-01
   1.9141789299847645e-01
   1.9250623709349859e-01
   1.9414228209150061e-01
   1.9633026302060025e-01
   1.9907582696807036e-01
   2.0238603282906278e-01
   2.0626935025123402e-01
   2.1073565725485593e-01
   2.1579623587723290e-01
   2.2146376504439019e-01
   2.2775230970911253e-01
   2.3467730510940182e-01
   2.4225553479207512e-01
   2.5050510080920241e-01
   2.5944538422704033e-01
   2.6909699378475327e-01
   2.7948170020046836e-01
   2.9062235324246161e-01
   3.0254277826164466e-01
   3.1526764841729793e-01
   3.2882232832216401e-01
   3.4323268428894776e-01
   3.5852485578465237e-01
   3.7472498210310823e-01
   3.9185887766640976e-01
   4.0995164878713397e-01
   4.2902724419893534e-01
   4.4910793123886023e-01
   4.7021368930007412e-01
   4.9236151214498014e-01
   5.1556461097150830e-01
   5.3983151087661863e-01
   5.6516503470039170e-01
   5.9156117032341793e-01
   6.1900782051119418e-01
   6.4748343854696300e-01
   6.7695555836624111e-01
   7.0640954514417886e-01
   7.3580277278936335e-01
   7.6603444680709953e-01
   7.9701825121327607e-01
   8.2865058295137139e-01
   8.6080922170485097e-01
   8.9335220238187052e-01
   9.2611698012578414e-01
   9.5891998821135915e-01
   9.9155669636197430e-01
   1.0238022790902936e+00
   1.0554129987071548e+00
   1.0861283937968760e+00
   1.1156743396820836e+00
   1.1437670118178223e+00
   1.1701177363097721e+00
   1.1944386553560356e+00
   1.2164490724726327e+00
   1.2358822776171481e+00
   1.2524925919033219e+00
   1.2660623224714858e+00
   1.2764082872031743e+00
   1.2833875622360638e+00
   1.2869021263931986e+00
   1.2869021263931986e+00
   1.2833875622360635e+00
   1.2764082872031741e+00
   1.2660623224714853e+00
   1.2524925919033212e+00
   1.2358822776171474e+00
   1.2164490724726318e+00
   1.1944386553560347e+00
   1.1701177363097712e+00
   1.1437670118178211e+00
   1.1156743396820825e+00
   1.0861283937968746e+00
   1.0554129987071534e+00
   1.0238022790902923e+00
   9.9155669636197297e-01
   9.5891998821135782e-01
   9.2611698012578281e-01
   8.9335220238186930e-01
   8.6080922170484986e-01
   8.2865058295137051e-01
   7.9701825121327530e-01
   7.6603444680709898e-01
   7.3580277278936312e-01
   7.0640954514417886e-01
