   6.5117882109744463e-01
   6.5890076154615529e-01
   6.6653326234118271e-01
   6.7405187458989646e-01
   6.8143172333898161e-01
   6.8864762079148534e-01
   6.9567419118709783e-01
   7.0248600674330375e-01
   7.0905773380565229e-01
   7.1536428809868036e-01
   7.2138099771137698e-01
   7.2708377219969622e-01
   7.3244927595137677e-01
   7.3745510374344281e-01
   7.4207995623858358e-01
   7.4630381302119608e-01
   7.5010810067466649e-01
   7.5347585335486744e-01
   7.5639186332587083e-01
   7.5884281899581496e-01
   7.6081742812499653e-01
   7.6230652407366684e-01
   7.6330315321050524e-01
   7.6380264190884384e-01
   7.6380264190884384e-01
   7.6330315321050524e-01
   7.6230652407366695e-01
   7.6081742812499653e-01
   7.5884281899581507e-01
   7.5639186332587094e-01
   7.5347585335486755e-01
   7.5010810067466660e-01
   7.4630381302119619e-01
   7.4207995623858369e-01
   7.3745510374344303e-01
   7.3244927595137699e-01
   7.2708377219969644e-01
   7.2138099771137720e-01
   7.1536428809868058e-01
   7.0905773380565240e-01
   7.0248600674330397e-01
   6.9567419118709795e-01
   6.8864762079148556e-01
   6.8143172333898183e-01
   6.7405187458989668e-01
   6.6653326234118282e-01
   6.5890076154615540e-01
   6.5117882109744474e-01
   6.4558839499961229e-01
   6.4214706460671855e-01
   6.3866777809656483e-01
   6.3516046756766942e-01
   6.3163498466965229e-01
   6.2810107064202514e-01
   6.2456832846856147e-01
   6.2104619718809950e-01
   6.1754392837722771e-01
   6.1407056479679145e-01
   6.1063492117269114e-01
   6.0724556706215183e-01
   6.0391081173959715e-01
   6.0063869102146272e-01
   5.9743695593674306e-01
   5.9431306313969690e-01
   5.9127416695287327e-01
   5.8832711292235518e-01
   5.8547843276270561e-01
   5.8273434056642337e-01
   5.8010073015160879e-01
   5.7758317342185517e-01
   5.7518691961396418e-01
   5.7291689531178391e-01
   5.7077770510813663e-01
   5.6877363280130933e-01
   5.6690864301777855e-01
   5.6518638315863823e-01
   5.6361018557345777e-01
   5.6218306987195288e-01
   5.6090774529079113e-01
   5.5978661304003097e-01
   5.5882176856102594e-01
   5.5801500363508472e-01
   5.5736780828969934e-01
   5.5688137245673774e-01
   5.5655658734459068e-01
   5.5639404649387070e-01
   5.5639404649387070e-01
   5.5655658734459068e-01
   5.5688137245673763e-01
   5.5736780828969923e-01
   5.5801500363508461e-01
   5.5882176856102583e-01
   5.5978661304003086e-01
   5.6090774529079102e-01
   5.6218306987195277e-01
   5.6361018557345766e-01
   5.6518638315863801e-01
   5.6690864301777832e-01
   5.6877363280130910e-01
   5.7077770510813630e-01
   5.7291689531178358e-01
   5.7518691961396384e-01
   5.7758317342185472e-01
   5.8010073015160846e-01
   5.8273434056642304e-01
   5.8547843276270528e-01
   5.8832711292235484e-01
   5.9127416695287283e-01
   5.9431306313969656e-01
   5.9743695593674273e-01
   6.0063869102146228e-01
   6.0391081173959671e-01
   6.0724556706215138e-01
   6.1063492117269058e-01
   6.1407056479679101e-01
   6.1754392837722727e-01
   6.2104619718809906e-01
   6.2456832846856114e-01
   6.2810107064202458e-01
   6.3163498466965196e-01
   6.3516046756766897e-01
   6.3866777809656439e-01
   6.4214706460671811e-01
   6.4558839499961185e-01
   6.4427054204714485e-01
   6.3819734626018443e-01
   6.3209745718091404e-01
   6.2598786830974096e-01
   6.1988511676045499e-01
   6.1380524282285021e-01
   6.0776375592160392e-01
   6.0177560670914265e-01
   5.9585516497931734e-01
   5.9001620304805935e-01
   5.8427188421625242e-01
   5.7863475590817415e-01
   5.7311674706523175e-01
   5.6772916936850093e-01
   5.6248272186386072e-01
   5.5738749856941816e-01
   5.5245299865552966e-01
   5.4768813880221712e-01
   5.4310126735632669e-01
   5.3870017993067010e-01
   5.3449213610893564e-01
   5.3048387694277743e-01
   5.2668164295065911e-01
   5.2309119235130797e-01
   5.1971781928764527e-01
   5.1656637181950749e-01
   5.1364126948511490e-01
   5.1094652025190035e-01
   5.0848573669686015e-01
   5.0626215127495067e-01
   5.0427863055118038e-01
   5.0253768828796075e-01
   5.0104149729398229e-01
   4.9979189995445622e-01
   4.9879041737506952e-01
   4.9803825708355076e-01
   4.9753631924343988e-01
   4.9728520134462950e-01
   4.9728520134462950e-01
   4.9753631924343983e-01
   4.9803825708355076e-01
   4.9879041737506941e-01
   4.9979189995445616e-01
   5.0104149729398217e-01
   5.0253768828796064e-01
   5.0427863055118027e-01
   5.0626215127495056e-01
   5.0848573669686004e-01
   5.1094652025190013e-01
   5.1364126948511479e-01
   5.1656637181950738e-01
   5.1971781928764504e-01
   5.2309119235130785e-01
   5.2668164295065889e-01
   5.3048387694277732e-01
   5.3449213610893542e-01
   5.3870017993066988e-01
   5.4310126735632647e-01
   5.4768813880221690e-01
   5.5245299865552944e-01
   5.5738749856941794e-01
   5.6248272186386061e-01
   5.6772916936850071e-01
   5.7311674706523152e-01
   5.7863475590817381e-01
   5.8427188421625220e-01
   5.9001620304805913e-01
   5.9585516497931723e-01
   6.0177560670914243e-01
   6.0776375592160370e-01
   6.1380524282284987e-01
   6.1988511676045466e-01
   6.2598786830974062e-01
   6.3209745718091370e-01
   6.3819734626018421e-01
   6.4427054204714451e-01
   6.4427054204714485e-01
   6.3819734626018432e-01
   6.3209745718091392e-01
   6.2598786830974074e-01
   6.1988511676045477e-01
   6.1380524282284998e-01
   6.0776375592160381e-01
   6.0177560670914254e-01
   5.9585516497931723e-01
   5.9001620304805913e-01
   5.8427188421625220e-01
   5.7863475590817370e-01
   5.7311674706523141e-01
   5.6772916936850049e-01
   5.6248272186386050e-01
   5.5738749856941783e-01
   5.5245299865552921e-01
   5.4768813880221667e-01
   5.4310126735632624e-01
   5.3870017993066976e-01
   5.3449213610893520e-01
   5.3048387694277699e-01
   5.2668164295065867e-01
   5.2309119235130741e-01
   5.1971781928764471e-01
   5.1656637181950693e-01
   5.1364126948511446e-01
   5.1094652025189979e-01
   5.0848573669685959e-01
   5.0626215127495000e-01
   5.0427863055117972e-01
   5.0253768828796008e-01
   5.0104149729398173e-01
   4.9979189995445555e-01
   4.9879041737506885e-01
   4.9803825708355021e-01
   4.9753631924343927e-01
   4.9728520134462895e-01
   4.9728520134462889e-01
   4.9753631924343927e-01
   4.9803825708355015e-01
   4.9879041737506885e-01
   4.9979189995445550e-01
   5.0104149729398162e-01
   5.0253768828795997e-01
   5.0427863055117961e-01
   5.0626215127494989e-01
   5.0848573669685937e-01
   5.1094652025189957e-01
   5.1364126948511424e-01
   5.1656637181950671e-01
   5.1971781928764449e-01
   5.2309119235130730e-01
   5.2668164295065845e-01
   5.3048387694277666e-01
   5.3449213610893498e-01
   5.3870017993066943e-01
   5.4310126735632602e-01
   5.4768813880221645e-01
   5.5245299865552899e-01
   5.5738749856941749e-01
   5.6248272186386006e-01
   5.6772916936850026e-01
   5.7311674706523108e-01
   5.7863475590817348e-01
   5.8427188421625176e-01
   5.9001620304805880e-01
   5.9585516497931679e-01
   6.0177560670914210e-01
   6.0776375592160348e-01
   6.1380524282284954e-01
   6.1988511676045444e-01
   6.2598786830974040e-01
   6.3209745718091348e-01
   6.3819734626018398e-01
   6.4427054204714440e-01
   6.5117882109744463e-01
   6.5890076154615562e-01
   6.6653326234118326e-01
   6.7405187458989735e-01
   6.8143172333898272e-01
   6.8864762079148656e-01
   6.9567419118709928e-01
   7.0248600674330552e-01
   7.0905773380565429e-01
   7.1536428809868258e-01
   7.2138099771137942e-01
   7.2708377219969900e-01
   7.3244927595137965e-01
   7.3745510374344581e-01
   7.4207995623858680e-01
   7.4630381302119930e-01
   7.5010810067466982e-01
   7.5347585335487099e-01
   7.5639186332587460e-01
   7.5884281899581874e-01
   7.6081742812500031e-01
   7.6230652407367072e-01
   7.6330315321050912e-01
   7.6380264190884772e-01
   7.6380264190884772e-01
   7.6330315321050912e-01
   7.6230652407367072e-01
   7.6081742812500031e-01
   7.5884281899581885e-01
   7.5639186332587460e-01
   7.5347585335487099e-01
   7.5010810067466982e-01
   7.4630381302119930e-01
   7.4207995623858680e-01
   7.3745510374344592e-01
   7.3244927595137976e-01
   7.2708377219969900e-01
   7.2138099771137942e-01
   7.1536428809868269e-01
   7.0905773380565440e-01
   7.0248600674330564e-01
   6.9567419118709939e-01
   6.8864762079148667e-01
   6.8143172333898272e-01
   6.7405187458989746e-01
   6.6653326234118326e-01
   6.5890076154615573e-01
   6.5117882109744474e-01
