   6.8240138996091693e-01
   7.7947146436084491e-01
   8.8573720724663163e-01
   9.9931756268833649e-01
   1.1168713206793730e+00
   1.2333090973644603e+00
   1.3417646524245246e+00
   1.4340414510531005e+00
   1.5016804569662603e+00
   1.5375558336461934e+00
   1.5375558336461934e+00
   1.5016804569662605e+00
   1.4340414510531008e+00
   1.3417646524245246e+00
   1.2333090973644605e+00
   1.1168713206793732e+00
   9.9931756268833671e-01
   8.8573720724663185e-01
   7.7947146436084502e-01
   6.8240138996091693e-01
   6.3985968907556667e-01
   6.5157883569517117e-01
   6.7300559467069720e-01
   7.0409099402810460e-01
   7.4470015149546431e-01
   7.9453777903627887e-01
   8.5304655656921957e-01
   9.1927986379838511e-01
   9.9175729379601685e-01
   1.0683232090649373e+00
   1.1460449799749519e+00
   1.2212045925864512e+00
   1.2894456292204020e+00
   1.3461229007555460e+00
   1.3868519999433544e+00
   1.4081746125748607e+00
   1.4081746125748633e+00
   1.3868519999433624e+00
   1.3461229007555586e+00
   1.2894456292204179e+00
   1.2212045925864696e+00
   1.1460449799749717e+00
   1.0683232090649573e+00
   9.9175729379603628e-01
   9.1927986379840332e-01
   8.5304655656923600e-01
   7.9453777903629330e-01
   7.4470015149547641e-01
   7.0409099402811437e-01
   6.7300559467070464e-01
   6.5157883569517616e-01
   6.3985968907556934e-01
   5.9561339555918291e-01
   5.1879546986156844e-01
   4.5126102557435360e-01
   3.9237145661625378e-01
   3.4137437385086877e-01
   2.9749021556743543e-01
   2.5996538047062423e-01
   2.2810254324049400e-01
   2.0127611647572183e-01
   1.7893847523124007e-01
   1.6062074910407101e-01
   1.4593068232776507e-01
   1.3454916397794162e-01
   1.2622643130971992e-01
   1.2077855968271070e-01
   1.1808460442811537e-01
   1.1808460442811539e-01
   1.2077855968271074e-01
   1.2622643130972000e-01
   1.3454916397794173e-01
   1.4593068232776524e-01
   1.6062074910407123e-01
   1.7893847523124037e-01
   2.0127611647572219e-01
   2.2810254324049448e-01
   2.5996538047062479e-01
   2.9749021556743610e-01
   3.4137437385086955e-01
   3.9237145661625467e-01
   4.5126102557435460e-01
   5.1879546986156966e-01
   5.9561339555918424e-01
   5.9561339555918302e-01
   5.1879546986156855e-01
   4.5126102557435371e-01
   3.9237145661625389e-01
   3.4137437385086888e-01
   2.9749021556743555e-01
   2.5996538047062434e-01
   2.2810254324049409e-01
   2.0127611647572188e-01
   1.7893847523124012e-01
   1.6062074910407106e-01
   1.4593068232776513e-01
   1.3454916397794167e-01
   1.2622643130971994e-01
   1.2077855968271073e-01
   1.1808460442811540e-01
   1.1808460442811543e-01
   1.2077855968271077e-01
   1.2622643130972003e-01
   1.3454916397794178e-01
   1.4593068232776527e-01
   1.6062074910407123e-01
   1.7893847523124035e-01
   2.0127611647572213e-01
   2.2810254324049442e-01
   2.5996538047062473e-01
   2.9749021556743599e-01
   3.4137437385086944e-01
   3.9237145661625461e-01
   4.5126102557435455e-01
   5.1879546986156966e-01
   5.9561339555918424e-01
   6.8240138996091804e-01
   7.7947146436084602e-01
   8.8573720724663263e-01
   9.9931756268833738e-01
   1.1168713206793734e+00
   1.2333090973644607e+00
   1.3417646524245246e+00
   1.4340414510531001e+00
   1.5016804569662596e+00
   1.5375558336461925e+00
   1.5375558336461925e+00
   1.5016804569662596e+00
   1.4340414510531001e+00
   1.3417646524245244e+00
   1.2333090973644603e+00
   1.1168713206793732e+00
   9.9931756268833705e-01
   8.8573720724663230e-01
   7.7947146436084591e-01
   6.8240138996091793e-01
