   2.4186164154971279e-01
   2.4409264963577759e-01
   2.4638746363360087e-01
   2.4874614677899823e-01
   2.5116874836726305e-01
   2.5365530230215333e-01
   2.5620582558261468e-01
   2.5882031672597827e-01
   2.6149875412645207e-01
   2.6424109434782428e-01
   2.6704727034940984e-01
   2.6991718964440553e-01
   2.7285073238996682e-01
   2.7584774940849233e-01
   2.7890806013979630e-01
   2.8203145052406164e-01
   2.8521767081571009e-01
   2.8846643332859007e-01
   2.9177741011317720e-01
   2.9515023056680478e-01
   2.9858447897829377e-01
   3.0207969200873519e-01
   3.0563535611059506e-01
   3.0925090488776125e-01
   3.1292571639963651e-01
   3.1665911041290423e-01
   3.2045034560514712e-01
   3.2429861672509663e-01
   3.2820305171491948e-01
   3.3216270880061660e-01
   3.3617657355731434e-01
   3.4024355595696992e-01
   3.4436248740678771e-01
   3.4853211778745263e-01
   3.5275111250112889e-01
   3.5701804954003891e-01
   3.6133141658733603e-01
   3.6568960816289625e-01
   3.7009092282759309e-01
   3.7453356046055886e-01
   3.7901561962489222e-01
   3.8353509503821687e-01
   3.8808987516543880e-01
   3.9267773995197175e-01
   3.9729635871659491e-01
   4.0194328822396597e-01
   4.0661597095761898e-01
   4.1131173361502571e-01
   4.1602778584697003e-01
   4.2076121926406923e-01
   4.2550900673375963e-01
   4.3026800199142456e-01
   4.3503493958957479e-01
   4.3980643520907009e-01
   4.4457898635628540e-01
   4.4934897346985730e-01
   4.5411266146017915e-01
   4.5886620170413411e-01
   4.6360563451664838e-01
   4.6832689211949230e-01
   4.7302580212635664e-01
   4.7769809156155785e-01
   4.8233939142778248e-01
   4.8694524183605647e-01
   4.9151109770861595e-01
   4.9603233506256311e-01
   5.0050425787911690e-01
   5.0492210555991923e-01
   5.0928106096824322e-01
   5.1357625904909054e-01
   5.1780279601807067e-01
   5.2195573910466397e-01
   5.2603013683099076e-01
   5.3002102980260368e-01
   5.3392346198309326e-01
   5.3773249241952259e-01
   5.4144320738091112e-01
   5.4505073286722772e-01
   5.4855024744169145e-01
   5.5193699533465057e-01
   5.5520629976300306e-01
   5.5835357640506600e-01
   5.6137434696708599e-01
   5.6426425277423509e-01
   5.6701906831604987e-01
   5.6963471467386972e-01
   5.7210727275598316e-01
   5.7443299626494038e-01
   5.7660832432087139e-01
   5.7862989366470496e-01
   5.8049455036593101e-01
   5.8219936096100866e-01
   5.8374162295070520e-01
   5.8511887458754797e-01
   5.8632890388817571e-01
   5.8736975680966463e-01
   5.8823974453383954e-01
   5.8893744980912999e-01
   5.8946173230562771e-01
   5.8981173294559963e-01
   5.8998687717872977e-01
   5.8998687717872977e-01
   5.8981173294559996e-01
   5.8946173230562826e-01
   5.8893744980913065e-01
   5.8823974453384043e-01
   5.8736975680966586e-01
   5.8632890388817716e-01
   5.8511887458754952e-01
   5.8374162295070697e-01
   5.8219936096101066e-01
   5.8049455036593323e-01
   5.7862989366470741e-01
   5.7660832432087394e-01
   5.7443299626494315e-01
   5.7210727275598616e-01
   5.6963471467387283e-01
   5.6701906831605320e-01
   5.6426425277423853e-01
   5.6137434696708954e-01
   5.5835357640506966e-01
   5.5520629976300684e-01
   5.5193699533465468e-01
   5.4855024744169567e-01
   5.4505073286723205e-01
   5.4144320738091556e-01
   5.3773249241952725e-01
   5.3392346198309792e-01
   5.3002102980260857e-01
   5.2603013683099564e-01
   5.2195573910466908e-01
   5.1780279601807588e-01
   5.1357625904909565e-01
   5.0928106096824854e-01
   5.0492210555992456e-01
   5.0050425787912223e-01
   4.9603233506256861e-01
   4.9151109770862150e-01
   4.8694524183606203e-01
   4.8233939142778803e-01
   4.7769809156156334e-01
   4.7302580212636214e-01
   4.6832689211949774e-01
   4.6360563451665382e-01
   4.5886620170413950e-01
   4.5411266146018447e-01
   4.4934897346986269e-01
   4.4457898635629067e-01
   4.3980643520907531e-01
   4.3503493958957995e-01
   4.3026800199142962e-01
   4.2550900673376463e-01
   4.2076121926407423e-01
   4.1602778584697492e-01
   4.1131173361503054e-01
   4.0661597095762370e-01
   4.0194328822397063e-01
   3.9729635871659952e-01
   3.9267773995197625e-01
   3.8808987516544324e-01
   3.8353509503822120e-01
   3.7901561962489644e-01
   3.7453356046056302e-01
   3.7009092282759715e-01
   3.6568960816290025e-01
   3.6133141658733986e-01
   3.5701804954004274e-01
   3.5275111250113256e-01
   3.4853211778745624e-01
   3.4436248740679121e-01
   3.4024355595697325e-01
   3.3617657355731756e-01
   3.3216270880061971e-01
   3.2820305171492253e-01
   3.2429861672509952e-01
   3.2045034560514990e-01
   3.1665911041290701e-01
   3.1292571639963918e-01
   3.0925090488776374e-01
   3.0563535611059750e-01
   3.0207969200873752e-01
   2.9858447897829593e-01
   2.9515023056680684e-01
   2.9177741011317915e-01
   2.8846643332859195e-01
   2.8521767081571181e-01
   2.8203145052406325e-01
   2.7890806013979780e-01
   2.7584774940849377e-01
   2.7285073238996810e-01
   2.6991718964440675e-01
   2.6704727034941084e-01
   2.6424109434782517e-01
   2.6149875412645296e-01
   2.5882031672597899e-01
   2.5620582558261529e-01
   2.5365530230215383e-01
   2.5116874836726349e-01
   2.4874614677899856e-01
   2.4638746363360109e-01
   2.4409264963577770e-01
   2.4186164154971282e-01
   2.3860061300391527e-01
   2.3431002290496139e-01
   2.3008339614609252e-01
   2.2592046097186361e-01
   2.2182090263336915e-01
   2.1778436633036025e-01
   2.1381046002752116e-01
   2.0989875714723299e-01
   2.0604879914139873e-01
   2.0226009794511585e-01
   1.9853213831515570e-01
   1.9486438005635309e-01
   1.9125626013912050e-01
   1.8770719471138969e-01
   1.8421658100834376e-01
   1.8078379916334522e-01
   1.7740821392348535e-01
   1.7408917627318568e-01
   1.7082602496926966e-01
   1.6761808799089992e-01
   1.6446468390773794e-01
   1.6136512316963861e-01
   1.5831870932113454e-01
   1.5532474014390396e-01
   1.5238250873034506e-01
   1.4949130449130651e-01
   1.4665041410094379e-01
   1.4385912238158896e-01
   1.4111671313143717e-01
   1.3842246989776480e-01
   1.3577567669830706e-01
   1.3317561869333341e-01
   1.3062158281086891e-01
   1.2811285832742231e-01
   1.2564873740649057e-01
   1.2322851559702398e-01
   1.2085149229394782e-01
   1.1851697116275185e-01
   1.1622426053007552e-01
   1.1397267374213430e-01
   1.1176152949275338e-01
   1.0959015212269640e-01
   1.0745787189190197e-01
   1.0536402522616627e-01
   1.0330795493974007e-01
   1.0128901043523837e-01
   9.9306547882195159e-02
   9.7359930375531242e-02
   9.5448528075141217e-02
   9.3571718327746217e-02
   9.1728885772101504e-02
   8.9919422428593382e-02
   8.8142727774206814e-02
   8.6398208803794507e-02
   8.4685280078530017e-02
   8.3003363762380752e-02
   8.1351889647392539e-02
   7.9730295168535012e-02
   7.8138025408816467e-02
   7.6574533095338501e-02
   7.5039278586923469e-02
   7.3531729853913028e-02
   7.2051362450702497e-02
   7.0597659481543770e-02
   6.9170111560119457e-02
   6.7768216763361852e-02
   6.6391480579963164e-02
   6.5039415853997265e-02
   6.3711542724048623e-02
   6.2407388558220402e-02
   6.1126487885371776e-02
   5.9868382322913076e-02
   5.8632620501467593e-02
   5.7418757986689786e-02
   5.6226357198511621e-02
   5.5054987328071979e-02
   5.3904224252567627e-02
   5.2773650448249290e-02
   5.1662854901771797e-02
   5.0571433020093669e-02
   4.9498986539108551e-02
   4.8445123431178919e-02
   4.7409457811730664e-02
   4.6391609845056629e-02
   4.5391205649466540e-02
   4.4407877201911486e-02
   4.3441262242201580e-02
   4.2491004176927083e-02
   4.1556751983185022e-02
   4.0638160112205626e-02
   3.9734888392965843e-02
   3.8846601935870209e-02
   3.7972971036573010e-02
   3.7113671080009687e-02
   3.6268382444699668e-02
   3.5436790407377516e-02
   3.4618585048004212e-02
   3.3813461155205705e-02
   3.3021118132181400e-02
   3.2241259903121045e-02
   3.1473594820164610e-02
   3.0717835570935940e-02
   2.9973699086677744e-02
   2.9240906451011905e-02
   2.8519182809346327e-02
   2.7808257278946535e-02
   2.7107862859687571e-02
   2.6417736345499265e-02
   2.5737618236515561e-02
   2.5067252651936382e-02
   2.4406387243608468e-02
   2.3754773110329676e-02
   2.3112164712879413e-02
   2.2478319789776220e-02
   2.1852999273761893e-02
   2.1235967209010102e-02
   2.0626990669056048e-02
   2.0025839675442435e-02
   1.9432287117075859e-02
   1.8846108670286511e-02
   1.8267082719583161e-02
   1.7694990279094328e-02
   1.7129614914685676e-02
   1.6570742666742858e-02
   1.6018161973608169e-02
   1.5471663595658731e-02
   1.4931040540013213e-02
   1.4396087985853439e-02
   1.3999589124363884e-02
   1.3741344395896322e-02
   1.3488270896228127e-02
   1.3240273567013339e-02
   1.2997259246863476e-02
   1.2759136637108941e-02
   1.2525816268213915e-02
   1.2297210466834766e-02
   1.2073233323512155e-02
   1.1853800660987054e-02
   1.1638830003131092e-02
   1.1428240544481612e-02
   1.1221953120372049e-02
   1.1019890177648279e-02
   1.0821975745961708e-02
   1.0628135409630023e-02
   1.0438296280056594e-02
   1.0252386968699690e-02
   1.0070337560582720e-02
   9.8920795883369120e-03
   9.7175460067679253e-03
   9.5466711679379999e-03
   9.3793907967554217e-03
   9.2156419670631675e-03
   9.0553630782187443e-03
   8.8984938321573365e-03
   8.7449752109305598e-03
   8.5947494547131773e-03
   8.4477600402703187e-03
   8.3039516598778246e-03
   8.1632702006885268e-03
   8.0256627245373323e-03
   7.8910774481781628e-03
   7.7594637239458792e-03
   7.6307720208365149e-03
   7.5049539059991871e-03
   7.3819620266332301e-03
   7.2617500922842184e-03
   7.1442728575326457e-03
   7.0294861050691701e-03
   6.9173466291504457e-03
   6.8078122194296844e-03
   6.7008416451562252e-03
   6.5963946397384699e-03
   6.4944318856647136e-03
   6.3949149997764732e-03
   6.2978065188890450e-03
   6.2030698857541587e-03
   6.1106694353596667e-03
   6.0205703815613678e-03
   5.9327388040421331e-03
   5.8471416355936438e-03
   5.7637466497161500e-03
   5.6825224485317514e-03
   5.6034384510068461e-03
   5.5264648814794606e-03
   5.4515727584872973e-03
   5.3787338838924515e-03
   5.3079208322988286e-03
   5.2391069407584133e-03
   5.1722662987626327e-03
   5.1073737385151649e-03
   5.0444048254826386e-03
   4.9833358492197685e-03
   4.9241438144655581e-03
   4.8668064325073307e-03
   4.8113021128094024e-03
   4.7576099549033303e-03
   4.7057097405367636e-03
   4.6555819260780161e-03
   4.6072076351735478e-03
   4.5605686516556844e-03
   4.5156474126979316e-03
   4.4724270022153886e-03
   4.4308911445078191e-03
   4.3910241981430283e-03
   4.3528111500782986e-03
   4.3162376100177174e-03
   4.2812898050033008e-03
   4.2479545742379219e-03
   4.2162193641381322e-03
   4.1860722236150439e-03
   4.1575017995815269e-03
   4.1304973326840612e-03
   4.1050486532576598e-03
   4.0811461775023695e-03
   4.0587809038799341e-03
   4.0379444097292730e-03
   4.0186288480995452e-03
   4.0008269447995943e-03
   3.9845319956627080e-03
   3.9697378640256593e-03
   3.9564389784211085e-03
   3.9446303304824914e-03
   3.9343074730606399e-03
   3.9254665185514178e-03
   3.9181041374337540e-03
   3.9122175570175449e-03
   3.9078045604009374e-03
   3.9048634856366300e-03
   3.9033932251068579e-03
   3.9033932251068583e-03
   3.9048634856366296e-03
   3.9078045604009374e-03
   3.9122175570175440e-03
   3.9181041374337531e-03
   3.9254665185514169e-03
   3.9343074730606390e-03
   3.9446303304824905e-03
   3.9564389784211068e-03
   3.9697378640256575e-03
   3.9845319956627054e-03
   4.0008269447995917e-03
   4.0186288480995426e-03
   4.0379444097292713e-03
   4.0587809038799307e-03
   4.0811461775023669e-03
   4.1050486532576563e-03
   4.1304973326840577e-03
   4.1575017995815235e-03
   4.1860722236150404e-03
   4.2162193641381287e-03
   4.2479545742379176e-03
   4.2812898050032964e-03
   4.3162376100177131e-03
   4.3528111500782942e-03
   4.3910241981430231e-03
   4.4308911445078139e-03
   4.4724270022153834e-03
   4.5156474126979256e-03
   4.5605686516556792e-03
   4.6072076351735426e-03
   4.6555819260780101e-03
   4.7057097405367575e-03
   4.7576099549033234e-03
   4.8113021128093963e-03
   4.8668064325073238e-03
   4.9241438144655503e-03
   4.9833358492197607e-03
   5.0444048254826308e-03
   5.1073737385151563e-03
   5.1722662987626249e-03
   5.2391069407584047e-03
   5.3079208322988200e-03
   5.3787338838924429e-03
   5.4515727584872877e-03
   5.5264648814794511e-03
   5.6034384510068366e-03
   5.6825224485317410e-03
   5.7637466497161395e-03
   5.8471416355936334e-03
   5.9327388040421218e-03
   6.0205703815613566e-03
   6.1106694353596554e-03
   6.2030698857541465e-03
   6.2978065188890328e-03
   6.3949149997764611e-03
   6.4944318856647015e-03
   6.5963946397384569e-03
   6.7008416451562122e-03
   6.8078122194296705e-03
   6.9173466291504318e-03
   7.0294861050691562e-03
   7.1442728575326318e-03
   7.2617500922842037e-03
   7.3819620266332153e-03
   7.5049539059991715e-03
   7.6307720208364993e-03
   7.7594637239458628e-03
   7.8910774481781489e-03
   8.0256627245373184e-03
   8.1632702006885129e-03
   8.3039516598778108e-03
   8.4477600402703065e-03
   8.5947494547131652e-03
   8.7449752109305477e-03
   8.8984938321573243e-03
   9.0553630782187321e-03
   9.2156419670631571e-03
   9.3793907967554112e-03
   9.5466711679379895e-03
   9.7175460067679166e-03
   9.8920795883369033e-03
   1.0070337560582711e-02
   1.0252386968699683e-02
   1.0438296280056587e-02
   1.0628135409630014e-02
   1.0821975745961701e-02
   1.1019890177648274e-02
   1.1221953120372044e-02
   1.1428240544481607e-02
   1.1638830003131088e-02
   1.1853800660987049e-02
   1.2073233323512150e-02
   1.2297210466834763e-02
   1.2525816268213912e-02
   1.2759136637108938e-02
   1.2997259246863475e-02
   1.3240273567013338e-02
   1.3488270896228125e-02
   1.3741344395896320e-02
   1.3999589124363884e-02
