   2.6317233809219198e-01
   2.6511906244708622e-01
   2.6710221936309569e-01
   2.6912153584096332e-01
   2.7117672137123161e-01
   2.7326746720130729e-01
   2.7539344559041229e-01
   2.7755430905317491e-01
   2.7974968959269741e-01
   2.8197919792402126e-01
   2.8424242268900629e-01
   2.8653892966373029e-01
   2.8886826095962115e-01
   2.9122993421963284e-01
   2.9362344181088729e-01
   2.9604825001531609e-01
   2.9850379821995088e-01
   3.0098949810863201e-01
   3.0350473285702678e-01
   3.0604885633297624e-01
   3.0862119230431662e-01
   3.1122103365645326e-01
   3.1384764162209883e-01
   3.1650024502572066e-01
   3.1917803954537793e-01
   3.2188018699476617e-01
   3.2460581462841920e-01
   3.2735401447315587e-01
   3.3012384268898792e-01
   3.3291431896283680e-01
   3.3572442593853175e-01
   3.3855310868668098e-01
   3.4139927421812533e-01
   3.4426179104478805e-01
   3.4713948879183643e-01
   3.5003115786515970e-01
   3.5293554917824632e-01
   3.5585137394261207e-01
   3.5877730352598258e-01
   3.6171196938247202e-01
   3.6465396305902181e-01
   3.6760183628236703e-01
   3.7055410113078147e-01
   3.7350923029481514e-01
   3.7646565743117966e-01
   3.7942177761385176e-01
   3.8237594788635715e-01
   3.8532648791905988e-01
   3.8827168077512003e-01
   3.9120977378858790e-01
   3.9413897955788124e-01
   3.9705747705763428e-01
   3.9996341287162579e-01
   4.0285490254917061e-01
   4.0573003208700886e-01
   4.0858685953834400e-01
   4.1142341675026173e-01
   4.1423771123031472e-01
   4.1702772814257516e-01
   4.1979143243294770e-01
   4.2252677108299314e-01
   4.2523167549094654e-01
   4.2790406397801822e-01
   4.3054184441745108e-01
   4.3314291698316826e-01
   4.3570517701419176e-01
   4.3822651799034512e-01
   4.4070483461407006e-01
   4.4313802599250840e-01
   4.4552399891330735e-01
   4.4786067120692719e-01
   4.5014597518755267e-01
   4.5237786116404632e-01
   4.5455430101173844e-01
   4.5667329179522748e-01
   4.5873285943177311e-01
   4.6073106238430994e-01
   4.6266599537259090e-01
   4.6453579309050441e-01
   4.6633863391718750e-01
   4.6807274360919804e-01
   4.6973639896070923e-01
   4.7132793141845397e-01
   4.7284573063798407e-01
   4.7428824796772034e-01
   4.7565399984725254e-01
   4.7694157110641872e-01
   4.7814961815183843e-01
   4.7927687202780450e-01
   4.8032214133875206e-01
   4.8128431502091956e-01
   4.8216236495129433e-01
   4.8295534838249332e-01
   4.8366241019286693e-01
   4.8428278494182320e-01
   4.8481579872115116e-01
   4.8526087079396918e-01
   4.8561751501383094e-01
   4.8588534101748326e-01
   4.8606405518577833e-01
   4.8615346136829346e-01
   4.8615346136829346e-01
   4.8606405518577833e-01
   4.8588534101748326e-01
   4.8561751501383094e-01
   4.8526087079396918e-01
   4.8481579872115116e-01
   4.8428278494182320e-01
   4.8366241019286693e-01
   4.8295534838249332e-01
   4.8216236495129433e-01
   4.8128431502091956e-01
   4.8032214133875206e-01
   4.7927687202780450e-01
   4.7814961815183843e-01
   4.7694157110641872e-01
   4.7565399984725254e-01
   4.7428824796772034e-01
   4.7284573063798407e-01
   4.7132793141845397e-01
   4.6973639896070923e-01
   4.6807274360919804e-01
   4.6633863391718750e-01
   4.6453579309050441e-01
   4.6266599537259090e-01
   4.6073106238430994e-01
   4.5873285943177311e-01
   4.5667329179522748e-01
   4.5455430101173844e-01
   4.5237786116404632e-01
   4.5014597518755267e-01
   4.4786067120692719e-01
   4.4552399891330735e-01
   4.4313802599250840e-01
   4.4070483461407006e-01
   4.3822651799034507e-01
   4.3570517701419176e-01
   4.3314291698316826e-01
   4.3054184441745108e-01
   4.2790406397801822e-01
   4.2523167549094654e-01
   4.2252677108299314e-01
   4.1979143243294770e-01
   4.1702772814257516e-01
   4.1423771123031466e-01
   4.1142341675026173e-01
   4.0858685953834400e-01
   4.0573003208700886e-01
   4.0285490254917061e-01
   3.9996341287162579e-01
   3.9705747705763428e-01
   3.9413897955788124e-01
   3.9120977378858790e-01
   3.8827168077512003e-01
   3.8532648791905988e-01
   3.8237594788635720e-01
   3.7942177761385176e-01
   3.7646565743117960e-01
   3.7350923029481514e-01
   3.7055410113078147e-01
   3.6760183628236703e-01
   3.6465396305902181e-01
   3.6171196938247202e-01
   3.5877730352598258e-01
   3.5585137394261207e-01
   3.5293554917824632e-01
   3.5003115786515970e-01
   3.4713948879183643e-01
   3.4426179104478805e-01
   3.4139927421812533e-01
   3.3855310868668098e-01
   3.3572442593853175e-01
   3.3291431896283680e-01
   3.3012384268898792e-01
   3.2735401447315582e-01
   3.2460581462841920e-01
   3.2188018699476617e-01
   3.1917803954537793e-01
   3.1650024502572061e-01
   3.1384764162209883e-01
   3.1122103365645326e-01
   3.0862119230431662e-01
   3.0604885633297624e-01
   3.0350473285702678e-01
   3.0098949810863201e-01
   2.9850379821995088e-01
   2.9604825001531609e-01
   2.9362344181088729e-01
   2.9122993421963284e-01
   2.8886826095962115e-01
   2.8653892966373029e-01
   2.8424242268900629e-01
   2.8197919792402126e-01
   2.7974968959269741e-01
   2.7755430905317491e-01
   2.7539344559041229e-01
   2.7326746720130729e-01
   2.7117672137123161e-01
   2.6912153584096332e-01
   2.6710221936309569e-01
   2.6511906244708622e-01
   2.6317233809219198e-01
   2.6029837329481692e-01
   2.5649787164475185e-01
   2.5273520035783104e-01
   2.4901075030546546e-01
   2.4532486709183574e-01
   2.4167785288844926e-01
   2.3806996823627616e-01
   2.3450143381319397e-01
   2.3097243216477151e-01
   2.2748310939670283e-01
   2.2403357682746386e-01
   2.2062391260001010e-01
   2.1725416325155927e-01
   2.1392434524071444e-01
   2.1063444643137713e-01
   2.0738442753307823e-01
   2.0417422349751885e-01
   2.0100374487126338e-01
   1.9787287910466309e-01
   1.9478149181721202e-01
   1.9172942801964957e-01
   1.8871651329322336e-01
   1.8574255492661645e-01
   1.8280734301112225e-01
   1.7991065149472052e-01
   1.7705223919577029e-01
   1.7423185077708755e-01
   1.7144921768122265e-01
   1.6870405902779056e-01
   1.6599608247373951e-01
   1.6332498503747017e-01
   1.6069045388773850e-01
   1.5809216709829080e-01
   1.5552979436919165e-01
   1.5300299771581222e-01
   1.5051143212644924e-01
   1.4805474618954639e-01
   1.4563258269148488e-01
   1.4324457918590600e-01
   1.4089036853551840e-01
   1.3856957942733372e-01
   1.3628183686226078e-01
   1.3402676261997484e-01
   1.3180397569996269e-01
   1.2961309273962740e-01
   1.2745372841031868e-01
   1.2532549579213562e-01
   1.2322800672832919e-01
   1.2116087216011150e-01
   1.1912370244265784e-01
   1.1711610764306675e-01
   1.1513769782102160e-01
   1.1318808329287593e-01
   1.1126687487986284e-01
   1.0937368414110739e-01
   1.0750812359209924e-01
   1.0566980690926142e-01
   1.0385834912122983e-01
   1.0207336678743745e-01
   1.0031447816457588e-01
   9.8581303361487266e-02
   9.6873464483019187e-02
   9.5190585763355512e-02
   9.3532293689317397e-02
   9.1898217114109337e-02
   9.0287987361967290e-02
   8.8701238324147780e-02
   8.7137606546679694e-02
   8.5596731310283322e-02
   8.4078254702845134e-02
   8.2581821684820395e-02
   8.1107080147920646e-02
   7.9653680967427809e-02
   7.8221278048462489e-02
   7.6809528366519511e-02
   7.5418092002570797e-02
   7.4046632173022056e-02
   7.2694815254797457e-02
   7.1362310805814164e-02
   7.0048791581096684e-02
   6.8753933544770066e-02
   6.7477415878159641e-02
   6.6218920984214863e-02
   6.4978134488464498e-02
   6.3754745236700758e-02
   6.2548445289580853e-02
   6.1358929914325129e-02
   6.0185897573682784e-02
   5.9029049912327471e-02
   5.7888091740837672e-02
   5.6762731017408745e-02
   5.5652678827436471e-02
   5.4557649361104993e-02
   5.3477359889105305e-02
   5.2411530736604019e-02
   5.1359885255576214e-02
   5.0322149795610178e-02
   4.9298053673286220e-02
   4.8287329140226612e-02
   4.7289711349908399e-02
   4.6304938323325925e-02
   4.5332750913585552e-02
   4.4372892769510175e-02
   4.3425110298327192e-02
   4.2489152627509429e-02
   4.1564771565834630e-02
   4.0651721563725450e-02
   3.9749759672928285e-02
   3.8858645505586133e-02
   3.7978141192757116e-02
   3.7108011342427624e-02
   3.6248022997065810e-02
   3.5397945590758581e-02
   3.4557550905972519e-02
   3.3726613029976656e-02
   3.2904908310962599e-02
   3.2092215313895278e-02
   3.1288314776125398e-02
   3.0492989562792557e-02
   2.9706024622046100e-02
   2.8927206940108835e-02
   2.8156325496207054e-02
   2.7393171217388521e-02
   2.6637536933248513e-02
   2.5889217330582481e-02
   2.5148008907982484e-02
   2.4413709930393050e-02
   2.3686120383640975e-02
   2.3146148698798608e-02
   2.2793588617298244e-02
   2.2447238048996516e-02
   2.2107003320405345e-02
   2.1772792381675319e-02
   2.1444514783751974e-02
   2.1122081655857924e-02
   2.0805405683300096e-02
   2.0494401085601112e-02
   2.0188983594953674e-02
   1.9889070434996749e-02
   1.9594580299912123e-02
   1.9305433333839845e-02
   1.9021551110610883e-02
   1.8742856613795322e-02
   1.8469274217064249e-02
   1.8200729664863347e-02
   1.7937150053396338e-02
   1.7678463811916047e-02
   1.7424600684321067e-02
   1.7175491711055764e-02
   1.6931069211311399e-02
   1.6691266765526052e-02
   1.6456019198181019e-02
   1.6225262560891310e-02
   1.5998934115787823e-02
   1.5776972319188790e-02
   1.5559316805557966e-02
   1.5345908371747201e-02
   1.5136688961520780e-02
   1.4931601650359142e-02
   1.4730590630539369e-02
   1.4533601196490021e-02
   1.4340579730417734e-02
   1.4151473688203142e-02
   1.3966231585563533e-02
   1.3784802984479830e-02
   1.3607138479885348e-02
   1.3433189686613873e-02
   1.3262909226604619e-02
   1.3096250716361578e-02
   1.2933168754664900e-02
   1.2773618910531822e-02
   1.2617557711424853e-02
   1.2464942631704758e-02
   1.2315732081326100e-02
   1.2169885394772957e-02
   1.2027362820232597e-02
   1.1888125509004801e-02
   1.1752135505144664e-02
   1.1619355735336649e-02
   1.1489749998997762e-02
   1.1363282958607689e-02
   1.1239920130263849e-02
   1.1119627874459257e-02
   1.1002373387081233e-02
   1.0888124690628892e-02
   1.0776850625647552e-02
   1.0668520842378088e-02
   1.0563105792619380e-02
   1.0460576721802010e-02
   1.0360905661271428e-02
   1.0264065420778795e-02
   1.0170029581177822e-02
   1.0078772487325888e-02
   9.9902692411878279e-03
   9.9044956951407654e-03
   9.8214284454784563e-03
   9.7410448261135863e-03
   9.6633229024765972e-03
   9.5882414656095552e-03
   9.5157800264536949e-03
   9.4459188103292787e-03
   9.3786387516064558e-03
   9.3139214885658572e-03
   9.2517493584476848e-03
   9.1921053926881328e-03
   9.1349733123419641e-03
   9.0803375236901684e-03
   9.0281831140316231e-03
   8.9784958476577560e-03
   8.9312621620092035e-03
   8.8864691640135832e-03
   8.8441046266034221e-03
   8.8041569854134544e-03
   8.7666153356564490e-03
   8.7314694291768004e-03
   8.6987096716811818e-03
   8.6683271201455740e-03
   8.6403134803980097e-03
   8.6146611048764886e-03
   8.5913629905614627e-03
   8.5704127770824031e-03
   8.5518047449979970e-03
   8.5355338142495147e-03
   8.5215955427870044e-03
   8.5099861253679441e-03
   8.5007023925280645e-03
   8.4937418097240942e-03
   8.4891024766482210e-03
   8.4867831267140571e-03
   8.4867831267140571e-03
   8.4891024766482210e-03
   8.4937418097240942e-03
   8.5007023925280645e-03
   8.5099861253679441e-03
   8.5215955427870044e-03
   8.5355338142495130e-03
   8.5518047449979952e-03
   8.5704127770824031e-03
   8.5913629905614627e-03
   8.6146611048764886e-03
   8.6403134803980097e-03
   8.6683271201455740e-03
   8.6987096716811818e-03
   8.7314694291767986e-03
   8.7666153356564490e-03
   8.8041569854134544e-03
   8.8441046266034204e-03
   8.8864691640135815e-03
   8.9312621620092035e-03
   8.9784958476577543e-03
   9.0281831140316213e-03
   9.0803375236901684e-03
   9.1349733123419641e-03
   9.1921053926881328e-03
   9.2517493584476831e-03
   9.3139214885658555e-03
   9.3786387516064541e-03
   9.4459188103292770e-03
   9.5157800264536931e-03
   9.5882414656095535e-03
   9.6633229024765972e-03
   9.7410448261135846e-03
   9.8214284454784546e-03
   9.9044956951407637e-03
   9.9902692411878262e-03
   1.0078772487325886e-02
   1.0170029581177822e-02
   1.0264065420778793e-02
   1.0360905661271427e-02
   1.0460576721802008e-02
   1.0563105792619378e-02
   1.0668520842378086e-02
   1.0776850625647550e-02
   1.0888124690628890e-02
   1.1002373387081231e-02
   1.1119627874459255e-02
   1.1239920130263847e-02
   1.1363282958607687e-02
   1.1489749998997760e-02
   1.1619355735336647e-02
   1.1752135505144663e-02
   1.1888125509004798e-02
   1.2027362820232595e-02
   1.2169885394772954e-02
   1.2315732081326098e-02
   1.2464942631704756e-02
   1.2617557711424849e-02
   1.2773618910531819e-02
   1.2933168754664895e-02
   1.3096250716361574e-02
   1.3262909226604617e-02
   1.3433189686613872e-02
   1.3607138479885345e-02
   1.3784802984479826e-02
   1.3966231585563529e-02
   1.4151473688203138e-02
   1.4340579730417732e-02
   1.4533601196490017e-02
   1.4730590630539367e-02
   1.4931601650359139e-02
   1.5136688961520779e-02
   1.5345908371747197e-02
   1.5559316805557962e-02
   1.5776972319188787e-02
   1.5998934115787820e-02
   1.6225262560891306e-02
   1.6456019198181012e-02
   1.6691266765526045e-02
   1.6931069211311395e-02
   1.7175491711055760e-02
   1.7424600684321064e-02
   1.7678463811916040e-02
   1.7937150053396331e-02
   1.8200729664863344e-02
   1.8469274217064246e-02
   1.8742856613795319e-02
   1.9021551110610879e-02
   1.9305433333839838e-02
   1.9594580299912120e-02
   1.9889070434996742e-02
   2.0188983594953667e-02
   2.0494401085601105e-02
   2.0805405683300089e-02
   2.1122081655857917e-02
   2.1444514783751971e-02
   2.1772792381675312e-02
   2.2107003320405341e-02
   2.2447238048996510e-02
   2.2793588617298237e-02
   2.3146148698798604e-02
