   1.2454860990148596e-01
   1.2651645686313515e-01
   1.2859645287797195e-01
   1.3079030969281680e-01
   1.3309982575547291e-01
   1.3552688642821289e-01
   1.3807346414525606e-01
   1.4074161850280950e-01
   1.4353349626915035e-01
   1.4645133130104138e-01
   1.4949744435148932e-01
   1.5267424275246996e-01
   1.5598421995474773e-01
   1.5942995490530479e-01
   1.6301411124115806e-01
   1.6673943627647253e-01
   1.7060875975787476e-01
   1.7462499236071577e-01
   1.7879112389673099e-01
   1.8311022120108253e-01
   1.8758542566414430e-01
   1.9221995037059858e-01
   1.9701707680545005e-01
   2.0198015108342526e-01
   2.0711257965491917e-01
   2.1241782443816842e-01
   2.1789939732368777e-01
   2.2356085399320164e-01
   2.2940578699135630e-01
   2.3543781798442204e-01
   2.4166058913601243e-01
   2.4807775352559103e-01
   2.5469296453123530e-01
   2.6150986409383570e-01
   2.6853206977567123e-01
   2.7576316052219846e-01
   2.8320666103198211e-01
   2.9086602463609629e-01
   2.9874461458512475e-01
   3.0684568363922887e-01
   3.1517235185477377e-01
   3.2372758245987543e-01
   3.3251415571114923e-01
   3.4153464062511901e-01
   3.5079136448042897e-01
   3.6028637999146068e-01
   3.7002143006049848e-01
   3.7999791002453026e-01
   3.9021682732448054e-01
   4.0067875853953755e-01
   4.1138380374764943e-01
   4.2233153819567615e-01
   4.3352096128951828e-01
   4.4495044294626107e-01
   4.5661766738741238e-01
   4.6851957449510145e-01
   4.8065229890203776e-01
   4.9301110704143541e-01
   5.0559033244525475e-01
   5.1838330964814716e-01
   5.3138230713042178e-01
   5.4457845981603781e-01
   5.5796170173067683e-01
   5.7152069951974982e-01
   5.8524278762582282e-01
   5.9911390602812897e-01
   6.1311854155194057e-01
   6.2723967386051704e-01
   6.4145872734462583e-01
   6.5575553022123800e-01
   6.7010828224047569e-01
   6.8449353247430211e-01
   6.9888616871743015e-01
   7.1325942006578169e-01
   7.2758487424557661e-01
   7.4183251124167648e-01
   7.5597075471211483e-01
   7.6996654257203090e-01
   7.8378541798024504e-01
   7.9739164176199662e-01
   8.1074832704957445e-01
   8.2381759661777343e-01
   8.3656076303411531e-01
   8.4893853133741781e-01
   8.6091122350767646e-01
   8.7243902350286440e-01
   8.8348224112418139e-01
   8.9400159244297728e-01
   9.0395849399474959e-01
   9.1331536743491282e-01
   9.2203595087549295e-01
   9.3008561270027734e-01
   9.3743166330698768e-01
   9.4404365996650053e-01
   9.4989369983693184e-01
   9.5495669613754908e-01
   9.5921063258332684e-01
   9.6263679141032965e-01
   9.6521995068480315e-01
   9.6694854707925848e-01
   9.6781480090596550e-01
   9.6781480090596428e-01
   9.6694854707925493e-01
   9.6521995068479716e-01
   9.6263679141032121e-01
   9.5921063258331618e-01
   9.5495669613753620e-01
   9.4989369983691674e-01
   9.4404365996648332e-01
   9.3743166330696837e-01
   9.3008561270025603e-01
   9.2203595087546963e-01
   9.1331536743488784e-01
   9.0395849399472283e-01
   8.9400159244294886e-01
   8.8348224112415141e-01
   8.7243902350283320e-01
   8.6091122350764393e-01
   8.4893853133738395e-01
   8.3656076303408056e-01
   8.2381759661773779e-01
   8.1074832704953781e-01
   7.9739164176195931e-01
   7.8378541798020718e-01
   7.6996654257199237e-01
   7.5597075471207598e-01
   7.4183251124163729e-01
   7.2758487424553697e-01
   7.1325942006574206e-01
   6.9888616871739029e-01
   6.8449353247426226e-01
   6.7010828224043584e-01
   6.5575553022119826e-01
   6.4145872734458642e-01
   6.2723967386047774e-01
   6.1311854155190171e-01
   5.9911390602809045e-01
   5.8524278762578452e-01
   5.7152069951971218e-01
   5.5796170173063964e-01
   5.4457845981600106e-01
   5.3138230713038537e-01
   5.1838330964811152e-01
   5.0559033244521967e-01
   4.9301110704140094e-01
   4.8065229890200400e-01
   4.6851957449506837e-01
   4.5661766738737997e-01
   4.4495044294622937e-01
   4.3352096128948731e-01
   4.2233153819564589e-01
   4.1138380374761990e-01
   4.0067875853950874e-01
   3.9021682732445245e-01
   3.7999791002450289e-01
   3.7002143006047189e-01
   3.6028637999143476e-01
   3.5079136448040377e-01
   3.4153464062509459e-01
   3.3251415571112541e-01
   3.2372758245985234e-01
   3.1517235185475145e-01
   3.0684568363920722e-01
   2.9874461458510376e-01
   2.9086602463607591e-01
   2.8320666103196240e-01
   2.7576316052217942e-01
   2.6853206977565280e-01
   2.6150986409381788e-01
   2.5469296453121820e-01
   2.4807775352557448e-01
   2.4166058913599650e-01
   2.3543781798440674e-01
   2.2940578699134162e-01
   2.2356085399318754e-01
   2.1789939732367428e-01
   2.1241782443815552e-01
   2.0711257965490684e-01
   2.0198015108341352e-01
   1.9701707680543884e-01
   1.9221995037058795e-01
   1.8758542566413419e-01
   1.8311022120107301e-01
   1.7879112389672197e-01
   1.7462499236070728e-01
   1.7060875975786680e-01
   1.6673943627646506e-01
   1.6301411124115109e-01
   1.5942995490529838e-01
   1.5598421995474179e-01
   1.5267424275246452e-01
   1.4949744435148435e-01
   1.4645133130103688e-01
   1.4353349626914635e-01
   1.4074161850280600e-01
   1.3807346414525301e-01
   1.3552688642821031e-01
   1.3309982575547083e-01
   1.3079030969281519e-01
   1.2859645287797078e-01
   1.2651645686313445e-01
   1.2454860990148574e-01
   1.2175395959459472e-01
   1.1813120019585382e-01
   1.1461460955443738e-01
   1.1120121040423658e-01
   1.0788809695395893e-01
   1.0467243425943892e-01
   1.0155145748685108e-01
   9.8522471080647780e-02
   9.5582847848793021e-02
   9.2730027976710636e-02
   8.9961517980305550e-02
   8.7274889607441855e-02
   8.4667778696367560e-02
   8.2137883998754463e-02
   7.9682965974270020e-02
   7.7300845562908796e-02
   7.4989402940681113e-02
   7.2746576263680168e-02
   7.0570360405022486e-02
   6.8458805688676294e-02
   6.6410016623754092e-02
   6.4422150642446760e-02
   6.2493416844412807e-02
   6.0622074750105767e-02
   5.8806433065222631e-02
   5.7044848458182952e-02
   5.5335724352301059e-02
   5.3677509734089482e-02
   5.2068697978928741e-02
   5.0507825695155016e-02
   4.8993471587451473e-02
   4.7524255340279487e-02
   4.6098836521951320e-02
   4.4715913509824574e-02
   4.3374222436989920e-02
   4.2072536160726107e-02
   4.0809663252908891e-02
   3.9584447012482538e-02
   3.8395764500033014e-02
   3.7242525594440391e-02
   3.6123672071532997e-02
   3.5038176704617723e-02
   3.3985042386718019e-02
   3.2963301274314107e-02
   3.1972013952346945e-02
   3.1010268620219512e-02
   3.0077180298504338e-02
   2.9171890056045372e-02
   2.8293564257124555e-02
   2.7441393828348520e-02
   2.6614593544898577e-02
   2.5812401335777124e-02
   2.5034077607675648e-02
   2.4278904587083466e-02
   2.3546185680251949e-02
   2.2835244850626005e-02
   2.2145426013353051e-02
   2.1476092446479293e-02
   2.0826626218443719e-02
   2.0196427631481818e-02
   1.9584914680553372e-02
   1.8991522527411809e-02
   1.8415702989436220e-02
   1.7856924042851528e-02
   1.7314669339966910e-02
   1.6788437740067781e-02
   1.6277742853602100e-02
   1.5782112599307514e-02
   1.5301088773931873e-02
   1.4834226634205890e-02
   1.4381094490733026e-02
   1.3941273313468193e-02
   1.3514356348463485e-02
   1.3099948745565719e-02
   1.2697667196757320e-02
   1.2307139584838726e-02
   1.1928004642157214e-02
   1.1559911619093702e-02
   1.1202519962025734e-02
   1.0855499000491403e-02
   1.0518527643285513e-02
   1.0191294083225713e-02
   9.8734955103327044e-03
   9.5648378331748621e-03
   9.2650354081338180e-03
   8.9738107763535826e-03
   8.6908944081417871e-03
   8.4160244545973938e-03
   8.1489465062450396e-03
   7.8894133584616992e-03
   7.6371847834869099e-03
   7.3920273088130964e-03
   7.1537140017578415e-03
   6.9220242600249952e-03
   6.6967436080665379e-03
   6.4776634990619808e-03
   6.2645811223367839e-03
   6.0572992160459384e-03
   5.8556258849532927e-03
   5.6593744231416042e-03
   5.4683631414925325e-03
   5.2824151997798979e-03
   5.1013584432235510e-03
   4.9250252433550648e-03
   4.7532523430502526e-03
   4.5858807055871439e-03
   4.4227553675916104e-03
   4.2637252957362466e-03
   4.1086432470614489e-03
   3.9573656327908362e-03
   3.8097523855162535e-03
   3.6656668296306308e-03
   3.5249755548898308e-03
   3.3875482929874500e-03
   3.2532577970292255e-03
   3.1219797237962894e-03
   2.9935925186890529e-03
   2.8679773032458762e-03
   2.7450177651330413e-03
   2.6246000505047423e-03
   2.5066126586339769e-03
   2.3909463387172584e-03
   2.2774939887580570e-03
   2.1661505564357429e-03
   2.0568129418686229e-03
   1.9493799021813834e-03
   1.8437519577888764e-03
   1.7398313003097726e-03
   1.6632178807822358e-03
   1.6138264859878416e-03
   1.5659156257155265e-03
   1.5194413467037333e-03
   1.4743610135658192e-03
   1.4306332696811636e-03
   1.3882179992589689e-03
   1.3470762905399944e-03
   1.3071704001024987e-03
   1.2684637182396779e-03
   1.2309207353768678e-03
   1.1945070094977266e-03
   1.1591891345495429e-03
   1.1249347097987039e-03
   1.0917123101082330e-03
   1.0594914571101480e-03
   1.0282425912462102e-03
   9.9793704465143095e-04
   9.6854701485547345e-04
   9.4004553927783596e-04
   9.1240647049343050e-04
   8.8560445224587748e-04
   8.5961489618651885e-04
   8.3441395931782114e-04
   8.0997852212048307e-04
   7.8628616734418677e-04
   7.6331515944254508e-04
   7.4104442463338374e-04
   7.1945353156606991e-04
   6.9852267257815965e-04
   6.7823264552416989e-04
   6.5856483615981342e-04
   6.3950120106553532e-04
   6.2102425109369377e-04
   6.0311703532419639e-04
   5.8576312551388368e-04
   5.6894660102538882e-04
   5.5265203422165507e-04
   5.3686447631271167e-04
   5.2156944364172573e-04
   5.0675290439775326e-04
   4.9240126574299787e-04
   4.7850136134277216e-04
   4.6504043928672110e-04
   4.5200615039022905e-04
   4.3938653686527836e-04
   4.2717002135036716e-04
   4.1534539628942441e-04
   4.0390181364997755e-04
   3.9282877497114288e-04
   3.8211612173230766e-04
   3.7175402603367014e-04
   3.6173298158008693e-04
   3.5204379495995893e-04
   3.4267757721115311e-04
   3.3362573566622525e-04
   3.2487996606946106e-04
   3.1643224495850542e-04
   3.0827482230359082e-04
   3.0040021439761141e-04
   2.9280119699052191e-04
   2.8547079866176163e-04
   2.7840229442462473e-04
   2.7158919955670854e-04
   2.6502526365078133e-04
   2.5870446488061085e-04
   2.5262100447649363e-04
   2.4676930140541770e-04
   2.4114398725097667e-04
   2.3573990128834035e-04
   2.3055208574976170e-04
   2.2557578127627799e-04
   2.2080642255143345e-04
   2.1623963411301724e-04
   2.1187122633897518e-04
   2.0769719160381242e-04
   2.0371370060196086e-04
   1.9991709883473871e-04
   1.9630390325767910e-04
   1.9287079908515218e-04
   1.8961463674934905e-04
   1.8653242901083813e-04
   1.8362134821804267e-04
   1.8087872371312576e-04
   1.7830203938190247e-04
   1.7588893134553213e-04
   1.7363718579187232e-04
   1.7154473694450559e-04
   1.6960966516757565e-04
   1.6783019520469393e-04
   1.6620469455030186e-04
   1.6473167195199331e-04
   1.6340977604242500e-04
   1.6223779409955797e-04
   1.6121465093409438e-04
   1.6033940790308751e-04
   1.5961126204882149e-04
   1.5902954536216939e-04
   1.5859372416975490e-04
   1.5830339864435499e-04
   1.5815830243809414e-04
   1.5815830243809414e-04
   1.5830339864435501e-04
   1.5859372416975496e-04
   1.5902954536216947e-04
   1.5961126204882162e-04
   1.6033940790308765e-04
   1.6121465093409454e-04
   1.6223779409955816e-04
   1.6340977604242522e-04
   1.6473167195199355e-04
   1.6620469455030210e-04
   1.6783019520469423e-04
   1.6960966516757598e-04
   1.7154473694450594e-04
   1.7363718579187267e-04
   1.7588893134553254e-04
   1.7830203938190291e-04
   1.8087872371312622e-04
   1.8362134821804318e-04
   1.8653242901083865e-04
   1.8961463674934957e-04
   1.9287079908515274e-04
   1.9630390325767969e-04
   1.9991709883473933e-04
   2.0371370060196152e-04
   2.0769719160381312e-04
   2.1187122633897591e-04
   2.1623963411301800e-04
   2.2080642255143426e-04
   2.2557578127627880e-04
   2.3055208574976257e-04
   2.3573990128834127e-04
   2.4114398725097764e-04
   2.4676930140541867e-04
   2.5262100447649461e-04
   2.5870446488061177e-04
   2.6502526365078225e-04
   2.7158919955670946e-04
   2.7840229442462565e-04
   2.8547079866176255e-04
   2.9280119699052278e-04
   3.0040021439761228e-04
   3.0827482230359168e-04
   3.1643224495850629e-04
   3.2487996606946187e-04
   3.3362573566622612e-04
   3.4267757721115398e-04
   3.5204379495995975e-04
   3.6173298158008774e-04
   3.7175402603367101e-04
   3.8211612173230853e-04
   3.9282877497114375e-04
   4.0390181364997841e-04
   4.1534539628942528e-04
   4.2717002135036802e-04
   4.3938653686527923e-04
   4.5200615039022991e-04
   4.6504043928672191e-04
   4.7850136134277302e-04
   4.9240126574299874e-04
   5.0675290439775402e-04
   5.2156944364172648e-04
   5.3686447631271243e-04
   5.5265203422165583e-04
   5.6894660102538947e-04
   5.8576312551388422e-04
   6.0311703532419693e-04
   6.2102425109369420e-04
   6.3950120106553586e-04
   6.5856483615981385e-04
   6.7823264552417033e-04
   6.9852267257815997e-04
   7.1945353156607024e-04
   7.4104442463338396e-04
   7.6331515944254541e-04
   7.8628616734418698e-04
   8.0997852212048329e-04
   8.3441395931782125e-04
   8.5961489618651885e-04
   8.8560445224587748e-04
   9.1240647049343050e-04
   9.4004553927783585e-04
   9.6854701485547356e-04
   9.9793704465143095e-04
   1.0282425912462102e-03
   1.0594914571101480e-03
   1.0917123101082330e-03
   1.1249347097987037e-03
   1.1591891345495427e-03
   1.1945070094977262e-03
   1.2309207353768674e-03
   1.2684637182396776e-03
   1.3071704001024983e-03
   1.3470762905399940e-03
   1.3882179992589685e-03
   1.4306332696811632e-03
   1.4743610135658188e-03
   1.5194413467037326e-03
   1.5659156257155258e-03
   1.6138264859878407e-03
   1.6632178807822349e-03
