  -1.3004459840751677e+01
   1.0720319104417115e+01
   1.0902333680340890e+01
  -1.3685248286381507e+01
   1.0870290379915266e+01
   1.0875223826824287e+01
  -1.3704080091503053e+01
   1.1063615976814187e+01
   9.9397389954141637e+00
  -9.9227131380261078e+00
  -1.1143372348284599e+01
   1.4094644356305260e+01
  -1.4370580307504381e+01
   1.4094644367796942e+01
  -1.1143372457100678e+01
  -9.9227125878403601e+00
   9.9397370824900086e+00
   1.1063622493364571e+01
  -1.3704111147714057e+01
   1.0875491886711725e+01
   1.0869029269325951e+01
  -1.3679446273669239e+01
   1.0852497456181210e+01
   1.0954879254760483e+01
  -1.4074248183667041e+01
   1.4366278584631790e+01
  -1.4072368439446750e+01
   1.0937145068831379e+01
   1.0937685516976298e+01
  -1.4074475496315729e+01
   1.4385617261863473e+01
  -1.4264218078935798e+01
   1.2757580802194322e+01
  -1.3729372145657923e-05
  -1.2757608525593831e+01
   1.4264450493142574e+01
  -1.4387854974207745e+01
   1.4096508794407642e+01
  -1.1143755096499593e+01
  -9.9226018451085878e+00
   9.9397127881451333e+00
   1.1063601498584539e+01
  -1.3703980634828321e+01
   1.0874358991734407e+01
   1.0874359193359945e+01
  -1.3703981404873451e+01
   1.1063608104998282e+01
   9.9396801345320842e+00
  -9.9224878239057048e+00
  -1.1144141408950114e+01
   1.4098389094128024e+01
  -1.4405282036280404e+01
   1.4436258397916474e+01
  -1.4439343275411488e+01
   1.4439324685430162e+01
  -1.4436053203694970e+01
   1.4403241997648065e+01
  -1.4078235942697823e+01
   1.0955556845765358e+01
   1.0853150613221530e+01
  -1.3683253875645828e+01
   1.0901903003612921e+01
   1.0720415259887325e+01
  -1.3004474063539755e+01
   1.4966142165397569e+01
  -1.4256049477659026e+01
   1.4183187007320978e+01
  -1.4156503202439739e+01
   1.3961805181884852e+01
  -1.2072703583782918e+01
  -3.1566939873054136e+00
   6.3252929697564237e+00
   1.0872370964847205e+01
  -1.0067226098738463e+01
  -1.0802093406493995e+01
   1.3455890753574938e+01
  -1.0743746901977328e+01
  -1.0355654198577414e+01
   1.2036044291038905e+01
  -2.0389536212833548e-01
  -1.2447743390400730e+01
   1.3634093209462684e+01
  -1.0699810395476559e+01
  -1.0748152654558972e+01
   1.3821672702871563e+01
  -1.4141538577937283e+01
   1.4173797617560128e+01
  -1.4176727924336415e+01
   1.4173878277252619e+01
  -1.4142347906074363e+01
   1.3829668873760010e+01
  -1.0822898750811751e+01
  -1.0337089711971204e+01
   1.2033459555339928e+01
  -2.0521936369391838e-01
  -1.2447829813783995e+01
   1.3636046100461094e+01
  -1.0717563450699496e+01
  -1.0663815753459412e+01
   1.3429791188411039e+01
  -1.0651758484203128e+01
  -1.0775381749962435e+01
   1.3907831415550483e+01
  -1.4934016418254286e+01
   1.2999447950337679e+01
  -1.0700876341343013e+01
  -1.0987045687060128e+01
   1.4081568789161564e+01
  -1.4403232214355114e+01
   1.4432622742618168e+01
  -1.4404928485196193e+01
   1.4098496027799470e+01
  -1.1145508189613743e+01
  -9.9155372686724448e+00
   9.9155355648144390e+00
   1.1145516140526089e+01
  -1.4098535386202473e+01
   1.4405293472008433e+01
  -1.4436226246999913e+01
   1.4439009278212888e+01
  -1.4436004296228175e+01
   1.4403066746887953e+01
  -1.4076536277478388e+01
   1.0939685557816874e+01
   1.0929404992635339e+01
  -1.4036492530368372e+01
   1.4036653797174569e+01
  -1.0931078078503502e+01
  -1.0931666020810214e+01
   1.4038941527102903e+01
  -1.4057355792141619e+01
   1.1123053704532570e+01
   9.9900377063238199e+00
  -1.0169421432335040e+01
  -1.0251888800403757e+01
   1.0238259227626443e+01
   1.0238259227626441e+01
  -1.0251888800403755e+01
  -1.0169421432335040e+01
   9.9900377063238199e+00
   1.1123053704532570e+01
  -1.4057355792141619e+01
   1.4038941527102903e+01
  -1.0931666020810214e+01
  -1.0931078078503504e+01
   1.4036653797174569e+01
  -1.4036492530368372e+01
   1.0929404992635341e+01
   1.0939685557816873e+01
  -1.4076536277478386e+01
   1.4403066746887953e+01
  -1.4436004296228175e+01
   1.4439009278212888e+01
  -1.4436226246999913e+01
   1.4405293472008433e+01
  -1.4098535386202473e+01
   1.1145516140526089e+01
   9.9155355648144390e+00
  -9.9155372686724448e+00
  -1.1145508189613743e+01
   1.4098496027799470e+01
  -1.4404928485196191e+01
   1.4432622742618166e+01
  -1.4403232214355114e+01
   1.4081568789161564e+01
  -1.0987045687060126e+01
  -1.0700876341343013e+01
   1.2999447950337681e+01
