   6.7380545309474155e-02
   6.4335308301717103e-02
   6.1451660563312333e-02
   5.8722788989699237e-02
   5.6142191687033105e-02
   5.3703673475603543e-02
   5.1401340491272915e-02
   4.9229594100600758e-02
   4.7183124313229068e-02
   4.5256902847296172e-02
   4.3446175979616079e-02
   4.1746457291646763e-02
   4.0153520404465182e-02
   3.8663391780698476e-02
   3.7272343658307297e-02
   3.5976887169986024e-02
   3.4773765692484561e-02
   3.3659948462141674e-02
   3.2632624486155469e-02
   3.1689196773430961e-02
   3.0827276904088291e-02
   3.0044679952757357e-02
   2.9339419777512279e-02
   2.8709704683613446e-02
   2.8153933469039737e-02
   2.7670691857034801e-02
   2.7258749319493260e-02
   2.6917056293919241e-02
   2.6644741795850562e-02
   2.6441111428013891e-02
   2.6305645787019983e-02
   2.6237999268089798e-02
   2.6237999268089798e-02
   2.6305645787019983e-02
   2.6441111428013891e-02
   2.6644741795850562e-02
   2.6917056293919241e-02
   2.7258749319493264e-02
   2.7670691857034801e-02
   2.8153933469039740e-02
   2.8709704683613446e-02
   2.9339419777512282e-02
   3.0044679952757360e-02
   3.0827276904088294e-02
   3.1689196773430961e-02
   3.2632624486155476e-02
   3.3659948462141681e-02
   3.4773765692484561e-02
   3.5976887169986024e-02
   3.7272343658307304e-02
   3.8663391780698483e-02
   4.0153520404465175e-02
   4.1746457291646770e-02
   4.3446175979616072e-02
   4.5256902847296179e-02
   4.7183124313229061e-02
   4.9229594100600765e-02
   5.1401340491272922e-02
   5.3703673475603550e-02
   5.6142191687033112e-02
   5.8722788989699251e-02
   6.1451660563312339e-02
   6.4335308301717103e-02
   6.7380545309474155e-02
   7.2261228872047251e-02
   7.8995385348390706e-02
   8.5932078788261118e-02
   9.3087128026942995e-02
   1.0047632955353472e-01
   1.0811539605458780e-01
   1.1601987887294236e-01
   1.2420507201686377e-01
   1.3268589511938239e-01
   1.4147675251981179e-01
   1.5059136543197138e-01
   1.6004257399436558e-01
   1.6984210588964915e-01
   1.8000030820377588e-01
   1.9052583930639835e-01
   2.0142531781875264e-01
   2.1270292624764556e-01
   2.2435996766723293e-01
   2.3639437499480023e-01
   2.4880017400898344e-01
   2.5831696550447097e-01
   2.6492096904766999e-01
   2.7185309565965687e-01
   2.7910243182475464e-01
   2.8665594776804876e-01
   2.9449826161648168e-01
   3.0261140120371510e-01
   3.1097456842797583e-01
   3.1956391218806890e-01
   3.2835231710546303e-01
   3.3730921644731593e-01
   3.4640043883769867e-01
   3.5558809940556629e-01
   3.6483054687374333e-01
   3.7408237863244415e-01
   3.8329453594013052e-01
   3.9241449092436892e-01
   4.0138653589021545e-01
   4.1015218347491611e-01
   4.1865068333948147e-01
   4.2681965733441030e-01
   4.3459585046063581e-01
   4.4191598959255290e-01
   4.4871773605487225e-01
   4.5494071205949604e-01
   4.6052757510613046e-01
   4.6542510918455171e-01
   4.6958529746502264e-01
   4.7296633858166237e-01
   4.7553356798195501e-01
   4.7726024738744566e-01
   4.7812818926891554e-01
   4.7812818926891554e-01
   4.7726024738744566e-01
   4.7553356798195506e-01
   4.7296633858166248e-01
   4.6958529746502276e-01
   4.6542510918455188e-01
   4.6052757510613057e-01
   4.5494071205949627e-01
   4.4871773605487247e-01
   4.4191598959255307e-01
   4.3459585046063609e-01
   4.2681965733441057e-01
   4.1865068333948174e-01
   4.1015218347491633e-01
   4.0138653589021572e-01
   3.9241449092436920e-01
   3.8329453594013080e-01
   3.7408237863244442e-01
   3.6483054687374361e-01
   3.5558809940556657e-01
   3.4640043883769894e-01
   3.3730921644731621e-01
   3.2835231710546331e-01
   3.1956391218806918e-01
   3.1097456842797611e-01
   3.0261140120371532e-01
   2.9449826161648190e-01
   2.8665594776804898e-01
   2.7910243182475475e-01
   2.7185309565965698e-01
   2.6492096904767004e-01
   2.5831696550447103e-01
