   1.6153758284082296e+00
   1.6154484455098554e+00
   1.6156388312871670e+00
   1.6165796324857069e+00
   1.6190235343263204e+00
   1.6220065083446022e+00
   1.6248953532227426e+00
   1.6281393431178925e+00
   1.6323036579265249e+00
   1.6373790138517794e+00
   1.6429035745572835e+00
   1.6486355254602711e+00
   1.6546901369767819e+00
   1.6612270421044268e+00
   1.6682281843563720e+00
   1.6755542561088768e+00
   1.6831096417015288e+00
   1.6908900702302938e+00
   1.6989158525817571e+00
   1.7071733048958362e+00
   1.7156205029911371e+00
   1.7242220601470526e+00
   1.7329636753699715e+00
   1.7418410060203948e+00
   1.7508462878213749e+00
   1.7599671922605682e+00
   1.7691931041874955e+00
   1.7785187838058332e+00
   1.7879428364196688e+00
   1.7974649025096383e+00
   1.8070848832664961e+00
   1.8168038715506740e+00
   1.8266249110491133e+00
   1.8365527975036671e+00
   1.8465934876298717e+00
   1.8567538068849929e+00
   1.8670415164269250e+00
   1.8774654135422741e+00
   1.8880352671080392e+00
   1.8987616530418294e+00
   1.9096558237070613e+00
   1.9207296452340192e+00
   1.9319955505490067e+00
   1.9434664639100898e+00
   1.9551557018402614e+00
   1.9670768769397806e+00
   1.9792438174262381e+00
   1.9916704977958597e+00
   2.0043709747214189e+00
   2.0173593310893296e+00
   2.0306496363707303e+00
   2.0442559294792142e+00
   2.0581922259431567e+00
   2.0724725492083187e+00
   2.0871109859803108e+00
   2.1021217653172131e+00
   2.1175193597249811e+00
   2.1333186046934784e+00
   2.1495348320426944e+00
   2.1661840123062532e+00
   2.1832829017244548e+00
   2.2008491898991158e+00
   2.2189016447761611e+00
   2.2374602524410738e+00
   2.2565463501745979e+00
   2.2761827521453935e+00
   2.2963938678778186e+00
   2.3172058141932519e+00
   2.3386465217139172e+00
   2.3607458372692740e+00
   2.3835356236637355e+00
   2.4070498582720203e+00
   2.4313247318518920e+00
   2.4563987488358485e+00
   2.4823128302117285e+00
   2.5091104199404994e+00
   2.5368375956946232e+00
   2.5655431845397878e+00
   2.5952788840291419e+00
   2.6260993890366482e+00
   2.6580625245238099e+00
   2.6912293843140875e+00
   2.7256644758427129e+00
   2.7614358707647506e+00
   2.7986153612480722e+00
   2.8372786217677048e+00
   2.8775053762722238e+00
   2.9193795707372319e+00
   2.9629895513945268e+00
