   1.7052522958344773e-01
   1.6690344108154018e-01
   1.6362672255878152e-01
   1.6069076079831310e-01
   1.5809156668497537e-01
   1.5582551227821731e-01
   1.5388936195823597e-01
   1.5228029830095363e-01
   1.5099594324502047e-01
   1.5003437502526143e-01
   1.4939414126174722e-01
   1.4907426851163705e-01
   1.4907426851163705e-01
   1.4939414126174722e-01
   1.5003437502526143e-01
   1.5099594324502047e-01
   1.5228029830095366e-01
   1.5388936195823599e-01
   1.5582551227821731e-01
   1.5809156668497540e-01
   1.6069076079831313e-01
   1.6362672255878155e-01
   1.6690344108154020e-01
   1.7052522958344776e-01
   1.7382429082654346e-01
   1.7679906806352969e-01
   1.8012538869934558e-01
   1.8380694338681386e-01
   1.8784762621676551e-01
   1.9225147578403773e-01
   1.9702260699575361e-01
   2.0216513259521032e-01
   2.0768307329357000e-01
   2.1358025533105579e-01
   2.1986019423466421e-01
   2.2652596350702497e-01
   2.3358004697900175e-01
   2.4102417359668704e-01
   2.4885913350320701e-01
   2.5708457443078397e-01
   2.6569877765431732e-01
   2.7469841309165144e-01
   2.8407827358647036e-01
   2.9383098899699245e-01
   3.0394672145678397e-01
   3.1441284409096165e-01
   3.2521360657618525e-01
   3.3632979223449588e-01
   3.4773837284835285e-01
   3.5941216906330070e-01
   3.7131952607444463e-01
   3.8342401622041522e-01
   3.9568418205470834e-01
   4.0805333532030458e-01
   4.2047942887851242e-01
   4.3290501986472701e-01
   4.4526734296251613e-01
   4.5749851248476997e-01
   4.6952587070416529e-01
   4.8127249737909528e-01
   4.9265789151291461e-01
   5.0359883097545266e-01
   1.7382429082654352e-01
   1.7679906806352974e-01
   1.8012538869934561e-01
   1.8380694338681386e-01
   1.8784762621676548e-01
   1.9225147578403770e-01
   1.9702260699575358e-01
   2.0216513259521027e-01
   2.0768307329356991e-01
   2.1358025533105568e-01
   2.1986019423466413e-01
   2.2652596350702495e-01
   2.3358004697900173e-01
   2.4102417359668707e-01
   2.4885913350320707e-01
   2.5708457443078409e-01
   2.6569877765431743e-01
   2.7469841309165155e-01
   2.8407827358647053e-01
   2.9383098899699267e-01
   3.0394672145678425e-01
   3.1441284409096193e-01
   3.2521360657618553e-01
   3.3632979223449627e-01
   3.4773837284835318e-01
   3.5941216906330109e-01
   3.7131952607444507e-01
   3.8342401622041572e-01
   3.9568418205470879e-01
   4.0805333532030508e-01
   4.2047942887851292e-01
   4.3290501986472757e-01
   4.4526734296251669e-01
   4.5749851248477041e-01
   4.6952587070416557e-01
   4.8127249737909561e-01
   4.9265789151291478e-01
   5.0359883097545266e-01
   1.7382429082654352e-01
   1.7679906806352977e-01
   1.8012538869934563e-01
   1.8380694338681389e-01
   1.8784762621676551e-01
   1.9225147578403773e-01
   1.9702260699575361e-01
   2.0216513259521027e-01
   2.0768307329356994e-01
   2.1358025533105568e-01
   2.1986019423466416e-01
   2.2652596350702492e-01
   2.3358004697900170e-01
   2.4102417359668701e-01
   2.4885913350320693e-01
   2.5708457443078392e-01
   2.6569877765431726e-01
   2.7469841309165138e-01
   2.8407827358647036e-01
   2.9383098899699245e-01
   3.0394672145678397e-01
   3.1441284409096165e-01
   3.2521360657618525e-01
   3.3632979223449594e-01
   3.4773837284835285e-01
   3.5941216906330076e-01
   3.7131952607444468e-01
   3.8342401622041528e-01
   3.9568418205470840e-01
   4.0805333532030463e-01
   4.2047942887851253e-01
   4.3290501986472707e-01
   4.4526734296251624e-01
   4.5749851248477014e-01
   4.6952587070416540e-01
   4.8127249737909544e-01
   4.9265789151291478e-01
   5.0359883097545277e-01
   5.1667562665501288e-01
   5.3177008647372492e-01
   5.4608119052756698e-01
   5.5947086484347697e-01
   5.7180149084774501e-01
   5.8293894637682075e-01
   5.9275586463321717e-01
   6.0113498766922557e-01
   6.0797246864150134e-01
   6.1318096330751071e-01
   6.1669234867705658e-01
   6.1845991704123970e-01
   6.1845991704123970e-01
   6.1669234867705658e-01
   6.1318096330751071e-01
   6.0797246864150145e-01
   6.0113498766922557e-01
   5.9275586463321717e-01
   5.8293894637682075e-01
   5.7180149084774501e-01
   5.5947086484347697e-01
   5.4608119052756698e-01
   5.3177008647372492e-01
   5.1667562665501288e-01
