   1.6581627396254902e-02
   1.5301220457942551e-02
   1.4174800757411276e-02
   1.3191038855914364e-02
   1.2340038925189461e-02
   1.1613239751158985e-02
   1.1003329010349474e-02
   1.0504169997506696e-02
   1.0110740097265255e-02
   9.8190804027664842e-03
   9.6262559901694172e-03
   9.5303264605734444e-03
   9.5303264605734444e-03
   9.6262559901694172e-03
   9.8190804027664860e-03
   1.0110740097265255e-02
   1.0504169997506698e-02
   1.1003329010349476e-02
   1.1613239751158987e-02
   1.2340038925189463e-02
   1.3191038855914366e-02
   1.4174800757411276e-02
   1.5301220457942551e-02
   1.6581627396254902e-02
   1.7783866210005141e-02
   1.8917202313392396e-02
   2.0237880972692551e-02
   2.1758966946916976e-02
   2.3495503916818834e-02
   2.5464661328878431e-02
   2.7685901534577707e-02
   3.0181168617056928e-02
   3.2975100420280290e-02
   3.6095265402178202e-02
   3.9572426012976343e-02
   4.3440830339148175e-02
   4.7738533732802318e-02
   5.2507752039208114e-02
   5.7795247805149400e-02
   6.3652750448355139e-02
   7.0137410726409166e-02
   7.7312288872146140e-02
   8.5246874340879616e-02
   9.4017633082045568e-02
   1.0370857539093002e-01
   1.1441183343471367e-01
   1.2622823211505896e-01
   1.3926782955358044e-01
   1.5365039356226448e-01
   1.6950576722837601e-01
   1.8697405926773708e-01
   2.0620557196521938e-01
   2.2736035005165697e-01
   2.5060719640538665e-01
   2.7612195375000581e-01
   3.0408479471098798e-01
   3.3467619587268538e-01
   3.6807119701198771e-01
   4.0443147013999159e-01
   4.4389465572340242e-01
   4.8656038553231901e-01
   5.3247243532178257e-01
   1.7783866210005144e-02
   1.8917202313392403e-02
   2.0237880972692565e-02
   2.1758966946916994e-02
   2.3495503916818858e-02
   2.5464661328878459e-02
   2.7685901534577739e-02
   3.0181168617056966e-02
   3.2975100420280332e-02
   3.6095265402178250e-02
   3.9572426012976392e-02
   4.3440830339148237e-02
   4.7738533732802381e-02
   5.2507752039208190e-02
   5.7795247805149462e-02
   6.3652750448355194e-02
   7.0137410726409208e-02
   7.7312288872146182e-02
   8.5246874340879630e-02
   9.4017633082045568e-02
   1.0370857539093001e-01
   1.1441183343471367e-01
   1.2622823211505893e-01
   1.3926782955358041e-01
   1.5365039356226448e-01
   1.6950576722837599e-01
   1.8697405926773708e-01
   2.0620557196521935e-01
   2.2736035005165692e-01
   2.5060719640538659e-01
   2.7612195375000576e-01
   3.0408479471098787e-01
   3.3467619587268527e-01
   3.6807119701198759e-01
   4.0443147013999153e-01
   4.4389465572340236e-01
   4.8656038553231901e-01
   5.3247243532178268e-01
   1.7783866210005148e-02
   1.8917202313392403e-02
   2.0237880972692565e-02
   2.1758966946916994e-02
   2.3495503916818851e-02
   2.5464661328878455e-02
   2.7685901534577735e-02
   3.0181168617056952e-02
   3.2975100420280311e-02
   3.6095265402178223e-02
   3.9572426012976357e-02
   4.3440830339148195e-02
   4.7738533732802332e-02
   5.2507752039208128e-02
   5.7795247805149400e-02
   6.3652750448355139e-02
   7.0137410726409166e-02
   7.7312288872146140e-02
   8.5246874340879603e-02
   9.4017633082045540e-02
   1.0370857539092999e-01
   1.1441183343471363e-01
   1.2622823211505890e-01
   1.3926782955358036e-01
   1.5365039356226440e-01
   1.6950576722837590e-01
   1.8697405926773700e-01
   2.0620557196521927e-01
   2.2736035005165689e-01
   2.5060719640538653e-01
   2.7612195375000570e-01
   3.0408479471098782e-01
   3.3467619587268516e-01
   3.6807119701198748e-01
   4.0443147013999137e-01
   4.4389465572340225e-01
   4.8656038553231884e-01
   5.3247243532178257e-01
   5.9417167762584644e-01
   6.7151410270432255e-01
   7.5141099506204878e-01
   8.3297981517866326e-01
   9.1490689505947753e-01
   9.9540783238392549e-01
   1.0722310889273241e+00
   1.1427273279073995e+00
   1.2040023351738498e+00
   1.2531570611256793e+00
   1.2875944935649914e+00
   1.3053454627124164e+00
   1.3053454627124164e+00
   1.2875944935649914e+00
   1.2531570611256795e+00
   1.2040023351738500e+00
   1.1427273279073999e+00
   1.0722310889273245e+00
   9.9540783238392594e-01
   9.1490689505947775e-01
   8.3297981517866371e-01
   7.5141099506204923e-01
   6.7151410270432277e-01
   5.9417167762584655e-01
