   4.4574210837744856e-02
   4.2218658723015751e-02
   4.0120274891954598e-02
   3.8266373648050848e-02
   3.6645735031101252e-02
   3.5248541808729959e-02
   3.4066323847263387e-02
   3.3091909758894568e-02
   3.2319385714611133e-02
   3.1744061314264639e-02
   3.1362442414178932e-02
   3.1172210827040022e-02
   3.1172210827040022e-02
   3.1362442414178932e-02
   3.1744061314264646e-02
   3.2319385714611133e-02
   3.3091909758894575e-02
   3.4066323847263394e-02
   3.5248541808729966e-02
   3.6645735031101266e-02
   3.8266373648050862e-02
   4.0120274891954612e-02
   4.2218658723015765e-02
   4.4574210837744870e-02
   4.6756395950951810e-02
   4.8773882568853892e-02
   5.1083383603128807e-02
   5.3698565239488932e-02
   5.6634875456751402e-02
   5.9909623184094637e-02
   6.3542065034170092e-02
   6.7553499215578794e-02
   7.1967366033374044e-02
   7.6809354128417898e-02
   8.2107511269427849e-02
   8.7892358075442226e-02
   9.4197002486687276e-02
   1.0105725208850429e-01
   1.0851172048978744e-01
   1.1660192282066982e-01
   1.2537235399212346e-01
   1.3487054159194520e-01
   1.4514706310735265e-01
   1.5625551448560193e-01
   1.6825241378550701e-01
   1.8119701974685024e-01
   1.9515104042878351e-01
   2.1017820157726055e-01
   2.2634363804721255e-01
   2.4371306446607821e-01
   2.6235167352944838e-01
   2.8232270218471167e-01
   3.0368559805356843e-01
   3.2649371169451397e-01
   3.5079143612315966e-01
   3.7661071543534397e-01
   4.0396685223800038e-01
   4.3285356259675190e-01
   4.6323726196615173e-01
   4.9505062139484951e-01
   5.2818551568679828e-01
   5.6248559877503490e-01
   4.6756395950951830e-02
   4.8773882568853934e-02
   5.1083383603128876e-02
   5.3698565239489036e-02
   5.6634875456751534e-02
   5.9909623184094783e-02
   6.3542065034170273e-02
   6.7553499215578974e-02
   7.1967366033374253e-02
   7.6809354128418134e-02
   8.2107511269428113e-02
   8.7892358075442503e-02
   9.4197002486687581e-02
   1.0105725208850463e-01
   1.0851172048978781e-01
   1.1660192282067020e-01
   1.2537235399212387e-01
   1.3487054159194561e-01
   1.4514706310735309e-01
   1.5625551448560240e-01
   1.6825241378550745e-01
   1.8119701974685071e-01
   1.9515104042878401e-01
   2.1017820157726111e-01
   2.2634363804721308e-01
   2.4371306446607871e-01
   2.6235167352944883e-01
   2.8232270218471206e-01
   3.0368559805356882e-01
   3.2649371169451430e-01
   3.5079143612315999e-01
   3.7661071543534419e-01
   4.0396685223800061e-01
   4.3285356259675212e-01
   4.6323726196615189e-01
   4.9505062139484957e-01
   5.2818551568679839e-01
   5.6248559877503501e-01
   4.6756395950951830e-02
   4.8773882568853920e-02
   5.1083383603128842e-02
   5.3698565239488988e-02
   5.6634875456751464e-02
   5.9909623184094693e-02
   6.3542065034170161e-02
   6.7553499215578863e-02
   7.1967366033374128e-02
   7.6809354128417995e-02
   8.2107511269427960e-02
   8.7892358075442337e-02
   9.4197002486687401e-02
   1.0105725208850441e-01
   1.0851172048978758e-01
   1.1660192282066997e-01
   1.2537235399212365e-01
   1.3487054159194539e-01
   1.4514706310735284e-01
   1.5625551448560213e-01
   1.6825241378550723e-01
   1.8119701974685046e-01
   1.9515104042878376e-01
   2.1017820157726086e-01
   2.2634363804721280e-01
   2.4371306446607846e-01
   2.6235167352944849e-01
   2.8232270218471178e-01
   3.0368559805356854e-01
   3.2649371169451402e-01
   3.5079143612315966e-01
   3.7661071543534386e-01
   4.0396685223800027e-01
   4.3285356259675173e-01
   4.6323726196615156e-01
   4.9505062139484940e-01
   5.2818551568679817e-01
   5.6248559877503501e-01
   6.0676323621419559e-01
   6.6067364834331199e-01
   7.1461956581138242e-01
   7.6786751738767900e-01
   8.1952362100450549e-01
   8.6854746101458347e-01
   9.1378328010759968e-01
   9.5401054068430424e-01
   9.8801318615263578e-01
   1.0146632155231712e+00
   1.0330101654538824e+00
   1.0423648914224901e+00
   1.0423648914224899e+00
   1.0330101654538824e+00
   1.0146632155231710e+00
   9.8801318615263556e-01
   9.5401054068430391e-01
   9.1378328010759935e-01
   8.6854746101458313e-01
   8.1952362100450526e-01
   7.6786751738767889e-01
   7.1461956581138231e-01
   6.6067364834331199e-01
   6.0676323621419559e-01
