   3.3792568028550685e-01
   3.3777119753400492e-01
   3.3762917775451851e-01
   3.3750006550493694e-01
   3.3738426444683828e-01
   3.3728213622633646e-01
   3.3719399947646134e-01
   3.3712012894214610e-01
   3.3706075472871450e-01
   3.3701606167459480e-01
   3.3698618884883680e-01
   3.3697122917387756e-01
   3.3697122917387756e-01
   3.3698618884883680e-01
   3.3701606167459480e-01
   3.3706075472871455e-01
   3.3712012894214610e-01
   3.3719399947646139e-01
   3.3728213622633652e-01
   3.3738426444683833e-01
   3.3750006550493705e-01
   3.3762917775451856e-01
   3.3777119753400503e-01
   3.3792568028550696e-01
   3.3806395885595847e-01
   3.3818541714979372e-01
   3.3831786247809698e-01
   3.3846088476831915e-01
   3.3861404065327294e-01
   3.3877685472213559e-01
   3.3894882086975636e-01
   3.3912940374203954e-01
   3.3931804027490126e-01
   3.3951414132400431e-01
   3.3971709338216638e-01
   3.3992626038101131e-01
   3.4014098557309413e-01
   3.4036059349037728e-01
   3.4058439197457263e-01
   3.4081167427449138e-01
   3.4104172120516663e-01
   3.4127380336313240e-01
   3.4150718339186281e-01
   3.4174111829099918e-01
   3.4197486176262243e-01
   3.4220766658747281e-01
   3.4243878702367664e-01
   3.4266748122021695e-01
   3.4289301363708896e-01
   3.4311465746380981e-01
   3.4333169702771599e-01
   3.4354343018328032e-01
   3.4374917067352051e-01
   3.4394825045445299e-01
   3.4414002197347865e-01
   3.4432386039256435e-01
   3.4449916574712108e-01
   3.4466536503156442e-01
   3.4482191420268909e-01
   3.4496830009219170e-01
   3.4510404221993346e-01
   3.4522869449985449e-01
   3.3806395885595847e-01
   3.3818541714979378e-01
   3.3831786247809698e-01
   3.3846088476831920e-01
   3.3861404065327294e-01
   3.3877685472213559e-01
   3.3894882086975642e-01
   3.3912940374203959e-01
   3.3931804027490126e-01
   3.3951414132400437e-01
   3.3971709338216644e-01
   3.3992626038101137e-01
   3.4014098557309413e-01
   3.4036059349037734e-01
   3.4058439197457269e-01
   3.4081167427449144e-01
   3.4104172120516668e-01
   3.4127380336313240e-01
   3.4150718339186287e-01
   3.4174111829099924e-01
   3.4197486176262248e-01
   3.4220766658747287e-01
   3.4243878702367664e-01
   3.4266748122021701e-01
   3.4289301363708902e-01
   3.4311465746380992e-01
   3.4333169702771604e-01
   3.4354343018328037e-01
   3.4374917067352057e-01
   3.4394825045445304e-01
   3.4414002197347870e-01
   3.4432386039256441e-01
   3.4449916574712114e-01
   3.4466536503156447e-01
   3.4482191420268915e-01
   3.4496830009219170e-01
   3.4510404221993346e-01
   3.4522869449985449e-01
   3.3806395885595841e-01
   3.3818541714979372e-01
   3.3831786247809698e-01
   3.3846088476831915e-01
   3.3861404065327294e-01
   3.3877685472213559e-01
   3.3894882086975636e-01
   3.3912940374203954e-01
   3.3931804027490126e-01
   3.3951414132400431e-01
   3.3971709338216638e-01
   3.3992626038101137e-01
   3.4014098557309413e-01
   3.4036059349037728e-01
   3.4058439197457263e-01
   3.4081167427449138e-01
   3.4104172120516668e-01
   3.4127380336313240e-01
   3.4150718339186287e-01
   3.4174111829099924e-01
   3.4197486176262243e-01
   3.4220766658747287e-01
   3.4243878702367669e-01
   3.4266748122021701e-01
   3.4289301363708902e-01
   3.4311465746380987e-01
   3.4333169702771604e-01
   3.4354343018328037e-01
   3.4374917067352057e-01
   3.4394825045445304e-01
   3.4414002197347870e-01
   3.4432386039256446e-01
   3.4449916574712114e-01
   3.4466536503156447e-01
   3.4482191420268915e-01
   3.4496830009219176e-01
   3.4510404221993352e-01
   3.4522869449985455e-01
   3.4537081224112132e-01
   3.4552973554146954e-01
   3.4567596646143023e-01
   3.4580901435974443e-01
   3.4592843229230497e-01
   3.4603381866736832e-01
   3.4612481873857948e-01
   3.4620112592837693e-01
   3.4626248297512791e-01
   3.4630868289818639e-01
   3.4633956977595565e-01
   3.4635503933296913e-01
   3.4635503933296913e-01
   3.4633956977595565e-01
   3.4630868289818639e-01
   3.4626248297512791e-01
   3.4620112592837693e-01
   3.4612481873857948e-01
   3.4603381866736832e-01
   3.4592843229230497e-01
   3.4580901435974437e-01
   3.4567596646143023e-01
   3.4552973554146954e-01
   3.4537081224112137e-01
