   9.8876467824384889e-02
   9.5505498186458551e-02
   9.2476066243211710e-02
   8.9778069858676104e-02
   8.7402452510381520e-02
   8.5341194683318466e-02
   8.3587304719019276e-02
   8.2134809709485890e-02
   8.0978746913563174e-02
   8.0115156077488980e-02
   7.9541072958782183e-02
   7.9254524280690714e-02
   7.9254524280690714e-02
   7.9541072958782183e-02
   8.0115156077488980e-02
   8.0978746913563174e-02
   8.2134809709485890e-02
   8.3587304719019290e-02
   8.5341194683318480e-02
   8.7402452510381534e-02
   8.9778069858676118e-02
   9.2476066243211738e-02
   9.5505498186458579e-02
   9.8876467824384917e-02
   1.0196969172042382e-01
   1.0478960019075646e-01
   1.0797567259726570e-01
   1.1153804139694158e-01
   1.1548792918226823e-01
   1.1983764347068801e-01
   1.2460056643074029e-01
   1.2979113794628294e-01
   1.3542483011866030e-01
   1.4151811095886943e-01
   1.4808839462266016e-01
   1.5515397508648349e-01
   1.6273393964759517e-01
   1.7084805805533901e-01
   1.7951664244311616e-01
   1.8876037253601141e-01
   1.9860007986715161e-01
   2.0905648396383644e-01
   2.2014987268979117e-01
   2.3189971819360275e-01
   2.4432421927410714e-01
   2.5743976051188688e-01
   2.7126027833991118e-01
   2.8579652447569359e-01
   3.0105521798891888e-01
   3.1703807894889352e-01
   3.3374073934189269e-01
   3.5115153106091734e-01
   3.6925015656306243e-01
   3.8800625557438223e-01
   4.0737789126998070e-01
   4.2730999184139851e-01
   4.4773279828152618e-01
   4.6856038629152896e-01
   4.8968934877700870e-01
   5.1099774427563571e-01
   5.3234443406050180e-01
   5.5356894414909263e-01
   1.0196969172042383e-01
   1.0478960019075641e-01
   1.0797567259726561e-01
   1.1153804139694144e-01
   1.1548792918226809e-01
   1.1983764347068787e-01
   1.2460056643074012e-01
   1.2979113794628275e-01
   1.3542483011866008e-01
   1.4151811095886921e-01
   1.4808839462265991e-01
   1.5515397508648324e-01
   1.6273393964759489e-01
   1.7084805805533870e-01
   1.7951664244311583e-01
   1.8876037253601105e-01
   1.9860007986715122e-01
   2.0905648396383608e-01
   2.2014987268979078e-01
   2.3189971819360233e-01
   2.4432421927410669e-01
   2.5743976051188644e-01
   2.7126027833991062e-01
   2.8579652447569304e-01
   3.0105521798891832e-01
   3.1703807894889291e-01
   3.3374073934189208e-01
   3.5115153106091668e-01
   3.6925015656306176e-01
   3.8800625557438151e-01
   4.0737789126997997e-01
   4.2730999184139778e-01
   4.4773279828152557e-01
   4.6856038629152835e-01
   4.8968934877700832e-01
   5.1099774427563538e-01
   5.3234443406050169e-01
   5.5356894414909263e-01
   1.0196969172042386e-01
   1.0478960019075649e-01
   1.0797567259726575e-01
   1.1153804139694162e-01
   1.1548792918226829e-01
   1.1983764347068809e-01
   1.2460056643074038e-01
   1.2979113794628305e-01
   1.3542483011866044e-01
   1.4151811095886957e-01
   1.4808839462266032e-01
   1.5515397508648368e-01
   1.6273393964759536e-01
   1.7084805805533923e-01
   1.7951664244311641e-01
   1.8876037253601169e-01
   1.9860007986715192e-01
   2.0905648396383678e-01
   2.2014987268979150e-01
   2.3189971819360300e-01
   2.4432421927410738e-01
   2.5743976051188705e-01
   2.7126027833991134e-01
   2.8579652447569365e-01
   3.0105521798891888e-01
   3.1703807894889352e-01
   3.3374073934189263e-01
   3.5115153106091723e-01
   3.6925015656306226e-01
   3.8800625557438201e-01
   4.0737789126998042e-01
   4.2730999184139828e-01
   4.4773279828152596e-01
   4.6856038629152869e-01
   4.8968934877700859e-01
   5.1099774427563560e-01
   5.3234443406050169e-01
   5.5356894414909263e-01
   5.7984800262166325e-01
   6.1092236506080722e-01
   6.4109200856364423e-01
   6.6997592334990963e-01
   6.9716380456529503e-01
   7.2222691925781723e-01
   7.4473203801996091e-01
   7.6425797061725620e-01
   7.8041385056872881e-01
   7.9285794226948003e-01
   8.0131546877623860e-01
   8.0559385001773998e-01
   8.0559385001773998e-01
   8.0131546877623860e-01
   7.9285794226948003e-01
   7.8041385056872881e-01
   7.6425797061725631e-01
   7.4473203801996091e-01
   7.2222691925781735e-01
   6.9716380456529514e-01
   6.6997592334990974e-01
   6.4109200856364423e-01
   6.1092236506080733e-01
   5.7984800262166325e-01
