   2.0743812685641574e-01
   2.0407474509753526e-01
   2.0102221681065516e-01
   1.9827934475530531e-01
   1.9584491992970435e-01
   1.9371776510773811e-01
   1.9189677242987674e-01
   1.9038093542966886e-01
   1.8916937583644144e-01
   1.8826136545051600e-01
   1.8765634334055192e-01
   1.8735392856426378e-01
   1.8735392856426378e-01
   1.8765634334055192e-01
   1.8826136545051603e-01
   1.8916937583644147e-01
   1.9038093542966886e-01
   1.9189677242987674e-01
   1.9371776510773814e-01
   1.9584491992970438e-01
   1.9827934475530537e-01
   2.0102221681065516e-01
   2.0407474509753531e-01
   2.0743812685641577e-01
   2.1049123520108609e-01
   2.1322999695652356e-01
   2.1627729840995696e-01
   2.1963367940693221e-01
   2.2329954382526934e-01
   2.2727510080946631e-01
   2.3156029885251453e-01
   2.3615475235246997e-01
   2.4105766029056291e-01
   2.4626771671513284e-01
   2.5178301277484316e-01
   2.5760093012946977e-01
   2.6371802568141572e-01
   2.7012990772058842e-01
   2.7683110376411507e-01
   2.8381492060519159e-01
   2.9107329736643478e-01
   2.9859665268594576e-01
   3.0637372755122438e-01
   3.1439142573761825e-01
   3.2263465430223709e-01
   3.3108616712606803e-01
   3.3972641507720097e-01
   3.4853340697252283e-01
   3.5748258612416417e-01
   3.6654672784419839e-01
   3.7569586381363818e-01
   3.8489723965985884e-01
   3.9411531238418351e-01
   4.0331179438745557e-01
   4.1244575070216366e-01
   4.2147375560152123e-01
   4.3035011396977579e-01
   4.3902715164445677e-01
   4.4745557735621644e-01
   4.5558491689289538e-01
   4.6336401772646035e-01
   4.7074161962183447e-01
   2.1049123520108615e-01
   2.1322999695652362e-01
   2.1627729840995705e-01
   2.1963367940693232e-01
   2.2329954382526945e-01
   2.2727510080946642e-01
   2.3156029885251464e-01
   2.3615475235247010e-01
   2.4105766029056303e-01
   2.4626771671513298e-01
   2.5178301277484333e-01
   2.5760093012946994e-01
   2.6371802568141589e-01
   2.7012990772058865e-01
   2.7683110376411524e-01
   2.8381492060519181e-01
   2.9107329736643506e-01
   2.9859665268594598e-01
   3.0637372755122461e-01
   3.1439142573761852e-01
   3.2263465430223737e-01
   3.3108616712606831e-01
   3.3972641507720125e-01
   3.4853340697252316e-01
   3.5748258612416445e-01
   3.6654672784419867e-01
   3.7569586381363845e-01
   3.8489723965985917e-01
   3.9411531238418390e-01
   4.0331179438745590e-01
   4.1244575070216399e-01
   4.2147375560152162e-01
   4.3035011396977607e-01
   4.3902715164445705e-01
   4.4745557735621666e-01
   4.5558491689289560e-01
   4.6336401772646046e-01
   4.7074161962183458e-01
   2.1049123520108617e-01
   2.1322999695652362e-01
   2.1627729840995702e-01
   2.1963367940693224e-01
   2.2329954382526940e-01
   2.2727510080946631e-01
   2.3156029885251458e-01
   2.3615475235247002e-01
   2.4105766029056294e-01
   2.4626771671513287e-01
   2.5178301277484322e-01
   2.5760093012946983e-01
   2.6371802568141572e-01
   2.7012990772058848e-01
   2.7683110376411502e-01
   2.8381492060519165e-01
   2.9107329736643484e-01
   2.9859665268594582e-01
   3.0637372755122444e-01
   3.1439142573761830e-01
   3.2263465430223714e-01
   3.3108616712606809e-01
   3.3972641507720103e-01
   3.4853340697252289e-01
   3.5748258612416423e-01
   3.6654672784419839e-01
   3.7569586381363818e-01
   3.8489723965985889e-01
   3.9411531238418357e-01
   4.0331179438745562e-01
   4.1244575070216372e-01
   4.2147375560152128e-01
   4.3035011396977579e-01
   4.3902715164445683e-01
   4.4745557735621644e-01
   4.5558491689289549e-01
   4.6336401772646041e-01
   4.7074161962183453e-01
   4.7943977991880471e-01
   4.8938772618007270e-01
   4.9873630135786112e-01
   5.0741006837625424e-01
   5.1533578842957151e-01
   5.2244375885953442e-01
   5.2866917539992997e-01
   5.3395347424470585e-01
   5.3824560592251514e-01
   5.4150319198489527e-01
   5.4369351737977112e-01
   5.4479431620786167e-01
   5.4479431620786167e-01
   5.4369351737977112e-01
   5.4150319198489527e-01
   5.3824560592251514e-01
   5.3395347424470585e-01
   5.2866917539992997e-01
   5.2244375885953442e-01
   5.1533578842957151e-01
   5.0741006837625424e-01
   4.9873630135786112e-01
   4.8938772618007276e-01
   4.7943977991880471e-01
