   1.0628997177238561e-01
   1.0284387947581759e-01
   9.9744447858047605e-02
   9.6982099386546020e-02
   9.4548230775895026e-02
   9.2435210622530600e-02
   9.0636375652038914e-02
   8.9146026220320779e-02
   8.7959421592182341e-02
   8.7072775418930784e-02
   8.6483251747573389e-02
   8.6188961815696560e-02
   8.6188961815696560e-02
   8.6483251747573389e-02
   8.7072775418930784e-02
   8.7959421592182341e-02
   8.9146026220320779e-02
   9.0636375652038928e-02
   9.2435210622530600e-02
   9.4548230775895040e-02
   9.6982099386546033e-02
   9.9744447858047605e-02
   1.0284387947581761e-01
   1.0628997177238562e-01
   1.0944935423993457e-01
   1.1232582296790182e-01
   1.1557180869109737e-01
   1.1919682099804736e-01
   1.2321136171213957e-01
   1.2762691105725052e-01
   1.3245590771793314e-01
   1.3771172116371660e-01
   1.4340861431780719e-01
   1.4956169432142780e-01
   1.5618684877299027e-01
   1.6330066440388943e-01
   1.7092032468894272e-01
   1.7906348238046552e-01
   1.8774810240480727e-01
   1.9699226997728711e-01
   2.0681395819014073e-01
   2.1723074873042034e-01
   2.2825949882310298e-01
   2.3991594701432578e-01
   2.5221425007232234e-01
   2.6516644317067922e-01
   2.7878181573464905e-01
   2.9306619600750800e-01
   3.0802113868983810e-01
   3.2364301210806456e-01
   3.3992198449248290e-01
   3.5684091331859635e-01
   3.7437414751837478e-01
   3.9248625990397912e-01
   4.1113073650584830e-01
   4.3024866073434909e-01
   4.4976744317195128e-01
   4.6959966197362984e-01
   4.8964209353666421e-01
   5.0977502711940237e-01
   5.2986196879954073e-01
   5.4974984746691902e-01
   1.0944935423993458e-01
   1.1232582296790186e-01
   1.1557180869109741e-01
   1.1919682099804740e-01
   1.2321136171213962e-01
   1.2762691105725060e-01
   1.3245590771793322e-01
   1.3771172116371666e-01
   1.4340861431780730e-01
   1.4956169432142791e-01
   1.5618684877299036e-01
   1.6330066440388957e-01
   1.7092032468894286e-01
   1.7906348238046566e-01
   1.8774810240480741e-01
   1.9699226997728725e-01
   2.0681395819014090e-01
   2.1723074873042050e-01
   2.2825949882310315e-01
   2.3991594701432603e-01
   2.5221425007232257e-01
   2.6516644317067944e-01
   2.7878181573464927e-01
   2.9306619600750827e-01
   3.0802113868983838e-01
   3.2364301210806484e-01
   3.3992198449248318e-01
   3.5684091331859669e-01
   3.7437414751837511e-01
   3.9248625990397945e-01
   4.1113073650584869e-01
   4.3024866073434948e-01
   4.4976744317195150e-01
   4.6959966197363007e-01
   4.8964209353666444e-01
   5.0977502711940259e-01
   5.2986196879954084e-01
   5.4974984746691913e-01
   1.0944935423993460e-01
   1.1232582296790188e-01
   1.1557180869109744e-01
   1.1919682099804743e-01
   1.2321136171213964e-01
   1.2762691105725066e-01
   1.3245590771793325e-01
   1.3771172116371672e-01
   1.4340861431780735e-01
   1.4956169432142796e-01
   1.5618684877299041e-01
   1.6330066440388963e-01
   1.7092032468894294e-01
   1.7906348238046574e-01
   1.8774810240480747e-01
   1.9699226997728736e-01
   2.0681395819014098e-01
   2.1723074873042061e-01
   2.2825949882310326e-01
   2.3991594701432611e-01
   2.5221425007232262e-01
   2.6516644317067950e-01
   2.7878181573464933e-01
   2.9306619600750827e-01
   3.0802113868983838e-01
   3.2364301210806484e-01
   3.3992198449248318e-01
   3.5684091331859663e-01
   3.7437414751837506e-01
   3.9248625990397934e-01
   4.1113073650584858e-01
   4.3024866073434931e-01
   4.4976744317195139e-01
   4.6959966197363001e-01
   4.8964209353666444e-01
   5.0977502711940248e-01
   5.2986196879954084e-01
   5.4974984746691913e-01
   5.7426667936541020e-01
   6.0317010389885772e-01
   6.3114746511733610e-01
   6.5785309497282796e-01
   6.8291865996136603e-01
   7.0596290653450899e-01
   7.2660381033165011e-01
   7.4447269573410924e-01
   7.5922959261526624e-01
   7.7057882518210918e-01
   7.7828363631952546e-01
   7.8217858924300920e-01
   7.8217858924300920e-01
   7.7828363631952546e-01
   7.7057882518210929e-01
   7.5922959261526635e-01
   7.4447269573410935e-01
   7.2660381033165022e-01
   7.0596290653450910e-01
   6.8291865996136625e-01
   6.5785309497282818e-01
   6.3114746511733633e-01
   6.0317010389885795e-01
   5.7426667936541032e-01
