   1.3003914128486579e-01
   1.2643241982791453e-01
   1.2318093566015130e-01
   1.2027694163006006e-01
   1.1771342670096860e-01
   1.1548413153775541e-01
   1.1358356041521840e-01
   1.1200699018404336e-01
   1.1075047690750710e-01
   1.0981086067176263e-01
   1.0918576897287799e-01
   1.0887361899285927e-01
   1.0887361899285929e-01
   1.0918576897287800e-01
   1.0981086067176266e-01
   1.1075047690750715e-01
   1.1200699018404343e-01
   1.1358356041521846e-01
   1.1548413153775550e-01
   1.1771342670096868e-01
   1.2027694163006013e-01
   1.2318093566015137e-01
   1.2643241982791462e-01
   1.3003914128486585e-01
   1.3333734676851378e-01
   1.3632879521375513e-01
   1.3969239881746337e-01
   1.4343556677036162e-01
   1.4756639181783868e-01
   1.5209361332391003e-01
   1.5702657187033017e-01
   1.6237515382551293e-01
   1.6814972409264339e-01
   1.7436104500306110e-01
   1.8102017906136320e-01
   1.8813837297603053e-01
   1.9572692012916107e-01
   2.0379699835931986e-01
   2.1235947966434277e-01
   2.2142470819236673e-01
   2.3100224270108213e-01
   2.4110055955548143e-01
   2.5172671233924460e-01
   2.6288594431925849e-01
   2.7458125038129855e-01
   2.8681288571256291e-01
   2.9957781951855572e-01
   3.1286913351143725e-01
   3.2667536688376353e-01
   3.4097981207528799e-01
   3.5575976893315941e-01
   3.7098576891979601e-01
   3.8662078586473780e-01
   4.0261945535780796e-01
   4.1892733113171199e-01
   4.3548021346651805e-01
   4.5220359141614797e-01
   4.6901224700163247e-01
   4.8581007476288968e-01
   5.0249017337421376e-01
   5.1893526644534305e-01
   5.3501850612968771e-01
   1.3333734676851380e-01
   1.3632879521375518e-01
   1.3969239881746340e-01
   1.4343556677036165e-01
   1.4756639181783870e-01
   1.5209361332391008e-01
   1.5702657187033023e-01
   1.6237515382551299e-01
   1.6814972409264342e-01
   1.7436104500306113e-01
   1.8102017906136322e-01
   1.8813837297603056e-01
   1.9572692012916107e-01
   2.0379699835931989e-01
   2.1235947966434279e-01
   2.2142470819236670e-01
   2.3100224270108213e-01
   2.4110055955548146e-01
   2.5172671233924454e-01
   2.6288594431925855e-01
   2.7458125038129855e-01
   2.8681288571256297e-01
   2.9957781951855578e-01
   3.1286913351143730e-01
   3.2667536688376353e-01
   3.4097981207528799e-01
   3.5575976893315947e-01
   3.7098576891979601e-01
   3.8662078586473780e-01
   4.0261945535780802e-01
   4.1892733113171204e-01
   4.3548021346651805e-01
   4.5220359141614797e-01
   4.6901224700163247e-01
   4.8581007476288973e-01
   5.0249017337421364e-01
   5.1893526644534305e-01
   5.3501850612968771e-01
   1.3333734676851380e-01
   1.3632879521375516e-01
   1.3969239881746337e-01
   1.4343556677036159e-01
   1.4756639181783862e-01
   1.5209361332390997e-01
   1.5702657187033012e-01
   1.6237515382551285e-01
   1.6814972409264328e-01
   1.7436104500306096e-01
   1.8102017906136303e-01
   1.8813837297603034e-01
   1.9572692012916085e-01
   2.0379699835931964e-01
   2.1235947966434252e-01
   2.2142470819236643e-01
   2.3100224270108183e-01
   2.4110055955548113e-01
   2.5172671233924421e-01
   2.6288594431925816e-01
   2.7458125038129816e-01
   2.8681288571256247e-01
   2.9957781951855533e-01
   3.1286913351143680e-01
   3.2667536688376303e-01
   3.4097981207528744e-01
   3.5575976893315892e-01
   3.7098576891979546e-01
   3.8662078586473719e-01
   4.0261945535780741e-01
   4.1892733113171143e-01
   4.3548021346651744e-01
   4.5220359141614735e-01
   4.6901224700163197e-01
   4.8581007476288940e-01
   5.0249017337421342e-01
   5.1893526644534294e-01
   5.3501850612968760e-01
   5.5459455310919670e-01
   5.7747266264119879e-01
   5.9942688768453001e-01
   6.2020699389493816e-01
   6.3955396462765257e-01
   6.5720660013733601e-01
   6.7290918600069227e-01
   6.8641992768933902e-01
   6.9751972718360122e-01
   7.0602077989925527e-01
   7.1177441436018629e-01
   7.1467759799169839e-01
   7.1467759799169839e-01
   7.1177441436018629e-01
   7.0602077989925527e-01
   6.9751972718360122e-01
   6.8641992768933902e-01
   6.7290918600069227e-01
   6.5720660013733601e-01
   6.3955396462765257e-01
   6.2020699389493816e-01
   5.9942688768452990e-01
   5.7747266264119879e-01
   5.5459455310919670e-01
