   8.1456333909084286e-02
   7.8313754463438620e-02
   7.5495532019911632e-02
   7.2990448682650533e-02
   7.0788490995504383e-02
   6.8880825607263177e-02
   6.7259776591077194e-02
   6.5918804846453807e-02
   6.4852489921211953e-02
   6.4056514515936719e-02
   6.3527651871642096e-02
   6.3263756189755785e-02
   6.3263756189755785e-02
   6.3527651871642110e-02
   6.4056514515936733e-02
   6.4852489921211967e-02
   6.5918804846453807e-02
   6.7259776591077208e-02
   6.8880825607263205e-02
   7.0788490995504397e-02
   7.2990448682650533e-02
   7.5495532019911646e-02
   7.8313754463438634e-02
   8.1456333909084314e-02
   8.4346637388252405e-02
   8.6990562050200518e-02
   8.9987392277533537e-02
   9.3348633271356674e-02
   9.7087110278098146e-02
   1.0121698619181656e-01
   1.0575377713360791e-01
   1.1071436459635349e-01
   1.1611700243295196e-01
   1.2198131659690616e-01
   1.2832829510617827e-01
   1.3518026518430601e-01
   1.4256085392607562e-01
   1.5049492812765133e-01
   1.5900850810261863e-01
   1.6812864936715349e-01
   1.7788328501385606e-01
   1.8830102040430516e-01
   1.9941087050295953e-01
   2.1124192876973727e-01
   2.2382295506303782e-01
   2.3718186854099924e-01
   2.5134513018100962e-01
   2.6633699840343855e-01
   2.8217864057743386e-01
   2.9888708316408474e-01
   3.1647398425488649e-01
   3.3494421472095259e-01
   3.5429423862491616e-01
   3.7451029057479085e-01
   3.9556635799204182e-01
   4.1742199051060519e-01
   4.4001997752674310e-01
   4.6328395867179839e-01
   4.8711606066070273e-01
   5.1139468689749623e-01
   5.3597262176296101e-01
   5.6067564679196380e-01
   8.4346637388252418e-02
   8.6990562050200504e-02
   8.9987392277533551e-02
   9.3348633271356674e-02
   9.7087110278098132e-02
   1.0121698619181654e-01
   1.0575377713360791e-01
   1.1071436459635346e-01
   1.1611700243295195e-01
   1.2198131659690616e-01
   1.2832829510617827e-01
   1.3518026518430604e-01
   1.4256085392607562e-01
   1.5049492812765136e-01
   1.5900850810261863e-01
   1.6812864936715352e-01
   1.7788328501385614e-01
   1.8830102040430521e-01
   1.9941087050295958e-01
   2.1124192876973735e-01
   2.2382295506303793e-01
   2.3718186854099932e-01
   2.5134513018100973e-01
   2.6633699840343872e-01
   2.8217864057743403e-01
   2.9888708316408491e-01
   3.1647398425488665e-01
   3.3494421472095282e-01
   3.5429423862491632e-01
   3.7451029057479107e-01
   3.9556635799204204e-01
   4.1742199051060547e-01
   4.4001997752674332e-01
   4.6328395867179856e-01
   4.8711606066070290e-01
   5.1139468689749645e-01
   5.3597262176296112e-01
   5.6067564679196380e-01
   8.4346637388252418e-02
   8.6990562050200518e-02
   8.9987392277533537e-02
   9.3348633271356660e-02
   9.7087110278098104e-02
   1.0121698619181652e-01
   1.0575377713360787e-01
   1.1071436459635343e-01
   1.1611700243295191e-01
   1.2198131659690611e-01
   1.2832829510617821e-01
   1.3518026518430598e-01
   1.4256085392607556e-01
   1.5049492812765128e-01
   1.5900850810261855e-01
   1.6812864936715341e-01
   1.7788328501385603e-01
   1.8830102040430510e-01
   1.9941087050295944e-01
   2.1124192876973721e-01
   2.2382295506303779e-01
   2.3718186854099918e-01
   2.5134513018100962e-01
   2.6633699840343861e-01
   2.8217864057743397e-01
   2.9888708316408485e-01
   3.1647398425488660e-01
   3.3494421472095276e-01
   3.5429423862491632e-01
   3.7451029057479102e-01
   3.9556635799204204e-01
   4.1742199051060541e-01
   4.4001997752674327e-01
   4.6328395867179856e-01
   4.8711606066070290e-01
   5.1139468689749645e-01
   5.3597262176296112e-01
   5.6067564679196380e-01
   5.9160587130914599e-01
   6.2846491404850058e-01
   6.6453289249949998e-01
   6.9933397597498581e-01
   7.3234080121386957e-01
   7.6298803378140279e-01
   7.9069129008274941e-01
   8.1487099818966557e-01
   8.3498003213027039e-01
   8.5053318676750500e-01
   8.6113592250347604e-01
   8.6650946889878588e-01
   8.6650946889878588e-01
   8.6113592250347604e-01
   8.5053318676750500e-01
   8.3498003213027050e-01
   8.1487099818966557e-01
   7.9069129008274952e-01
   7.6298803378140290e-01
   7.3234080121386957e-01
   6.9933397597498581e-01
   6.6453289249950009e-01
   6.2846491404850069e-01
   5.9160587130914599e-01
