   4.9395595872157638e-02
   4.6907291096786881e-02
   4.4688045820591341e-02
   4.2725256651457856e-02
   4.1007761332573327e-02
   3.9525781303535720e-02
   3.8270870793150225e-02
   3.7235872427131493e-02
   3.6414879312170564e-02
   3.5803203546891330e-02
   3.5397351107619178e-02
   3.5195003060590951e-02
   3.5195003060590951e-02
   3.5397351107619185e-02
   3.5803203546891330e-02
   3.6414879312170564e-02
   3.7235872427131493e-02
   3.8270870793150231e-02
   3.9525781303535720e-02
   4.1007761332573334e-02
   4.2725256651457863e-02
   4.4688045820591348e-02
   4.6907291096786888e-02
   4.9395595872157645e-02
   5.1697841558693336e-02
   5.3822386926050861e-02
   5.6250274519811842e-02
   5.8994982388638532e-02
   6.2071714549136230e-02
   6.5497470816757511e-02
   6.9291122653602419e-02
   7.3473494445852702e-02
   7.8067449400199912e-02
   8.3097978959966262e-02
   8.8592294271851266e-02
   9.4579917764102975e-02
   1.0109277230310088e-01
   1.0816526464983406e-01
   1.1583435900720239e-01
   1.2413963529416769e-01
   1.3312332535791618e-01
   1.4283031858836048e-01
   1.5330812627271626e-01
   1.6460679145951607e-01
   1.7677872802821434e-01
   1.8987846902390518e-01
   2.0396230007150559e-01
   2.1908774881225759e-01
   2.3531289583770801e-01
   2.5269546664002729e-01
   2.7129165787869702e-01
   2.9115464518175188e-01
   3.1233271439872490e-01
   3.3486695467700461e-01
   3.5878845134818338e-01
   3.8411492132157027e-01
   4.1084674603591209e-01
   4.3896238020209299e-01
   4.6841315231015995e-01
   4.9911752916056751e-01
   5.3095499515782207e-01
   5.6375980005831328e-01
   5.1697841558693357e-02
   5.3822386926050875e-02
   5.6250274519811870e-02
   5.8994982388638560e-02
   6.2071714549136285e-02
   6.5497470816757566e-02
   6.9291122653602488e-02
   7.3473494445852786e-02
   7.8067449400199995e-02
   8.3097978959966359e-02
   8.8592294271851391e-02
   9.4579917764103114e-02
   1.0109277230310103e-01
   1.0816526464983424e-01
   1.1583435900720256e-01
   1.2413963529416787e-01
   1.3312332535791638e-01
   1.4283031858836068e-01
   1.5330812627271642e-01
   1.6460679145951629e-01
   1.7677872802821457e-01
   1.8987846902390540e-01
   2.0396230007150584e-01
   2.1908774881225787e-01
   2.3531289583770820e-01
   2.5269546664002751e-01
   2.7129165787869725e-01
   2.9115464518175199e-01
   3.1233271439872501e-01
   3.3486695467700461e-01
   3.5878845134818338e-01
   3.8411492132157027e-01
   4.1084674603591204e-01
   4.3896238020209294e-01
   4.6841315231015995e-01
   4.9911752916056751e-01
   5.3095499515782207e-01
   5.6375980005831328e-01
   5.1697841558693350e-02
   5.3822386926050875e-02
   5.6250274519811877e-02
   5.8994982388638560e-02
   6.2071714549136285e-02
   6.5497470816757580e-02
   6.9291122653602488e-02
   7.3473494445852799e-02
   7.8067449400200009e-02
   8.3097978959966373e-02
   8.8592294271851404e-02
   9.4579917764103127e-02
   1.0109277230310104e-01
   1.0816526464983424e-01
   1.1583435900720257e-01
   1.2413963529416791e-01
   1.3312332535791643e-01
   1.4283031858836076e-01
   1.5330812627271653e-01
   1.6460679145951637e-01
   1.7677872802821470e-01
   1.8987846902390554e-01
   2.0396230007150598e-01
   2.1908774881225804e-01
   2.3531289583770840e-01
   2.5269546664002773e-01
   2.7129165787869741e-01
   2.9115464518175221e-01
   3.1233271439872529e-01
   3.3486695467700495e-01
   3.5878845134818371e-01
   3.8411492132157060e-01
   4.1084674603591242e-01
   4.3896238020209316e-01
   4.6841315231016017e-01
   4.9911752916056762e-01
   5.3095499515782207e-01
   5.6375980005831328e-01
   6.0590460506744870e-01
   6.5704359162509751e-01
   7.0803186792903117e-01
   7.5817327969521053e-01
   8.0663369981180211e-01
   8.5245612814629845e-01
   8.9459061501251935e-01
   9.3194026986940792e-01
   9.6342230605936152e-01
   9.8804007399707128e-01
   1.0049589238555106e+00
   1.0135763767703243e+00
   1.0135763767703243e+00
   1.0049589238555108e+00
   9.8804007399707117e-01
   9.6342230605936141e-01
   9.3194026986940781e-01
   8.9459061501251913e-01
   8.5245612814629823e-01
   8.0663369981180200e-01
   7.5817327969521042e-01
   7.0803186792903117e-01
   6.5704359162509762e-01
   6.0590460506744892e-01
