   1.6568484007440473e-01
   1.6204833911592217e-01
   1.5875966995977989e-01
   1.5581409991765577e-01
   1.5320726849039623e-01
   1.5093522259526118e-01
   1.4899444601466103e-01
   1.4738188374616129e-01
   1.4609496183545537e-01
   1.4513160318068988e-01
   1.4449023970765756e-01
   1.4416982123043962e-01
   1.4416982123043962e-01
   1.4449023970765756e-01
   1.4513160318068988e-01
   1.4609496183545537e-01
   1.4738188374616129e-01
   1.4899444601466103e-01
   1.5093522259526115e-01
   1.5320726849039620e-01
   1.5581409991765577e-01
   1.5875966995977986e-01
   1.6204833911592215e-01
   1.6568484007440470e-01
   1.6899880712506318e-01
   1.7198905871544776e-01
   1.7533484960116763e-01
   1.7904031101895160e-01
   1.8310983031119132e-01
   1.8754799339991793e-01
   1.9235951790267425e-01
   1.9754917578115425e-01
   2.0312170431549151e-01
   2.0908170410733501e-01
   2.1543352273843591e-01
   2.2218112265492584e-01
   2.2932793181900715e-01
   2.3687667567953136e-01
   2.4482918907318285e-01
   2.5318620679327530e-01
   2.6194713177046991e-01
   2.7110978011833675e-01
   2.8067010272798870e-01
   2.9062188367297626e-01
   3.0095641643183135e-01
   3.1166215987395440e-01
   3.2272437710506702e-01
   3.3412476164593363e-01
   3.4584105702831075e-01
   3.5784667772785145e-01
   3.7011034138959981e-01
   3.8259572448881712e-01
   3.9526115583010279e-01
   4.0805936450874564e-01
   4.2093730098969429e-01
   4.3383605161209754e-01
   4.4669086787537288e-01
   4.5943133205240816e-01
   4.7198167973968497e-01
   4.8426129763495546e-01
   4.9618541091203838e-01
   5.0766596889676341e-01
   1.6899880712506318e-01
   1.7198905871544770e-01
   1.7533484960116760e-01
   1.7904031101895149e-01
   1.8310983031119119e-01
   1.8754799339991773e-01
   1.9235951790267405e-01
   1.9754917578115400e-01
   2.0312170431549123e-01
   2.0908170410733470e-01
   2.1543352273843555e-01
   2.2218112265492548e-01
   2.2932793181900682e-01
   2.3687667567953102e-01
   2.4482918907318252e-01
   2.5318620679327497e-01
   2.6194713177046963e-01
   2.7110978011833653e-01
   2.8067010272798848e-01
   2.9062188367297598e-01
   3.0095641643183113e-01
   3.1166215987395418e-01
   3.2272437710506680e-01
   3.3412476164593347e-01
   3.4584105702831053e-01
   3.5784667772785128e-01
   3.7011034138959964e-01
   3.8259572448881696e-01
   3.9526115583010268e-01
   4.0805936450874547e-01
   4.2093730098969423e-01
   4.3383605161209743e-01
   4.4669086787537282e-01
   4.5943133205240810e-01
   4.7198167973968491e-01
   4.8426129763495535e-01
   4.9618541091203833e-01
   5.0766596889676341e-01
   1.6899880712506324e-01
   1.7198905871544778e-01
   1.7533484960116763e-01
   1.7904031101895154e-01
   1.8310983031119124e-01
   1.8754799339991779e-01
   1.9235951790267411e-01
   1.9754917578115402e-01
   2.0312170431549129e-01
   2.0908170410733476e-01
   2.1543352273843558e-01
   2.2218112265492557e-01
   2.2932793181900687e-01
   2.3687667567953111e-01
   2.4482918907318260e-01
   2.5318620679327503e-01
   2.6194713177046963e-01
   2.7110978011833653e-01
   2.8067010272798848e-01
   2.9062188367297603e-01
   3.0095641643183119e-01
   3.1166215987395418e-01
   3.2272437710506685e-01
   3.3412476164593352e-01
   3.4584105702831053e-01
   3.5784667772785134e-01
   3.7011034138959970e-01
   3.8259572448881696e-01
   3.9526115583010274e-01
   4.0805936450874553e-01
   4.2093730098969423e-01
   4.3383605161209748e-01
   4.4669086787537288e-01
   4.5943133205240810e-01
   4.7198167973968491e-01
   4.8426129763495540e-01
   4.9618541091203838e-01
   5.0766596889676341e-01
   5.2141494775683028e-01
   5.3730664043110488e-01
   5.5239317190814829e-01
   5.6652580665138685e-01
   5.7955571442770504e-01
   5.9133732870461375e-01
   6.0173197462470085e-01
   6.1061162735114172e-01
   6.1786263386452489e-01
   6.2338921346056353e-01
   6.2711654762817293e-01
   6.2899328087217299e-01
   6.2899328087217299e-01
   6.2711654762817293e-01
   6.2338921346056353e-01
   6.1786263386452500e-01
   6.1061162735114183e-01
   6.0173197462470096e-01
   5.9133732870461386e-01
   5.7955571442770515e-01
   5.6652580665138697e-01
   5.5239317190814841e-01
   5.3730664043110499e-01
   5.2141494775683050e-01
