   6.5748721082259279e-02
   6.2883072997931416e-02
   6.0319163251342560e-02
   5.8044953802882097e-02
   5.6049739112619575e-02
   5.4324106336376791e-02
   5.2859899419998607e-02
   5.1650187327210099e-02
   5.0689236574191721e-02
   4.9972488196211716e-02
   4.9496539235284430e-02
   4.9259128810310408e-02
   4.9259128810310415e-02
   4.9496539235284430e-02
   4.9972488196211730e-02
   5.0689236574191734e-02
   5.1650187327210127e-02
   5.2859899419998635e-02
   5.4324106336376826e-02
   5.6049739112619616e-02
   5.8044953802882118e-02
   6.0319163251342588e-02
   6.2883072997931444e-02
   6.5748721082259293e-02
   6.8390992730347683e-02
   7.0817050906914911e-02
   7.3576530976739662e-02
   7.6682024411756561e-02
   8.0147646495679015e-02
   8.3989077665496126e-02
   8.8223606327886298e-02
   9.2870172056404715e-02
   9.7949407788092496e-02
   1.0348367928494577e-01
   1.0949711969326753e-01
   1.1601565650701698e-01
   1.2306702760238841e-01
   1.3068078224030269e-01
   1.3888826200954316e-01
   1.4772255558259609e-01
   1.5721841985482529e-01
   1.6741215851218327e-01
   1.7834144730317292e-01
   1.9004509326396385e-01
   2.0256271286027641e-01
   2.1593431148431264e-01
   2.3019974402803567e-01
   2.4539803343772082e-01
   2.6156652139307179e-01
   2.7873982278613624e-01
   2.9694855385165941e-01
   3.1621780311557640e-01
   3.3656531545217266e-01
   3.5799936334816562e-01
   3.8051628706097107e-01
   4.0409769804043227e-01
   4.2870735923195724e-01
   4.5428778320761209e-01
   4.8075662581023049e-01
   5.0800299993641007e-01
   5.3588389097494338e-01
   5.6422092030494897e-01
   6.8390992730347697e-02
   7.0817050906914952e-02
   7.3576530976739704e-02
   7.6682024411756630e-02
   8.0147646495679098e-02
   8.3989077665496237e-02
   8.8223606327886422e-02
   9.2870172056404854e-02
   9.7949407788092649e-02
   1.0348367928494596e-01
   1.0949711969326775e-01
   1.1601565650701719e-01
   1.2306702760238861e-01
   1.3068078224030288e-01
   1.3888826200954335e-01
   1.4772255558259631e-01
   1.5721841985482549e-01
   1.6741215851218350e-01
   1.7834144730317314e-01
   1.9004509326396407e-01
   2.0256271286027666e-01
   2.1593431148431289e-01
   2.3019974402803589e-01
   2.4539803343772110e-01
   2.6156652139307202e-01
   2.7873982278613652e-01
   2.9694855385165969e-01
   3.1621780311557668e-01
   3.3656531545217300e-01
   3.5799936334816590e-01
   3.8051628706097135e-01
   4.0409769804043261e-01
   4.2870735923195757e-01
   4.5428778320761237e-01
   4.8075662581023076e-01
   5.0800299993641018e-01
   5.3588389097494360e-01
   5.6422092030494908e-01
   6.8390992730347683e-02
   7.0817050906914925e-02
   7.3576530976739676e-02
   7.6682024411756589e-02
   8.0147646495679042e-02
   8.3989077665496154e-02
   8.8223606327886325e-02
   9.2870172056404743e-02
   9.7949407788092538e-02
   1.0348367928494583e-01
   1.0949711969326760e-01
   1.1601565650701705e-01
   1.2306702760238847e-01
   1.3068078224030275e-01
   1.3888826200954324e-01
   1.4772255558259617e-01
   1.5721841985482535e-01
   1.6741215851218336e-01
   1.7834144730317303e-01
   1.9004509326396393e-01
   2.0256271286027655e-01
   2.1593431148431277e-01
   2.3019974402803581e-01
   2.4539803343772099e-01
   2.6156652139307190e-01
   2.7873982278613640e-01
   2.9694855385165958e-01
   3.1621780311557662e-01
   3.3656531545217289e-01
   3.5799936334816584e-01
   3.8051628706097129e-01
   4.0409769804043250e-01
   4.2870735923195746e-01
   4.5428778320761232e-01
   4.8075662581023065e-01
   5.0800299993641007e-01
   5.3588389097494338e-01
   5.6422092030494886e-01
   6.0011304505089047e-01
   6.4323129000816270e-01
   6.8577502952360625e-01
   7.2716773297960802e-01
   7.6674924742717721e-01
   8.0379127667157502e-01
   8.3752167350579998e-01
   8.6715748220794275e-01
   8.9194536524274115e-01
   9.1120656619255325e-01
   9.2438219693993406e-01
   9.3107375986140284e-01
   9.3107375986140295e-01
   9.2438219693993395e-01
   9.1120656619255325e-01
   8.9194536524274115e-01
   8.6715748220794275e-01
   8.3752167350580009e-01
   8.0379127667157513e-01
   7.6674924742717732e-01
   7.2716773297960802e-01
   6.8577502952360636e-01
   6.4323129000816281e-01
   6.0011304505089058e-01
