   2.6666840552327120e-01
   2.7215546030255144e-01
   2.7785212157561012e-01
   2.8374599518154836e-01
   2.8982315996407854e-01
   2.9606806783086231e-01
   3.0246345156375082e-01
   3.0899024354687793e-01
   3.1562750893285962e-01
   3.2235239708378111e-01
   3.2914011537962595e-01
   3.3596392965532929e-01
   3.4279519557913030e-01
   3.4960342518832138e-01
   3.5635639252314932e-01
   3.6302028181738216e-01
   3.6955988099211601e-01
   3.7593882224342007e-01
   3.8211987031180045e-01
   3.8806525758456251e-01
   3.9373706354093696e-01
   3.9909763425372974e-01
   4.0411003577950555e-01
   4.0873853338971478e-01
   4.1294908682062476e-01
   4.1670985016294715e-01
   4.1999166378724351e-01
   4.2276852491615552e-01
   4.2501802319998933e-01
   4.2672172799241964e-01
   4.2786551498745862e-01
   4.2843982145603354e-01
   4.2843982145603354e-01
   4.2786551498745867e-01
   4.2672172799241970e-01
   4.2501802319998944e-01
   4.2276852491615563e-01
   4.1999166378724373e-01
   4.1670985016294737e-01
   4.1294908682062498e-01
   4.0873853338971500e-01
   4.0411003577950583e-01
   3.9909763425372996e-01
   3.9373706354093718e-01
   3.8806525758456278e-01
   3.8211987031180078e-01
   3.7593882224342035e-01
   3.6955988099211634e-01
   3.6302028181738250e-01
   3.5635639252314971e-01
   3.4960342518832171e-01
   3.4279519557913068e-01
   3.3596392965532962e-01
   3.2914011537962629e-01
   3.2235239708378144e-01
   3.1562750893285996e-01
   3.0899024354687832e-01
   3.0246345156375115e-01
   2.9606806783086259e-01
   2.8982315996407876e-01
   2.8374599518154853e-01
   2.7785212157561029e-01
   2.7215546030255156e-01
   2.6666840552327126e-01
   2.5867077877782313e-01
   2.4818573045718859e-01
   2.3796091093007402e-01
   2.2800925616325338e-01
   2.1834048863078381e-01
   2.0896145808701994e-01
   1.9987646759930960e-01
   1.9108758120384681e-01
   1.8259491080074033e-01
   1.7439688093309941e-01
   1.6649047091872912e-01
   1.5887143444478871e-01
   1.5153449721999801e-01
   1.4447353363000776e-01
   1.3768172358235412e-01
   1.3115169087892004e-01
   1.2487562453452478e-01
   1.1884538448612997e-01
   1.1305259312167491e-01
   1.0748871401192582e-01
   1.0214511916204069e-01
   9.7013146019091390e-02
   9.2084145383253296e-02
   8.7349521278155109e-02
   8.2800763743271832e-02
   7.8429475420642075e-02
   7.4227392721286770e-02
   7.0186402274623111e-02
   6.6298553287591572e-02
   6.2556066369498786e-02
   5.8951339313826276e-02
   5.5476950269388217e-02
   5.2125658680033313e-02
   4.8890404324286027e-02
   4.5764304743565520e-02
   4.2740651309534014e-02
   3.9812904147325155e-02
   3.6974686101507635e-02
   3.4219775905279103e-02
   3.1542100690211711e-02
   2.9599214209226090e-02
   2.8384372000856820e-02
   2.7231476693101882e-02
   2.6138045830918485e-02
   2.5101721129401157e-02
   2.4120264130201373e-02
   2.3191552012204450e-02
   2.2313573561396138e-02
   2.1484425303373533e-02
   2.0702307800718134e-02
   1.9965522116421743e-02
   1.9272466443709235e-02
   1.8621632901912259e-02
   1.8011604497492853e-02
   1.7441052248877216e-02
   1.6908732473421582e-02
   1.6413484234579574e-02
   1.5954226947162121e-02
   1.5529958138465997e-02
   1.5139751362986101e-02
   1.4782754268412142e-02
   1.4458186810635319e-02
   1.4165339615548977e-02
   1.3903572485514333e-02
   1.3672313048473250e-02
   1.3471055547821468e-02
   1.3299359771304042e-02
   1.3156850117357302e-02
   1.3043214797496091e-02
   1.2958205173528983e-02
   1.2901635228576172e-02
   1.2873381171062724e-02
   1.2873381171062724e-02
   1.2901635228576172e-02
   1.2958205173528983e-02
   1.3043214797496093e-02
   1.3156850117357302e-02
   1.3299359771304040e-02
   1.3471055547821468e-02
   1.3672313048473250e-02
   1.3903572485514335e-02
   1.4165339615548977e-02
   1.4458186810635321e-02
   1.4782754268412144e-02
   1.5139751362986099e-02
   1.5529958138465999e-02
   1.5954226947162121e-02
   1.6413484234579574e-02
   1.6908732473421582e-02
   1.7441052248877216e-02
   1.8011604497492853e-02
   1.8621632901912259e-02
   1.9272466443709231e-02
   1.9965522116421743e-02
   2.0702307800718134e-02
   2.1484425303373533e-02
   2.2313573561396141e-02
   2.3191552012204446e-02
   2.4120264130201373e-02
   2.5101721129401157e-02
   2.6138045830918485e-02
   2.7231476693101886e-02
   2.8384372000856820e-02
   2.9599214209226090e-02
