   1.0788364081043579e-01
   9.9304022723394461e-02
   9.3176237414751367e-02
   8.9351107331273119e-02
   8.7735304960030319e-02
   8.8289361313259901e-02
   9.1026813260476833e-02
   9.6014496657570975e-02
   1.0337398305770568e-01
   1.1328414647356838e-01
   1.2598482417536774e-01
   1.4178149029295539e-01
   1.6105077643971066e-01
   1.8424652469919681e-01
   2.1190580715831692e-01
   2.4465393574979841e-01
   2.8320683318480827e-01
   3.2836812383163305e-01
   3.8101678209736600e-01
   4.4207897853808137e-01
   5.1247477235013172e-01
   5.9302660882884239e-01
   6.8431285688160881e-01
   7.8644775348526796e-01
   8.9877320179434517e-01
   1.0194651259950787e+00
   1.1450973180236634e+00
   1.2702759310698049e+00
   1.3875477932662028e+00
   1.4878461851632576e+00
   1.5616727831904527e+00
   1.6009366487101035e+00
   1.6009366487100871e+00
   1.5616727831904056e+00
   1.4878461851631857e+00
   1.3875477932661129e+00
   1.2702759310697052e+00
   1.1450973180235602e+00
   1.0194651259949776e+00
   8.9877320179424969e-01
   7.8644775348518026e-01
   6.8431285688152987e-01
   5.9302660882877223e-01
   5.1247477235007011e-01
   4.4207897853802752e-01
   3.8101678209731932e-01
   3.2836812383159275e-01
   2.8320683318477358e-01
   2.4465393574976865e-01
   2.1190580715829146e-01
   1.8424652469917505e-01
   1.6105077643969212e-01
   1.4178149029293965e-01
   1.2598482417535439e-01
   1.1328414647355713e-01
   1.0337398305769623e-01
   9.6014496657563120e-02
   9.1026813260470366e-02
   8.8289361313254697e-02
   8.7735304960026211e-02
   8.9351107331270038e-02
   9.3176237414749188e-02
   9.9304022723393184e-02
   1.0788364081043537e-01
   1.2495198260419454e-01
   1.5103557118466332e-01
   1.8094908230684803e-01
   2.1541511588486648e-01
   2.5524195136659211e-01
   3.0132502683540119e-01
   3.5463931576710966e-01
   4.1621620634872120e-01
   4.8709522454008686e-01
   5.6823673103102856e-01
   6.6037709992340254e-01
   7.6380465302191258e-01
   8.7803701409594737e-01
   1.0013965759107382e+00
   1.1305222640552552e+00
   1.2599332677355046e+00
   1.3818670084348881e+00
   1.4866971852113573e+00
   1.5641849437009379e+00
   1.6055095221438471e+00
   1.6055095221438533e+00
   1.5641849437009561e+00
   1.4866971852113848e+00
   1.3818670084349225e+00
   1.2599332677355424e+00
   1.1305222640552939e+00
   1.0013965759107757e+00
   8.7803701409598256e-01
   7.6380465302194456e-01
   6.6037709992343097e-01
   5.6823673103105365e-01
   4.8709522454010862e-01
   4.1621620634874007e-01
   3.5463931576712571e-01
   3.0132502683541473e-01
   2.5524195136660344e-01
   2.1541511588487589e-01
   1.8094908230685569e-01
   1.5103557118466940e-01
   1.2495198260419924e-01
   1.0788364081043918e-01
   9.9304022723396584e-02
   9.3176237414752269e-02
   8.9351107331272814e-02
   8.7735304960028807e-02
   8.8289361313257139e-02
   9.1026813260472739e-02
   9.6014496657565493e-02
   1.0337398305769864e-01
   1.1328414647355961e-01
   1.2598482417535703e-01
   1.4178149029294251e-01
   1.6105077643969526e-01
   1.8424652469917854e-01
   2.1190580715829538e-01
   2.4465393574977309e-01
   2.8320683318477863e-01
   3.2836812383159852e-01
   3.8101678209732592e-01
   4.4207897853803507e-01
   5.1247477235007866e-01
   5.9302660882878189e-01
   6.8431285688154064e-01
   7.8644775348519225e-01
   8.9877320179426279e-01
   1.0194651259949916e+00
   1.1450973180235744e+00
   1.2702759310697185e+00
   1.3875477932661251e+00
   1.4878461851631952e+00
   1.5616727831904116e+00
   1.6009366487100889e+00
   1.6009366487101009e+00
   1.5616727831904460e+00
   1.4878461851632478e+00
   1.3875477932661906e+00
   1.2702759310697915e+00
   1.1450973180236494e+00
   1.0194651259950651e+00
   8.9877320179433229e-01
   7.8644775348525620e-01
   6.8431285688159837e-01
   5.9302660882883318e-01
   5.1247477235012384e-01
   4.4207897853807437e-01
   3.8101678209736006e-01
   3.2836812383162794e-01
   2.8320683318480400e-01
   2.4465393574979485e-01
   2.1190580715831400e-01
   1.8424652469919445e-01
   1.6105077643970880e-01
   1.4178149029295400e-01
   1.2598482417536677e-01
   1.1328414647356781e-01
   1.0337398305770551e-01
   9.6014496657571211e-02
   9.1026813260477457e-02
   8.8289361313260942e-02
   8.7735304960031804e-02
   8.9351107331275062e-02
   9.3176237414753837e-02
   9.9304022723397514e-02
   1.0788364081043950e-01
