   1.6273164962212963e-01
   1.5339599571122947e-01
   1.4675576879758553e-01
   1.4269992717532415e-01
   1.4116027638688980e-01
   1.4211085740761670e-01
   1.4556770194781943e-01
   1.5158898433034843e-01
   1.6027555187613005e-01
   1.7177176481939938e-01
   1.8626651315953865e-01
   2.0399419066396657e-01
   2.2523528189125624e-01
   2.5031603924859103e-01
   2.7960647186534415e-01
   3.1351551038873204e-01
   3.5248172420759288e-01
   3.9695732916239546e-01
   4.4738243800453215e-01
   5.0414563575967208e-01
   5.6752619223086120e-01
   6.3761295689885267e-01
   7.1419596429269716e-01
   7.9663020850809962e-01
   8.8367852158049442e-01
   9.7335351339672993e-01
   1.0627971609767564e+00
   1.1482570824221834e+00
   1.2252304943667862e+00
   1.2888335584806043e+00
   1.3343995489494618e+00
   1.3582161414977396e+00
   1.3582161414977367e+00
   1.3343995489494538e+00
   1.2888335584805919e+00
   1.2252304943667700e+00
   1.1482570824221652e+00
   1.0627971609767368e+00
   9.7335351339670972e-01
   8.8367852158047444e-01
   7.9663020850808053e-01
   7.1419596429267929e-01
   6.3761295689883624e-01
   5.6752619223084610e-01
   5.0414563575965843e-01
   4.4738243800451993e-01
   3.9695732916238446e-01
   3.5248172420758317e-01
   3.1351551038872338e-01
   2.7960647186533655e-01
   2.5031603924858437e-01
   2.2523528189125044e-01
   2.0399419066396152e-01
   1.8626651315953424e-01
   1.7177176481939560e-01
   1.6027555187612683e-01
   1.5158898433034568e-01
   1.4556770194781718e-01
   1.4211085740761484e-01
   1.4116027638688833e-01
   1.4269992717532301e-01
   1.4675576879758476e-01
   1.5339599571122906e-01
   1.6273164962212949e-01
   1.8123700426797940e-01
   2.0933223400321216e-01
   2.4115888287636436e-01
   2.7721511895958711e-01
   3.1802969143666687e-01
   3.6414864496489330e-01
   4.1611206015797986e-01
   4.7441650676183533e-01
   5.3945782124309283e-01
   6.1144813420963917e-01
   6.9030156576455404e-01
   7.7548604216018258e-01
   8.6584624572443059e-01
   9.5941696346784844e-01
   1.0532679516190315e+00
   1.1434475388096237e+00
   1.2251110700201553e+00
   1.2929110009035574e+00
   1.3416655341095440e+00
   1.3672098115010445e+00
   1.3672098115010420e+00
   1.3416655341095363e+00
   1.2929110009035456e+00
   1.2251110700201402e+00
   1.1434475388096066e+00
   1.0532679516190133e+00
   9.5941696346783012e-01
   8.6584624572441271e-01
   7.7548604216016559e-01
   6.9030156576453849e-01
   6.1144813420962485e-01
   5.3945782124307995e-01
   4.7441650676182390e-01
   4.1611206015796987e-01
   3.6414864496488464e-01
   3.1802969143665938e-01
   2.7721511895958073e-01
   2.4115888287635898e-01
   2.0933223400320772e-01
   1.8123700426797582e-01
   1.6273164962212644e-01
   1.5339599571122620e-01
   1.4675576879758206e-01
   1.4269992717532046e-01
   1.4116027638688583e-01
   1.4211085740761237e-01
   1.4556770194781468e-01
   1.5158898433034315e-01
   1.6027555187612419e-01
   1.7177176481939282e-01
   1.8626651315953127e-01
   2.0399419066395832e-01
   2.2523528189124695e-01
   2.5031603924858054e-01
   2.7960647186533233e-01
   3.1351551038871878e-01
   3.5248172420757806e-01
   3.9695732916237886e-01
   4.4738243800451366e-01
   5.0414563575965154e-01
   5.6752619223083856e-01
   6.3761295689882802e-01
   7.1419596429267063e-01
   7.9663020850807142e-01
   8.8367852158046512e-01
   9.7335351339670051e-01
   1.0627971609767279e+00
   1.1482570824221570e+00
   1.2252304943667633e+00
   1.2888335584805866e+00
   1.3343995489494507e+00
   1.3582161414977358e+00
   1.3582161414977407e+00
   1.3343995489494649e+00
   1.2888335584806092e+00
   1.2252304943667927e+00
   1.1482570824221912e+00
   1.0627971609767648e+00
   9.7335351339673837e-01
   8.8367852158050275e-01
   7.9663020850810762e-01
   7.1419596429270471e-01
   6.3761295689885966e-01
   5.6752619223086742e-01
   5.0414563575967763e-01
   4.4738243800453709e-01
   3.9695732916239967e-01
   3.5248172420759649e-01
   3.1351551038873504e-01
   2.7960647186534665e-01
   2.5031603924859314e-01
   2.2523528189125794e-01
   2.0399419066396787e-01
   1.8626651315953957e-01
   1.7177176481939993e-01
   1.6027555187613027e-01
   1.5158898433034829e-01
   1.4556770194781898e-01
   1.4211085740761589e-01
   1.4116027638688863e-01
   1.4269992717532259e-01
   1.4675576879758359e-01
   1.5339599571122708e-01
   1.6273164962212677e-01
