   7.2995450204531542e-01
   7.6505863551153863e-01
   8.0208197624825839e-01
   8.4022031816240328e-01
   8.7851221177149286e-01
   9.1585012250876041e-01
   9.5101069659962201e-01
   9.8270701810198358e-01
   1.0096625636395034e+00
   1.0307020348854523e+00
   1.0448492374233409e+00
   1.0514181610513340e+00
   1.0500820702401537e+00
   1.0409078456337644e+00
   1.0243488801548193e+00
   1.0011979333218499e+00
   9.7250901358128949e-01
   9.3950230999528705e-01
   9.0346729865187814e-01
   8.6567673656761834e-01
   8.2731971611045096e-01
   7.8945696500550522e-01
   7.5299744336530239e-01
   7.1869263975918019e-01
   6.8714382031177534e-01
   6.5881748722787770e-01
   6.3406499125042348e-01
   6.1314320784226672e-01
   5.9623414840336120e-01
   5.8346218386350068e-01
   5.7490815454481714e-01
   5.7062003323648203e-01
   5.7062003323648214e-01
   5.7490815454481725e-01
   5.8346218386350091e-01
   5.9623414840336131e-01
   6.1314320784226684e-01
   6.3406499125042382e-01
   6.5881748722787792e-01
   6.8714382031177546e-01
   7.1869263975918041e-01
   7.5299744336530261e-01
   7.8945696500550522e-01
   8.2731971611045108e-01
   8.6567673656761834e-01
   9.0346729865187803e-01
   9.3950230999528705e-01
   9.7250901358128949e-01
   1.0011979333218497e+00
   1.0243488801548193e+00
   1.0409078456337644e+00
   1.0500820702401534e+00
   1.0514181610513340e+00
   1.0448492374233409e+00
   1.0307020348854521e+00
   1.0096625636395031e+00
   9.8270701810198335e-01
   9.5101069659962190e-01
   9.1585012250876019e-01
   8.7851221177149286e-01
   8.4022031816240328e-01
   8.0208197624825839e-01
   7.6505863551153863e-01
   7.2995450204531542e-01
   6.8054784543497204e-01
   6.1770317346864856e-01
   5.5898344276419576e-01
   5.0476898671830206e-01
   4.5520505782196674e-01
   4.1026818862389158e-01
   3.6982072589445913e-01
   3.3365344489404170e-01
   3.0151753878624987e-01
   2.7314781508177216e-01
   2.4827897755490677e-01
   2.2665667686122981e-01
   2.0804472789482245e-01
   1.9222959944762988e-01
   1.7902302079448668e-01
   1.6826333398119822e-01
   1.5981605026283727e-01
   1.5357393884151171e-01
   1.4945687834863977e-01
   1.4741162895904189e-01
   1.4741162895904189e-01
   1.4945687834863977e-01
   1.5357393884151174e-01
   1.5981605026283729e-01
   1.6826333398119828e-01
   1.7902302079448673e-01
   1.9222959944762991e-01
   2.0804472789482253e-01
   2.2665667686122989e-01
   2.4827897755490683e-01
   2.7314781508177227e-01
   3.0151753878624998e-01
   3.3365344489404186e-01
   3.6982072589445925e-01
   4.1026818862389158e-01
   4.5520505782196674e-01
   5.0476898671830206e-01
   5.5898344276419587e-01
   6.1770317346864856e-01
   6.8054784543497204e-01
   7.2995450204531565e-01
   7.6505863551153874e-01
   8.0208197624825839e-01
   8.4022031816240317e-01
   8.7851221177149275e-01
   9.1585012250876019e-01
   9.5101069659962179e-01
   9.8270701810198313e-01
   1.0096625636395029e+00
   1.0307020348854519e+00
   1.0448492374233407e+00
   1.0514181610513338e+00
   1.0500820702401534e+00
   1.0409078456337642e+00
   1.0243488801548193e+00
   1.0011979333218497e+00
   9.7250901358128949e-01
   9.3950230999528705e-01
   9.0346729865187814e-01
   8.6567673656761834e-01
   8.2731971611045119e-01
   7.8945696500550544e-01
   7.5299744336530272e-01
   7.1869263975918052e-01
   6.8714382031177568e-01
   6.5881748722787814e-01
   6.3406499125042404e-01
   6.1314320784226717e-01
   5.9623414840336175e-01
   5.8346218386350135e-01
   5.7490815454481781e-01
   5.7062003323648269e-01
   5.7062003323648280e-01
   5.7490815454481792e-01
   5.8346218386350157e-01
   5.9623414840336209e-01
   6.1314320784226761e-01
   6.3406499125042437e-01
   6.5881748722787847e-01
   6.8714382031177601e-01
   7.1869263975918085e-01
   7.5299744336530305e-01
   7.8945696500550577e-01
   8.2731971611045152e-01
   8.6567673656761879e-01
   9.0346729865187847e-01
   9.3950230999528739e-01
   9.7250901358128972e-01
   1.0011979333218497e+00
   1.0243488801548191e+00
   1.0409078456337642e+00
   1.0500820702401532e+00
   1.0514181610513336e+00
   1.0448492374233405e+00
   1.0307020348854516e+00
   1.0096625636395027e+00
   9.8270701810198291e-01
   9.5101069659962156e-01
   9.1585012250875997e-01
   8.7851221177149252e-01
   8.4022031816240295e-01
   8.0208197624825828e-01
   7.6505863551153863e-01
   7.2995450204531553e-01
