   5.4268100443815059e-01
   5.4119638006651183e-01
   5.4015311159051937e-01
   5.3956209471440819e-01
   5.3942947172998090e-01
   5.3975661795960694e-01
   5.4054013885682473e-01
   5.4177187725293263e-01
   5.4343893200988802e-01
   5.4552369107427456e-01
   5.4800388356927110e-01
   5.5085265705178343e-01
   5.5403868733362216e-01
   5.5752632924458778e-01
   5.6127581732040677e-01
   5.6524352554442070e-01
   5.6938229487439174e-01
   5.7364183626864218e-01
   5.7796921523057221e-01
   5.8230942148782550e-01
   5.8660602432299203e-01
   5.9080191033947993e-01
   5.9484009620208655e-01
   5.9866460432447266e-01
   6.0222138483527143e-01
   6.0545926274353834e-01
   6.0833088537923552e-01
   6.1079364224936494e-01
   6.1281052774355915e-01
   6.1435091690141308e-01
   6.1539122587892314e-01
   6.1591543186115449e-01
   6.1591543186115449e-01
   6.1539122587892314e-01
   6.1435091690141308e-01
   6.1281052774355915e-01
   6.1079364224936494e-01
   6.0833088537923552e-01
   6.0545926274353834e-01
   6.0222138483527143e-01
   5.9866460432447255e-01
   5.9484009620208655e-01
   5.9080191033947993e-01
   5.8660602432299203e-01
   5.8230942148782550e-01
   5.7796921523057221e-01
   5.7364183626864218e-01
   5.6938229487439174e-01
   5.6524352554442059e-01
   5.6127581732040677e-01
   5.5752632924458778e-01
   5.5403868733362216e-01
   5.5085265705178343e-01
   5.4800388356927110e-01
   5.4552369107427456e-01
   5.4343893200988802e-01
   5.4177187725293263e-01
   5.4054013885682473e-01
   5.3975661795960705e-01
   5.3942947172998090e-01
   5.3956209471440819e-01
   5.4015311159051937e-01
   5.4119638006651183e-01
   5.4268100443815059e-01
   5.4558205756196754e-01
   5.4988342879513696e-01
   5.5454583105858590e-01
   5.5951521511081204e-01
   5.6473238013904981e-01
   5.7013338910238309e-01
   5.7565010851226917e-01
   5.8121088470908111e-01
   5.8674136416470790e-01
   5.9216545940085685e-01
   5.9740645488023503e-01
   6.0238823896656501e-01
   6.0703663917790185e-01
   6.1128082904341852e-01
   6.1505476660500658e-01
   6.1829861773865424e-01
   6.2096011275857854e-01
   6.2299578286784840e-01
   6.2437202440527928e-01
   6.2506594371503321e-01
   6.2506594371503343e-01
   6.2437202440527984e-01
   6.2299578286784940e-01
   6.2096011275857987e-01
   6.1829861773865580e-01
   6.1505476660500846e-01
   6.1128082904342074e-01
   6.0703663917790429e-01
   6.0238823896656768e-01
   5.9740645488023769e-01
   5.9216545940085974e-01
   5.8674136416471079e-01
   5.8121088470908411e-01
   5.7565010851227216e-01
   5.7013338910238598e-01
   5.6473238013905258e-01
   5.5951521511081470e-01
   5.5454583105858857e-01
   5.4988342879513930e-01
   5.4558205756196976e-01
   5.4268100443815270e-01
   5.4119638006651405e-01
   5.4015311159052160e-01
   5.3956209471441052e-01
   5.3942947172998323e-01
   5.3975661795960928e-01
   5.4054013885682695e-01
   5.4177187725293474e-01
   5.4343893200989002e-01
   5.4552369107427645e-01
   5.4800388356927299e-01
   5.5085265705178499e-01
   5.5403868733362360e-01
   5.5752632924458911e-01
   5.6127581732040788e-01
   5.6524352554442148e-01
   5.6938229487439240e-01
   5.7364183626864262e-01
   5.7796921523057243e-01
   5.8230942148782550e-01
   5.8660602432299180e-01
   5.9080191033947949e-01
   5.9484009620208578e-01
   5.9866460432447166e-01
   6.0222138483527032e-01
   6.0545926274353701e-01
   6.0833088537923408e-01
   6.1079364224936339e-01
   6.1281052774355749e-01
   6.1435091690141119e-01
   6.1539122587892126e-01
   6.1591543186115261e-01
   6.1591543186115261e-01
   6.1539122587892114e-01
   6.1435091690141119e-01
   6.1281052774355738e-01
   6.1079364224936328e-01
   6.0833088537923397e-01
   6.0545926274353690e-01
   6.0222138483527021e-01
   5.9866460432447155e-01
   5.9484009620208578e-01
   5.9080191033947937e-01
   5.8660602432299169e-01
   5.8230942148782538e-01
   5.7796921523057232e-01
   5.7364183626864251e-01
   5.6938229487439229e-01
   5.6524352554442137e-01
   5.6127581732040777e-01
   5.5752632924458900e-01
   5.5403868733362349e-01
   5.5085265705178488e-01
   5.4800388356927288e-01
   5.4552369107427634e-01
   5.4343893200989002e-01
   5.4177187725293474e-01
   5.4054013885682684e-01
   5.3975661795960916e-01
   5.3942947172998312e-01
   5.3956209471441052e-01
   5.4015311159052160e-01
   5.4119638006651405e-01
   5.4268100443815281e-01
