   7.2023424249123336e-01
   7.5690503301004108e-01
   7.9609909064727169e-01
   8.3701298301949378e-01
   8.7865702304936222e-01
   9.1985739742449435e-01
   9.5927939331938361e-01
   9.9547694891315730e-01
   1.0269706019989862e+00
   1.0523506147458623e+00
   1.0703953559668913e+00
   1.0801886912955327e+00
   1.0812165790830528e+00
   1.0734243736626914e+00
   1.0572230458273031e+00
   1.0334430066044766e+00
   1.0032451300380574e+00
   9.6800637648387600e-01
   9.2920000129050961e-01
   8.8828775901248347e-01
   8.4663560402906834e-01
   8.0545758485836105e-01
   7.6578690477952172e-01
   7.2846945791335349e-01
   6.9417359878668905e-01
   6.6340995627971366e-01
   6.3655608542307096e-01
   6.1388208084361851e-01
   5.9557456629932914e-01
   5.8175752792307245e-01
   5.7250921444915059e-01
   5.6787480564576298e-01
   5.6787480564576309e-01
   5.7250921444915082e-01
   5.8175752792307278e-01
   5.9557456629932970e-01
   6.1388208084361917e-01
   6.3655608542307174e-01
   6.6340995627971444e-01
   6.9417359878668972e-01
   7.2846945791335416e-01
   7.6578690477952227e-01
   8.0545758485836161e-01
   8.4663560402906879e-01
   8.8828775901248391e-01
   9.2920000129050995e-01
   9.6800637648387622e-01
   1.0032451300380576e+00
   1.0334430066044766e+00
   1.0572230458273029e+00
   1.0734243736626912e+00
   1.0812165790830526e+00
   1.0801886912955323e+00
   1.0703953559668908e+00
   1.0523506147458619e+00
   1.0269706019989857e+00
   9.9547694891315675e-01
   9.5927939331938306e-01
   9.1985739742449391e-01
   8.7865702304936188e-01
   8.3701298301949356e-01
   7.9609909064727158e-01
   7.5690503301004108e-01
   7.2023424249123336e-01
   6.6933450716725806e-01
   6.0503978794061986e-01
   5.4534059673561130e-01
   4.9053253815330355e-01
   4.4068103325289520e-01
   3.9569151019636467e-01
   3.5536538650152272e-01
   3.1944266151994277e-01
   2.8763308190641407e-01
   2.5963815598622980e-01
   2.3516616622350142e-01
   2.1394201286652634e-01
   1.9571335871299375e-01
   1.8025420576180634e-01
   1.6736674783741765e-01
   1.5688211488074230e-01
   1.4866044956331922e-01
   1.4259062624846128e-01
   1.3858982653441110e-01
   1.3660311599747091e-01
   1.3660311599747088e-01
   1.3858982653441104e-01
   1.4259062624846119e-01
   1.4866044956331911e-01
   1.5688211488074216e-01
   1.6736674783741748e-01
   1.8025420576180615e-01
   1.9571335871299356e-01
   2.1394201286652614e-01
   2.3516616622350117e-01
   2.5963815598622947e-01
   2.8763308190641379e-01
   3.1944266151994238e-01
   3.5536538650152227e-01
   3.9569151019636423e-01
   4.4068103325289470e-01
   4.9053253815330300e-01
   5.4534059673561075e-01
   6.0503978794061930e-01
   6.6933450716725740e-01
   7.2023424249123280e-01
   7.5690503301004020e-01
   7.9609909064727058e-01
   8.3701298301949245e-01
   8.7865702304936077e-01
   9.1985739742449257e-01
   9.5927939331938183e-01
   9.9547694891315552e-01
   1.0269706019989846e+00
   1.0523506147458608e+00
   1.0703953559668899e+00
   1.0801886912955316e+00
   1.0812165790830521e+00
   1.0734243736626912e+00
   1.0572230458273031e+00
   1.0334430066044771e+00
   1.0032451300380583e+00
   9.6800637648387722e-01
   9.2920000129051095e-01
   8.8828775901248513e-01
   8.4663560402907012e-01
   8.0545758485836294e-01
   7.6578690477952371e-01
   7.2846945791335571e-01
   6.9417359878669127e-01
   6.6340995627971577e-01
   6.3655608542307307e-01
   6.1388208084362061e-01
   5.9557456629933114e-01
   5.8175752792307422e-01
   5.7250921444915237e-01
   5.6787480564576465e-01
   5.6787480564576465e-01
   5.7250921444915226e-01
   5.8175752792307411e-01
   5.9557456629933081e-01
   6.1388208084362017e-01
   6.3655608542307274e-01
   6.6340995627971544e-01
   6.9417359878669083e-01
   7.2846945791335527e-01
   7.6578690477952338e-01
   8.0545758485836261e-01
   8.4663560402906990e-01
   8.8828775901248480e-01
   9.2920000129051072e-01
   9.6800637648387688e-01
   1.0032451300380580e+00
   1.0334430066044771e+00
   1.0572230458273031e+00
   1.0734243736626912e+00
   1.0812165790830524e+00
   1.0801886912955319e+00
   1.0703953559668904e+00
   1.0523506147458612e+00
   1.0269706019989850e+00
   9.9547694891315586e-01
   9.5927939331938217e-01
   9.1985739742449302e-01
   8.7865702304936100e-01
   8.3701298301949267e-01
   7.9609909064727069e-01
   7.5690503301004031e-01
   7.2023424249123280e-01
