   6.3639615227129009e-01
   6.7995554963272875e-01
   7.2988751164025512e-01
   7.8566954635451514e-01
   8.4646837611349945e-01
   9.1105305371674217e-01
   9.7771899363222836e-01
   1.0442453293673732e+00
   1.1079148689503591e+00
   1.1656269690737799e+00
   1.2141230870029411e+00
   1.2503187513556466e+00
   1.2716973221054304e+00
   1.2766837274129188e+00
   1.2649009658012422e+00
   1.2372339967019490e+00
   1.1956812788785747e+00
   1.1430392519054569e+00
   1.0825088432185668e+00
   1.0173188584335449e+00
   9.5043432872713840e-01
   8.8437794654826818e-01
   8.2115836293974809e-01
   7.6227953753129252e-01
   7.0880017703120812e-01
   6.6141639004492758e-01
   6.2054847997771234e-01
   5.8642054702200608e-01
   5.5912755111200430e-01
   5.3868836365850747e-01
   5.2508544273488145e-01
   5.1829262690271627e-01
   5.1829262690271627e-01
   5.2508544273488156e-01
   5.3868836365850759e-01
   5.5912755111200430e-01
   5.8642054702200619e-01
   6.2054847997771245e-01
   6.6141639004492780e-01
   7.0880017703120846e-01
   7.6227953753129296e-01
   8.2115836293974864e-01
   8.8437794654826873e-01
   9.5043432872713896e-01
   1.0173188584335457e+00
   1.0825088432185674e+00
   1.1430392519054575e+00
   1.1956812788785751e+00
   1.2372339967019494e+00
   1.2649009658012422e+00
   1.2766837274129186e+00
   1.2716973221054300e+00
   1.2503187513556457e+00
   1.2141230870029402e+00
   1.1656269690737788e+00
   1.1079148689503580e+00
   1.0442453293673721e+00
   9.7771899363222725e-01
   9.1105305371674117e-01
   8.4646837611349868e-01
   7.8566954635451458e-01
   7.2988751164025467e-01
   6.7995554963272853e-01
   6.3639615227128998e-01
   5.8037278817103111e-01
   5.1231793709060258e-01
   4.5129267781627297e-01
   3.9699043514324622e-01
   3.4896799214838070e-01
   3.0671572486857351e-01
   2.6970493908680176e-01
   2.3741823202269585e-01
   2.0936782502943080e-01
   1.8510568736850169e-01
   1.6422825572182459e-01
   1.4637773575482912e-01
   1.3124135404825418e-01
   1.1854948148952416e-01
   1.0807323529726078e-01
   9.9621951689612950e-02
   9.3040776715671542e-02
   8.8208527620671315e-02
   8.5035915758336758e-02
   8.3464183438349021e-02
   8.3464183438349021e-02
   8.5035915758336772e-02
   8.8208527620671329e-02
   9.3040776715671555e-02
   9.9621951689612964e-02
   1.0807323529726078e-01
   1.1854948148952418e-01
   1.3124135404825421e-01
   1.4637773575482915e-01
   1.6422825572182459e-01
   1.8510568736850172e-01
   2.0936782502943083e-01
   2.3741823202269594e-01
   2.6970493908680176e-01
   3.0671572486857357e-01
   3.4896799214838081e-01
   3.9699043514324628e-01
   4.5129267781627302e-01
   5.1231793709060247e-01
   5.8037278817103111e-01
   6.3639615227129009e-01
   6.7995554963272886e-01
   7.2988751164025500e-01
   7.8566954635451514e-01
   8.4646837611349934e-01
   9.1105305371674206e-01
   9.7771899363222814e-01
   1.0442453293673732e+00
   1.1079148689503591e+00
   1.1656269690737799e+00
   1.2141230870029411e+00
   1.2503187513556469e+00
   1.2716973221054306e+00
   1.2766837274129188e+00
   1.2649009658012422e+00
   1.2372339967019492e+00
   1.1956812788785747e+00
   1.1430392519054569e+00
   1.0825088432185668e+00
   1.0173188584335449e+00
   9.5043432872713829e-01
   8.8437794654826807e-01
   8.2115836293974798e-01
   7.6227953753129241e-01
   7.0880017703120801e-01
   6.6141639004492736e-01
   6.2054847997771212e-01
   5.8642054702200597e-01
   5.5912755111200407e-01
   5.3868836365850725e-01
   5.2508544273488122e-01
   5.1829262690271605e-01
   5.1829262690271605e-01
   5.2508544273488134e-01
   5.3868836365850725e-01
   5.5912755111200407e-01
   5.8642054702200597e-01
   6.2054847997771223e-01
   6.6141639004492747e-01
   7.0880017703120812e-01
   7.6227953753129252e-01
   8.2115836293974809e-01
   8.8437794654826818e-01
   9.5043432872713840e-01
   1.0173188584335451e+00
   1.0825088432185668e+00
   1.1430392519054569e+00
   1.1956812788785747e+00
   1.2372339967019492e+00
   1.2649009658012420e+00
   1.2766837274129186e+00
   1.2716973221054304e+00
   1.2503187513556462e+00
   1.2141230870029407e+00
   1.1656269690737795e+00
   1.1079148689503584e+00
   1.0442453293673728e+00
   9.7771899363222781e-01
   9.1105305371674172e-01
   8.4646837611349912e-01
   7.8566954635451480e-01
   7.2988751164025489e-01
   6.7995554963272886e-01
   6.3639615227129009e-01
