   7.4460741026511457e-01
   7.6155301776052875e-01
   7.7680045328788894e-01
   7.8996448641400596e-01
   8.0069573812041095e-01
   8.0869769403284819e-01
   8.1374231954475684e-01
   8.1568278194669364e-01
   8.1446196362937850e-01
   8.1011584083044119e-01
   8.0277135112745579e-01
   7.9263898810808597e-01
   7.8000093466757525e-01
   7.6519597923743221e-01
   7.4860268865415103e-01
   7.3062232112880476e-01
   7.1166278170532871e-01
   6.9212461073369380e-01
   6.7238962521054624e-01
   6.5281246937529480e-01
   6.3371502289671844e-01
   6.1538338835360507e-01
   5.9806704020003187e-01
   5.8197965594219225e-01
   5.6730114957992450e-01
   5.5418046776638108e-01
   5.4273877243111379e-01
   5.3307270529146045e-01
   5.2525749958197576e-01
   5.1934976634340480e-01
   5.1538983388316817e-01
   5.1340355907302027e-01
   5.1340355907302027e-01
   5.1538983388316806e-01
   5.1934976634340468e-01
   5.2525749958197565e-01
   5.3307270529146034e-01
   5.4273877243111357e-01
   5.5418046776638086e-01
   5.6730114957992428e-01
   5.8197965594219203e-01
   5.9806704020003176e-01
   6.1538338835360484e-01
   6.3371502289671822e-01
   6.5281246937529469e-01
   6.7238962521054613e-01
   6.9212461073369380e-01
   7.1166278170532871e-01
   7.3062232112880487e-01
   7.4860268865415114e-01
   7.6519597923743243e-01
   7.8000093466757547e-01
   7.9263898810808631e-01
   8.0277135112745623e-01
   8.1011584083044152e-01
   8.1446196362937906e-01
   8.1568278194669397e-01
   8.1374231954475740e-01
   8.0869769403284864e-01
   8.0069573812041128e-01
   7.8996448641400629e-01
   7.7680045328788905e-01
   7.6155301776052897e-01
   7.4460741026511468e-01
   7.1690882760209707e-01
   6.7903908628737963e-01
   6.4121267663226666e-01
   6.0406763295871502e-01
   5.6812331911330016e-01
   5.3378702872746853e-01
   5.0136549805730091e-01
   4.7107895593500043e-01
   4.4307591589666057e-01
   4.1744748339618604e-01
   3.9424043281079058e-01
   3.7346867809283618e-01
   3.5512301988281192e-01
   3.3917921762100617e-01
   3.2560452927710337e-01
   3.1436290438830439e-01
   3.0541902527429121e-01
   2.9874137951636920e-01
   2.9430452311435040e-01
   2.9209066407551326e-01
   2.9209066407551332e-01
   2.9430452311435051e-01
   2.9874137951636931e-01
   3.0541902527429138e-01
   3.1436290438830466e-01
   3.2560452927710365e-01
   3.3917921762100645e-01
   3.5512301988281225e-01
   3.7346867809283651e-01
   3.9424043281079102e-01
   4.1744748339618643e-01
   4.4307591589666095e-01
   4.7107895593500088e-01
   5.0136549805730135e-01
   5.3378702872746897e-01
   5.6812331911330061e-01
   6.0406763295871546e-01
   6.4121267663226722e-01
   6.7903908628738008e-01
   7.1690882760209740e-01
   7.4460741026511490e-01
   7.6155301776052919e-01
   7.7680045328788927e-01
   7.8996448641400652e-01
   8.0069573812041150e-01
   8.0869769403284864e-01
   8.1374231954475740e-01
   8.1568278194669408e-01
   8.1446196362937895e-01
   8.1011584083044152e-01
   8.0277135112745601e-01
   7.9263898810808620e-01
   7.8000093466757525e-01
   7.6519597923743221e-01
   7.4860268865415103e-01
   7.3062232112880465e-01
   7.1166278170532848e-01
   6.9212461073369369e-01
   6.7238962521054590e-01
   6.5281246937529447e-01
   6.3371502289671811e-01
   6.1538338835360462e-01
   5.9806704020003143e-01
   5.8197965594219170e-01
   5.6730114957992384e-01
   5.5418046776638041e-01
   5.4273877243111313e-01
   5.3307270529145978e-01
   5.2525749958197498e-01
   5.1934976634340402e-01
   5.1538983388316750e-01
   5.1340355907301949e-01
   5.1340355907301949e-01
   5.1538983388316739e-01
   5.1934976634340402e-01
   5.2525749958197498e-01
   5.3307270529145967e-01
   5.4273877243111301e-01
   5.5418046776638030e-01
   5.6730114957992372e-01
   5.8197965594219148e-01
   5.9806704020003121e-01
   6.1538338835360440e-01
   6.3371502289671788e-01
   6.5281246937529436e-01
   6.7238962521054590e-01
   6.9212461073369347e-01
   7.1166278170532837e-01
   7.3062232112880454e-01
   7.4860268865415081e-01
   7.6519597923743210e-01
   7.8000093466757514e-01
   7.9263898810808608e-01
   8.0277135112745601e-01
   8.1011584083044152e-01
   8.1446196362937895e-01
   8.1568278194669408e-01
   8.1374231954475740e-01
   8.0869769403284864e-01
   8.0069573812041150e-01
   7.8996448641400663e-01
   7.7680045328788938e-01
   7.6155301776052919e-01
   7.4460741026511501e-01
