   6.9358846365302784e-01
   7.0093832510127063e-01
   7.0674461715787662e-01
   7.1088320202640820e-01
   7.1326391645379739e-01
   7.1383425664253275e-01
   7.1258157505899378e-01
   7.0953361518926350e-01
   7.0475734133156409e-01
   6.9835615704041665e-01
   6.9046573043471704e-01
   6.8124874202780084e-01
   6.7088893066571853e-01
   6.5958483154787118e-01
   6.4754357952850228e-01
   6.3497509850778999e-01
   6.2208692439780711e-01
   6.0907982643790681e-01
   5.9614430998983092e-01
   5.8345801140670384e-01
   5.7118393719443084e-01
   5.5946945760376743e-01
   5.4844593874161329e-01
   5.3822888533790658e-01
   5.2891846559821287e-01
   5.2060029697788668e-01
   5.1334638427716717e-01
   5.0721611668216149e-01
   5.0225724635176228e-01
   4.9850678655639946e-01
   4.9599178142699496e-01
   4.9472991172853792e-01
   4.9472991172853797e-01
   4.9599178142699507e-01
   4.9850678655639957e-01
   5.0225724635176239e-01
   5.0721611668216171e-01
   5.1334638427716739e-01
   5.2060029697788701e-01
   5.2891846559821321e-01
   5.3822888533790691e-01
   5.4844593874161363e-01
   5.5946945760376787e-01
   5.7118393719443128e-01
   5.8345801140670428e-01
   5.9614430998983137e-01
   6.0907982643790726e-01
   6.2208692439780755e-01
   6.3497509850779066e-01
   6.4754357952850272e-01
   6.5958483154787184e-01
   6.7088893066571920e-01
   6.8124874202780139e-01
   6.9046573043471782e-01
   6.9835615704041742e-01
   7.0475734133156476e-01
   7.0953361518926406e-01
   7.1258157505899433e-01
   7.1383425664253330e-01
   7.1326391645379783e-01
   7.1088320202640864e-01
   7.0674461715787684e-01
   7.0093832510127074e-01
   6.9358846365302784e-01
   6.8031565625029133e-01
   6.6134344825943614e-01
   6.4157365751823558e-01
   6.2136064466979357e-01
   6.0103561184179521e-01
   5.8090088079565683e-01
   5.6122656168374030e-01
   5.4224928270738759e-01
   5.2417257870390965e-01
   5.0716852124678480e-01
   4.9138019800668903e-01
   4.7692469898197737e-01
   4.6389632839541106e-01
   4.5236982365775175e-01
   4.4240342035883740e-01
   4.3404165122650518e-01
   4.2731780605053238e-01
   4.2225600883425352e-01
   4.1887288891703028e-01
   4.1717883594570204e-01
   4.1717883594570199e-01
   4.1887288891703012e-01
   4.2225600883425324e-01
   4.2731780605053205e-01
   4.3404165122650473e-01
   4.4240342035883690e-01
   4.5236982365775114e-01
   4.6389632839541028e-01
   4.7692469898197654e-01
   4.9138019800668820e-01
   5.0716852124678380e-01
   5.2417257870390865e-01
   5.4224928270738648e-01
   5.6122656168373908e-01
   5.8090088079565561e-01
   6.0103561184179399e-01
   6.2136064466979235e-01
   6.4157365751823436e-01
   6.6134344825943503e-01
   6.8031565625029022e-01
   6.9358846365302673e-01
   7.0093832510126941e-01
   7.0674461715787518e-01
   7.1088320202640687e-01
   7.1326391645379583e-01
   7.1383425664253131e-01
   7.1258157505899233e-01
   7.0953361518926206e-01
   7.0475734133156287e-01
   6.9835615704041565e-01
   6.9046573043471604e-01
   6.8124874202779995e-01
   6.7088893066571786e-01
   6.5958483154787084e-01
   6.4754357952850183e-01
   6.3497509850778988e-01
   6.2208692439780722e-01
   6.0907982643790715e-01
   5.9614430998983148e-01
   5.8345801140670450e-01
   5.7118393719443172e-01
   5.5946945760376854e-01
   5.4844593874161440e-01
   5.3822888533790791e-01
   5.2891846559821443e-01
   5.2060029697788834e-01
   5.1334638427716883e-01
   5.0721611668216326e-01
   5.0225724635176416e-01
   4.9850678655640146e-01
   4.9599178142699701e-01
   4.9472991172853997e-01
   4.9472991172854003e-01
   4.9599178142699712e-01
   4.9850678655640168e-01
   5.0225724635176450e-01
   5.0721611668216371e-01
   5.1334638427716928e-01
   5.2060029697788890e-01
   5.2891846559821509e-01
   5.3822888533790858e-01
   5.4844593874161518e-01
   5.5946945760376932e-01
   5.7118393719443261e-01
   5.8345801140670550e-01
   5.9614430998983237e-01
   6.0907982643790803e-01
   6.2208692439780811e-01
   6.3497509850779099e-01
   6.4754357952850305e-01
   6.5958483154787206e-01
   6.7088893066571909e-01
   6.8124874202780128e-01
   6.9046573043471748e-01
   6.9835615704041698e-01
   7.0475734133156420e-01
   7.0953361518926339e-01
   7.1258157505899333e-01
   7.1383425664253231e-01
   7.1326391645379672e-01
   7.1088320202640753e-01
   7.0674461715787562e-01
   7.0093832510126963e-01
   6.9358846365302684e-01
