   1.5248686883963627e-01
   1.4321761794006646e-01
   1.3661807823004138e-01
   1.3257009164302297e-01
   1.3100084044048982e-01
   1.3188202794082127e-01
   1.3522954830745290e-01
   1.4110367283193812e-01
   1.4960973744428568e-01
   1.6089927020450079e-01
   1.7517143866811991e-01
   1.9267461387473983e-01
   2.1370772567527382e-01
   2.3862090389514548e-01
   2.6781463610358619e-01
   3.0173629359198884e-01
   3.4087234559877649e-01
   3.8573386247202501e-01
   4.3683198445560389e-01
   4.9463894194006996e-01
   5.5952911643198378e-01
   6.3169392912185673e-01
   7.1102484140593847e-01
   7.9696183997455206e-01
   8.8831248036972454e-01
   9.8306109743329795e-01
   1.0782100900107907e+00
   1.1697218501049544e+00
   1.2526492266162839e+00
   1.3215330033154595e+00
   1.3710837709237671e+00
   1.3970503443648694e+00
   1.3970503443648634e+00
   1.3710837709237491e+00
   1.3215330033154320e+00
   1.2526492266162483e+00
   1.1697218501049136e+00
   1.0782100900107470e+00
   9.8306109743325343e-01
   8.8831248036968080e-01
   7.9696183997451031e-01
   7.1102484140589961e-01
   6.3169392912182099e-01
   5.5952911643195125e-01
   4.9463894194004066e-01
   4.3683198445557775e-01
   3.8573386247200186e-01
   3.4087234559875601e-01
   3.0173629359197085e-01
   2.6781463610357042e-01
   2.3862090389513171e-01
   2.1370772567526186e-01
   1.9267461387472948e-01
   1.7517143866811100e-01
   1.6089927020449313e-01
   1.4960973744427916e-01
   1.4110367283193262e-01
   1.3522954830744832e-01
   1.3188202794081749e-01
   1.3100084044048682e-01
   1.3257009164302069e-01
   1.3661807823003980e-01
   1.4321761794006552e-01
   1.5248686883963597e-01
   1.7086743550144698e-01
   1.9879986270739658e-01
   2.3050159764905709e-01
   2.6651097446584437e-01
   3.0740554522830171e-01
   3.5379061815902402e-01
   4.0627765418033784e-01
   4.6544775879610778e-01
   5.3179409458283911e-01
   6.0563587780528316e-01
   6.8699653654932713e-01
   7.7544113016761806e-01
   8.6987566714983766e-01
   9.6832647902817026e-01
   1.0677433107195995e+00
   1.1639026985939440e+00
   1.2515159580037027e+00
   1.3246427918203794e+00
   1.3774458574852821e+00
   1.4051843666296606e+00
   1.4051843666296595e+00
   1.3774458574852793e+00
   1.3246427918203747e+00
   1.2515159580036967e+00
   1.1639026985939374e+00
   1.0677433107195926e+00
   9.6832647902816349e-01
   8.6987566714983111e-01
   7.7544113016761207e-01
   6.8699653654932169e-01
   6.0563587780527817e-01
   5.3179409458283478e-01
   4.6544775879610384e-01
   4.0627765418033446e-01
   3.5379061815902108e-01
   3.0740554522829922e-01
   2.6651097446584221e-01
   2.3050159764905528e-01
   1.9879986270739511e-01
   1.7086743550144579e-01
   1.5248686883963536e-01
   1.4321761794006579e-01
   1.3661807823004096e-01
   1.3257009164302275e-01
   1.3100084044048985e-01
   1.3188202794082149e-01
   1.3522954830745337e-01
   1.4110367283193884e-01
   1.4960973744428666e-01
   1.6089927020450204e-01
   1.7517143866812146e-01
   1.9267461387474166e-01
   2.1370772567527596e-01
   2.3862090389514795e-01
   2.6781463610358908e-01
   3.0173629359199217e-01
   3.4087234559878032e-01
   3.8573386247202945e-01
   4.3683198445560895e-01
   4.9463894194007563e-01
   5.5952911643199021e-01
   6.3169392912186406e-01
   7.1102484140594668e-01
   7.9696183997456094e-01
   8.8831248036973409e-01
   9.8306109743330783e-01
   1.0782100900108007e+00
   1.1697218501049640e+00
   1.2526492266162925e+00
   1.3215330033154662e+00
   1.3710837709237713e+00
   1.3970503443648712e+00
   1.3970503443648621e+00
   1.3710837709237451e+00
   1.3215330033154253e+00
   1.2526492266162401e+00
   1.1697218501049038e+00
   1.0782100900107365e+00
   9.8306109743324277e-01
   8.8831248036967037e-01
   7.9696183997450043e-01
   7.1102484140589040e-01
   6.3169392912181233e-01
   5.5952911643194336e-01
   4.9463894194003366e-01
   4.3683198445557153e-01
   3.8573386247199631e-01
   3.4087234559875113e-01
   3.0173629359196646e-01
   2.6781463610356654e-01
   2.3862090389512830e-01
   2.1370772567525884e-01
   1.9267461387472681e-01
   1.7517143866810864e-01
   1.6089927020449102e-01
   1.4960973744427730e-01
   1.4110367283193095e-01
   1.3522954830744680e-01
   1.3188202794081613e-01
   1.3100084044048557e-01
   1.3257009164301950e-01
   1.3661807823003869e-01
   1.4321761794006446e-01
   1.5248686883963491e-01
