   7.0578936699802419e-01
   7.1454135745541436e-01
   7.2160843366566052e-01
   7.2683275194938779e-01
   7.3009494936228336e-01
   7.3131933003102612e-01
   7.3047725176795908e-01
   7.2758842708446680e-01
   7.2272002664152868e-01
   7.1598366241713796e-01
   7.0753050651445970e-01
   6.9754494575983272e-01
   6.8623726488317460e-01
   6.7383588445200671e-01
   6.6057965612984137e-01
   6.4671064780155996e-01
   6.3246775031098978e-01
   6.1808132314348796e-01
   6.0376898386426259e-01
   5.8973254725210034e-01
   5.7615604199052495e-01
   5.6320467820008502e-01
   5.5102460716657442e-01
   5.3974330212204791e-01
   5.2947039145397523e-01
   5.2029878859892975e-01
   5.1230598188561027e-01
   5.0555536927639544e-01
   5.0009754477841251e-01
   4.9597146359582356e-01
   4.9320543097279151e-01
   4.9181787482659300e-01
   4.9181787482659306e-01
   4.9320543097279157e-01
   4.9597146359582356e-01
   5.0009754477841228e-01
   5.0555536927639533e-01
   5.1230598188561005e-01
   5.2029878859892953e-01
   5.2947039145397490e-01
   5.3974330212204757e-01
   5.5102460716657420e-01
   5.6320467820008469e-01
   5.7615604199052461e-01
   5.8973254725210000e-01
   6.0376898386426225e-01
   6.1808132314348763e-01
   6.3246775031098934e-01
   6.4671064780155929e-01
   6.6057965612984060e-01
   6.7383588445200582e-01
   6.8623726488317349e-01
   6.9754494575983172e-01
   7.0753050651445848e-01
   7.1598366241713685e-01
   7.2272002664152757e-01
   7.2758842708446581e-01
   7.3047725176795808e-01
   7.3131933003102512e-01
   7.3009494936228259e-01
   7.2683275194938712e-01
   7.2160843366565985e-01
   7.1454135745541392e-01
   7.0578936699802408e-01
   6.9022813866743726e-01
   6.6813565004260933e-01
   6.4526595365415196e-01
   6.2203329094787119e-01
   5.9881701768653917e-01
   5.7595597469671578e-01
   5.5374596399496079e-01
   5.3243975786846176e-01
   5.1224902078994849e-01
   4.9334755061658286e-01
   4.7587531834521146e-01
   4.5994288065178446e-01
   4.4563583851312960e-01
   4.3301910668818233e-01
   4.2214083639294503e-01
   4.1303589480216590e-01
   4.0572885033153605e-01
   4.0023644375680628e-01
   3.9656954452412069e-01
   3.9473460163664120e-01
   3.9473460163664120e-01
   3.9656954452412052e-01
   4.0023644375680595e-01
   4.0572885033153566e-01
   4.1303589480216552e-01
   4.2214083639294447e-01
   4.3301910668818167e-01
   4.4563583851312877e-01
   4.5994288065178357e-01
   4.7587531834521046e-01
   4.9334755061658181e-01
   5.1224902078994727e-01
   5.3243975786846054e-01
   5.5374596399495946e-01
   5.7595597469671456e-01
   5.9881701768653783e-01
   6.2203329094786985e-01
   6.4526595365415063e-01
   6.6813565004260789e-01
   6.9022813866743593e-01
   7.0578936699802297e-01
   7.1454135745541292e-01
   7.2160843366565885e-01
   7.2683275194938612e-01
   7.3009494936228170e-01
   7.3131933003102434e-01
   7.3047725176795741e-01
   7.2758842708446514e-01
   7.2272002664152712e-01
   7.1598366241713662e-01
   7.0753050651445837e-01
   6.9754494575983161e-01
   6.8623726488317383e-01
   6.7383588445200604e-01
   6.6057965612984093e-01
   6.4671064780155985e-01
   6.3246775031099001e-01
   6.1808132314348840e-01
   6.0376898386426325e-01
   5.8973254725210122e-01
   5.7615604199052617e-01
   5.6320467820008635e-01
   5.5102460716657609e-01
   5.3974330212204968e-01
   5.2947039145397712e-01
   5.2029878859893175e-01
   5.1230598188561249e-01
   5.0555536927639777e-01
   5.0009754477841495e-01
   4.9597146359582611e-01
   4.9320543097279418e-01
   4.9181787482659567e-01
   4.9181787482659567e-01
   4.9320543097279423e-01
   4.9597146359582622e-01
   5.0009754477841495e-01
   5.0555536927639799e-01
   5.1230598188561260e-01
   5.2029878859893197e-01
   5.2947039145397734e-01
   5.3974330212204991e-01
   5.5102460716657631e-01
   5.6320467820008657e-01
   5.7615604199052639e-01
   5.8973254725210145e-01
   6.0376898386426359e-01
   6.1808132314348885e-01
   6.3246775031099045e-01
   6.4671064780156040e-01
   6.6057965612984160e-01
   6.7383588445200659e-01
   6.8623726488317427e-01
   6.9754494575983228e-01
   7.0753050651445903e-01
   7.1598366241713718e-01
   7.2272002664152768e-01
   7.2758842708446581e-01
   7.3047725176795786e-01
   7.3131933003102478e-01
   7.3009494936228203e-01
   7.2683275194938635e-01
   7.2160843366565908e-01
   7.1454135745541303e-01
   7.0578936699802297e-01
