   7.4697790635752970e-01
   7.6490604005466067e-01
   7.8120844362667741e-01
   7.9547089961150264e-01
   8.0731134539303628e-01
   8.1639839579235562e-01
   8.2246885818976312e-01
   8.2534257207719186e-01
   8.2493302981499317e-01
   8.2125260799045863e-01
   8.1441181377530525e-01
   8.0461263283725426e-01
   7.9213673178090382e-01
   7.7732979999476293e-01
   7.6058362884080788e-01
   7.4231758894688471e-01
   7.2296100191551460e-01
   7.0293757453630301e-01
   6.8265265350498494e-01
   6.6248364512264268e-01
   6.4277358688467534e-01
   6.2382759008879274e-01
   6.0591170408465000e-01
   5.8925367484856228e-01
   5.7404506404087519e-01
   5.6044423694078382e-01
   5.4857979744298968e-01
   5.3855412858475782e-01
   5.3044677584029776e-01
   5.2431748041199522e-01
   5.2020872755865577e-01
   5.1814772001732057e-01
   5.1814772001732068e-01
   5.2020872755865566e-01
   5.2431748041199522e-01
   5.3044677584029765e-01
   5.3855412858475771e-01
   5.4857979744298957e-01
   5.6044423694078371e-01
   5.7404506404087507e-01
   5.8925367484856206e-01
   6.0591170408464978e-01
   6.2382759008879263e-01
   6.4277358688467523e-01
   6.6248364512264257e-01
   6.8265265350498505e-01
   7.0293757453630312e-01
   7.2296100191551471e-01
   7.4231758894688493e-01
   7.6058362884080810e-01
   7.7732979999476315e-01
   7.9213673178090427e-01
   8.0461263283725459e-01
   8.1441181377530569e-01
   8.2125260799045907e-01
   8.2493302981499361e-01
   8.2534257207719230e-01
   8.2246885818976356e-01
   8.1639839579235596e-01
   8.0731134539303662e-01
   7.9547089961150275e-01
   7.8120844362667763e-01
   7.6490604005466067e-01
   7.4697790635752970e-01
   7.1793413349285229e-01
   6.7838900105803279e-01
   6.3904211416621359e-01
   6.0054449261340170e-01
   5.6341814767260523e-01
   5.2806525287458383e-01
   4.9478205935165404e-01
   4.6377500030678259e-01
   4.3517712142155623e-01
   4.0906361653814133e-01
   3.8546577181078018e-01
   3.6438300852358618e-01
   3.4579297594719044e-01
   3.2965980487874608e-01
   3.1594071637046622e-01
   3.0459121226981772e-01
   2.9556907332437904e-01
   2.8883737038474594e-01
   2.8436666387840254e-01
   2.8213653197695687e-01
   2.8213653197695682e-01
   2.8436666387840243e-01
   2.8883737038474577e-01
   2.9556907332437887e-01
   3.0459121226981745e-01
   3.1594071637046595e-01
   3.2965980487874574e-01
   3.4579297594719011e-01
   3.6438300852358579e-01
   3.8546577181077968e-01
   4.0906361653814083e-01
   4.3517712142155568e-01
   4.6377500030678193e-01
   4.9478205935165337e-01
   5.2806525287458317e-01
   5.6341814767260456e-01
   6.0054449261340104e-01
   6.3904211416621270e-01
   6.7838900105803202e-01
   7.1793413349285151e-01
   7.4697790635752903e-01
   7.6490604005465990e-01
   7.8120844362667652e-01
   7.9547089961150141e-01
   8.0731134539303506e-01
   8.1639839579235429e-01
   8.2246885818976190e-01
   8.2534257207719064e-01
   8.2493302981499195e-01
   8.2125260799045741e-01
   8.1441181377530425e-01
   8.0461263283725337e-01
   7.9213673178090316e-01
   7.7732979999476237e-01
   7.6058362884080755e-01
   7.4231758894688471e-01
   7.2296100191551471e-01
   7.0293757453630334e-01
   6.8265265350498550e-01
   6.6248364512264335e-01
   6.4277358688467634e-01
   6.2382759008879385e-01
   6.0591170408465134e-01
   5.8925367484856372e-01
   5.7404506404087685e-01
   5.6044423694078560e-01
   5.4857979744299146e-01
   5.3855412858475971e-01
   5.3044677584029964e-01
   5.2431748041199722e-01
   5.2020872755865777e-01
   5.1814772001732268e-01
   5.1814772001732268e-01
   5.2020872755865777e-01
   5.2431748041199722e-01
   5.3044677584029976e-01
   5.3855412858475971e-01
   5.4857979744299146e-01
   5.6044423694078560e-01
   5.7404506404087685e-01
   5.8925367484856384e-01
   6.0591170408465145e-01
   6.2382759008879396e-01
   6.4277358688467645e-01
   6.6248364512264335e-01
   6.8265265350498550e-01
   7.0293757453630323e-01
   7.2296100191551460e-01
   7.4231758894688449e-01
   7.6058362884080732e-01
   7.7732979999476204e-01
   7.9213673178090283e-01
   8.0461263283725293e-01
   8.1441181377530381e-01
   8.2125260799045696e-01
   8.2493302981499161e-01
   8.2534257207719020e-01
   8.2246885818976145e-01
   8.1639839579235396e-01
   8.0731134539303473e-01
   7.9547089961150119e-01
   7.8120844362667619e-01
   7.6490604005465979e-01
   7.4697790635752903e-01
