   7.3983908103866802e-01
   7.5514239277025963e-01
   7.6865739840963332e-01
   7.8004694677987652e-01
   7.8901431223667995e-01
   7.9531764674414140e-01
   7.9878256355708810e-01
   7.9931164817050104e-01
   7.9688992812494908e-01
   7.9158572358688362e-01
   7.8354678747299433e-01
   7.7299214624627877e-01
   7.6020048557021702e-01
   7.4549622075297262e-01
   7.2923451422809982e-01
   7.1178645215572689e-01
   6.9352540237241067e-01
   6.7481529848323885e-01
   6.5600128655685286e-01
   6.3740288047612692e-01
   6.1930953309534786e-01
   6.0197835937648925e-01
   5.8563364616058811e-01
   5.7046774235670483e-01
   5.5664292886274536e-01
   5.4429390394471144e-01
   5.3353057307543250e-01
   5.2444089130959981e-01
   5.1709356344475488e-01
   5.1154045786927282e-01
   5.0781863199742405e-01
   5.0595190021795255e-01
   5.0595190021795255e-01
   5.0781863199742405e-01
   5.1154045786927282e-01
   5.1709356344475477e-01
   5.2444089130959981e-01
   5.3353057307543239e-01
   5.4429390394471133e-01
   5.5664292886274536e-01
   5.7046774235670472e-01
   5.8563364616058800e-01
   6.0197835937648925e-01
   6.1930953309534764e-01
   6.3740288047612703e-01
   6.5600128655685297e-01
   6.7481529848323885e-01
   6.9352540237241078e-01
   7.1178645215572722e-01
   7.2923451422810004e-01
   7.4549622075297295e-01
   7.6020048557021735e-01
   7.7299214624627910e-01
   7.8354678747299467e-01
   7.9158572358688395e-01
   7.9688992812494941e-01
   7.9931164817050138e-01
   7.9878256355708854e-01
   7.9531764674414196e-01
   7.8901431223668028e-01
   7.8004694677987674e-01
   7.6865739840963365e-01
   7.5514239277025985e-01
   7.3983908103866813e-01
   7.1443441183703127e-01
   6.7945357351087587e-01
   6.4427882722138419e-01
   6.0952018901070371e-01
   5.7568647199949685e-01
   5.4318803488572187e-01
   5.1234452346056214e-01
   4.8339556825149871e-01
   4.5651280501119468e-01
   4.3181202518277323e-01
   4.0936466615412165e-01
   3.8920817994615470e-01
   3.7135506469305901e-01
   3.5580051228903431e-01
   3.4252873149030605e-01
   3.3151806383383914e-01
   3.2274503388621345e-01
   3.1618747687478638e-01
   3.1182687413550314e-01
   3.0965000593592834e-01
   3.0965000593592840e-01
   3.1182687413550320e-01
   3.1618747687478654e-01
   3.2274503388621362e-01
   3.3151806383383936e-01
   3.4252873149030622e-01
   3.5580051228903448e-01
   3.7135506469305912e-01
   3.8920817994615486e-01
   4.0936466615412176e-01
   4.3181202518277334e-01
   4.5651280501119479e-01
   4.8339556825149876e-01
   5.1234452346056225e-01
   5.4318803488572198e-01
   5.7568647199949696e-01
   6.0952018901070382e-01
   6.4427882722138419e-01
   6.7945357351087599e-01
   7.1443441183703138e-01
   7.3983908103866847e-01
   7.5514239277026018e-01
   7.6865739840963399e-01
   7.8004694677987707e-01
   7.8901431223668061e-01
   7.9531764674414207e-01
   7.9878256355708854e-01
   7.9931164817050149e-01
   7.9688992812494941e-01
   7.9158572358688384e-01
   7.8354678747299455e-01
   7.7299214624627910e-01
   7.6020048557021713e-01
   7.4549622075297273e-01
   7.2923451422809971e-01
   7.1178645215572678e-01
   6.9352540237241045e-01
   6.7481529848323851e-01
   6.5600128655685264e-01
   6.3740288047612659e-01
   6.1930953309534731e-01
   6.0197835937648880e-01
   5.8563364616058755e-01
   5.7046774235670417e-01
   5.5664292886274480e-01
   5.4429390394471078e-01
   5.3353057307543184e-01
   5.2444089130959914e-01
   5.1709356344475410e-01
   5.1154045786927205e-01
   5.0781863199742328e-01
   5.0595190021795178e-01
   5.0595190021795178e-01
   5.0781863199742328e-01
   5.1154045786927216e-01
   5.1709356344475410e-01
   5.2444089130959914e-01
   5.3353057307543184e-01
   5.4429390394471078e-01
   5.5664292886274480e-01
   5.7046774235670417e-01
   5.8563364616058755e-01
   6.0197835937648880e-01
   6.1930953309534731e-01
   6.3740288047612670e-01
   6.5600128655685264e-01
   6.7481529848323862e-01
   6.9352540237241056e-01
   7.1178645215572700e-01
   7.2923451422809982e-01
   7.4549622075297262e-01
   7.6020048557021713e-01
   7.7299214624627899e-01
   7.8354678747299467e-01
   7.9158572358688395e-01
   7.9688992812494952e-01
   7.9931164817050149e-01
   7.9878256355708865e-01
   7.9531764674414207e-01
   7.8901431223668039e-01
   7.8004694677987707e-01
   7.6865739840963387e-01
   7.5514239277026007e-01
   7.3983908103866836e-01
