   3.2551128144695679e-01
   3.1776011363377116e-01
   3.1235063796132201e-01
   3.0926351315750711e-01
   3.0848722641165477e-01
   3.1001882894694216e-01
   3.1386411796820185e-01
   3.2003727651609548e-01
   3.2855994847967607e-01
   3.3945969172900819e-01
   3.5276771824166092e-01
   3.6851579705252119e-01
   3.8673216579114217e-01
   4.0743627309404329e-01
   4.3063216326984749e-01
   4.5630032536147808e-01
   4.8438787409731215e-01
   5.1479702709739750e-01
   5.4737201132307267e-01
   5.8188479296978501e-01
   6.1802039457314040e-01
   6.5536304189381733e-01
   6.9338494280869389e-01
   7.3144006624361368e-01
   7.6876572551091682e-01
   8.0449487917524332e-01
   8.3768160914056111e-01
   8.6734101522754292e-01
   8.9250270973035195e-01
   9.1227439169229751e-01
   9.2590914313760275e-01
   9.3286790577008827e-01
   9.3286790577008782e-01
   9.2590914313760098e-01
   9.1227439169229485e-01
   8.9250270973034840e-01
   8.6734101522753848e-01
   8.3768160914055600e-01
   8.0449487917523776e-01
   7.6876572551091105e-01
   7.3144006624360769e-01
   6.9338494280868779e-01
   6.5536304189381123e-01
   6.1802039457313451e-01
   5.8188479296977924e-01
   5.4737201132306723e-01
   5.1479702709739228e-01
   4.8438787409730710e-01
   4.5630032536147336e-01
   4.3063216326984310e-01
   4.0743627309403924e-01
   3.8673216579113856e-01
   3.6851579705251786e-01
   3.5276771824165792e-01
   3.3945969172900547e-01
   3.2855994847967368e-01
   3.2003727651609348e-01
   3.1386411796820007e-01
   3.1001882894694066e-01
   3.0848722641165366e-01
   3.0926351315750622e-01
   3.1235063796132140e-01
   3.1776011363377077e-01
   3.2551128144695668e-01
   3.4087744653527396e-01
   3.6399360538134862e-01
   3.8966337532725714e-01
   4.1791607350657367e-01
   4.4874827020231522e-01
   4.8211044908724648e-01
   5.1789125824268856e-01
   5.5589958924326144e-01
   5.9584516259521370e-01
   6.3731892154285374e-01
   6.7977533519201383e-01
   7.2251961678574261e-01
   7.6470370964245904e-01
   8.0533540042419527e-01
   8.4330470319481965e-01
   8.7743031488185941e-01
   9.0652622057997012e-01
   9.2948455348620829e-01
   9.4536628785596077e-01
   9.5348752633284006e-01
   9.5348752633284684e-01
   9.4536628785598054e-01
   9.2948455348624015e-01
   9.0652622058001298e-01
   8.7743031488191137e-01
   8.4330470319487882e-01
   8.0533540042425977e-01
   7.6470370964252699e-01
   7.2251961678581234e-01
   6.7977533519208355e-01
   6.3731892154292247e-01
   5.9584516259528042e-01
   5.5589958924332539e-01
   5.1789125824274906e-01
   4.8211044908730327e-01
   4.4874827020236802e-01
   4.1791607350662241e-01
   3.8966337532730161e-01
   3.6399360538138897e-01
   3.4087744653531027e-01
   3.2551128144699010e-01
   3.1776011363380247e-01
   3.1235063796135137e-01
   3.0926351315753475e-01
   3.0848722641168075e-01
   3.1001882894696653e-01
   3.1386411796822472e-01
   3.2003727651611702e-01
   3.2855994847969616e-01
   3.3945969172902701e-01
   3.5276771824167852e-01
   3.6851579705253767e-01
   3.8673216579115749e-01
   4.0743627309405739e-01
   4.3063216326986037e-01
   4.5630032536148984e-01
   4.8438787409732270e-01
   5.1479702709740682e-01
   5.4737201132308078e-01
   5.8188479296979168e-01
   6.1802039457314561e-01
   6.5536304189382089e-01
   6.9338494280869589e-01
   7.3144006624361424e-01
   7.6876572551091582e-01
   8.0449487917524054e-01
   8.3768160914055689e-01
   8.6734101522753737e-01
   8.9250270973034518e-01
   9.1227439169228985e-01
   9.2590914313759443e-01
   9.3286790577007972e-01
   9.3286790577007916e-01
   9.2590914313759287e-01
   9.1227439169228730e-01
   8.9250270973034196e-01
   8.6734101522753337e-01
   8.3768160914055234e-01
   8.0449487917523554e-01
   7.6876572551091038e-01
   7.3144006624360858e-01
   6.9338494280869034e-01
   6.5536304189381545e-01
   6.1802039457314029e-01
   5.8188479296978635e-01
   5.4737201132307567e-01
   5.1479702709740205e-01
   4.8438787409731821e-01
   4.5630032536148557e-01
   4.3063216326985643e-01
   4.0743627309405372e-01
   3.8673216579115416e-01
   3.6851579705253462e-01
   3.5276771824167580e-01
   3.3945969172902457e-01
   3.2855994847969400e-01
   3.2003727651611508e-01
   3.1386411796822311e-01
   3.1001882894696514e-01
   3.0848722641167969e-01
   3.0926351315753398e-01
   3.1235063796135087e-01
   3.1776011363380213e-01
   3.2551128144698999e-01
