   4.0280289554248339e-01
   3.9685239240555731e-01
   3.9272373449012982e-01
   3.9042264677241206e-01
   3.8995198349922683e-01
   3.9131229897626363e-01
   3.9450196381005764e-01
   3.9951682847087733e-01
   4.0634942885433956e-01
   4.1498772226809610e-01
   4.2541333830652789e-01
   4.3759932895444709e-01
   4.5150740782509791e-01
   4.6708468186425528e-01
   4.8425990260420426e-01
   5.0293930070125614e-01
   5.2300211934464991e-01
   5.4429603058403153e-01
   5.6663270322872694e-01
   5.8978388814594940e-01
   6.1347848838082530e-01
   6.3740117349890357e-01
   6.6119315932006761e-01
   6.8445577942296132e-01
   7.0675739447653974e-01
   7.2764399411342340e-01
   7.4665353067125895e-01
   7.6333359445998761e-01
   7.7726153733233772e-01
   7.8806564982541627e-01
   7.9544559679129889e-01
   7.9919012180322480e-01
   7.9919012180322468e-01
   7.9544559679129823e-01
   7.8806564982541505e-01
   7.7726153733233605e-01
   7.6333359445998539e-01
   7.4665353067125639e-01
   7.2764399411342051e-01
   7.0675739447653674e-01
   6.8445577942295810e-01
   6.6119315932006428e-01
   6.3740117349890013e-01
   6.1347848838082197e-01
   5.8978388814594596e-01
   5.6663270322872350e-01
   5.4429603058402820e-01
   5.2300211934464669e-01
   5.0293930070125292e-01
   4.8425990260420138e-01
   4.6708468186425245e-01
   4.5150740782509530e-01
   4.3759932895444470e-01
   4.2541333830652567e-01
   4.1498772226809411e-01
   4.0634942885433767e-01
   3.9951682847087572e-01
   3.9450196381005631e-01
   3.9131229897626241e-01
   3.8995198349922588e-01
   3.9042264677241134e-01
   3.9272373449012932e-01
   3.9685239240555703e-01
   4.0280289554248327e-01
   4.1459129505459297e-01
   4.3226072986211461e-01
   4.5173523046784908e-01
   4.7294058403617517e-01
   4.9577257114737922e-01
   5.2009041377269638e-01
   5.4571003164719467e-01
   5.7239753351425804e-01
   5.9986354226729888e-01
   6.2775913377290926e-01
   6.5567432951230542e-01
   6.8314018047643643e-01
   7.0963545961076613e-01
   7.3459878466962614e-01
   7.5744657690411887e-01
   7.7759661194204199e-01
   7.9449608295231955e-01
   8.0765218952948703e-01
   8.1666247068851006e-01
   8.2124162922841248e-01
   8.2124162922841315e-01
   8.1666247068851172e-01
   8.0765218952948969e-01
   7.9449608295232310e-01
   7.7759661194204643e-01
   7.5744657690412387e-01
   7.3459878466963169e-01
   7.0963545961077235e-01
   6.8314018047644287e-01
   6.5567432951231197e-01
   6.2775913377291592e-01
   5.9986354226730543e-01
   5.7239753351426459e-01
   5.4571003164720111e-01
   5.2009041377270260e-01
   4.9577257114738510e-01
   4.7294058403618078e-01
   4.5173523046785441e-01
   4.3226072986211950e-01
   4.1459129505459752e-01
   4.0280289554248760e-01
   3.9685239240556136e-01
   3.9272373449013359e-01
   3.9042264677241562e-01
   3.8995198349923010e-01
   3.9131229897626663e-01
   3.9450196381006042e-01
   3.9951682847087983e-01
   4.0634942885434178e-01
   4.1498772226809810e-01
   4.2541333830652955e-01
   4.3759932895444853e-01
   4.5150740782509907e-01
   4.6708468186425611e-01
   4.8425990260420482e-01
   5.0293930070125636e-01
   5.2300211934464980e-01
   5.4429603058403109e-01
   5.6663270322872628e-01
   5.8978388814594851e-01
   6.1347848838082408e-01
   6.3740117349890213e-01
   6.6119315932006584e-01
   6.8445577942295932e-01
   7.0675739447653751e-01
   7.2764399411342084e-01
   7.4665353067125628e-01
   7.6333359445998483e-01
   7.7726153733233516e-01
   7.8806564982541372e-01
   7.9544559679129645e-01
   7.9919012180322258e-01
   7.9919012180322269e-01
   7.9544559679129667e-01
   7.8806564982541383e-01
   7.7726153733233527e-01
   7.6333359445998505e-01
   7.4665353067125650e-01
   7.2764399411342107e-01
   7.0675739447653785e-01
   6.8445577942295954e-01
   6.6119315932006617e-01
   6.3740117349890246e-01
   6.1347848838082442e-01
   5.8978388814594873e-01
   5.6663270322872650e-01
   5.4429603058403142e-01
   5.2300211934465002e-01
   5.0293930070125648e-01
   4.8425990260420498e-01
   4.6708468186425628e-01
   4.5150740782509924e-01
   4.3759932895444864e-01
   4.2541333830652961e-01
   4.1498772226809816e-01
   4.0634942885434183e-01
   3.9951682847087983e-01
   3.9450196381006047e-01
   3.9131229897626663e-01
   3.8995198349923005e-01
   3.9042264677241556e-01
   3.9272373449013354e-01
   3.9685239240556131e-01
   4.0280289554248755e-01
