   6.1964899132945306e-01
   6.2163319267836592e-01
   6.2307860740273158e-01
   6.2396237375973751e-01
   6.2427043930161641e-01
   6.2399789234565572e-01
   6.2314907862878111e-01
   6.2173749807339918e-01
   6.1978548615547857e-01
   6.1732369360723716e-01
   6.1439038645135624e-01
   6.1103059509766977e-01
   6.0729514603602375e-01
   6.0323961231467615e-01
   5.9892321947950888e-01
   5.9440774212123748e-01
   5.8975642293657471e-01
   5.8503294165554987e-01
   5.8030045577118528e-01
   5.7562072918181306e-01
   5.7105335903491283e-01
   5.6665510559225152e-01
   5.6247932508390130e-01
   5.5857550145996326e-01
   5.5498886977657769e-01
   5.5176012168810706e-01
   5.4892518212446806e-01
   5.4651504563554454e-01
   5.4455566098302821e-01
   5.4306785324262530e-01
   5.4206727383463293e-01
   5.4156437042354211e-01
   5.4156437042354200e-01
   5.4206727383463282e-01
   5.4306785324262530e-01
   5.4455566098302810e-01
   5.4651504563554443e-01
   5.4892518212446795e-01
   5.5176012168810684e-01
   5.5498886977657758e-01
   5.5857550145996304e-01
   5.6247932508390119e-01
   5.6665510559225130e-01
   5.7105335903491261e-01
   5.7562072918181273e-01
   5.8030045577118505e-01
   5.8503294165554953e-01
   5.8975642293657449e-01
   5.9440774212123726e-01
   5.9892321947950855e-01
   6.0323961231467593e-01
   6.0729514603602353e-01
   6.1103059509766955e-01
   6.1439038645135602e-01
   6.1732369360723693e-01
   6.1978548615547846e-01
   6.2173749807339906e-01
   6.2314907862878099e-01
   6.2399789234565561e-01
   6.2427043930161630e-01
   6.2396237375973762e-01
   6.2307860740273158e-01
   6.2163319267836614e-01
   6.1964899132945317e-01
   6.1586489035923409e-01
   6.1032264194812880e-01
   6.0440164382230288e-01
   5.9819251212150892e-01
   5.9178754174947978e-01
   5.8527903916289570e-01
   5.7875781877553334e-01
   5.7231188861786209e-01
   5.6602533796441545e-01
   5.5997742808976891e-01
   5.5424187766117350e-01
   5.4888632678648186e-01
   5.4397195845353741e-01
   5.3955325289569644e-01
   5.3567784905809868e-01
   5.3238648752013717e-01
   5.2971301063372145e-01
   5.2768439796272626e-01
   5.2632081809231857e-01
   5.2563568130230143e-01
   5.2563568130230143e-01
   5.2632081809231868e-01
   5.2768439796272637e-01
   5.2971301063372167e-01
   5.3238648752013729e-01
   5.3567784905809890e-01
   5.3955325289569667e-01
   5.4397195845353785e-01
   5.4888632678648230e-01
   5.5424187766117394e-01
   5.5997742808976936e-01
   5.6602533796441601e-01
   5.7231188861786253e-01
   5.7875781877553389e-01
   5.8527903916289614e-01
   5.9178754174948034e-01
   5.9819251212150937e-01
   6.0440164382230332e-01
   6.1032264194812913e-01
   6.1586489035923453e-01
   6.1964899132945361e-01
   6.2163319267836670e-01
   6.2307860740273235e-01
   6.2396237375973851e-01
   6.2427043930161730e-01
   6.2399789234565672e-01
   6.2314907862878222e-01
   6.2173749807340029e-01
   6.1978548615547968e-01
   6.1732369360723827e-01
   6.1439038645135735e-01
   6.1103059509767088e-01
   6.0729514603602486e-01
   6.0323961231467704e-01
   5.9892321947950966e-01
   5.9440774212123826e-01
   5.8975642293657549e-01
   5.8503294165555042e-01
   5.8030045577118583e-01
   5.7562072918181340e-01
   5.7105335903491306e-01
   5.6665510559225163e-01
   5.6247932508390142e-01
   5.5857550145996315e-01
   5.5498886977657746e-01
   5.5176012168810662e-01
   5.4892518212446750e-01
   5.4651504563554387e-01
   5.4455566098302743e-01
   5.4306785324262441e-01
   5.4206727383463194e-01
   5.4156437042354100e-01
   5.4156437042354089e-01
   5.4206727383463160e-01
   5.4306785324262397e-01
   5.4455566098302677e-01
   5.4651504563554310e-01
   5.4892518212446650e-01
   5.5176012168810551e-01
   5.5498886977657624e-01
   5.5857550145996182e-01
   5.6247932508389997e-01
   5.6665510559225007e-01
   5.7105335903491150e-01
   5.7562072918181173e-01
   5.8030045577118416e-01
   5.8503294165554875e-01
   5.8975642293657382e-01
   5.9440774212123670e-01
   5.9892321947950822e-01
   6.0323961231467571e-01
   6.0729514603602353e-01
   6.1103059509766955e-01
   6.1439038645135624e-01
   6.1732369360723727e-01
   6.1978548615547879e-01
   6.2173749807339929e-01
   6.2314907862878133e-01
   6.2399789234565595e-01
   6.2427043930161663e-01
   6.2396237375973795e-01
   6.2307860740273180e-01
   6.2163319267836625e-01
   6.1964899132945350e-01
