   3.3066129891885415e-01
   3.2301465872805202e-01
   3.1768093503046213e-01
   3.1464286301002770e-01
   3.1389014029673168e-01
   3.1542016229585984e-01
   3.1923820159703875e-01
   3.2535704213907429e-01
   3.3379604643888516e-01
   3.4457960193687515e-01
   3.5773486076216304e-01
   3.7328865698754193e-01
   3.9126345879239227e-01
   4.1167219354371765e-01
   4.3451177752237391e-01
   4.5975519761459893e-01
   4.8734204189210706e-01
   5.1716747518750616e-01
   5.4906982259179549e-01
   5.8281717604842598e-01
   6.1809378889280120e-01
   6.5448746733432872e-01
   6.9147967574071179e-01
   7.2844057090166681e-01
   7.6463154209698725e-01
   7.9921787909391495e-01
   8.3129371322812584e-01
   8.5992020664219582e-01
   8.8417605984836301e-01
   9.0321695610447528e-01
   9.1633803446430173e-01
   9.2303158130507168e-01
   9.2303158130507212e-01
   9.1633803446430317e-01
   9.0321695610447772e-01
   8.8417605984836600e-01
   8.5992020664219959e-01
   8.3129371322813017e-01
   7.9921787909391973e-01
   7.6463154209699236e-01
   7.2844057090167202e-01
   6.9147967574071700e-01
   6.5448746733433405e-01
   6.1809378889280642e-01
   5.8281717604843097e-01
   5.4906982259180037e-01
   5.1716747518751083e-01
   4.8734204189211139e-01
   4.5975519761460298e-01
   4.3451177752237768e-01
   4.1167219354372114e-01
   3.9126345879239549e-01
   3.7328865698754493e-01
   3.5773486076216571e-01
   3.4457960193687753e-01
   3.3379604643888733e-01
   3.2535704213907618e-01
   3.1923820159704042e-01
   3.1542016229586123e-01
   3.1389014029673279e-01
   3.1464286301002858e-01
   3.1768093503046274e-01
   3.2301465872805241e-01
   3.3066129891885432e-01
   3.4582056354009988e-01
   3.6862029012001163e-01
   3.9392600086611812e-01
   4.2175770106567179e-01
   4.5210236346281590e-01
   4.8490102303110938e-01
   5.2003366586736377e-01
   5.5730219029404726e-01
   5.9641214388756902e-01
   6.3695453037919925e-01
   6.7838972169480916e-01
   7.2003633090802555e-01
   7.6106864299994548e-01
   8.0052660040889145e-01
   8.3734205329293487e-01
   8.7038365969924258e-01
   8.9852025786287204e-01
   9.2069888130845778e-01
   9.3602950332757384e-01
   9.4386521949416824e-01
   9.4386521948248558e-01
   9.3602950329303936e-01
   9.2069888125255839e-01
   8.9852025778791877e-01
   8.7038365960815278e-01
   8.3734205318898203e-01
   8.0052660029545963e-01
   7.6106864288031673e-01
   7.2003633078521900e-01
   6.7838972157147648e-01
   6.3695453025757209e-01
   5.9641214376945073e-01
   5.5730219018083482e-01
   5.2003366576008969e-01
   4.8490102293049353e-01
   4.5210236336932019e-01
   4.2175770097955328e-01
   3.9392600078747647e-01
   3.6862029004883073e-01
   3.4582056347628271e-01
   3.3066129886041484e-01
   3.2301465867298762e-01
   3.1768093497859989e-01
   3.1464286296119470e-01
   3.1389014025075956e-01
   3.1542016225258895e-01
   3.1923820155632121e-01
   3.2535704210077659e-01
   3.3379604640289051e-01
   3.4457960190308540e-01
   3.5773486073050026e-01
   3.7328865695795010e-01
   3.9126345876483848e-01
   4.1167219351819306e-01
   4.3451177749889464e-01
   4.5975519759320593e-01
   4.8734204187286567e-01
   5.1716747517050421e-01
   5.4906982257714010e-01
   5.8281717603623806e-01
   6.1809378888320865e-01
   6.5448746732745522e-01
   6.9147967573666480e-01
   7.2844057090052106e-01
   7.6463154209876738e-01
   7.9921787909857711e-01
   8.3129371323554035e-01
   8.5992020665213464e-01
   8.8417605986049230e-01
   9.0321695611835795e-01
   9.1633803447941009e-01
   9.2303158132081065e-01
   9.2303158132081065e-01
   9.1633803447941009e-01
   9.0321695611835806e-01
   8.8417605986049241e-01
   8.5992020665213498e-01
   8.3129371323554080e-01
   7.9921787909857744e-01
   7.6463154209876771e-01
   7.2844057090052139e-01
   6.9147967573666513e-01
   6.5448746732745577e-01
   6.1809378888320909e-01
   5.8281717603623850e-01
   5.4906982257714054e-01
   5.1716747517050465e-01
   4.8734204187286606e-01
   4.5975519759320632e-01
   4.3451177749889497e-01
   4.1167219351819340e-01
   3.9126345876483876e-01
   3.7328865695795038e-01
   3.5773486073050054e-01
   3.4457960190308562e-01
   3.3379604640289073e-01
   3.2535704210077676e-01
   3.1923820155632138e-01
   3.1542016225258912e-01
   3.1389014025075962e-01
   3.1464286296119481e-01
   3.1768093497859995e-01
   3.2301465867298768e-01
   3.3066129886041484e-01
