   6.0877921454261807e-01
   6.5344294365335442e-01
   7.0547694043497211e-01
   7.6450650487239158e-01
   8.2983820737827751e-01
   9.0034439499168850e-01
   9.7434753228696702e-01
   1.0495293526284863e+00
   1.1229024311873601e+00
   1.1908900351726917e+00
   1.2495548603302504e+00
   1.2949891409398668e+00
   1.3238258546191974e+00
   1.3337682771319304e+00
   1.3239951593268939e+00
   1.2953138926959058e+00
   1.2500098926327918e+00
   1.1914431237807663e+00
   1.1235189841081532e+00
   1.0501764162719738e+00
   9.7499648741120315e-01
   9.0097225080088539e-01
   8.3042776022530851e-01
   7.6504576226764576e-01
   7.0595818366236274e-01
   6.5386170130589383e-01
   6.0913330974437019e-01
   5.7193230970721776e-01
   5.4228338700842682e-01
   5.2014037256855583e-01
   5.0543265483632449e-01
   4.9809695206262511e-01
   4.9809695206262511e-01
   5.0543265483632438e-01
   5.2014037256855550e-01
   5.4228338700842649e-01
   5.7193230970721731e-01
   6.0913330974436963e-01
   6.5386170130589327e-01
   7.0595818366236196e-01
   7.6504576226764498e-01
   8.3042776022530784e-01
   9.0097225080088472e-01
   9.7499648741120237e-01
   1.0501764162719731e+00
   1.1235189841081528e+00
   1.1914431237807659e+00
   1.2500098926327914e+00
   1.2953138926959056e+00
   1.3239951593268939e+00
   1.3337682771319306e+00
   1.3238258546191979e+00
   1.2949891409398673e+00
   1.2495548603302509e+00
   1.1908900351726921e+00
   1.1229024311873606e+00
   1.0495293526284868e+00
   9.7434753228696747e-01
   9.0034439499168895e-01
   8.2983820737827785e-01
   7.6450650487239158e-01
   7.0547694043497222e-01
   6.5344294365335442e-01
   6.0877921454261807e-01
   5.5238532333215562e-01
   4.8454369309634587e-01
   4.2423503349725661e-01
   3.7098677736548002e-01
   3.2422691414893778e-01
   2.8334843474063676e-01
   2.4775056429664080e-01
   2.1686356429131001e-01
   1.9016237387233417e-01
   1.6717295184488254e-01
   1.4747403529897449e-01
   1.3069616720025018e-01
   1.1651922432545413e-01
   1.0466924519075542e-01
   9.4915065029291479e-02
   8.7065070846987155e-02
   8.0964263589107591e-02
   7.6491734511645065e-02
   7.3558613607937612e-02
   7.2106518845190481e-02
   7.2106518845190481e-02
   7.3558613607937612e-02
   7.6491734511645051e-02
   8.0964263589107563e-02
   8.7065070846987141e-02
   9.4915065029291451e-02
   1.0466924519075538e-01
   1.1651922432545407e-01
   1.3069616720025012e-01
   1.4747403529897440e-01
   1.6717295184488248e-01
   1.9016237387233406e-01
   2.1686356429130990e-01
   2.4775056429664064e-01
   2.8334843474063648e-01
   3.2422691414893762e-01
   3.7098677736547975e-01
   4.2423503349725628e-01
   4.8454369309634548e-01
   5.5238532333215518e-01
   6.0877921454261774e-01
   6.5344294365335420e-01
   7.0547694043497189e-01
   7.6450650487239147e-01
   8.2983820737827774e-01
   9.0034439499168895e-01
   9.7434753228696747e-01
   1.0495293526284870e+00
   1.1229024311873608e+00
   1.1908900351726923e+00
   1.2495548603302513e+00
   1.2949891409398673e+00
   1.3238258546191977e+00
   1.3337682771319301e+00
   1.3239951593268933e+00
   1.2953138926959047e+00
   1.2500098926327907e+00
   1.1914431237807650e+00
   1.1235189841081519e+00
   1.0501764162719722e+00
   9.7499648741120193e-01
   9.0097225080088439e-01
   8.3042776022530751e-01
   7.6504576226764476e-01
   7.0595818366236196e-01
   6.5386170130589338e-01
   6.0913330974436986e-01
   5.7193230970721765e-01
   5.4228338700842682e-01
   5.2014037256855594e-01
   5.0543265483632493e-01
   4.9809695206262572e-01
   4.9809695206262589e-01
   5.0543265483632538e-01
   5.2014037256855672e-01
   5.4228338700842782e-01
   5.7193230970721887e-01
   6.0913330974437130e-01
   6.5386170130589516e-01
   7.0595818366236407e-01
   7.6504576226764709e-01
   8.3042776022531006e-01
   9.0097225080088694e-01
   9.7499648741120459e-01
   1.0501764162719751e+00
   1.1235189841081545e+00
   1.1914431237807672e+00
   1.2500098926327927e+00
   1.2953138926959062e+00
   1.3239951593268942e+00
   1.3337682771319301e+00
   1.3238258546191970e+00
   1.2949891409398659e+00
   1.2495548603302493e+00
   1.1908900351726901e+00
   1.1229024311873586e+00
   1.0495293526284848e+00
   9.7434753228696547e-01
   9.0034439499168706e-01
   8.2983820737827618e-01
   7.6450650487239025e-01
   7.0547694043497111e-01
   6.5344294365335365e-01
   6.0877921454261752e-01
