   7.3047725263657004e-01
   7.4333375009305780e-01
   7.5434601785043631e-01
   7.6324690827986175e-01
   7.6981276900512452e-01
   7.7387414207306215e-01
   7.7532428835329692e-01
   7.7412473848552565e-01
   7.7030732749190911e-01
   7.6397250976802467e-01
   7.5528412297018710e-01
   7.4446111439050933e-01
   7.3176700892385460e-01
   7.1749804853496757e-01
   7.0197095804645204e-01
   6.8551120349108141e-01
   6.6844243712689200e-01
   6.5107760581743879e-01
   6.3371197441112115e-01
   6.1661811305333869e-01
   6.0004273612749848e-01
   5.8420516869185535e-01
   5.6929715269541115e-01
   5.5548368272047799e-01
   5.4290456938069609e-01
   5.3167645722762547e-01
   5.2189506371044603e-01
   5.1363744904012243e-01
   5.0696416860647497e-01
   5.0192119679234282e-01
   4.9854154217939600e-01
   4.9684649901623623e-01
   4.9684649901623618e-01
   4.9854154217939600e-01
   5.0192119679234271e-01
   5.0696416860647486e-01
   5.1363744904012243e-01
   5.2189506371044592e-01
   5.3167645722762524e-01
   5.4290456938069598e-01
   5.5548368272047777e-01
   5.6929715269541092e-01
   5.8420516869185524e-01
   6.0004273612749837e-01
   6.1661811305333858e-01
   6.3371197441112104e-01
   6.5107760581743868e-01
   6.6844243712689155e-01
   6.8551120349108108e-01
   7.0197095804645171e-01
   7.1749804853496713e-01
   7.3176700892385405e-01
   7.4446111439050877e-01
   7.5528412297018654e-01
   7.6397250976802411e-01
   7.7030732749190856e-01
   7.7412473848552532e-01
   7.7532428835329648e-01
   7.7387414207306171e-01
   7.6981276900512430e-01
   7.6324690827986130e-01
   7.5434601785043609e-01
   7.4333375009305769e-01
   7.3047725263657004e-01
   7.0860646465313926e-01
   6.7815744662892685e-01
   6.4721935198466984e-01
   6.1634527263165162e-01
   5.8601304464215753e-01
   5.5662344219656346e-01
   5.2850303741062810e-01
   5.0191024780469606e-01
   4.7704327058268786e-01
   4.5404886009370116e-01
   4.3303117793773094e-01
   4.1406019424115442e-01
   3.9717932391817229e-01
   3.8241213776481447e-01
   3.6976809810782407e-01
   3.5924733973254797e-01
   3.5084455744225701e-01
   3.4455207987143249e-01
   3.4036221181866988e-01
   3.3826891960415828e-01
   3.3826891960415822e-01
   3.4036221181866982e-01
   3.4455207987143238e-01
   3.5084455744225684e-01
   3.5924733973254774e-01
   3.6976809810782374e-01
   3.8241213776481414e-01
   3.9717932391817196e-01
   4.1406019424115387e-01
   4.3303117793773044e-01
   4.5404886009370060e-01
   4.7704327058268720e-01
   5.0191024780469551e-01
   5.2850303741062743e-01
   5.5662344219656268e-01
   5.8601304464215664e-01
   6.1634527263165084e-01
   6.4721935198466907e-01
   6.7815744662892607e-01
   7.0860646465313837e-01
   7.3047725263656915e-01
   7.4333375009305680e-01
   7.5434601785043520e-01
   7.6324690827986053e-01
   7.6981276900512352e-01
   7.7387414207306093e-01
   7.7532428835329592e-01
   7.7412473848552465e-01
   7.7030732749190800e-01
   7.6397250976802378e-01
   7.5528412297018632e-01
   7.4446111439050877e-01
   7.3176700892385405e-01
   7.1749804853496735e-01
   7.0197095804645204e-01
   6.8551120349108152e-01
   6.6844243712689222e-01
   6.5107760581743934e-01
   6.3371197441112193e-01
   6.1661811305333947e-01
   6.0004273612749948e-01
   5.8420516869185646e-01
   5.6929715269541226e-01
   5.5548368272047921e-01
   5.4290456938069753e-01
   5.3167645722762691e-01
   5.2189506371044758e-01
   5.1363744904012409e-01
   5.0696416860647664e-01
   5.0192119679234448e-01
   4.9854154217939772e-01
   4.9684649901623795e-01
   4.9684649901623795e-01
   4.9854154217939767e-01
   5.0192119679234448e-01
   5.0696416860647653e-01
   5.1363744904012409e-01
   5.2189506371044758e-01
   5.3167645722762691e-01
   5.4290456938069742e-01
   5.5548368272047921e-01
   5.6929715269541226e-01
   5.8420516869185646e-01
   6.0004273612749937e-01
   6.1661811305333947e-01
   6.3371197441112181e-01
   6.5107760581743945e-01
   6.6844243712689233e-01
   6.8551120349108186e-01
   7.0197095804645238e-01
   7.1749804853496768e-01
   7.3176700892385449e-01
   7.4446111439050922e-01
   7.5528412297018666e-01
   7.6397250976802422e-01
   7.7030732749190844e-01
   7.7412473848552510e-01
   7.7532428835329614e-01
   7.7387414207306138e-01
   7.6981276900512374e-01
   7.6324690827986075e-01
   7.5434601785043542e-01
   7.4333375009305702e-01
   7.3047725263656915e-01
