   6.9509762095186789e-01
   7.3469931505976516e-01
   7.7816472834886907e-01
   8.2473605983287357e-01
   8.7341241184157159e-01
   9.2292633276179892e-01
   9.7174291873710550e-01
   1.0180927505955568e+00
   1.0600481536420048e+00
   1.0956464012498268e+00
   1.1230532591052551e+00
   1.1407474250192429e+00
   1.1476950507323209e+00
   1.1434789364833526e+00
   1.1283530186727859e+00
   1.1032090457529449e+00
   1.0694635052053698e+00
   1.0288910002954270e+00
   9.8343906138208181e-01
   9.3505715993134952e-01
   8.8556250145774518e-01
   8.3655223539193402e-01
   7.8936059714361517e-01
   7.4505252279893519e-01
   7.0444258495935541e-01
   6.6812853944223272e-01
   6.3653087999972235e-01
   6.0993238180971887e-01
   5.8851395223087122e-01
   5.7238488853376890e-01
   5.6160682390257899e-01
   5.5621131463087559e-01
   5.5621131463087570e-01
   5.6160682390257910e-01
   5.7238488853376912e-01
   5.8851395223087144e-01
   6.0993238180971909e-01
   6.3653087999972269e-01
   6.6812853944223294e-01
   7.0444258495935574e-01
   7.4505252279893541e-01
   7.8936059714361539e-01
   8.3655223539193435e-01
   8.8556250145774540e-01
   9.3505715993134952e-01
   9.8343906138208192e-01
   1.0288910002954270e+00
   1.0694635052053700e+00
   1.1032090457529449e+00
   1.1283530186727859e+00
   1.1434789364833524e+00
   1.1476950507323207e+00
   1.1407474250192429e+00
   1.1230532591052549e+00
   1.0956464012498266e+00
   1.0600481536420046e+00
   1.0180927505955568e+00
   9.7174291873710528e-01
   9.2292633276179881e-01
   8.7341241184157148e-01
   8.2473605983287357e-01
   7.7816472834886907e-01
   7.3469931505976527e-01
   6.9509762095186789e-01
   6.4166210504575638e-01
   5.7512303797454889e-01
   5.1412620443428425e-01
   4.5876698069611199e-01
   4.0893250066856390e-01
   3.6437628391402349e-01
   3.2477432155733377e-01
   2.8976543715868042e-01
   2.5897920450178363e-01
   2.3205448919508595e-01
   2.0865118902819951e-01
   1.8845720053516948e-01
   1.7119214088711365e-01
   1.5660894310930815e-01
   1.4449412276985990e-01
   1.3466727498416944e-01
   1.2698018645779058e-01
   1.2131582319900761e-01
   1.1758736744925968e-01
   1.1573741685595890e-01
   1.1573741685595888e-01
   1.1758736744925968e-01
   1.2131582319900758e-01
   1.2698018645779055e-01
   1.3466727498416942e-01
   1.4449412276985985e-01
   1.5660894310930809e-01
   1.7119214088711360e-01
   1.8845720053516943e-01
   2.0865118902819951e-01
   2.3205448919508595e-01
   2.5897920450178363e-01
   2.8976543715868047e-01
   3.2477432155733377e-01
   3.6437628391402332e-01
   4.0893250066856379e-01
   4.5876698069611171e-01
   5.1412620443428403e-01
   5.7512303797454856e-01
   6.4166210504575594e-01
   6.9509762095186745e-01
   7.3469931505976482e-01
   7.7816472834886885e-01
   8.2473605983287346e-01
   8.7341241184157170e-01
   9.2292633276179903e-01
   9.7174291873710572e-01
   1.0180927505955573e+00
   1.0600481536420052e+00
   1.0956464012498273e+00
   1.1230532591052556e+00
   1.1407474250192435e+00
   1.1476950507323214e+00
   1.1434789364833529e+00
   1.1283530186727861e+00
   1.1032090457529453e+00
   1.0694635052053700e+00
   1.0288910002954270e+00
   9.8343906138208181e-01
   9.3505715993134930e-01
   8.8556250145774484e-01
   8.3655223539193369e-01
   7.8936059714361473e-01
   7.4505252279893452e-01
   7.0444258495935486e-01
   6.6812853944223194e-01
   6.3653087999972180e-01
   6.0993238180971809e-01
   5.8851395223087044e-01
   5.7238488853376812e-01
   5.6160682390257810e-01
   5.5621131463087470e-01
   5.5621131463087470e-01
   5.6160682390257810e-01
   5.7238488853376812e-01
   5.8851395223087044e-01
   6.0993238180971809e-01
   6.3653087999972169e-01
   6.6812853944223205e-01
   7.0444258495935497e-01
   7.4505252279893464e-01
   7.8936059714361484e-01
   8.3655223539193380e-01
   8.8556250145774495e-01
   9.3505715993134930e-01
   9.8343906138208181e-01
   1.0288910002954270e+00
   1.0694635052053700e+00
   1.1032090457529453e+00
   1.1283530186727861e+00
   1.1434789364833531e+00
   1.1476950507323214e+00
   1.1407474250192435e+00
   1.1230532591052556e+00
   1.0956464012498273e+00
   1.0600481536420052e+00
   1.0180927505955573e+00
   9.7174291873710561e-01
   9.2292633276179892e-01
   8.7341241184157148e-01
   8.2473605983287335e-01
   7.7816472834886874e-01
   7.3469931505976471e-01
   6.9509762095186733e-01
