   4.2835168503020687e-01
   4.2835168503020693e-01
   4.2835168503020699e-01
   4.2835168503020699e-01
   4.2835168503020704e-01
   4.2835168503020710e-01
   4.2835168503020715e-01
   4.2835168503020721e-01
   4.2835168503020732e-01
   4.2835168503020732e-01
   4.2835168503020737e-01
   4.2835168503020749e-01
   4.2835168503020749e-01
   4.2835168503020760e-01
   4.2835168503020765e-01
   4.2835168503020771e-01
   4.2835168503020776e-01
   4.2835168503020787e-01
   4.2835168503020793e-01
   4.2835168503020793e-01
   4.2835168503020798e-01
   4.2835168503020810e-01
   4.2835168503020810e-01
   4.2835168503020815e-01
   4.2835168503020821e-01
   4.2835168503020826e-01
   4.2835168503020826e-01
   4.2835168503020832e-01
   4.2835168503020832e-01
   4.2835168503020832e-01
   4.2835168503020832e-01
   4.2835168503020832e-01
   4.2835168503020832e-01
   4.2835168503020832e-01
   4.2835168503020832e-01
   4.2835168503020832e-01
   4.2835168503020826e-01
   4.2835168503020832e-01
   4.2835168503020826e-01
   4.2835168503020821e-01
   4.2835168503020815e-01
   4.2835168503020815e-01
   4.2835168503020815e-01
   4.2835168503020810e-01
   4.2835168503020798e-01
   4.2835168503020793e-01
   4.2835168503020793e-01
   4.2835168503020782e-01
   4.2835168503020776e-01
   4.2835168503020765e-01
   4.2835168503020765e-01
   4.2835168503020760e-01
   4.2835168503020749e-01
   4.2835168503020749e-01
   4.2835168503020737e-01
   4.2835168503020732e-01
   4.2835168503020732e-01
   4.2835168503020721e-01
   4.2835168503020715e-01
   4.2835168503020710e-01
   4.2835168503020710e-01
   4.2835168503020704e-01
   4.2835168503020699e-01
   4.2835168503020693e-01
   4.2835168503020682e-01
   4.2835168503020682e-01
   4.2835168503020676e-01
   4.2835168503020676e-01
   4.2835168503020671e-01
   4.2835168503020665e-01
   4.2835168503020665e-01
   4.2835168503020665e-01
   4.2835168503020665e-01
   4.2835168503020665e-01
   4.2835168503020665e-01
   4.2835168503020671e-01
   4.2835168503020671e-01
   4.2835168503020671e-01
   4.2835168503020676e-01
   4.2835168503020682e-01
   4.2835168503020687e-01
   4.2835168503020687e-01
   4.2835168503020693e-01
   4.2835168503020704e-01
   4.2835168503020710e-01
   4.2835168503020715e-01
   4.2835168503020721e-01
   4.2835168503020732e-01
   4.2835168503020737e-01
   4.2835168503020743e-01
   4.2835168503020749e-01
   4.2835168503020760e-01
   4.2835168503020771e-01
   4.2835168503020776e-01
   4.2835168503020782e-01
   4.2835168503020793e-01
   4.2835168503020798e-01
   4.2835168503020804e-01
   4.2835168503020810e-01
   4.2835168503020821e-01
   4.2835168503020826e-01
   4.2835168503020832e-01
   4.2835168503020837e-01
   4.2835168503020837e-01
   4.2835168503020837e-01
   4.2835168503020837e-01
   4.2835168503020826e-01
   4.2835168503020821e-01
   4.2835168503020821e-01
   4.2835168503020810e-01
   4.2835168503020810e-01
   4.2835168503020804e-01
   4.2835168503020798e-01
   4.2835168503020787e-01
   4.2835168503020782e-01
   4.2835168503020771e-01
   4.2835168503020765e-01
   4.2835168503020760e-01
   4.2835168503020749e-01
   4.2835168503020743e-01
   4.2835168503020737e-01
   4.2835168503020726e-01
   4.2835168503020721e-01
   4.2835168503020715e-01
   4.2835168503020704e-01
   4.2835168503020704e-01
   4.2835168503020699e-01
   4.2835168503020693e-01
   4.2835168503020687e-01
   4.2835168503020682e-01
   4.2835168503020676e-01
   4.2835168503020682e-01
   4.2835168503020676e-01
   4.2835168503020671e-01
   4.2835168503020671e-01
   4.2835168503020671e-01
   4.2835168503020671e-01
   4.2835168503020671e-01
   4.2835168503020671e-01
   4.2835168503020676e-01
   4.2835168503020671e-01
   4.2835168503020676e-01
   4.2835168503020682e-01
   4.2835168503020687e-01
   4.2835168503020687e-01
   4.2835168503020693e-01
   4.2835168503020704e-01
   4.2835168503020704e-01
   4.2835168503020715e-01
   4.2835168503020715e-01
   4.2835168503020726e-01
   4.2835168503020732e-01
   4.2835168503020743e-01
   4.2835168503020743e-01
   4.2835168503020760e-01
   4.2835168503020760e-01
   4.2835168503020771e-01
   4.2835168503020782e-01
   4.2835168503020787e-01
   4.2835168503020787e-01
   4.2835168503020798e-01
   4.2835168503020804e-01
   4.2835168503020810e-01
   4.2835168503020821e-01
   4.2835168503020821e-01
   4.2835168503020832e-01
   4.2835168503020832e-01
   4.2835168503020837e-01
