   3.5182570062869423e-01
   3.5502262652761180e-01
   3.5868304656123084e-01
   3.6279367649831051e-01
   3.6733893535114226e-01
   3.7230076894753317e-01
   3.7765846597183977e-01
   3.8338847192992709e-01
   3.8946420751410943e-01
   3.9585589891947121e-01
   4.0253042875178746e-01
   4.0945121721326083e-01
   4.1657814418251365e-01
   4.2386752353013452e-01
   4.3127214142617809e-01
   4.3874137038596239e-01
   4.4622137024549408e-01
   4.5365538604306049e-01
   4.6098415081146238e-01
   4.6814639849052159e-01
   4.7507948853453680e-01
   4.8172013936082864e-01
   4.8800526268717498e-01
   4.9387288524681056e-01
   4.9926313864408606e-01
   5.0411929259126276e-01
   5.0838880186970237e-01
   5.1202433352884869e-01
   5.1498473849231774e-01
   5.1723593122894385e-01
   5.1875164269572815e-01
   5.1951401543919840e-01
   5.1951401543919840e-01
   5.1875164269572815e-01
   5.1723593122894385e-01
   5.1498473849231774e-01
   5.1202433352884869e-01
   5.0838880186970248e-01
   5.0411929259126276e-01
   4.9926313864408617e-01
   4.9387288524681056e-01
   4.8800526268717509e-01
   4.8172013936082869e-01
   4.7507948853453680e-01
   4.6814639849052164e-01
   4.6098415081146243e-01
   4.5365538604306049e-01
   4.4622137024549408e-01
   4.3874137038596250e-01
   4.3127214142617809e-01
   4.2386752353013457e-01
   4.1657814418251365e-01
   4.0945121721326083e-01
   4.0253042875178746e-01
   3.9585589891947132e-01
   3.8946420751410943e-01
   3.8338847192992714e-01
   3.7765846597183977e-01
   3.7230076894753322e-01
   3.6733893535114231e-01
   3.6279367649831057e-01
   3.5868304656123084e-01
   3.5502262652761185e-01
   3.5182570062869423e-01
   3.4769166913157623e-01
   3.4265266776607800e-01
   3.3813694281880824e-01
   3.3415838858253932e-01
   3.3072856054394711e-01
   3.2785691071911960e-01
   3.2555099359433698e-01
   3.2381664038266134e-01
   3.2265809997064482e-01
   3.2207814544049973e-01
   3.2207814544049973e-01
   3.2265809997064493e-01
   3.2381664038266150e-01
   3.2555099359433726e-01
   3.2785691071911988e-01
   3.3072856054394750e-01
   3.3415838858253982e-01
   3.3813694281880879e-01
   3.4265266776607861e-01
   3.4769166913157690e-01
   3.5182570062869495e-01
   3.5502262652761252e-01
   3.5868304656123151e-01
   3.6279367649831112e-01
   3.6733893535114287e-01
   3.7230076894753372e-01
   3.7765846597184027e-01
   3.8338847192992759e-01
   3.8946420751410982e-01
   3.9585589891947170e-01
   4.0253042875178785e-01
   4.0945121721326111e-01
   4.1657814418251393e-01
   4.2386752353013474e-01
   4.3127214142617831e-01
   4.3874137038596256e-01
   4.4622137024549419e-01
   4.5365538604306055e-01
   4.6098415081146238e-01
   4.6814639849052153e-01
   4.7507948853453669e-01
   4.8172013936082847e-01
   4.8800526268717481e-01
   4.9387288524681028e-01
   4.9926313864408584e-01
   5.0411929259126242e-01
   5.0838880186970203e-01
   5.1202433352884824e-01
   5.1498473849231730e-01
   5.1723593122894340e-01
   5.1875164269572771e-01
   5.1951401543919795e-01
   5.1951401543919795e-01
   5.1875164269572771e-01
   5.1723593122894329e-01
   5.1498473849231718e-01
   5.1202433352884824e-01
   5.0838880186970192e-01
   5.0411929259126242e-01
   4.9926313864408578e-01
   4.9387288524681028e-01
   4.8800526268717476e-01
   4.8172013936082841e-01
   4.7507948853453663e-01
   4.6814639849052142e-01
   4.6098415081146227e-01
   4.5365538604306044e-01
   4.4622137024549408e-01
   4.3874137038596245e-01
   4.3127214142617820e-01
   4.2386752353013463e-01
   4.1657814418251382e-01
   4.0945121721326100e-01
   4.0253042875178779e-01
   3.9585589891947159e-01
   3.8946420751410976e-01
   3.8338847192992753e-01
   3.7765846597184022e-01
   3.7230076894753367e-01
   3.6733893535114281e-01
   3.6279367649831107e-01
   3.5868304656123151e-01
   3.5502262652761246e-01
   3.5182570062869495e-01
