   2.6473669255015925e-01
   2.7020243017792539e-01
   2.7660738169293686e-01
   2.8395513611664752e-01
   2.9224819250204409e-01
   3.0148723907052138e-01
   3.1167030203272661e-01
   3.2279175410607652e-01
   3.3484117464831259e-01
   3.4780205679829507e-01
   3.6165036248711102e-01
   3.7635293412521781e-01
   3.9186578265034744e-01
   4.0813228582869532e-01
   4.2508134845644074e-01
   4.4262559731433393e-01
   4.6065970780121185e-01
   4.7905898484269871e-01
   4.9767834578866393e-01
   5.1635187440613184e-01
   5.3489312853476489e-01
   5.5309638444923648e-01
   5.7073898307028015e-01
   5.8758490199766988e-01
   6.0338960973104894e-01
   6.1790616435735968e-01
   6.3089240285860526e-01
   6.4211893881912052e-01
   6.5137756071719310e-01
   6.5848951898318597e-01
   6.6331312727804725e-01
   6.6575009854819889e-01
   6.6575009854819911e-01
   6.6331312727804803e-01
   6.5848951898318719e-01
   6.5137756071719488e-01
   6.4211893881912263e-01
   6.3089240285860770e-01
   6.1790616435736245e-01
   6.0338960973105216e-01
   5.8758490199767321e-01
   5.7073898307028370e-01
   5.5309638444924003e-01
   5.3489312853476845e-01
   5.1635187440613539e-01
   4.9767834578866749e-01
   4.7905898484270221e-01
   4.6065970780121512e-01
   4.4262559731433704e-01
   4.2508134845644380e-01
   4.0813228582869820e-01
   3.9186578265035016e-01
   3.7635293412522031e-01
   3.6165036248711330e-01
   3.4780205679829712e-01
   3.3484117464831448e-01
   3.2279175410607819e-01
   3.1167030203272800e-01
   3.0148723907052261e-01
   2.9224819250204509e-01
   2.8395513611664824e-01
   2.7660738169293736e-01
   2.7020243017792572e-01
   2.6473669255015936e-01
   2.5785655904235999e-01
   2.4959045189740245e-01
   2.4227795305586328e-01
   2.3590855215466774e-01
   2.3047182590960028e-01
   2.2595796759479486e-01
   2.2235821321175095e-01
   2.1966517705672683e-01
   2.1787310736009333e-01
   2.1697807055072288e-01
   2.1697807055072288e-01
   2.1787310736009335e-01
   2.1966517705672689e-01
   2.2235821321175098e-01
   2.2595796759479495e-01
   2.3047182590960033e-01
   2.3590855215466783e-01
   2.4227795305586339e-01
   2.4959045189740256e-01
   2.5785655904236010e-01
   2.6473669255015941e-01
   2.7020243017792561e-01
   2.7660738169293708e-01
   2.8395513611664780e-01
   2.9224819250204448e-01
   3.0148723907052183e-01
   3.1167030203272700e-01
   3.2279175410607708e-01
   3.3484117464831326e-01
   3.4780205679829579e-01
   3.6165036248711174e-01
   3.7635293412521870e-01
   3.9186578265034833e-01
   4.0813228582869626e-01
   4.2508134845644180e-01
   4.4262559731433498e-01
   4.6065970780121296e-01
   4.7905898484269988e-01
   4.9767834578866516e-01
   5.1635187440613306e-01
   5.3489312853476612e-01
   5.5309638444923781e-01
   5.7073898307028137e-01
   5.8758490199767111e-01
   6.0338960973105016e-01
   6.1790616435736068e-01
   6.3089240285860604e-01
   6.4211893881912108e-01
   6.5137756071719355e-01
   6.5848951898318620e-01
   6.6331312727804725e-01
   6.6575009854819878e-01
   6.6575009854819878e-01
   6.6331312727804737e-01
   6.5848951898318642e-01
   6.5137756071719399e-01
   6.4211893881912163e-01
   6.3089240285860659e-01
   6.1790616435736123e-01
   6.0338960973105082e-01
   5.8758490199767177e-01
   5.7073898307028215e-01
   5.5309638444923859e-01
   5.3489312853476689e-01
   5.1635187440613395e-01
   4.9767834578866599e-01
   4.7905898484270076e-01
   4.6065970780121374e-01
   4.4262559731433576e-01
   4.2508134845644258e-01
   4.0813228582869704e-01
   3.9186578265034905e-01
   3.7635293412521936e-01
   3.6165036248711246e-01
   3.4780205679829634e-01
   3.3484117464831381e-01
   3.2279175410607758e-01
   3.1167030203272755e-01
   3.0148723907052227e-01
   2.9224819250204481e-01
   2.8395513611664808e-01
   2.7660738169293725e-01
   2.7020243017792578e-01
   2.6473669255015947e-01
