   2.2459426947451797e-01
   2.3057603577009428e-01
   2.3765491778587214e-01
   2.4584941338416849e-01
   2.5517921284544198e-01
   2.6566440633696220e-01
   2.7732450138548753e-01
   2.9017721850277717e-01
   3.0423703070853114e-01
   3.1951341185824539e-01
   3.3600876031283977e-01
   3.5371596976811798e-01
   3.7261562948593929e-01
   3.9267285350918824e-01
   4.1383376465993366e-01
   4.3602169615103648e-01
   4.5913322302394055e-01
   4.8303419791738056e-01
   5.0755603964086671e-01
   5.3249260464616099e-01
   5.5759805287404474e-01
   5.8258618801362483e-01
   6.0713179048114641e-01
   6.3087444815074611e-01
   6.5342530296012991e-01
   6.7437695318790924e-01
   6.9331647500047788e-01
   7.0984116519869311e-01
   7.2357619676282203e-01
   7.3419298133152211e-01
   7.4142672677142329e-01
   7.4509154293963964e-01
   7.4509154293963964e-01
   7.4142672677142363e-01
   7.3419298133152289e-01
   7.2357619676282303e-01
   7.0984116519869445e-01
   6.9331647500047933e-01
   6.7437695318791069e-01
   6.5342530296013168e-01
   6.3087444815074800e-01
   6.0713179048114829e-01
   5.8258618801362672e-01
   5.5759805287404673e-01
   5.3249260464616299e-01
   5.0755603964086859e-01
   4.8303419791738245e-01
   4.5913322302394238e-01
   4.3602169615103831e-01
   4.1383376465993532e-01
   3.9267285350918985e-01
   3.7261562948594085e-01
   3.5371596976811942e-01
   3.3600876031284105e-01
   3.1951341185824661e-01
   3.0423703070853231e-01
   2.9017721850277817e-01
   2.7732450138548842e-01
   2.6566440633696292e-01
   2.5517921284544265e-01
   2.4584941338416894e-01
   2.3765491778587250e-01
   2.3057603577009450e-01
   2.2459426947451805e-01
   2.1715115839900548e-01
   2.0826438016399396e-01
   2.0044652822326253e-01
   1.9367028660103519e-01
   1.8791078733450223e-01
   1.8314605333557965e-01
   1.7935733697312034e-01
   1.7652937417720310e-01
   1.7465056985992608e-01
   1.7371312679915077e-01
   1.7371312679915080e-01
   1.7465056985992614e-01
   1.7652937417720321e-01
   1.7935733697312045e-01
   1.8314605333557976e-01
   1.8791078733450237e-01
   1.9367028660103536e-01
   2.0044652822326275e-01
   2.0826438016399418e-01
   2.1715115839900576e-01
   2.2459426947451835e-01
   2.3057603577009486e-01
   2.3765491778587292e-01
   2.4584941338416946e-01
   2.5517921284544315e-01
   2.6566440633696353e-01
   2.7732450138548914e-01
   2.9017721850277894e-01
   3.0423703070853308e-01
   3.1951341185824755e-01
   3.3600876031284194e-01
   3.5371596976812031e-01
   3.7261562948594174e-01
   3.9267285350919079e-01
   4.1383376465993627e-01
   4.3602169615103914e-01
   4.5913322302394327e-01
   4.8303419791738328e-01
   5.0755603964086937e-01
   5.3249260464616377e-01
   5.5759805287404740e-01
   5.8258618801362738e-01
   6.0713179048114896e-01
   6.3087444815074856e-01
   6.5342530296013213e-01
   6.7437695318791124e-01
   6.9331647500047966e-01
   7.0984116519869456e-01
   7.2357619676282314e-01
   7.3419298133152289e-01
   7.4142672677142363e-01
   7.4509154293963942e-01
   7.4509154293963920e-01
   7.4142672677142296e-01
   7.3419298133152167e-01
   7.2357619676282148e-01
   7.0984116519869256e-01
   6.9331647500047733e-01
   6.7437695318790858e-01
   6.5342530296012924e-01
   6.3087444815074545e-01
   6.0713179048114574e-01
   5.8258618801362416e-01
   5.5759805287404418e-01
   5.3249260464616044e-01
   5.0755603964086604e-01
   4.8303419791738000e-01
   4.5913322302394011e-01
   4.3602169615103620e-01
   4.1383376465993332e-01
   3.9267285350918801e-01
   3.7261562948593913e-01
   3.5371596976811787e-01
   3.3600876031283966e-01
   3.1951341185824544e-01
   3.0423703070853120e-01
   2.9017721850277728e-01
   2.7732450138548764e-01
   2.6566440633696231e-01
   2.5517921284544215e-01
   2.4584941338416866e-01
   2.3765491778587233e-01
   2.3057603577009450e-01
   2.2459426947451824e-01
