   3.7498432133857867e-01
   3.7725908302594990e-01
   3.7984521114575776e-01
   3.8273050366048067e-01
   3.8590100012980122e-01
   3.8934093509901080e-01
   3.9303269573263488e-01
   3.9695678689404951e-01
   4.0109180717947468e-01
   4.0541443967802721e-01
   4.0989946142816985e-01
   4.1451977565173254e-01
   4.1924647084444788e-01
   4.2404891066046807e-01
   4.2889485822214268e-01
   4.3375063799270447e-01
   4.3858133765087332e-01
   4.4335105149301801e-01
   4.4802316576135753e-01
   4.5256068496987961e-01
   4.5692659680276626e-01
   4.6108427153932868e-01
   4.6499789027771604e-01
   4.6863289456521967e-01
   4.7195644848625529e-01
   4.7493790290769428e-01
   4.7754925053344621e-01
   4.7976555976732949e-01
   4.8156537520122966e-01
   4.8293107288687637e-01
   4.8384915943664558e-01
   4.8431050541907728e-01
   4.8431050541907728e-01
   4.8384915943664558e-01
   4.8293107288687642e-01
   4.8156537520122972e-01
   4.7976555976732954e-01
   4.7754925053344621e-01
   4.7493790290769428e-01
   4.7195644848625534e-01
   4.6863289456521973e-01
   4.6499789027771610e-01
   4.6108427153932874e-01
   4.5692659680276632e-01
   4.5256068496987967e-01
   4.4802316576135759e-01
   4.4335105149301812e-01
   4.3858133765087348e-01
   4.3375063799270458e-01
   4.2889485822214274e-01
   4.2404891066046824e-01
   4.1924647084444799e-01
   4.1451977565173265e-01
   4.0989946142816996e-01
   4.0541443967802726e-01
   4.0109180717947479e-01
   3.9695678689404962e-01
   3.9303269573263494e-01
   3.8934093509901085e-01
   3.8590100012980127e-01
   3.8273050366048073e-01
   3.7984521114575787e-01
   3.7725908302595001e-01
   3.7498432133857873e-01
   3.7201865822168717e-01
   3.6838801472996024e-01
   3.6512156193314860e-01
   3.6223356703395732e-01
   3.5973625469275433e-01
   3.5763990343931024e-01
   3.5595293358166341e-01
   3.5468198407909790e-01
   3.5383197634933888e-01
   3.5340616344273418e-01
   3.5340616344273412e-01
   3.5383197634933894e-01
   3.5468198407909796e-01
   3.5595293358166347e-01
   3.5763990343931024e-01
   3.5973625469275439e-01
   3.6223356703395732e-01
   3.6512156193314860e-01
   3.6838801472996024e-01
   3.7201865822168712e-01
   3.7498432133857867e-01
   3.7725908302594990e-01
   3.7984521114575770e-01
   3.8273050366048061e-01
   3.8590100012980122e-01
   3.8934093509901080e-01
   3.9303269573263483e-01
   3.9695678689404951e-01
   4.0109180717947468e-01
   4.0541443967802721e-01
   4.0989946142816985e-01
   4.1451977565173259e-01
   4.1924647084444788e-01
   4.2404891066046813e-01
   4.2889485822214268e-01
   4.3375063799270452e-01
   4.3858133765087337e-01
   4.4335105149301807e-01
   4.4802316576135759e-01
   4.5256068496987972e-01
   4.5692659680276632e-01
   4.6108427153932874e-01
   4.6499789027771610e-01
   4.6863289456521973e-01
   4.7195644848625534e-01
   4.7493790290769439e-01
   4.7754925053344621e-01
   4.7976555976732960e-01
   4.8156537520122977e-01
   4.8293107288687642e-01
   4.8384915943664558e-01
   4.8431050541907728e-01
   4.8431050541907728e-01
   4.8384915943664558e-01
   4.8293107288687637e-01
   4.8156537520122977e-01
   4.7976555976732954e-01
   4.7754925053344621e-01
   4.7493790290769439e-01
   4.7195644848625534e-01
   4.6863289456521973e-01
   4.6499789027771615e-01
   4.6108427153932874e-01
   4.5692659680276632e-01
   4.5256068496987967e-01
   4.4802316576135759e-01
   4.4335105149301807e-01
   4.3858133765087337e-01
   4.3375063799270452e-01
   4.2889485822214268e-01
   4.2404891066046813e-01
   4.1924647084444788e-01
   4.1451977565173259e-01
   4.0989946142816985e-01
   4.0541443967802715e-01
   4.0109180717947468e-01
   3.9695678689404951e-01
   3.9303269573263483e-01
   3.8934093509901069e-01
   3.8590100012980116e-01
   3.8273050366048061e-01
   3.7984521114575770e-01
   3.7725908302594985e-01
   3.7498432133857867e-01
