   1.8873551728172111e-01
   1.9491272505336854e-01
   2.0228844788168657e-01
   2.1089661502019258e-01
   2.2077521226246105e-01
   2.3196559974515990e-01
   2.4451161373950847e-01
   2.5845839834851880e-01
   2.7385090347368202e-01
   2.9073197597692529e-01
   3.0913996264650523e-01
   3.2910573796643655e-01
   3.5064906914773125e-01
   3.7377423873338417e-01
   3.9846486578746243e-01
   4.2467790582482545e-01
   4.5233687375911247e-01
   4.8132443001049080e-01
   5.1147460314670190e-01
   5.4256509518541096e-01
   5.7431032323582343e-01
   6.0635607758103605e-01
   6.3827689003942389e-01
   6.6957735738616331e-01
   6.9969868539419622e-01
   7.2803153375377838e-01
   7.5393578499490699e-01
   7.7676710424836737e-01
   7.9590914429641746e-01
   8.1080911829123858e-01
   8.2101343776276270e-01
   8.2619947201101807e-01
   8.2619947201101818e-01
   8.2101343776276270e-01
   8.1080911829123858e-01
   7.9590914429641746e-01
   7.7676710424836737e-01
   7.5393578499490699e-01
   7.2803153375377849e-01
   6.9969868539419600e-01
   6.6957735738616331e-01
   6.3827689003942389e-01
   6.0635607758103593e-01
   5.7431032323582343e-01
   5.4256509518541085e-01
   5.1147460314670179e-01
   4.8132443001049069e-01
   4.5233687375911241e-01
   4.2467790582482540e-01
   3.9846486578746237e-01
   3.7377423873338411e-01
   3.5064906914773114e-01
   3.2910573796643650e-01
   3.0913996264650523e-01
   2.9073197597692524e-01
   2.7385090347368196e-01
   2.5845839834851875e-01
   2.4451161373950844e-01
   2.3196559974515982e-01
   2.2077521226246100e-01
   2.1089661502019255e-01
   2.0228844788168654e-01
   1.9491272505336849e-01
   1.8873551728172108e-01
   1.8113032799375894e-01
   1.7210234463164073e-01
   1.6420114679531678e-01
   1.5738373020463725e-01
   1.5161199857430518e-01
   1.4685301133177581e-01
   1.4307915096258650e-01
   1.4026823250348538e-01
   1.3840357247422477e-01
   1.3747403012740964e-01
   1.3747403012740964e-01
   1.3840357247422480e-01
   1.4026823250348541e-01
   1.4307915096258653e-01
   1.4685301133177586e-01
   1.5161199857430521e-01
   1.5738373020463733e-01
   1.6420114679531686e-01
   1.7210234463164084e-01
   1.8113032799375908e-01
   1.8873551728172133e-01
   1.9491272505336882e-01
   2.0228844788168693e-01
   2.1089661502019297e-01
   2.2077521226246155e-01
   2.3196559974516046e-01
   2.4451161373950914e-01
   2.5845839834851952e-01
   2.7385090347368279e-01
   2.9073197597692618e-01
   3.0913996264650623e-01
   3.2910573796643755e-01
   3.5064906914773225e-01
   3.7377423873338528e-01
   3.9846486578746360e-01
   4.2467790582482662e-01
   4.5233687375911369e-01
   4.8132443001049208e-01
   5.1147460314670323e-01
   5.4256509518541229e-01
   5.7431032323582476e-01
   6.0635607758103738e-01
   6.3827689003942523e-01
   6.6957735738616453e-01
   6.9969868539419722e-01
   7.2803153375377949e-01
   7.5393578499490788e-01
   7.7676710424836815e-01
   7.9590914429641801e-01
   8.1080911829123903e-01
   8.2101343776276292e-01
   8.2619947201101818e-01
   8.2619947201101795e-01
   8.2101343776276237e-01
   8.1080911829123792e-01
   7.9590914429641668e-01
   7.7676710424836648e-01
   7.5393578499490599e-01
   7.2803153375377727e-01
   6.9969868539419500e-01
   6.6957735738616220e-01
   6.3827689003942267e-01
   6.0635607758103471e-01
   5.7431032323582210e-01
   5.4256509518540974e-01
   5.1147460314670068e-01
   4.8132443001048969e-01
   4.5233687375911136e-01
   4.2467790582482451e-01
   3.9846486578746154e-01
   3.7377423873338333e-01
   3.5064906914773047e-01
   3.2910573796643583e-01
   3.0913996264650467e-01
   2.9073197597692479e-01
   2.7385090347368152e-01
   2.5845839834851841e-01
   2.4451161373950817e-01
   2.3196559974515962e-01
   2.2077521226246088e-01
   2.1089661502019247e-01
   2.0228844788168654e-01
   1.9491272505336857e-01
   1.8873551728172122e-01
