   1.3265177521724725e-01
   1.3858649609489362e-01
   1.4578460344263081e-01
   1.5430596451872033e-01
   1.6422031947557417e-01
   1.7560717302148485e-01
   1.8855552768051587e-01
   2.0316338163110109e-01
   2.1953689060073225e-01
   2.3778906422422033e-01
   2.5803783211457770e-01
   2.8040327368297335e-01
   3.0500375958292902e-01
   3.3195070451441622e-01
   3.6134158699721575e-01
   3.9325086219409555e-01
   4.2771839605342155e-01
   4.6473510864916301e-01
   5.0422566735456420e-01
   5.4602836160356072e-01
   5.8987277023901596e-01
   6.3535654148399179e-01
   6.8192355388537695e-01
   7.2884685412729133e-01
   7.7522089846568354e-01
   8.1996842787740898e-01
   8.6186729873194678e-01
   8.9960122164124667e-01
   9.3183522718745893e-01
   9.5731183243354390e-01
   9.7495812976525786e-01
   9.8398896013594961e-01
   9.8398896013594783e-01
   9.7495812976525242e-01
   9.5731183243353535e-01
   9.3183522718744749e-01
   8.9960122164123246e-01
   8.6186729873193080e-01
   8.1996842787739166e-01
   7.7522089846566522e-01
   7.2884685412727257e-01
   6.8192355388535819e-01
   6.3535654148397336e-01
   5.8987277023899809e-01
   5.4602836160354373e-01
   5.0422566735454810e-01
   4.6473510864914791e-01
   4.2771839605340750e-01
   3.9325086219408262e-01
   3.6134158699720387e-01
   3.3195070451440545e-01
   3.0500375958291931e-01
   2.8040327368296458e-01
   2.5803783211456988e-01
   2.3778906422421339e-01
   2.1953689060072623e-01
   2.0316338163109585e-01
   1.8855552768051140e-01
   1.7560717302148110e-01
   1.6422031947557114e-01
   1.5430596451871800e-01
   1.4578460344262917e-01
   1.3858649609489265e-01
   1.3265177521724691e-01
   1.2548201737405754e-01
   1.1705935997786573e-01
   1.0975677563947370e-01
   1.0350802606824858e-01
   9.8255872380907314e-02
   9.3951828221161479e-02
   9.0555916646794285e-02
   8.8036447781683125e-02
   8.6369829276278440e-02
   8.5540417915625916e-02
   8.5540417915625902e-02
   8.6369829276278398e-02
   8.8036447781683055e-02
   9.0555916646794188e-02
   9.3951828221161354e-02
   9.8255872380907147e-02
   1.0350802606824838e-01
   1.0975677563947346e-01
   1.1705935997786548e-01
   1.2548201737405723e-01
   1.3265177521724641e-01
   1.3858649609489174e-01
   1.4578460344262784e-01
   1.5430596451871625e-01
   1.6422031947556898e-01
   1.7560717302147852e-01
   1.8855552768050832e-01
   2.0316338163109229e-01
   2.1953689060072215e-01
   2.3778906422420884e-01
   2.5803783211456477e-01
   2.8040327368295886e-01
   3.0500375958291293e-01
   3.3195070451439851e-01
   3.6134158699719626e-01
   3.9325086219407446e-01
   4.2771839605339862e-01
   4.6473510864913842e-01
   5.0422566735453789e-01
   5.4602836160353296e-01
   5.8987277023898699e-01
   6.3535654148396192e-01
   6.8192355388534676e-01
   7.2884685412726125e-01
   7.7522089846565434e-01
   8.1996842787738122e-01
   8.6186729873192147e-01
   8.9960122164122447e-01
   9.3183522718744083e-01
   9.5731183243353069e-01
   9.7495812976524976e-01
   9.8398896013594739e-01
   9.8398896013595138e-01
   9.7495812976526164e-01
   9.5731183243354967e-01
   9.3183522718746636e-01
   8.9960122164125533e-01
   8.6186729873195667e-01
   8.1996842787741964e-01
   7.7522089846569453e-01
   7.2884685412730243e-01
   6.8192355388538795e-01
   6.3535654148400256e-01
   5.8987277023902629e-01
   5.4602836160357060e-01
   5.0422566735457341e-01
   4.6473510864917167e-01
   4.2771839605342954e-01
   3.9325086219410293e-01
   3.6134158699722241e-01
   3.3195070451442232e-01
   3.0500375958293457e-01
   2.8040327368297829e-01
   2.5803783211458209e-01
   2.3778906422422419e-01
   2.1953689060073561e-01
   2.0316338163110398e-01
   1.8855552768051825e-01
   1.7560717302148676e-01
   1.6422031947557567e-01
   1.5430596451872139e-01
   1.4578460344263147e-01
   1.3858649609489390e-01
   1.3265177521724714e-01
