   2.8371293239813450e-01
   2.8882477910670318e-01
   2.9478671155668845e-01
   3.0159650534380844e-01
   3.0925013564102660e-01
   3.1774114637858131e-01
   3.2705992132310169e-01
   3.3719285454014819e-01
   3.4812142032472249e-01
   3.5982114651336383e-01
   3.7226050038017933e-01
   3.8539970327813727e-01
   3.9918949896919542e-01
   4.1356991123568843e-01
   4.2846903874718750e-01
   4.4380194888066299e-01
   4.5946974652197298e-01
   4.7535890765411176e-01
   4.9134097912637342e-01
   5.0727275328985377e-01
   5.2299702669073211e-01
   5.3834404308423212e-01
   5.5313370022188779e-01
   5.6717856543426359e-01
   5.8028769655591295e-01
   5.9227120371398578e-01
   6.0294541779775279e-01
   6.1213845941649103e-01
   6.1969593633807640e-01
   6.2548644744027249e-01
   6.2940654640855298e-01
   6.3138482590493328e-01
   6.3138482590493283e-01
   6.2940654640855209e-01
   6.2548644744027082e-01
   6.1969593633807418e-01
   6.1213845941648826e-01
   6.0294541779774968e-01
   5.9227120371398223e-01
   5.8028769655590917e-01
   5.6717856543425960e-01
   5.5313370022188357e-01
   5.3834404308422790e-01
   5.2299702669072767e-01
   5.0727275328984944e-01
   4.9134097912636909e-01
   4.7535890765410749e-01
   4.5946974652196881e-01
   4.4380194888065899e-01
   4.2846903874718367e-01
   4.1356991123568471e-01
   3.9918949896919204e-01
   3.8539970327813411e-01
   3.7226050038017627e-01
   3.5982114651336106e-01
   3.4812142032472004e-01
   3.3719285454014603e-01
   3.2705992132309974e-01
   3.1774114637857964e-01
   3.0925013564102516e-01
   3.0159650534380739e-01
   2.9478671155668762e-01
   2.8882477910670273e-01
   2.8371293239813433e-01
   2.7724251692347096e-01
   2.6944545966527650e-01
   2.6252951408656860e-01
   2.5649138190198650e-01
   2.5132695001230787e-01
   2.4703180910426262e-01
   2.4360167865776233e-01
   2.4103274699908223e-01
   2.3932193393009510e-01
   2.3846708213935433e-01
   2.3846708213935433e-01
   2.3932193393009507e-01
   2.4103274699908220e-01
   2.4360167865776231e-01
   2.4703180910426259e-01
   2.5132695001230781e-01
   2.5649138190198650e-01
   2.6252951408656860e-01
   2.6944545966527644e-01
   2.7724251692347091e-01
   2.8371293239813428e-01
   2.8882477910670279e-01
   2.9478671155668784e-01
   3.0159650534380772e-01
   3.0925013564102560e-01
   3.1774114637858014e-01
   3.2705992132310036e-01
   3.3719285454014675e-01
   3.4812142032472082e-01
   3.5982114651336200e-01
   3.7226050038017727e-01
   3.8539970327813516e-01
   3.9918949896919320e-01
   4.1356991123568598e-01
   4.2846903874718495e-01
   4.4380194888066032e-01
   4.5946974652197020e-01
   4.7535890765410888e-01
   4.9134097912637054e-01
   5.0727275328985100e-01
   5.2299702669072923e-01
   5.3834404308422934e-01
   5.5313370022188502e-01
   5.6717856543426093e-01
   5.8028769655591039e-01
   5.9227120371398345e-01
   6.0294541779775079e-01
   6.1213845941648914e-01
   6.1969593633807507e-01
   6.2548644744027160e-01
   6.2940654640855298e-01
   6.3138482590493372e-01
   6.3138482590493394e-01
   6.2940654640855376e-01
   6.2548644744027293e-01
   6.1969593633807685e-01
   6.1213845941649137e-01
   6.0294541779775324e-01
   5.9227120371398612e-01
   5.8028769655591339e-01
   5.6717856543426404e-01
   5.5313370022188824e-01
   5.3834404308423256e-01
   5.2299702669073245e-01
   5.0727275328985422e-01
   4.9134097912637376e-01
   4.7535890765411204e-01
   4.5946974652197325e-01
   4.4380194888066327e-01
   4.2846903874718772e-01
   4.1356991123568865e-01
   3.9918949896919564e-01
   3.8539970327813744e-01
   3.7226050038017944e-01
   3.5982114651336383e-01
   3.4812142032472254e-01
   3.3719285454014819e-01
   3.2705992132310163e-01
   3.1774114637858120e-01
   3.0925013564102649e-01
   3.0159650534380833e-01
   2.9478671155668834e-01
   2.8882477910670307e-01
   2.8371293239813439e-01
