   2.7832850603517545e-01
   2.7335487199928349e-01
   2.5903958350714612e-01
   2.3724719313057949e-01
   2.1105177024048891e-01
   1.8428731334299783e-01
   1.6074847577920512e-01
   1.4346198220850107e-01
   1.3436778252989814e-01
   1.3436778252989817e-01
   1.4346198220850112e-01
   1.6074847577920523e-01
   1.8428731334299800e-01
   2.1105177024048916e-01
   2.3724719313057974e-01
   2.5903958350714634e-01
   2.7335487199928360e-01
   2.7832850603517545e-01
   2.7832850603517545e-01
   2.8471972658552980e-01
   3.0382331809929947e-01
   3.3528727238859335e-01
   3.7798355715283677e-01
   4.2903833537623781e-01
   4.8252058011794352e-01
   5.2874417349374936e-01
   5.5607115313439182e-01
   5.5607115313437228e-01
   5.2874417349369540e-01
   4.8252058011786608e-01
   4.2903833537614794e-01
   3.7798355715274229e-01
   3.3528727238849843e-01
   3.0382331809920532e-01
   2.8471972658543648e-01
   2.7832850603508236e-01
   2.7832850603508236e-01
   2.7335487199919073e-01
   2.5903958350705464e-01
   2.3724719313049081e-01
   2.1105177024040483e-01
   1.8428731334291973e-01
   1.6074847577913315e-01
   1.4346198220843412e-01
   1.3436778252983400e-01
   1.3436778252983403e-01
   1.4346198220843417e-01
   1.6074847577913323e-01
   1.8428731334291987e-01
   2.1105177024040500e-01
   2.3724719313049097e-01
   2.5903958350705480e-01
   2.7335487199919084e-01
   2.7832850603508236e-01
