   2.8729851536989659e-01
   2.8290685831490914e-01
   2.7018425292374937e-01
   2.5058198207320737e-01
   2.2664383766231355e-01
   2.0175880007409686e-01
   1.7951077354696993e-01
   1.6295225748717312e-01
   1.5416492330658724e-01
   1.5416492330658726e-01
   1.6295225748717318e-01
   1.7951077354697004e-01
   2.0175880007409702e-01
   2.2664383766231377e-01
   2.5058198207320764e-01
   2.7018425292374953e-01
   2.8290685831490919e-01
   2.8729851536989659e-01
   2.8729851536989659e-01
   2.9292929032996257e-01
   3.0972108855079350e-01
   3.3723851830580337e-01
   3.7427092032678383e-01
   4.1804034477210594e-01
   4.6325156950944207e-01
   5.0178028343736036e-01
   5.2431614969788765e-01
   5.2431614969788620e-01
   5.0178028343735659e-01
   4.6325156950943663e-01
   4.1804034477209967e-01
   3.7427092032677728e-01
   3.3723851830579682e-01
   3.0972108855078700e-01
   2.9292929032995607e-01
   2.8729851536989004e-01
   2.8729851536989004e-01
   2.8290685831490253e-01
   2.7018425292374265e-01
   2.5058198207320065e-01
   2.2664383766230692e-01
   2.0175880007409042e-01
   1.7951077354696374e-01
   1.6295225748716721e-01
   1.5416492330658152e-01
   1.5416492330658157e-01
   1.6295225748716735e-01
   1.7951077354696396e-01
   2.0175880007409067e-01
   2.2664383766230720e-01
   2.5058198207320098e-01
   2.7018425292374293e-01
   2.8290685831490259e-01
   2.8729851536989004e-01
