   2.0368675984543311e-01
   1.9530110242310650e-01
   1.7235399757613121e-01
   1.4056966488346262e-01
   1.0689501467240907e-01
   7.7048325483718497e-02
   5.4234389461480244e-02
   3.9372763497183133e-02
   3.2166121392821184e-02
   3.2166121392821205e-02
   3.9372763497183189e-02
   5.4234389461480320e-02
   7.7048325483718608e-02
   1.0689501467240922e-01
   1.4056966488346279e-01
   1.7235399757613137e-01
   1.9530110242310655e-01
   2.0368675984543311e-01
   2.0368675984543311e-01
   2.1465149569745379e-01
   2.4804217349475705e-01
   3.0545075486714218e-01
   3.8943408846579325e-01
   5.0178983525582199e-01
   6.3767957079087978e-01
   7.7457403617033727e-01
   8.6605288950225234e-01
   8.6605288950225223e-01
   7.7457403617033704e-01
   6.3767957079087967e-01
   5.0178983525582199e-01
   3.8943408846579342e-01
   3.0545075486714252e-01
   2.4804217349475741e-01
   2.1465149569745404e-01
   2.0368675984543333e-01
   2.0368675984543333e-01
   1.9530110242310672e-01
   1.7235399757613143e-01
   1.4056966488346279e-01
   1.0689501467240919e-01
   7.7048325483718594e-02
   5.4234389461480299e-02
   3.9372763497183182e-02
   3.2166121392821219e-02
   3.2166121392821226e-02
   3.9372763497183209e-02
   5.4234389461480355e-02
   7.7048325483718677e-02
   1.0689501467240932e-01
   1.4056966488346292e-01
   1.7235399757613157e-01
   1.9530110242310678e-01
   2.0368675984543333e-01
