   3.2512663043319845e-01
   3.2424063907041539e-01
   3.2156275065408513e-01
   3.1710124656638572e-01
   3.1106403281820988e-01
   3.0403666235695220e-01
   2.9703367056551944e-01
   2.9133256421419285e-01
   2.8812324885055268e-01
   2.8812324885055268e-01
   2.9133256421419285e-01
   2.9703367056551949e-01
   3.0403666235695231e-01
   3.1106403281821010e-01
   3.1710124656638605e-01
   3.2156275065408535e-01
   3.2424063907041545e-01
   3.2512663043319845e-01
   3.2512663043319845e-01
   3.2624617682246376e-01
   3.2953653515461029e-01
   3.3476754397906761e-01
   3.4148433663427741e-01
   3.4894652726372827e-01
   3.5613046763860667e-01
   3.6185479104421042e-01
   3.6504262307766472e-01
   3.6504262307766472e-01
   3.6185479104421037e-01
   3.5613046763860656e-01
   3.4894652726372816e-01
   3.4148433663427730e-01
   3.3476754397906755e-01
   3.2953653515461012e-01
   3.2624617682246343e-01
   3.2512663043319801e-01
   3.2512663043319801e-01
   3.2424063907041495e-01
   3.2156275065408485e-01
   3.1710124656638561e-01
   3.1106403281820999e-01
   3.0403666235695259e-01
   2.9703367056552010e-01
   2.9133256421419373e-01
   2.8812324885055374e-01
   2.8812324885055379e-01
   2.9133256421419396e-01
   2.9703367056552038e-01
   3.0403666235695292e-01
   3.1106403281821038e-01
   3.1710124656638600e-01
   3.2156275065408507e-01
   3.2424063907041506e-01
   3.2512663043319801e-01
