   3.2250359444094984e-01
   3.2215420611021994e-01
   3.2110472260791889e-01
   3.1935313126559062e-01
   3.1690228813703342e-01
   3.1376829624864683e-01
   3.0999035868578012e-01
   3.0564030714559143e-01
   3.0082976236514325e-01
   2.9571300556760216e-01
   2.9048421272339331e-01
   2.8536866302066272e-01
   2.8060865573121646e-01
   2.7644584515037401e-01
   2.7310226730559561e-01
   2.7076238319730067e-01
   2.6955809252133472e-01
   2.6955809252133478e-01
   2.7076238319730078e-01
   2.7310226730559567e-01
   2.7644584515037390e-01
   2.8060865573121624e-01
   2.8536866302066238e-01
   2.9048421272339287e-01
   2.9571300556760161e-01
   3.0082976236514264e-01
   3.0564030714559076e-01
   3.0999035868577945e-01
   3.1376829624864633e-01
   3.1690228813703308e-01
   3.1935313126559034e-01
   3.2110472260791878e-01
   3.2215420611021989e-01
   3.2250359444094984e-01
   3.2250359444094984e-01
   3.2294778075961567e-01
   3.2427422323728283e-01
   3.2646377706425656e-01
   3.2948195828092142e-01
   3.3327535209493947e-01
   3.3776715759571629e-01
   3.4285249848717686e-01
   3.4839436167449023e-01
   3.5422124289859463e-01
   3.6012771480500028e-01
   3.6587909202853930e-01
   3.7122104445111470e-01
   3.7589433175062775e-01
   3.7965382270190129e-01
   3.8228979298667481e-01
   3.8364848861318857e-01
   3.8364848861318862e-01
   3.8228979298667504e-01
   3.7965382270190168e-01
   3.7589433175062814e-01
   3.7122104445111509e-01
   3.6587909202853963e-01
   3.6012771480500055e-01
   3.5422124289859480e-01
   3.4839436167449034e-01
   3.4285249848717680e-01
   3.3776715759571613e-01
   3.3327535209493925e-01
   3.2948195828092114e-01
   3.2646377706425628e-01
   3.2427422323728256e-01
   3.2294778075961539e-01
   3.2250359444094956e-01
   3.2250359444094956e-01
   3.2215420611021967e-01
   3.2110472260791850e-01
   3.1935313126559006e-01
   3.1690228813703253e-01
   3.1376829624864550e-01
   3.0999035868577823e-01
   3.0564030714558899e-01
   3.0082976236514020e-01
   2.9571300556759855e-01
   2.9048421272338903e-01
   2.8536866302065778e-01
   2.8060865573121097e-01
   2.7644584515036802e-01
   2.7310226730558923e-01
   2.7076238319729401e-01
   2.6955809252132784e-01
   2.6955809252132779e-01
   2.7076238319729384e-01
   2.7310226730558895e-01
   2.7644584515036758e-01
   2.8060865573121041e-01
   2.8536866302065717e-01
   2.9048421272338837e-01
   2.9571300556759783e-01
   3.0082976236513959e-01
   3.0564030714558832e-01
   3.0999035868577768e-01
   3.1376829624864505e-01
   3.1690228813703220e-01
   3.1935313126558978e-01
   3.2110472260791839e-01
   3.2215420611021961e-01
   3.2250359444094956e-01
