   2.3276501997104579e-01
   2.2536666882743719e-01
   2.0471802376755166e-01
   1.7503486407244018e-01
   1.4196253897813552e-01
   1.1090100148848733e-01
   8.5718554024079727e-02
   6.8439059361230556e-02
   5.9749933670177863e-02
   5.9749933670177870e-02
   6.8439059361230598e-02
   8.5718554024079796e-02
   1.1090100148848746e-01
   1.4196253897813571e-01
   1.7503486407244043e-01
   2.0471802376755185e-01
   2.2536666882743725e-01
   2.3276501997104579e-01
   2.3276501997104579e-01
   2.4237334614805603e-01
   2.7141731311886191e-01
   3.2048495677539635e-01
   3.9004508095828488e-01
   4.7873200798156496e-01
   5.7943818555407745e-01
   6.7412124741560042e-01
   7.3391600860653039e-01
   7.3391600860653072e-01
   6.7412124741560153e-01
   5.7943818555407900e-01
   4.7873200798156668e-01
   3.9004508095828672e-01
   3.2048495677539818e-01
   2.7141731311886363e-01
   2.4237334614805756e-01
   2.3276501997104718e-01
   2.3276501997104718e-01
   2.2536666882743855e-01
   2.0471802376755294e-01
   1.7503486407244132e-01
   1.4196253897813646e-01
   1.1090100148848808e-01
   8.5718554024080323e-02
   6.8439059361231028e-02
   5.9749933670178258e-02
   5.9749933670178258e-02
   6.8439059361231028e-02
   8.5718554024080323e-02
   1.1090100148848811e-01
   1.4196253897813652e-01
   1.7503486407244140e-01
   2.0471802376755305e-01
   2.2536666882743861e-01
   2.3276501997104718e-01
