   2.5317291294836569e-01
   2.4674942909612738e-01
   2.2857475549688577e-01
   2.0177226815651350e-01
   1.7087602232552943e-01
   1.4073130853066879e-01
   1.1536313325948734e-01
   9.7397488910403354e-02
   8.8168853076955045e-02
   8.8168853076955059e-02
   9.7397488910403410e-02
   1.1536313325948745e-01
   1.4073130853066892e-01
   1.7087602232552959e-01
   2.0177226815651370e-01
   2.2857475549688594e-01
   2.4674942909612740e-01
   2.5317291294836569e-01
   2.5317291294836569e-01
   2.6147597301494785e-01
   2.8644807734002048e-01
   3.2815002965545520e-01
   3.8608065268872621e-01
   4.5773799738733867e-01
   5.3602003510100837e-01
   6.0666304571295582e-01
   6.4984607134573147e-01
   6.4984607134573125e-01
   6.0666304571295504e-01
   5.3602003510100749e-01
   4.5773799738733767e-01
   3.8608065268872527e-01
   3.2815002965545442e-01
   2.8644807734001981e-01
   2.6147597301494713e-01
   2.5317291294836491e-01
   2.5317291294836491e-01
   2.4674942909612665e-01
   2.2857475549688511e-01
   2.0177226815651289e-01
   1.7087602232552890e-01
   1.4073130853066834e-01
   1.1536313325948699e-01
   9.7397488910403049e-02
   8.8168853076954767e-02
   8.8168853076954781e-02
   9.7397488910403104e-02
   1.1536313325948708e-01
   1.4073130853066845e-01
   1.7087602232552904e-01
   2.0177226815651306e-01
   2.2857475549688525e-01
   2.4674942909612668e-01
   2.5317291294836491e-01
