   3.2314624707185330e-01
   3.2566991950230906e-01
   3.2831606662716017e-01
   3.3107473130776943e-01
   3.3393524989412082e-01
   3.3688625723933391e-01
   3.3991569745770139e-01
   3.4301084124671238e-01
   3.4615831057062918e-01
   3.4934411145838123e-01
   3.5255367559923573e-01
   3.5577191132371400e-01
   3.5898326443293310e-01
   3.6217178918618093e-01
   3.6532122957425694e-01
   3.6841511079635164e-01
   3.7143684062373455e-01
   3.7436982007851716e-01
   3.7719756258601655e-01
   3.7990382048203586e-01
   3.8247271748032974e-01
   3.8488888544043631e-01
   3.8713760353249371e-01
   3.8920493768458392e-01
   3.9107787803030925e-01
   3.9274447195972617e-01
   3.9419395032405113e-01
   3.9541684436034841e-01
   3.9640509099082016e-01
   3.9715212431348340e-01
   3.9765295133484774e-01
   3.9790421029526546e-01
   3.9790421029526546e-01
   3.9765295133484774e-01
   3.9715212431348340e-01
   3.9640509099082016e-01
   3.9541684436034846e-01
   3.9419395032405113e-01
   3.9274447195972617e-01
   3.9107787803030925e-01
   3.8920493768458397e-01
   3.8713760353249371e-01
   3.8488888544043637e-01
   3.8247271748032979e-01
   3.7990382048203586e-01
   3.7719756258601661e-01
   3.7436982007851716e-01
   3.7143684062373461e-01
   3.6841511079635164e-01
   3.6532122957425700e-01
   3.6217178918618104e-01
   3.5898326443293316e-01
   3.5577191132371400e-01
   3.5255367559923578e-01
   3.4934411145838123e-01
   3.4615831057062918e-01
   3.4301084124671238e-01
   3.3991569745770145e-01
   3.3688625723933396e-01
   3.3393524989412088e-01
   3.3107473130776949e-01
   3.2831606662716017e-01
   3.2566991950230911e-01
   3.2314624707185330e-01
   3.1951385605451987e-01
   3.1479107112003119e-01
   3.1023497847291392e-01
   3.0586083448907248e-01
   3.0168255902865349e-01
   2.9771279271389395e-01
   2.9396295973494124e-01
   2.9044333415339746e-01
   2.8716310789814803e-01
   2.8413045886969007e-01
   2.8135261778162635e-01
   2.7883593256690159e-01
   2.7658592935886450e-01
   2.7460736922174112e-01
   2.7290429995104870e-01
   2.7148010239213616e-01
   2.7033753083534057e-01
   2.6947874714063286e-01
   2.6890534832487945e-01
   2.6861838741304567e-01
   2.6861838741304567e-01
   2.6890534832487933e-01
   2.6947874714063269e-01
   2.7033753083534035e-01
   2.7148010239213582e-01
   2.7290429995104831e-01
   2.7460736922174062e-01
   2.7658592935886400e-01
   2.7883593256690103e-01
   2.8135261778162568e-01
   2.8413045886968941e-01
   2.8716310789814725e-01
   2.9044333415339663e-01
   2.9396295973494035e-01
   2.9771279271389295e-01
   3.0168255902865249e-01
   3.0586083448907142e-01
   3.1023497847291281e-01
   3.1479107112003007e-01
   3.1951385605451871e-01
   3.2314624707185219e-01
   3.2566991950230800e-01
   3.2831606662715918e-01
   3.3107473130776854e-01
   3.3393524989412005e-01
   3.3688625723933324e-01
   3.3991569745770084e-01
   3.4301084124671188e-01
   3.4615831057062879e-01
   3.4934411145838085e-01
   3.5255367559923551e-01
   3.5577191132371383e-01
   3.5898326443293310e-01
   3.6217178918618104e-01
   3.6532122957425711e-01
   3.6841511079635192e-01
   3.7143684062373494e-01
   3.7436982007851766e-01
   3.7719756258601711e-01
   3.7990382048203647e-01
   3.8247271748033046e-01
   3.8488888544043715e-01
   3.8713760353249460e-01
   3.8920493768458486e-01
   3.9107787803031024e-01
   3.9274447195972728e-01
   3.9419395032405230e-01
   3.9541684436034957e-01
   3.9640509099082133e-01
   3.9715212431348462e-01
   3.9765295133484896e-01
   3.9790421029526679e-01
   3.9790421029526674e-01
   3.9765295133484896e-01
   3.9715212431348462e-01
   3.9640509099082138e-01
   3.9541684436034963e-01
   3.9419395032405230e-01
   3.9274447195972728e-01
   3.9107787803031024e-01
   3.8920493768458492e-01
   3.8713760353249466e-01
   3.8488888544043726e-01
   3.8247271748033057e-01
   3.7990382048203658e-01
   3.7719756258601722e-01
   3.7436982007851771e-01
   3.7143684062373505e-01
   3.6841511079635203e-01
   3.6532122957425722e-01
   3.6217178918618109e-01
   3.5898326443293321e-01
   3.5577191132371400e-01
   3.5255367559923562e-01
   3.4934411145838096e-01
   3.4615831057062890e-01
   3.4301084124671199e-01
   3.3991569745770095e-01
   3.3688625723933335e-01
   3.3393524989412016e-01
   3.3107473130776860e-01
   3.2831606662715929e-01
   3.2566991950230811e-01
   3.2314624707185219e-01
