   2.0965700844553900e-01
   2.1201324769021490e-01
   2.1435669803292415e-01
   2.1668308945323941e-01
   2.1898804834683175e-01
   2.2126710764047694e-01
   2.2351571815616586e-01
   2.2572926122623230e-01
   2.2790306254775214e-01
   2.3003240724965707e-01
   2.3211255613018927e-01
   2.3413876300568978e-01
   2.3610629309447634e-01
   2.3801044234199922e-01
   2.3984655757585149e-01
   2.4161005736188665e-01
   2.4329645341601391e-01
   2.4490137241056445e-01
   2.4642057799983755e-01
   2.4784999287691800e-01
   2.4918572066347408e-01
   2.5042406742634454e-01
   2.5156156260961565e-01
   2.5259497916883417e-01
   2.5352135269521492e-01
   2.5433799932231499e-01
   2.5504253221573259e-01
   2.5563287645792931e-01
   2.5610728215516887e-01
   2.5646433561163373e-01
   2.5670296843674734e-01
   2.5682246447525198e-01
   2.5682246447525198e-01
   2.5670296843674734e-01
   2.5646433561163373e-01
   2.5610728215516887e-01
   2.5563287645792931e-01
   2.5504253221573259e-01
   2.5433799932231499e-01
   2.5352135269521492e-01
   2.5259497916883417e-01
   2.5156156260961565e-01
   2.5042406742634454e-01
   2.4918572066347408e-01
   2.4784999287691800e-01
   2.4642057799983755e-01
   2.4490137241056448e-01
   2.4329645341601394e-01
   2.4161005736188668e-01
   2.3984655757585152e-01
   2.3801044234199925e-01
   2.3610629309447634e-01
   2.3413876300568981e-01
   2.3211255613018930e-01
   2.3003240724965707e-01
   2.2790306254775217e-01
   2.2572926122623230e-01
   2.2351571815616589e-01
   2.2126710764047694e-01
   2.1898804834683175e-01
   2.1668308945323944e-01
   2.1435669803292415e-01
   2.1201324769021490e-01
   2.0965700844553900e-01
   2.0606573574732939e-01
   2.0124541208245125e-01
   1.9643040391171013e-01
   1.9162810660340054e-01
   1.8684535166128918e-01
   1.8208841568331768e-01
   1.7736303262160094e-01
   1.7267440882989854e-01
   1.6802724041391676e-01
   1.6342573243312236e-01
   1.5887361953882514e-01
   1.5437418767089484e-01
   1.4993029647359118e-01
   1.4554440212874625e-01
   1.4121858034125220e-01
   1.3695454924694311e-01
   1.3275369204611212e-01
   1.2861707919679824e-01
   1.2454549003043267e-01
   1.2053943367836562e-01
   1.1760221505353265e-01
   1.1573149487217939e-01
   1.1392419174481616e-01
   1.1218022682302545e-01
   1.1049948321149267e-01
   1.0888181090395821e-01
   1.0732703142048504e-01
   1.0583494215643960e-01
   1.0440532045404854e-01
   1.0303792740769181e-01
   1.0173251141424612e-01
   1.0048881147982072e-01
   9.9306560294146584e-02
   9.8185487083708334e-02
   9.7125320254456249e-02
   9.6125789834619418e-02
   9.5186629727768923e-02
   9.4307579785863821e-02
   9.3488387711558249e-02
   9.2728810798565930e-02
   9.2028617518371839e-02
   9.1387588961057295e-02
   9.0805520137467136e-02
   9.0282221149401556e-02
   8.9817518233961294e-02
   8.9411254687617334e-02
   8.9063291675017017e-02
   8.8773508926977218e-02
   8.8541805331555326e-02
   8.8368099421529164e-02
   8.8252329761058262e-02
   8.8194455233743238e-02
   8.8194455233743238e-02
   8.8252329761058262e-02
   8.8368099421529164e-02
   8.8541805331555326e-02
   8.8773508926977218e-02
   8.9063291675017017e-02
   8.9411254687617334e-02
   8.9817518233961294e-02
   9.0282221149401556e-02
   9.0805520137467136e-02
   9.1387588961057295e-02
   9.2028617518371839e-02
   9.2728810798565917e-02
   9.3488387711558249e-02
   9.4307579785863807e-02
   9.5186629727768923e-02
   9.6125789834619418e-02
   9.7125320254456249e-02
   9.8185487083708334e-02
   9.9306560294146584e-02
   1.0048881147982071e-01
   1.0173251141424612e-01
   1.0303792740769180e-01
   1.0440532045404853e-01
   1.0583494215643960e-01
   1.0732703142048504e-01
   1.0888181090395820e-01
   1.1049948321149265e-01
   1.1218022682302545e-01
   1.1392419174481615e-01
   1.1573149487217937e-01
   1.1760221505353263e-01
