   2.5439936773350791e-01
   2.5961545563808658e-01
   2.6496691812816436e-01
   2.7044220705612887e-01
   2.7602859858368090e-01
   2.8171214410572959e-01
   2.8747762985527003e-01
   2.9330854724441735e-01
   2.9918707611972967e-01
   3.0509408319258113e-01
   3.1100913793520935e-01
   3.1691054819715742e-01
   3.2277541768218238e-01
   3.2857972722017520e-01
   3.3429844146184595e-01
   3.3990564220837055e-01
   3.4537468906038088e-01
   3.5067840743234591e-01
   3.5578930323756025e-01
   3.6067980272079631e-01
   3.6532251502302948e-01
   3.6969051413599902e-01
   3.7375763598130196e-01
   3.7749878547257404e-01
   3.8089024763723450e-01
   3.8390999623449817e-01
   3.8653799285505386e-01
   3.8875646926553281e-01
   3.9055018579907119e-01
   3.9190665891097787e-01
   3.9281635161993261e-01
   3.9327282142799536e-01
   3.9327282142799536e-01
   3.9281635161993261e-01
   3.9190665891097781e-01
   3.9055018579907114e-01
   3.8875646926553264e-01
   3.8653799285505375e-01
   3.8390999623449806e-01
   3.8089024763723434e-01
   3.7749878547257382e-01
   3.7375763598130174e-01
   3.6969051413599874e-01
   3.6532251502302915e-01
   3.6067980272079603e-01
   3.5578930323755997e-01
   3.5067840743234563e-01
   3.4537468906038055e-01
   3.3990564220837022e-01
   3.3429844146184562e-01
   3.2857972722017487e-01
   3.2277541768218199e-01
   3.1691054819715697e-01
   3.1100913793520896e-01
   3.0509408319258080e-01
   2.9918707611972939e-01
   2.9330854724441707e-01
   2.8747762985526976e-01
   2.8171214410572942e-01
   2.7602859858368073e-01
   2.7044220705612876e-01
   2.6496691812816431e-01
   2.5961545563808652e-01
   2.5439936773350791e-01
   2.4669967532872059e-01
   2.3653630861290478e-01
   2.2655508125948651e-01
   2.1676925120372162e-01
   2.0718918663222785e-01
   1.9782262397079514e-01
   1.8867492034607353e-01
   1.7974929673856641e-01
   1.7104706904231079e-01
   1.6256786510144297e-01
   1.5430982650988923e-01
   1.4626979454694986e-01
   1.3844348009079455e-01
   1.3082561771761503e-01
   1.2341010447052983e-01
   1.1619012398308556e-01
   1.0915825678023282e-01
   1.0230657766666390e-01
   9.5626741158728976e-02
   8.9110055930761836e-02
   8.4367208499047538e-02
   8.1386050827503706e-02
   7.8542680158528236e-02
   7.5832971137524477e-02
   7.3252923950456572e-02
   7.0798670292471805e-02
   6.8466478092842481e-02
   6.6252755163885763e-02
   6.4154051923706518e-02
   6.2167063326378572e-02
   6.0288630118449767e-02
   5.8515739527333056e-02
   5.6845525475131588e-02
   5.5275268400643424e-02
   5.3802394762600923e-02
   5.2424476288527956e-02
   5.1139229025852835e-02
   4.9944512245009523e-02
   4.8838327238113835e-02
   4.7818816051338031e-02
   4.6884260184256767e-02
   4.6033079285134296e-02
   4.5263829867307169e-02
   4.4575204068433585e-02
   4.3966028471379273e-02
   4.3435263002844039e-02
   4.2981999923460731e-02
   4.2605462920980296e-02
   4.2305006316256374e-02
   4.2080114390028692e-02
   4.1930400836944208e-02
   4.1855608351820513e-02
   4.1855608351820513e-02
   4.1930400836944208e-02
   4.2080114390028692e-02
   4.2305006316256367e-02
   4.2605462920980289e-02
   4.2981999923460724e-02
   4.3435263002844032e-02
   4.3966028471379273e-02
   4.4575204068433578e-02
   4.5263829867307162e-02
   4.6033079285134289e-02
   4.6884260184256760e-02
   4.7818816051338017e-02
   4.8838327238113821e-02
   4.9944512245009509e-02
   5.1139229025852821e-02
   5.2424476288527949e-02
   5.3802394762600909e-02
   5.5275268400643410e-02
   5.6845525475131574e-02
   5.8515739527333042e-02
   6.0288630118449753e-02
   6.2167063326378551e-02
   6.4154051923706504e-02
   6.6252755163885735e-02
   6.8466478092842453e-02
   7.0798670292471791e-02
   7.3252923950456558e-02
   7.5832971137524449e-02
   7.8542680158528222e-02
   8.1386050827503692e-02
   8.4367208499047525e-02
