   2.5745988294011035e-01
   2.6311188338094954e-01
   2.6894750889055630e-01
   2.7495473514003377e-01
   2.8112007748771733e-01
   2.8742850282860433e-01
   2.9386334968993494e-01
   3.0040625948825833e-01
   3.0703712215796580e-01
   3.1373403961617108e-01
   3.2047331072296170e-01
   3.2722944150587546e-01
   3.3397518441757662e-01
   3.4068161026006749e-01
   3.4731821611219554e-01
   3.5385307211743433e-01
   3.6025300930884335e-01
   3.6648384975853038e-01
   3.7251067924109832e-01
   3.7829816130873378e-01
   3.8381089021906312e-01
   3.8901377858118025e-01
   3.9387247395206176e-01
   3.9835379700147894e-01
   4.0242619235667293e-01
   4.0606018193353682e-01
   4.0922880955436142e-01
   4.1190806503185090e-01
   4.1407727573852121e-01
   4.1571945403040361e-01
   4.1682158977542699e-01
   4.1737487863733991e-01
   4.1737487863733991e-01
   4.1682158977542705e-01
   4.1571945403040367e-01
   4.1407727573852132e-01
   4.1190806503185101e-01
   4.0922880955436164e-01
   4.0606018193353705e-01
   4.0242619235667326e-01
   3.9835379700147922e-01
   3.9387247395206204e-01
   3.8901377858118058e-01
   3.8381089021906351e-01
   3.7829816130873412e-01
   3.7251067924109876e-01
   3.6648384975853082e-01
   3.6025300930884374e-01
   3.5385307211743472e-01
   3.4731821611219593e-01
   3.4068161026006788e-01
   3.3397518441757712e-01
   3.2722944150587591e-01
   3.2047331072296220e-01
   3.1373403961617147e-01
   3.0703712215796619e-01
   3.0040625948825866e-01
   2.9386334968993527e-01
   2.8742850282860460e-01
   2.8112007748771756e-01
   2.7495473514003399e-01
   2.6894750889055641e-01
   2.6311188338094965e-01
   2.5745988294011041e-01
   2.4917183870579274e-01
   2.3826947829463604e-01
   2.2759900149990156e-01
   2.1717265189367388e-01
   2.0699938805639867e-01
   1.9708521933898734e-01
   1.8743352757467097e-01
   1.7804537097394632e-01
   1.6891976769699282e-01
   1.6005395763771488e-01
   1.5144364178975656e-01
   1.4308319921946716e-01
   1.3496588216772462e-01
   1.2708399016565392e-01
   1.1942902430133476e-01
   1.1199182293638293e-01
   1.0476268026129297e-01
   9.7731449112672189e-02
   9.0887629467567371e-02
   8.4220443991306113e-02
   7.9373954481024980e-02
   7.6334195280518616e-02
   7.3441001572842377e-02
   7.0689431739959813e-02
   6.8074720051765888e-02
   6.5592280420839269e-02
   6.3237708913722365e-02
   6.1006785210448784e-02
   5.8895473181359813e-02
   5.6899920729921644e-02
   5.5016459032089050e-02
   5.3241601286575645e-02
   5.1572041076010190e-02
   5.0004650426211439e-02
   4.8536477639542872e-02
   4.7164744968362586e-02
   4.5886846185826176e-02
   4.4700344103602734e-02
   4.3602968079311348e-02
   4.2592611550570980e-02
   4.1667329627384259e-02
   4.0825336770059034e-02
   4.0065004575931470e-02
   3.9384859694720914e-02
   3.8783581889355177e-02
   3.8260002256499087e-02
   3.7813101618746209e-02
   3.7442009098447762e-02
   3.7146000881411317e-02
   3.6924499177166149e-02
   3.6777071381127548e-02
   3.6703429442765639e-02
   3.6703429442765639e-02
   3.6777071381127548e-02
   3.6924499177166142e-02
   3.7146000881411310e-02
   3.7442009098447748e-02
   3.7813101618746188e-02
   3.8260002256499066e-02
   3.8783581889355156e-02
   3.9384859694720900e-02
   4.0065004575931457e-02
   4.0825336770059020e-02
   4.1667329627384245e-02
   4.2592611550570966e-02
   4.3602968079311334e-02
   4.4700344103602727e-02
   4.5886846185826169e-02
   4.7164744968362579e-02
   4.8536477639542865e-02
   5.0004650426211439e-02
   5.1572041076010183e-02
   5.3241601286575645e-02
   5.5016459032089050e-02
   5.6899920729921644e-02
   5.8895473181359813e-02
   6.1006785210448784e-02
   6.3237708913722365e-02
   6.5592280420839269e-02
   6.8074720051765888e-02
   7.0689431739959827e-02
   7.3441001572842390e-02
   7.6334195280518630e-02
   7.9373954481024980e-02
