   2.5208164545451334e-01
   2.5705015763283789e-01
   2.6213053469057312e-01
   2.6731165963696757e-01
   2.7258138897756523e-01
   2.7792652010154323e-01
   2.8333276703090482e-01
   2.8878474617190447e-01
   2.9426597377078412e-01
   2.9975887680111440e-01
   3.0524481898995603e-01
   3.1070414361585413e-01
   3.1611623457498494e-01
   3.2145959700527360e-01
   3.2671195847638246e-01
   3.3185039139300748e-01
   3.3685145681995537e-01
   3.4169136942400269e-01
   3.4634618264803513e-01
   3.5079199260086347e-01
   3.5500515847988307e-01
   3.5896253666674427e-01
   3.6264172497602781e-01
   3.6602131292439405e-01
   3.6908113335536152e-01
   3.7180251033522677e-01
   3.7416849795889923e-01
   3.7616410459635430e-01
   3.7777649719007905e-01
   3.7899518049177428e-01
   3.7981214660307988e-01
   3.8022199084970970e-01
   3.8022199084970970e-01
   3.7981214660307988e-01
   3.7899518049177428e-01
   3.7777649719007905e-01
   3.7616410459635430e-01
   3.7416849795889923e-01
   3.7180251033522677e-01
   3.6908113335536152e-01
   3.6602131292439405e-01
   3.6264172497602781e-01
   3.5896253666674427e-01
   3.5500515847988307e-01
   3.5079199260086352e-01
   3.4634618264803518e-01
   3.4169136942400269e-01
   3.3685145681995537e-01
   3.3185039139300743e-01
   3.2671195847638246e-01
   3.2145959700527360e-01
   3.1611623457498494e-01
   3.1070414361585408e-01
   3.0524481898995609e-01
   2.9975887680111446e-01
   2.9426597377078417e-01
   2.8878474617190453e-01
   2.8333276703090488e-01
   2.7792652010154323e-01
   2.7258138897756529e-01
   2.6731165963696762e-01
   2.6213053469057318e-01
   2.5705015763283789e-01
   2.5208164545451339e-01
   2.4472176468647044e-01
   2.3498929426091239e-01
   2.2541394128936043e-01
   2.1600917839674283e-01
   2.0678582334638337e-01
   1.9775225781436290e-01
   1.8891464413028750e-01
   1.8027713637182155e-01
   1.7184208305016729e-01
   1.6361021936610945e-01
   1.5558084765098504e-01
   1.4775200513832215e-01
   1.4012061864737760e-01
   1.3268264610871239e-01
   1.2543320513448902e-01
   1.1836668904274877e-01
   1.1147687089558675e-01
   1.0475699621527398e-01
   9.8199865108500622e-02
   9.1797904564587987e-02
   8.7135440454844726e-02
   8.4201336244415906e-02
   8.1399614549101135e-02
   7.8726598477348433e-02
   7.6178711123356585e-02
   7.3752482428920685e-02
   7.1444554832984869e-02
   6.9251687861044325e-02
   6.7170761791407671e-02
   6.5198780521409025e-02
   6.3332873743900370e-02
   6.1570298532711364e-02
   5.9908440425169997e-02
   5.8344814080170913e-02
   5.6877063581588887e-02
   5.5502962448993727e-02
   5.4220413410563287e-02
   5.3027447986745795e-02
   5.1922225927529021e-02
   5.0903034541070945e-02
   4.9968287946878853e-02
   4.9116526282636068e-02
   4.8346414890120384e-02
   4.7656743502387439e-02
   4.7046425451464223e-02
   4.6514496913171777e-02
   4.6060116203336124e-02
   4.5682563137517736e-02
   4.5381238464460273e-02
   4.5155663381700559e-02
   4.5005479140164513e-02
   4.4930446743073157e-02
   4.4930446743073157e-02
   4.5005479140164513e-02
   4.5155663381700566e-02
   4.5381238464460273e-02
   4.5682563137517736e-02
   4.6060116203336124e-02
   4.6514496913171777e-02
   4.7046425451464223e-02
   4.7656743502387439e-02
   4.8346414890120384e-02
   4.9116526282636082e-02
   4.9968287946878867e-02
   5.0903034541070945e-02
   5.1922225927529021e-02
   5.3027447986745808e-02
   5.4220413410563294e-02
   5.5502962448993734e-02
   5.6877063581588894e-02
   5.8344814080170920e-02
   5.9908440425170011e-02
   6.1570298532711377e-02
   6.3332873743900370e-02
   6.5198780521409025e-02
   6.7170761791407685e-02
   6.9251687861044339e-02
   7.1444554832984897e-02
   7.3752482428920699e-02
   7.6178711123356613e-02
   7.8726598477348447e-02
   8.1399614549101162e-02
   8.4201336244415934e-02
   8.7135440454844754e-02
