   2.1595045712917768e-01
   2.1861613453425005e-01
   2.2127448652271337e-01
   2.2392043611157192e-01
   2.2654875041344225e-01
   2.2915405191486515e-01
   2.3173083155500440e-01
   2.3427346363762042e-01
   2.3677622258999712e-01
   2.3923330156102721e-01
   2.4163883282708637e-01
   2.4398690994888469e-01
   2.4627161159548680e-01
   2.4848702692352329e-01
   2.5062728237074083e-01
   2.5268656969398562e-01
   2.5465917505307850e-01
   2.5653950891446514e-01
   2.5832213652269137e-01
   2.6000180866435918e-01
   2.6157349242896361e-01
   2.6303240165456582e-01
   2.6437402673425026e-01
   2.6559416345229592e-01
   2.6668894051742686e-01
   2.6765484546473128e-01
   2.6848874860805916e-01
   2.6918792474098363e-01
   2.6975007230662718e-01
   2.7017332978453884e-01
   2.7045628907592889e-01
   2.7059800570631909e-01
   2.7059800570631909e-01
   2.7045628907592889e-01
   2.7017332978453878e-01
   2.6975007230662718e-01
   2.6918792474098363e-01
   2.6848874860805916e-01
   2.6765484546473128e-01
   2.6668894051742692e-01
   2.6559416345229592e-01
   2.6437402673425026e-01
   2.6303240165456582e-01
   2.6157349242896355e-01
   2.6000180866435912e-01
   2.5832213652269131e-01
   2.5653950891446509e-01
   2.5465917505307845e-01
   2.5268656969398562e-01
   2.5062728237074078e-01
   2.4848702692352326e-01
   2.4627161159548680e-01
   2.4398690994888469e-01
   2.4163883282708634e-01
   2.3923330156102721e-01
   2.3677622258999709e-01
   2.3427346363762042e-01
   2.3173083155500437e-01
   2.2915405191486513e-01
   2.2654875041344222e-01
   2.2392043611157192e-01
   2.2127448652271334e-01
   2.1861613453425008e-01
   2.1595045712917768e-01
   2.1189871604191338e-01
   2.0646821434507934e-01
   2.0105185823299546e-01
   1.9565815214949472e-01
   1.9029486159287831e-01
   1.8496903095095038e-01
   1.7968700537584029e-01
   1.7445445594195222e-01
   1.6927640738738975e-01
   1.6415726780052231e-01
   1.5910085967680215e-01
   1.5411045183468194e-01
   1.4918879174204236e-01
   1.4433813786475339e-01
   1.3956029170599230e-01
   1.3485662925810549e-01
   1.3022813163773408e-01
   1.2567541471941007e-01
   1.2119875762280581e-01
   1.1679812994434338e-01
   1.1357418062195465e-01
   1.1152378259189048e-01
   1.0954565464034741e-01
   1.0763943833170166e-01
   1.0580474134358241e-01
   1.0404114334043098e-01
   1.0234820143834833e-01
   1.0072545528112006e-01
   9.9172431747307693e-02
   9.7688649308107098e-02
   9.6273622055331617e-02
   9.4926863418404686e-02
   9.3647889588669084e-02
   9.2436222668658793e-02
   9.1291393563250861e-02
   9.0212944628837791e-02
   8.9200432095844745e-02
   8.8253428279075952e-02
   8.7371523589516664e-02
   8.6554328360351276e-02
   8.5801474499089855e-02
   8.5112616976829453e-02
   8.4487435164817118e-02
   8.3925634027631854e-02
   8.3426945181463638e-02
   8.2991127825141744e-02
   8.2617969550751916e-02
   8.2307287039881660e-02
   8.2058926650746614e-02
   8.1872764900675757e-02
   8.1748708847669271e-02
   8.1686696373988163e-02
   8.1686696373988163e-02
   8.1748708847669271e-02
   8.1872764900675757e-02
   8.2058926650746614e-02
   8.2307287039881660e-02
   8.2617969550751916e-02
   8.2991127825141744e-02
   8.3426945181463638e-02
   8.3925634027631854e-02
   8.4487435164817118e-02
   8.5112616976829453e-02
   8.5801474499089855e-02
   8.6554328360351276e-02
   8.7371523589516664e-02
   8.8253428279075952e-02
   8.9200432095844745e-02
   9.0212944628837791e-02
   9.1291393563250861e-02
   9.2436222668658793e-02
   9.3647889588669084e-02
   9.4926863418404686e-02
   9.6273622055331617e-02
   9.7688649308107098e-02
   9.9172431747307693e-02
   1.0072545528112006e-01
   1.0234820143834833e-01
   1.0404114334043098e-01
   1.0580474134358241e-01
   1.0763943833170164e-01
   1.0954565464034741e-01
   1.1152378259189048e-01
   1.1357418062195465e-01
