   2.4971712298760870e-01
   2.5707276666516549e-01
   2.6493214615175975e-01
   2.7328970986703799e-01
   2.8213747651809118e-01
   2.9146458937675079e-01
   3.0125683610006093e-01
   3.1149613823409050e-01
   3.2216001687563645e-01
   3.3322104377820111e-01
   3.4464629047647122e-01
   3.5639679172686273e-01
   3.6842704362660428e-01
   3.8068456101795750e-01
   3.9310952296266533e-01
   4.0563453884692002e-01
   4.1818457061557512e-01
   4.3067704821539965e-01
   4.4302221496823713e-01
   4.5512373669676337e-01
   4.6687960244043547e-01
   4.7818333512056821e-01
   4.8892551738038320e-01
   4.9899562123058233e-01
   5.0828411071000235e-01
   5.1668476565651356e-01
   5.2409715349093766e-01
   5.3042915664853585e-01
   5.3559944814969163e-01
   5.3953979891518211e-01
   5.4219709954601003e-01
   5.4353498744480955e-01
   5.4353498744480955e-01
   5.4219709954601014e-01
   5.3953979891518222e-01
   5.3559944814969174e-01
   5.3042915664853607e-01
   5.2409715349093788e-01
   5.1668476565651389e-01
   5.0828411071000268e-01
   4.9899562123058266e-01
   4.8892551738038359e-01
   4.7818333512056865e-01
   4.6687960244043586e-01
   4.5512373669676376e-01
   4.4302221496823757e-01
   4.3067704821540009e-01
   4.1818457061557557e-01
   4.0563453884692041e-01
   3.9310952296266577e-01
   3.8068456101795789e-01
   3.6842704362660472e-01
   3.5639679172686312e-01
   3.4464629047647161e-01
   3.3322104377820144e-01
   3.2216001687563683e-01
   3.1149613823409084e-01
   3.0125683610006126e-01
   2.9146458937675102e-01
   2.8213747651809140e-01
   2.7328970986703816e-01
   2.6493214615175986e-01
   2.5707276666516554e-01
   2.4971712298760870e-01
   2.3931723496749546e-01
   2.2589456385270601e-01
   2.1299917717074379e-01
   2.0062508468145579e-01
   1.8876253891647513e-01
   1.7739873154588554e-01
   1.6651840079230062e-01
   1.5610435577444068e-01
   1.4613792463953473e-01
   1.3659933378459616e-01
   1.2746802551712358e-01
   1.1872292128434239e-01
   1.1034263719969629e-01
   1.0230565808701560e-01
   9.4590475699517243e-02
   8.7175696190666507e-02
   8.0040121343470952e-02
   7.3162807521541515e-02
   6.6523105800082319e-02
   6.0100686273751147e-02
   5.5460239172122137e-02
   5.2580520373203612e-02
   4.9868014563437389e-02
   4.7314362750081933e-02
   4.4911656649726329e-02
   4.2652422816720395e-02
   4.0529606681442475e-02
   3.8536556676022488e-02
   3.6667008590720404e-02
   3.4915070275344379e-02
   3.3275206776051891e-02
   3.1742225977898227e-02
   3.0311264806965960e-02
   2.8977776032298914e-02
   2.7737515696724221e-02
   2.6586531196591084e-02
   2.5521150023155886e-02
   2.4537969172522326e-02
   2.3633845226464410e-02
   2.2805885102919064e-02
   2.2051437472263853e-02
   2.1368084833550158e-02
   2.0753636243522194e-02
   2.0206120690415118e-02
   1.9723781104105546e-02
   1.9305068994112412e-02
   1.8948639707154626e-02
   1.8653348296413162e-02
   1.8418245995275737e-02
   1.8242577289125875e-02
   1.8125777579643499e-02
   1.8067471437085186e-02
   1.8067471437085186e-02
   1.8125777579643499e-02
   1.8242577289125875e-02
   1.8418245995275737e-02
   1.8653348296413155e-02
   1.8948639707154623e-02
   1.9305068994112409e-02
   1.9723781104105543e-02
   2.0206120690415112e-02
   2.0753636243522187e-02
   2.1368084833550152e-02
   2.2051437472263846e-02
   2.2805885102919057e-02
   2.3633845226464396e-02
   2.4537969172522316e-02
   2.5521150023155872e-02
   2.6586531196591070e-02
   2.7737515696724207e-02
   2.8977776032298896e-02
   3.0311264806965946e-02
   3.1742225977898206e-02
   3.3275206776051870e-02
   3.4915070275344365e-02
   3.6667008590720383e-02
   3.8536556676022467e-02
   4.0529606681442454e-02
   4.2652422816720374e-02
   4.4911656649726323e-02
   4.7314362750081926e-02
   4.9868014563437382e-02
   5.2580520373203606e-02
   5.5460239172122131e-02
