   2.5910408501486587e-01
   2.6529911821563440e-01
   2.7175245590755093e-01
   2.7845222597656805e-01
   2.8538471764979206e-01
   2.9253422167125909e-01
   2.9988287502429772e-01
   3.0741051432115213e-01
   3.1509454265107345e-01
   3.2290981534099034e-01
   3.3082855070363326e-01
   3.3882027238386425e-01
   3.4685179031422170e-01
   3.5488722749780632e-01
   3.6288809978845638e-01
   3.7081345547132372e-01
   3.7862008070162650e-01
   3.8626277568515549e-01
   3.9369470484721436e-01
   4.0086782212735317e-01
   4.0773336997739024e-01
   4.1424244768966878e-01
   4.2034664144335465e-01
   4.2599870507399040e-01
   4.3115327723012575e-01
   4.3576761749612408e-01
   4.3980234146451769e-01
   4.4322213286509382e-01
   4.4599640990808037e-01
   4.4809992313556229e-01
   4.4951326339101955e-01
   4.5022326101991078e-01
   4.5022326101991084e-01
   4.4951326339101966e-01
   4.4809992313556246e-01
   4.4599640990808059e-01
   4.4322213286509410e-01
   4.3980234146451802e-01
   4.3576761749612453e-01
   4.3115327723012614e-01
   4.2599870507399085e-01
   4.2034664144335515e-01
   4.1424244768966934e-01
   4.0773336997739085e-01
   4.0086782212735378e-01
   3.9369470484721503e-01
   3.8626277568515616e-01
   3.7862008070162712e-01
   3.7081345547132438e-01
   3.6288809978845710e-01
   3.5488722749780705e-01
   3.4685179031422242e-01
   3.3882027238386497e-01
   3.3082855070363393e-01
   3.2290981534099095e-01
   3.1509454265107417e-01
   3.0741051432115274e-01
   2.9988287502429828e-01
   2.9253422167125953e-01
   2.8538471764979251e-01
   2.7845222597656832e-01
   2.7175245590755115e-01
   2.6529911821563451e-01
   2.5910408501486593e-01
   2.5010409951778750e-01
   2.3832248574995710e-01
   2.2684637631514362e-01
   2.1568527966013318e-01
   2.0484500279187434e-01
   1.9432809779863291e-01
   1.8413427855369294e-01
   1.7426080474715702e-01
   1.6470283192071655e-01
   1.5545372736813989e-01
   1.4650535265633724e-01
   1.3784831416458038e-01
   1.2947218347702785e-01
   1.2136568973650111e-01
   1.1351688621108814e-01
   1.0591329337017043e-01
   9.8542020738465338e-02
   9.1389869716631614e-02
   8.4443419441757775e-02
   7.7689097623916306e-02
   7.2787209148611240e-02
   6.9721480720057336e-02
   6.6811697266834405e-02
   6.4051862180192515e-02
   6.1436227370138576e-02
   5.8959292962349960e-02
   5.6615805877627212e-02
   5.4400757505755924e-02
   5.2309380657170515e-02
   5.0337145950766944e-02
   4.8479757774246957e-02
   4.6733149934162742e-02
   4.5093481096067180e-02
   4.3557130100582930e-02
   4.2120691228533180e-02
   4.0780969477299797e-02
   3.9534975901087961e-02
   3.8379923059597455e-02
   3.7313220612566061e-02
   3.6332471091616948e-02
   3.5435465875680146e-02
   3.4620181391854882e-02
   3.3884775559835004e-02
   3.3227584494845044e-02
   3.2647119481351287e-02
   3.2142064227552281e-02
   3.1711272408754723e-02
   3.1353765506150419e-02
   3.1068730946179117e-02
   3.0855520544548515e-02
   3.0713649258047395e-02
   3.0642794246495797e-02
   3.0642794246495797e-02
   3.0713649258047395e-02
   3.0855520544548511e-02
   3.1068730946179107e-02
   3.1353765506150412e-02
   3.1711272408754709e-02
   3.2142064227552267e-02
   3.2647119481351274e-02
   3.3227584494845031e-02
   3.3884775559834990e-02
   3.4620181391854861e-02
   3.5435465875680125e-02
   3.6332471091616921e-02
   3.7313220612566041e-02
   3.8379923059597434e-02
   3.9534975901087926e-02
   4.0780969477299762e-02
   4.2120691228533159e-02
   4.3557130100582910e-02
   4.5093481096067166e-02
   4.6733149934162728e-02
   4.8479757774246936e-02
   5.0337145950766916e-02
   5.2309380657170501e-02
   5.4400757505755910e-02
   5.6615805877627198e-02
   5.8959292962349953e-02
   6.1436227370138569e-02
   6.4051862180192515e-02
   6.6811697266834405e-02
   6.9721480720057336e-02
   7.2787209148611240e-02
