   2.1376821148994352e-01
   2.2179385326381548e-01
   2.3065820510778479e-01
   2.4037695468608061e-01
   2.5096488969152664e-01
   2.6243512795376012e-01
   2.7479820409310823e-01
   2.8806099585180878e-01
   3.0222547454793869e-01
   3.1728726706491772e-01
   3.3323402199123608e-01
   3.5004358063107521e-01
   3.6768196534086961e-01
   3.8610121371828587e-01
   4.0523710815565306e-01
   4.2500687644078505e-01
   4.4530697017135490e-01
   4.6601106263046010e-01
   4.8696844416736784e-01
   5.0800302728440794e-01
   5.2891320014589527e-01
   5.4947277913022274e-01
   5.6943330031365169e-01
   5.8852784838319427e-01
   6.0647654310225951e-01
   6.2299368566282143e-01
   6.3779641383876373e-01
   6.5061453763722399e-01
   6.6120104648929279e-01
   6.6934262219584917e-01
   6.7486938891786774e-01
   6.7766310914990568e-01
   6.7766310914990568e-01
   6.7486938891786785e-01
   6.6934262219584928e-01
   6.6120104648929290e-01
   6.5061453763722432e-01
   6.3779641383876395e-01
   6.2299368566282176e-01
   6.0647654310225985e-01
   5.8852784838319461e-01
   5.6943330031365202e-01
   5.4947277913022308e-01
   5.2891320014589560e-01
   5.0800302728440827e-01
   4.8696844416736818e-01
   4.6601106263046038e-01
   4.4530697017135529e-01
   4.2500687644078533e-01
   4.0523710815565345e-01
   3.8610121371828610e-01
   3.6768196534086989e-01
   3.5004358063107543e-01
   3.3323402199123625e-01
   3.1728726706491794e-01
   3.0222547454793885e-01
   2.8806099585180894e-01
   2.7479820409310840e-01
   2.6243512795376017e-01
   2.5096488969152669e-01
   2.4037695468608070e-01
   2.3065820510778484e-01
   2.2179385326381554e-01
   2.1376821148994352e-01
   2.0282998440207359e-01
   1.8898485504893495e-01
   1.7593212871032185e-01
   1.6363383589164174e-01
   1.5205090592340259e-01
   1.4114382101792317e-01
   1.3087312798043518e-01
   1.2119983079407197e-01
   1.1208568442883196e-01
   1.0349340744414651e-01
   9.5386828366810714e-02
   8.7730978485179426e-02
   8.0492141627675706e-02
   7.3637869688074661e-02
   6.7136971107700255e-02
   6.0959478204232025e-02
   5.5076598123527123e-02
   4.9460651259254210e-02
   4.4085000210625398e-02
   3.8923971708346890e-02
   3.5218256931943331e-02
   3.2943757103852986e-02
   3.0824383729442770e-02
   2.8850237349770234e-02
   2.7012082424094572e-02
   2.5301307903178791e-02
   2.3709889966940720e-02
   2.2230356896462147e-02
   2.0855756033435414e-02
   1.9579622767944616e-02
   1.8395951487080144e-02
   1.7299168411486425e-02
   1.6284106243910013e-02
   1.5345980552634936e-02
   1.4480367812952189e-02
   1.3683185031178319e-02
   1.2950670877948900e-02
   1.2279368260354809e-02
   1.1666108265794778e-02
   1.1107995414054741e-02
   1.0602394157989492e-02
   1.0146916577195193e-02
   9.7394112131610599e-03
   9.3779529985291311e-03
   9.0608342372385121e-03
   8.7865565964608833e-03
   8.5538240753312914e-03
   8.3615369195323540e-03
   8.2087864547961704e-03
   8.0948508163454554e-03
   8.0191915552060358e-03
   7.9814511061912004e-03
   7.9814511061912022e-03
   8.0191915552060376e-03
   8.0948508163454589e-03
   8.2087864547961738e-03
   8.3615369195323593e-03
   8.5538240753312966e-03
   8.7865565964608903e-03
   9.0608342372385207e-03
   9.3779529985291397e-03
   9.7394112131610703e-03
   1.0146916577195204e-02
   1.0602394157989501e-02
   1.1107995414054748e-02
   1.1666108265794785e-02
   1.2279368260354815e-02
   1.2950670877948905e-02
   1.3683185031178323e-02
   1.4480367812952193e-02
   1.5345980552634938e-02
   1.6284106243910013e-02
   1.7299168411486425e-02
   1.8395951487080144e-02
   1.9579622767944619e-02
   2.0855756033435410e-02
   2.2230356896462147e-02
   2.3709889966940716e-02
   2.5301307903178784e-02
   2.7012082424094568e-02
   2.8850237349770231e-02
   3.0824383729442767e-02
   3.2943757103852979e-02
   3.5218256931943324e-02
