   8.0704332382461097e-01
   8.0696206732818909e-01
   8.0680009167560307e-01
   8.0655846751712590e-01
   8.0623879079518979e-01
   8.0584317082341084e-01
   8.0537421458733860e-01
   8.0483500742991809e-01
   8.0422909031993250e-01
   8.0356043393355692e-01
   8.0283340980712214e-01
   8.0205275884288363e-01
   8.0122355746875473e-01
   8.0035118176744702e-01
   7.9944126990021303e-01
   7.9849968315548736e-01
   7.9753246595332861e-01
   7.9654580513295203e-01
   7.9554598884313088e-01
   7.9453936534426051e-01
   7.9353230201686664e-01
   7.9253114485479048e-01
   7.9154217870272747e-01
   7.9057158847773012e-01
   7.8962542159324056e-01
   7.8870955178267765e-01
   7.8782964449801818e-01
   7.8699112403762495e-01
   7.8619914253712364e-01
   7.8545855093776318e-01
   7.8477387202864890e-01
   7.8414927564272319e-01
   7.8358855607152078e-01
   7.8309511175062918e-01
   7.8267192725645185e-01
   7.8232155764529077e-01
   7.8204611515782962e-01
   7.8184725830571400e-01
   7.8172618335189226e-01
   7.8168361819253640e-01
   7.7778829797373328e-01
   7.7006345411641508e-01
   7.6248563218636933e-01
   7.5509766060442396e-01
   7.4794003010347776e-01
   7.4105078966103965e-01
   7.3446547570235088e-01
   7.2821707044107820e-01
   7.2233598511067465e-01
   7.1685006384730654e-01
   7.1178460409354283e-01
   7.0716238958035238e-01
   7.0300373219444212e-01
   6.9932651933181644e-01
   6.9614626366226706e-01
   6.9347615257156792e-01
   6.9132709489920197e-01
   6.8970776294272229e-01
   6.8862462805076763e-01
   6.8808198847268653e-01
   7.8563323909069260e-01
   7.9355112746986278e-01
   8.0147480360759138e-01
   8.0935367822320992e-01
   8.1713595127235639e-01
   8.2476897822900541e-01
   8.3219968202639327e-01
   8.3937500778978646e-01
   8.4624241590979388e-01
   8.5275040737446828e-01
   8.5884907366767838e-01
   8.6449066202512170e-01
   8.6963014549856155e-01
   8.7422578619508762e-01
   8.7823967930877866e-01
   8.8163826521429411e-01
   8.8439279699684725e-01
   8.8647975138071222e-01
   8.8788117209365169e-01
   8.8858493624447765e-01
