   1.2338531122480987e+00
   1.2303332577841177e+00
   1.2233569470175811e+00
   1.2130484842771285e+00
   1.1995882796902060e+00
   1.1832060862067140e+00
   1.1641727426117658e+00
   1.1427909632288973e+00
   1.1193857327918073e+00
   1.0942948323983033e+00
   1.0678599495381551e+00
   1.0404187254619393e+00
   1.0122979811336135e+00
   9.8380825187399346e-01
   9.5523966088110845e-01
   9.2685907984822069e-01
   8.9890846406603475e-01
   8.7160420984435028e-01
   8.4513736177100662e-01
   8.1967449287098260e-01
   7.9535908822197565e-01
   7.7231327816444173e-01
   7.5063978749759730e-01
   7.3042398920873808e-01
   7.1173597327558291e-01
   6.9463256150608044e-01
   6.7915921739653262e-01
   6.6535181519896680e-01
   6.5323824471662240e-01
   6.4283983793194233e-01
   6.3417261068339958e-01
   6.2724831757859933e-01
   6.2207532151252665e-01
   6.1865928089221889e-01
   6.1700365826662595e-01
   6.1711005380424455e-01
   6.1897836620016511e-01
   6.2260678235002154e-01
   6.2799159570321694e-01
   6.3512685179421857e-01
   6.2355488081872190e-01
   5.9328936064453719e-01
   5.6480327687301646e-01
   5.3810435493538289e-01
   5.1318733986926102e-01
   4.9003693501199336e-01
   4.6863035243037510e-01
   4.4893950134087152e-01
   4.3093284694539508e-01
   4.1457697482001316e-01
   3.9983789625848210e-01
   3.8668212858829892e-01
   3.7507758205282948e-01
   3.6499428183648630e-01
   3.5640495051718796e-01
   3.4928547287465433e-01
   3.4361526169896900e-01
   3.3937754010720472e-01
   3.3655955292012468e-01
   3.3515271687924736e-01
   6.6001427244109589e-01
   7.0261573621285012e-01
   7.4682681489896519e-01
   7.9250950258017538e-01
   8.3947516579864645e-01
   8.8747811891188777e-01
   9.3620982172386857e-01
   9.8529427863439778e-01
   1.0342853391519211e+00
   1.0826666914718799e+00
   1.1298553758908072e+00
   1.1752095908212961e+00
   1.2180413897250106e+00
   1.2576345500568960e+00
   1.2932674322908420e+00
   1.3242400647343702e+00
   1.3499040504722850e+00
   1.3696932929251830e+00
   1.3831530938339804e+00
   1.3899650063578119e+00
