   1.0615782032299226e+00
   1.0598751490306093e+00
   1.0564909191643548e+00
   1.0514687160641660e+00
   1.0448719835058153e+00
   1.0367828474821310e+00
   1.0273001526437417e+00
   1.0165371819394047e+00
   1.0046191564650135e+00
   9.9168061554510756e-01
   9.7786277406567312e-01
   9.6331094587785471e-01
   9.4817210986599443e-01
   9.3259268036597709e-01
   9.1671652739690701e-01
   9.0068327588273922e-01
   8.8462689773232650e-01
   8.6867459709308825e-01
   8.5294597779137271e-01
   8.3755247315417192e-01
   8.2259701208035918e-01
   8.0817389123025618e-01
   7.9436882124720254e-01
   7.8125911466423004e-01
   7.6891398421006507e-01
   7.5739492224908711e-01
   7.4675613474079527e-01
   7.3704500610471402e-01
   7.2830257449912728e-01
   7.2056400009326327e-01
   7.1385901180953715e-01
   7.0821232065638873e-01
   7.0364399012134105e-01
   7.0016975613617927e-01
   6.9780129087260900e-01
   6.9654640610554119e-01
   6.9640919313270122e-01
   6.9739009731238999e-01
   6.9948592623026840e-01
   7.0268979138860299e-01
   6.9144682463845231e-01
   6.6579365833516446e-01
   6.4134828771517616e-01
   6.1816883402257672e-01
   5.9629978174050091e-01
   5.7577395905751005e-01
   5.5661438855305367e-01
   5.3883598827969426e-01
   5.2244711343258299e-01
   5.0745093636571048e-01
   4.9384666818316558e-01
   4.8163062885755359e-01
   4.7079717514467467e-01
   4.6133949677653757e-01
   4.5325029178390791e-01
   4.4652233154036486e-01
   4.4114892540522066e-01
   4.3712429380742435e-01
   4.3444385735865770e-01
   4.3310444818601629e-01
   7.2038454733584767e-01
   7.5250712653817564e-01
   7.8553206726490810e-01
   8.1929947083206256e-01
   8.5361925997641763e-01
   8.8826952426916272e-01
   9.2299561241190031e-01
   9.5751021507374345e-01
   9.9149468836406640e-01
   1.0246018539025603e+00
   1.0564604706195397e+00
   1.0866815011534752e+00
   1.1148661901200501e+00
   1.1406158351106508e+00
   1.1635429721885100e+00
   1.1832835301944273e+00
   1.1995093521216058e+00
   1.2119403602244385e+00
   1.2203555771170778e+00
   1.2246022257848399e+00
