   9.0355638797682292e-01
   9.0300895035326800e-01
   9.0191887207938592e-01
   9.0029568089420775e-01
   8.9815350459497223e-01
   8.9551087917170835e-01
   8.9239050062156355e-01
   8.8881892657650996e-01
   8.8482623492756940e-01
   8.8044564739842124e-01
   8.7571312649348665e-01
   8.7066695441825470e-01
   8.6534730245531011e-01
   8.5979579890365110e-01
   8.5405510308708354e-01
   8.4816849215262780e-01
   8.4217946645898245e-01
   8.3613137834624240e-01
   8.3006708802774953e-01
   8.2402864929578590e-01
   8.1805702672190894e-01
   8.1219184509057807e-01
   8.0647117095473630e-01
   8.0093132546044210e-01
   7.9560672696409307e-01
   7.9052976146380372e-01
   7.8573067848461531e-01
   7.8123750978991469e-01
   7.7707600813017574e-01
   7.7326960317442617e-01
   7.6983937178801976e-01
   7.6680401991041514e-01
   7.6417987343700766e-01
   7.6198087570864770e-01
   7.6021858945140841e-01
   7.5890220127868546e-01
   7.5803852716048226e-01
   7.5763201757455767e-01
   7.5768476137606222e-01
   7.5819648775233162e-01
   7.4955549111895814e-01
   7.3180539837840564e-01
   7.1463965599538626e-01
   6.9813327706011308e-01
   6.8235243345619101e-01
   6.6735505095503200e-01
   6.5319145318253646e-01
   6.3990502977439911e-01
   6.2753290816955032e-01
   6.1610661236663800e-01
   6.0565269547272604e-01
   5.9619333594349011e-01
   5.8774689002636471e-01
   5.8032839507744116e-01
   5.7395002015462671e-01
   5.6862146163160976e-01
   5.6435028257465736e-01
   5.6114219532538856e-01
   5.5900128718579900e-01
   5.5793018935390248e-01
   7.6828960170388294e-01
   7.8791099300578049e-01
   8.0782563072380753e-01
   8.2791256922916201e-01
   8.4804007935331760e-01
   8.6806611380267573e-01
   8.8783911300070784e-01
   9.0719918654875487e-01
   9.2597969499401211e-01
   9.4400924209959425e-01
   9.6111406945120692e-01
   9.7712082354895824e-01
   9.9185964153756812e-01
   1.0051674769234846e+00
   1.0168915629364934e+00
   1.0268928908246804e+00
   1.0350495656033241e+00
   1.0412598946846059e+00
   1.0454450669676665e+00
   1.0475512921613859e+00
