   1.0078089741888809e+00
   1.0065540757822793e+00
   1.0040585634795940e+00
   1.0003507024512570e+00
   9.9547214313470622e-01
   9.8947705811656972e-01
   9.8243104509341805e-01
   9.7440983759482902e-01
   9.6549787053307778e-01
   9.5578675034457261e-01
   9.4537367954328189e-01
   9.3435988314209517e-01
   9.2284907999305321e-01
   9.1094603613256564e-01
   8.9875523022231307e-01
   8.8637965367745231e-01
   8.7391976055328646e-01
   8.6147257512664499e-01
   8.4913095867202804e-01
   8.3698303140843355e-01
   8.2511174109782903e-01
   8.1359456634273597e-01
   8.0250334022152447e-01
   7.9190417842770533e-01
   7.8185749542207983e-01
   7.7241809212477075e-01
   7.6363529922423901e-01
   7.5555316112462767e-01
   7.4821064676640747e-01
   7.4164187493102429e-01
   7.3587634309023942e-01
   7.3093915031706502e-01
   7.2685120618839993e-01
   7.2362941894736321e-01
   7.2128685743839838e-01
   7.1983288247523392e-01
   7.1927324435547957e-01
   7.1961014420849145e-01
   7.2084225777337962e-01
   7.2296472107382603e-01
   7.1224070208820045e-01
   6.8871193042756662e-01
   6.6618977954490621e-01
   6.4474297599081498e-01
   6.2442753662363559e-01
   6.0528831331853594e-01
   5.8736048381735873e-01
   5.7067096180460652e-01
   5.5523970822415125e-01
   5.4108093307730698e-01
   5.2820418259074675e-01
   5.1661531088882429e-01
   5.0631733834736792e-01
   4.9731120084410874e-01
   4.8959639534152111e-01
   4.8317152780809175e-01
   4.7803476954788171e-01
   4.7418422768605295e-01
   4.7161823494791111e-01
   4.7033556304937690e-01
   7.3819527591420253e-01
   7.6647036096723242e-01
   7.9543207753481360e-01
   8.2492646221218846e-01
   8.5477614389961198e-01
   8.8477969255270816e-01
   9.1471161320425676e-01
   9.4432314065230283e-01
   9.7334398340344208e-01
   1.0014851443606438e+00
   1.0284429077100643e+00
   1.0539040250977789e+00
   1.0775520600696766e+00
   1.0990747610591629e+00
   1.1181722361215660e+00
   1.1345656062218583e+00
   1.1480057295056143e+00
   1.1582815288278310e+00
   1.1652274300731278e+00
   1.1687294375090260e+00
