   8.3602696229928541e-01
   8.3582437458474146e-01
   8.3542066370123524e-01
   8.3481874508393228e-01
   8.3402295795863179e-01
   8.3303902522027429e-01
   8.3187400090551922e-01
   8.3053620605603351e-01
   8.2903515392855220e-01
   8.2738146564297521e-01
   8.2558677746798070e-01
   8.2366364102310963e-01
   8.2162541772620568e-01
   8.1948616883565906e-01
   8.1726054242921531e-01
   8.1496365862705200e-01
   8.1261099430902095e-01
   8.1021826849753520e-01
   8.0780132948210348e-01
   8.0537604465274915e-01
   8.0295819389137457e-01
   8.0056336724635069e-01
   7.9820686748987335e-01
   7.9590361803328680e-01
   7.9366807655563965e-01
   7.9151415458780905e-01
   7.8945514319074572e-01
   7.8750364477344914e-01
   7.8567151101542088e-01
   7.8396978679035501e-01
   7.8240865993313002e-01
   7.8099741665077238e-01
   7.7974440234972286e-01
   7.7865698763586233e-01
   7.7774153923959144e-01
   7.7700339562480836e-01
   7.7644684705681477e-01
   7.7607511992873568e-01
   7.7589036517769394e-01
   7.7589365065933691e-01
   7.6999476425931501e-01
   7.5822738449737370e-01
   7.4674649305847340e-01
   7.3561226508606548e-01
   7.2488023782670707e-01
   7.1460135250443835e-01
   7.0482205067352077e-01
   6.9558441361453449e-01
   6.8692633403839587e-01
   6.7888171023279964e-01
   6.7148065375579646e-01
   6.6474970279374779e-01
   6.5871203430998793e-01
   6.5338766908207768e-01
   6.4879366463584842e-01
   6.4494429191904934e-01
   6.4185119230945475e-01
   6.3952351222124870e-01
   6.3796801316379836e-01
   6.3718915562684786e-01
   7.8207949715684999e-01
   7.9441171768074215e-01
   8.0682094334122179e-01
   8.1922821911602584e-01
   8.3155087602706723e-01
   8.4370306428052066e-01
   8.5559641212694793e-01
   8.6714081123914910e-01
   8.7824532498327668e-01
   8.8881921095323735e-01
   8.9877304372961253e-01
   9.0801991825795081e-01
   9.1647670882123944e-01
   9.2406535365468412e-01
   9.3071413118493218e-01
   9.3635889102870784e-01
   9.4094420157281999e-01
   9.4442437641656840e-01
   9.4676434431809109e-01
   9.4794033154552282e-01
