   9.6154643501740145e-01
   9.6063181734175962e-01
   9.5881189620301810e-01
   9.5610513348457959e-01
   9.5253881131925344e-01
   9.4814855480137439e-01
   9.4297772060106044e-01
   9.3707667116918691e-01
   9.3050195713123873e-01
   9.2331543226631962e-01
   9.1558332613047200e-01
   9.0737529896048541e-01
   8.9876350209798528e-01
   8.8982166496469794e-01
   8.8062422679066499e-01
   8.7124552805396260e-01
   8.6175907313692013e-01
   8.5223687222760469e-01
   8.4274886715795361e-01
   8.3336244280027483e-01
   8.2414202293545491e-01
   8.1514874721776553e-01
   8.0644022401933757e-01
   7.9807035254149583e-01
   7.9008920660787962e-01
   7.8254297196734424e-01
   7.7547392868467213e-01
   7.6892047023052479e-01
   7.6291715114436320e-01
   7.5749475558306278e-01
   7.5268037963620027e-01
   7.4849752094523514e-01
   7.4496616987378550e-01
   7.4210289721289158e-01
   7.3992093414851978e-01
   7.3843024095497978e-01
   7.3763756159950100e-01
   7.3754646214685826e-01
   7.3815735153943463e-01
   7.3946748400120810e-01
   7.2945199628127055e-01
   7.0815515612221447e-01
   6.8768278178869724e-01
   6.6810929494656879e-01
   6.4949776061187858e-01
   6.3190101881169314e-01
   6.1536281785171365e-01
   5.9991892043706752e-01
   5.8559816103915319e-01
   5.7242343903100457e-01
   5.6041263720488887e-01
   5.4957945938116737e-01
   5.3993418399947579e-01
   5.3148433295648978e-01
   5.2423525663160697e-01
   5.1819063713437297e-01
   5.1335291241985181e-01
   5.0972362414450423e-01
   5.0730369205789838e-01
   5.0609361741554360e-01
   7.5248816018868370e-01
   7.7715849812375359e-01
   8.0233537754035988e-01
   8.2787567713170362e-01
   8.5361861796741101e-01
   8.7938574993972685e-01
   9.0498146039202210e-01
   9.3019409764034056e-01
   9.5479779071031834e-01
   9.7855502606687961e-01
   1.0012200115562138e+00
   1.0225428172467921e+00
   1.0422742335925255e+00
   1.0601712320162069e+00
   1.0760028557683858e+00
   1.0895563151753864e+00
   1.1006430173620403e+00
   1.1091042324655360e+00
   1.1148160915783800e+00
   1.1176936296049351e+00
