   7.2765757082303281e-03
   6.4411619393975996e-03
   5.7365519254954029e-03
   5.1484377985616453e-03
   4.6648770020914845e-03
   4.2760499336398734e-03
   3.9740606399350431e-03
   3.7527765378890777e-03
   3.6077039200611777e-03
   3.5358967249754132e-03
   3.5358967249754132e-03
   3.6077039200611768e-03
   3.7527765378890772e-03
   3.9740606399350422e-03
   4.2760499336398725e-03
   4.6648770020914828e-03
   5.1484377985616435e-03
   5.7365519254954011e-03
   6.4411619393975978e-03
   7.2765757082303264e-03
   8.1002903188095374e-03
   8.9334746963798378e-03
   9.9529691627297176e-03
   1.1180031620934651e-02
   1.2640246358141071e-02
   1.4364056171015643e-02
   1.6387395024812217e-02
   1.8752434009969916e-02
   2.1508455489579935e-02
   2.4712872644808172e-02
   2.8432414103405135e-02
   3.2744495925349358e-02
   3.7738805811739433e-02
   4.3519126803703463e-02
   5.0205429615475902e-02
   5.7936263553087605e-02
   6.6871474826617247e-02
   7.7195276574044944e-02
   8.9119684894497161e-02
   1.0288831625676352e-01
   1.1878050862258285e-01
   1.3711567364266683e-01
   1.5825769856998190e-01
   1.8261907671604879e-01
   2.1066422924892494e-01
   2.4291115368111632e-01
   2.7993004828676643e-01
   3.2233685808638340e-01
   3.7077870337759439e-01
   4.2590683932945816e-01
   4.8833117621196576e-01
   8.1002903188095408e-03
   8.9334746963798430e-03
   9.9529691627297245e-03
   1.1180031620934658e-02
   1.2640246358141082e-02
   1.4364056171015655e-02
   1.6387395024812231e-02
   1.8752434009969930e-02
   2.1508455489579959e-02
   2.4712872644808204e-02
   2.8432414103405173e-02
   3.2744495925349400e-02
   3.7738805811739488e-02
   4.3519126803703533e-02
   5.0205429615475965e-02
   5.7936263553087675e-02
   6.6871474826617316e-02
   7.7195276574045027e-02
   8.9119684894497231e-02
   1.0288831625676360e-01
   1.1878050862258295e-01
   1.3711567364266691e-01
   1.5825769856998201e-01
   1.8261907671604885e-01
   2.1066422924892500e-01
   2.4291115368111635e-01
   2.7993004828676643e-01
   3.2233685808638335e-01
   3.7077870337759439e-01
   4.2590683932945816e-01
   4.8833117621196587e-01
   8.1002903188095374e-03
   8.9334746963798378e-03
   9.9529691627297176e-03
   1.1180031620934649e-02
   1.2640246358141070e-02
   1.4364056171015637e-02
   1.6387395024812210e-02
   1.8752434009969905e-02
   2.1508455489579928e-02
   2.4712872644808166e-02
   2.8432414103405131e-02
   3.2744495925349351e-02
   3.7738805811739433e-02
   4.3519126803703470e-02
   5.0205429615475895e-02
   5.7936263553087612e-02
   6.6871474826617247e-02
   7.7195276574044958e-02
   8.9119684894497189e-02
   1.0288831625676355e-01
   1.1878050862258292e-01
   1.3711567364266691e-01
   1.5825769856998204e-01
   1.8261907671604891e-01
   2.1066422924892503e-01
   2.4291115368111643e-01
   2.7993004828676649e-01
   3.2233685808638346e-01
   3.7077870337759450e-01
   4.2590683932945822e-01
   4.8833117621196592e-01
   5.7540580376452477e-01
   6.8721285130323195e-01
   8.0648514550879957e-01
   9.3164473454760621e-01
   1.0595518087778999e+00
   1.1851864698168595e+00
   1.3015944168457572e+00
   1.4003336717588182e+00
   1.4725920848286156e+00
   1.5108892241829035e+00
   1.5108892241829033e+00
   1.4725920848286151e+00
   1.4003336717588175e+00
   1.3015944168457563e+00
   1.1851864698168586e+00
   1.0595518087778990e+00
   9.3164473454760566e-01
   8.0648514550879913e-01
   6.8721285130323162e-01
   5.7540580376452466e-01
