   2.1654848495793563e-01
   2.1271496601993412e-01
   2.0931088837160072e-01
   2.0633539362107295e-01
   2.0378749289453252e-01
   2.0166616507784113e-01
   1.9997043881816481e-01
   1.9869945927067123e-01
   1.9785254043985365e-01
   1.9742920381223447e-01
   1.9742920381223447e-01
   1.9785254043985362e-01
   1.9869945927067123e-01
   1.9997043881816481e-01
   2.0166616507784110e-01
   2.0378749289453249e-01
   2.0633539362107295e-01
   2.0931088837160070e-01
   2.1271496601993406e-01
   2.1654848495793558e-01
   2.2012053018692099e-01
   2.2344295230422692e-01
   2.2720718489867556e-01
   2.3141275422887597e-01
   2.3605866143673684e-01
   2.4114321629856131e-01
   2.4666384888992840e-01
   2.5261689837081808e-01
   2.5899737836380748e-01
   2.6579871879247691e-01
   2.7301248459309441e-01
   2.8062807243464022e-01
   2.8863238750399145e-01
   2.9700950355541628e-01
   3.0574031080136838e-01
   3.1480215784017940e-01
   3.2416849566647904e-01
   3.3380853386297382e-01
   3.4368692127255962e-01
   3.5376346571053829e-01
   3.6399290947332519e-01
   3.7432477936670161e-01
   3.8470333150587516e-01
   3.9506761198636609e-01
   4.0535165441713694e-01
   4.1548483396510877e-01
   4.2539239472164303e-01
   4.3499616265935448e-01
   4.4421545009056063e-01
   4.5296814939617613e-01
   4.6117200407653691e-01
   2.2012053018692102e-01
   2.2344295230422687e-01
   2.2720718489867547e-01
   2.3141275422887586e-01
   2.3605866143673668e-01
   2.4114321629856114e-01
   2.4666384888992815e-01
   2.5261689837081774e-01
   2.5899737836380710e-01
   2.6579871879247652e-01
   2.7301248459309396e-01
   2.8062807243463972e-01
   2.8863238750399089e-01
   2.9700950355541567e-01
   3.0574031080136777e-01
   3.1480215784017868e-01
   3.2416849566647832e-01
   3.3380853386297304e-01
   3.4368692127255890e-01
   3.5376346571053763e-01
   3.6399290947332458e-01
   3.7432477936670100e-01
   3.8470333150587466e-01
   3.9506761198636564e-01
   4.0535165441713650e-01
   4.1548483396510838e-01
   4.2539239472164275e-01
   4.3499616265935431e-01
   4.4421545009056046e-01
   4.5296814939617608e-01
   4.6117200407653691e-01
   2.2012053018692104e-01
   2.2344295230422698e-01
   2.2720718489867561e-01
   2.3141275422887606e-01
   2.3605866143673693e-01
   2.4114321629856139e-01
   2.4666384888992851e-01
   2.5261689837081813e-01
   2.5899737836380754e-01
   2.6579871879247696e-01
   2.7301248459309446e-01
   2.8062807243464027e-01
   2.8863238750399151e-01
   2.9700950355541639e-01
   3.0574031080136843e-01
   3.1480215784017945e-01
   3.2416849566647915e-01
   3.3380853386297388e-01
   3.4368692127255968e-01
   3.5376346571053835e-01
   3.6399290947332524e-01
   3.7432477936670161e-01
   3.8470333150587521e-01
   3.9506761198636614e-01
   4.0535165441713700e-01
   4.1548483396510877e-01
   4.2539239472164314e-01
   4.3499616265935459e-01
   4.4421545009056068e-01
   4.5296814939617613e-01
   4.6117200407653697e-01
   4.7056433541729764e-01
   4.8106686038180030e-01
   4.9074931285949447e-01
   4.9950283247721472e-01
   5.0722425408893290e-01
   5.1381876652493319e-01
   5.1920252491756569e-01
   5.2330509178604601e-01
   5.2607158050841474e-01
   5.2746438316520861e-01
   5.2746438316520861e-01
   5.2607158050841474e-01
   5.2330509178604601e-01
   5.1920252491756569e-01
   5.1381876652493319e-01
   5.0722425408893290e-01
   4.9950283247721472e-01
   4.9074931285949452e-01
   4.8106686038180035e-01
   4.7056433541729764e-01
