   1.6504698626793723e-02
   1.5003052477743200e-02
   1.3718443788026741e-02
   1.2632299248677020e-02
   1.1728912883149648e-02
   1.0995220084209749e-02
   1.0420609472387160e-02
   9.9967699713189168e-03
   9.7175709681072229e-03
   9.5789738794037904e-03
   9.5789738794037904e-03
   9.7175709681072229e-03
   9.9967699713189168e-03
   1.0420609472387160e-02
   1.0995220084209745e-02
   1.1728912883149646e-02
   1.2632299248677020e-02
   1.3718443788026740e-02
   1.5003052477743199e-02
   1.6504698626793719e-02
   1.7962808172551126e-02
   1.9405473757159123e-02
   2.1136386287128699e-02
   2.3181226096159458e-02
   2.5570320930850272e-02
   2.8339089099975418e-02
   3.1528554952649460e-02
   3.5185942891522846e-02
   3.9365356653581186e-02
   4.4128550937062111e-02
   4.9545802501063919e-02
   5.5696887439898327e-02
   6.2672170180131978e-02
   7.0573807489956508e-02
   7.9517066886302556e-02
   8.9631752497388792e-02
   1.0106372157948232e-01
   1.1397645993175272e-01
   1.2855266221344699e-01
   1.4499573061903237e-01
   1.6353105839744253e-01
   1.8440689784019509e-01
   2.0789451855216642e-01
   2.3428723236673418e-01
   2.6389768625820181e-01
   2.9705259427595626e-01
   3.3408378749620121e-01
   3.7531411077030052e-01
   4.2103631192240903e-01
   4.7148271987728030e-01
   5.2678333131491828e-01
   1.7962808172551133e-02
   1.9405473757159140e-02
   2.1136386287128727e-02
   2.3181226096159493e-02
   2.5570320930850314e-02
   2.8339089099975467e-02
   3.1528554952649515e-02
   3.5185942891522909e-02
   3.9365356653581263e-02
   4.4128550937062194e-02
   4.9545802501064017e-02
   5.5696887439898451e-02
   6.2672170180132103e-02
   7.0573807489956661e-02
   7.9517066886302723e-02
   8.9631752497388986e-02
   1.0106372157948253e-01
   1.1397645993175293e-01
   1.2855266221344724e-01
   1.4499573061903265e-01
   1.6353105839744281e-01
   1.8440689784019537e-01
   2.0789451855216673e-01
   2.3428723236673454e-01
   2.6389768625820226e-01
   2.9705259427595665e-01
   3.3408378749620166e-01
   3.7531411077030091e-01
   4.2103631192240931e-01
   4.7148271987728052e-01
   5.2678333131491850e-01
   1.7962808172551126e-02
   1.9405473757159123e-02
   2.1136386287128703e-02
   2.3181226096159462e-02
   2.5570320930850276e-02
   2.8339089099975422e-02
   3.1528554952649453e-02
   3.5185942891522839e-02
   3.9365356653581186e-02
   4.4128550937062104e-02
   4.9545802501063919e-02
   5.5696887439898347e-02
   6.2672170180132006e-02
   7.0573807489956536e-02
   7.9517066886302612e-02
   8.9631752497388861e-02
   1.0106372157948242e-01
   1.1397645993175280e-01
   1.2855266221344713e-01
   1.4499573061903251e-01
   1.6353105839744270e-01
   1.8440689784019529e-01
   2.0789451855216665e-01
   2.3428723236673449e-01
   2.6389768625820220e-01
   2.9705259427595659e-01
   3.3408378749620166e-01
   3.7531411077030097e-01
   4.2103631192240931e-01
   4.7148271987728058e-01
   5.2678333131491850e-01
   6.0134484875224614e-01
   6.9469382562185755e-01
   7.9139034565482269e-01
   8.8962592075594482e-01
   9.8665341619932800e-01
   1.0787486535717061e+00
   1.1613473955448537e+00
   1.2294248430138128e+00
   1.2781278004141068e+00
   1.3035669254542226e+00
   1.3035669254542226e+00
   1.2781278004141068e+00
   1.2294248430138131e+00
   1.1613473955448541e+00
   1.0787486535717064e+00
   9.8665341619932845e-01
   8.8962592075594515e-01
   7.9139034565482302e-01
   6.9469382562185789e-01
   6.0134484875224625e-01
