   9.9460407530876116e-01
   9.9202549068483104e-01
   9.8690041581578281e-01
   9.7929205299418909e-01
   9.6929279538645785e-01
   9.5702148615434590e-01
   9.4262000189279260e-01
   9.2624933734974768e-01
   9.0808538295423458e-01
   8.8831458696703325e-01
   8.6712968152156478e-01
   8.4472562898923231e-01
   8.2129591518840761e-01
   7.9702928234934256e-01
   7.7210696061129547e-01
   7.4670042479614818e-01
   7.2096967520591082e-01
   6.9506201841160775e-01
   6.6911130692372045e-01
   6.4323758516938534e-01
   6.1754708283603355e-01
   5.9213249459709727e-01
   5.6707348661059087e-01
   5.4243737406191350e-01
   5.1827991956271147e-01
   4.9464620869010434e-01
   4.7157156576726839e-01
   4.4908247970268034e-01
   4.2719751600919109e-01
   4.0592819681773545e-01
   3.8527983567865393e-01
   3.6525231817180476e-01
   3.4584082284115719e-01
   3.2703647978035710e-01
   3.0882696639283191e-01
   2.9119704151282688e-01
   2.7412902028379299e-01
   2.5760319302601009e-01
   2.4159819185811041e-01
   2.2609130913107006e-01
   2.1481690616525204e-01
   2.0775666821976196e-01
   2.0114057210758143e-01
   1.9495719468169889e-01
   1.8919562095660541e-01
   1.8384547911618693e-01
   1.7889696915657124e-01
   1.7434088611214557e-01
   1.7016863870129367e-01
   1.6637226412696363e-01
   1.6294443967541855e-01
   1.5987849167377380e-01
   1.5716840229245535e-01
   1.5480881461175330e-01
   1.5279503631141958e-01
   1.5112304228799378e-01
   1.4978947645548804e-01
   1.4879165294048635e-01
   1.4812755684191617e-01
   1.4779584468805074e-01
   2.1481690616525204e-01
   2.0775666821976196e-01
   2.0114057210758143e-01
   1.9495719468169889e-01
   1.8919562095660541e-01
   1.8384547911618693e-01
   1.7889696915657127e-01
   1.7434088611214557e-01
   1.7016863870129367e-01
   1.6637226412696363e-01
   1.6294443967541855e-01
   1.5987849167377380e-01
   1.5716840229245532e-01
   1.5480881461175330e-01
   1.5279503631141958e-01
   1.5112304228799375e-01
   1.4978947645548801e-01
   1.4879165294048635e-01
   1.4812755684191617e-01
   1.4779584468805076e-01
