   7.3687654510042577e-01
   7.3587168580306483e-01
   7.3386878260874533e-01
   7.3088135362706885e-01
   7.2692939774854393e-01
   7.2203907021813241e-01
   7.1624226540790381e-01
   7.0957611898373263e-01
   7.0208244359551053e-01
   6.9380711352671420e-01
   6.8479941439215053e-01
   6.7511137398586030e-01
   6.6479708980290331e-01
   6.5391206766583765e-01
   6.4251258437650527e-01
   6.3065508549547944e-01
   6.1839562733805187e-01
   6.0578937017580081e-01
   5.9289012754533410e-01
   5.7974997457498056e-01
   5.6641891641291753e-01
   5.5294461622512137e-01
   5.3937218085924232e-01
   5.2574400115524722e-01
   5.1209964302542199e-01
   4.9847578481357274e-01
   4.8490619605587565e-01
   4.7142175257779628e-01
   4.5805048284350880e-01
   4.4481764059575168e-01
   4.3174579905508803e-01
   4.1885496225993046e-01
   4.0616268949701112e-01
   3.9368422917404589e-01
   3.8143265890346106e-01
   3.6941902898300788e-01
   3.5765250686398969e-01
   3.4614052058177797e-01
   3.3488889948008310e-01
   3.2390201088611503e-01
   3.1586267148620828e-01
   3.1077235802772801e-01
   3.0595190810989398e-01
   3.0140168363178726e-01
   2.9712183046674451e-01
   2.9311231491328177e-01
   2.8937295722505962e-01
   2.8590346233026392e-01
   2.8270344785519963e-01
   2.7977246956836999e-01
   2.7711004436027614e-01
   2.7471567087104021e-01
   2.7258884787306964e-01
   2.7072909050964777e-01
   2.6913594448282213e-01
   2.6780899827548471e-01
   2.6674789348329425e-01
   2.6595233332223112e-01
   2.6542208936724432e-01
   2.6515700656674646e-01
   3.1586267148620822e-01
   3.1077235802772796e-01
   3.0595190810989392e-01
   3.0140168363178721e-01
   2.9712183046674445e-01
   2.9311231491328166e-01
   2.8937295722505957e-01
   2.8590346233026387e-01
   2.8270344785519957e-01
   2.7977246956836993e-01
   2.7711004436027603e-01
   2.7471567087104010e-01
   2.7258884787306958e-01
   2.7072909050964772e-01
   2.6913594448282208e-01
   2.6780899827548466e-01
   2.6674789348329414e-01
   2.6595233332223106e-01
   2.6542208936724421e-01
   2.6515700656674634e-01
