   1.2338327932177018e+00
   1.2290127803129458e+00
   1.2194645317906561e+00
   1.2053673287924811e+00
   1.1869797754003104e+00
   1.1646283924525336e+00
   1.1386938949190104e+00
   1.1095961755761272e+00
   1.0777790156423674e+00
   1.0436954397248799e+00
   1.0077944554405776e+00
   9.7050970077325205e-01
   9.3225029704583195e-01
   8.9339399878730297e-01
   8.5428256156096072e-01
   8.1521912372265071e-01
   7.7646731901275601e-01
   7.3825179913646144e-01
   7.0075984107567468e-01
   6.6414373364651458e-01
   6.2852367296738376e-01
   5.9399093952474324e-01
   5.6061117461621057e-01
   5.2842761705944474e-01
   4.9746419967608652e-01
   4.6772843792950825e-01
   4.3921406985830991e-01
   4.1190342735413826e-01
   3.8576953448852952e-01
   3.6077793977494504e-01
   3.3688829677563981e-01
   3.1405571210461725e-01
   2.9223188232817504e-01
   2.7136604210878051e-01
   2.5140574565362439e-01
   2.3229750249284511e-01
   2.1398728711228107e-01
   1.9642094021562781e-01
   1.7954447754480216e-01
   1.6330432035154699e-01
   1.5156167498141743e-01
   1.4427740048879581e-01
   1.3751268340301478e-01
   1.3124447395271294e-01
   1.2545124543235067e-01
   1.2011296462186963e-01
   1.1521105957316932e-01
   1.1072838594694545e-01
   1.0664919287082926e-01
   1.0295908911211148e-01
   9.9645010210410112e-02
   9.6695187092905602e-02
   9.4099116593281976e-02
   9.1847534211882478e-02
   8.9932389385885825e-02
   8.8346823482018680e-02
   8.7085150678275491e-02
   8.6142841863448200e-02
   8.5516511652355812e-02
   8.5203908589088412e-02
   1.5156167498141743e-01
   1.4427740048879578e-01
   1.3751268340301478e-01
   1.3124447395271291e-01
   1.2545124543235067e-01
   1.2011296462186963e-01
   1.1521105957316931e-01
   1.1072838594694544e-01
   1.0664919287082926e-01
   1.0295908911211148e-01
   9.9645010210410112e-02
   9.6695187092905602e-02
   9.4099116593281962e-02
   9.1847534211882464e-02
   8.9932389385885825e-02
   8.8346823482018680e-02
   8.7085150678275491e-02
   8.6142841863448186e-02
   8.5516511652355812e-02
   8.5203908589088412e-02
