  -9.2331196197305322e-03
  -9.2364354493001313e-03
  -9.2538190828639934e-03
  -9.5362040752836399e-03
  -9.9565003946770134e-03
  -1.0366169929377132e-02
  -1.0886651855738195e-02
  -1.1711164675101127e-02
  -1.2915577357803579e-02
  -1.4430778825190456e-02
  -1.6264128764060960e-02
  -1.8588842585890161e-02
  -2.1628745596659657e-02
  -2.5502567389537264e-02
  -3.0177635401724801e-02
  -3.5524307513515846e-02
  -4.1357140608588354e-02
  -4.7464618388869478e-02
  -5.3670990486918951e-02
  -5.9886238176951226e-02
  -6.6095072915194175e-02
  -7.2309988146389226e-02
  -7.8538959961824112e-02
  -8.4784417062243211e-02
  -9.1055271437555874e-02
  -9.7371396713064662e-02
  -1.0375824207774609e-01
  -1.1024088410239564e-01
  -1.1684347824284583e-01
  -1.2359221637889709e-01
  -1.3051746572142370e-01
  -1.3765373553137344e-01
  -1.4503905758948796e-01
  -1.5271535041470238e-01
  -1.6072975401611039e-01
  -1.6913609036846933e-01
  -1.7799602105853790e-01
  -1.8738014091053629e-01
  -1.9736935941401235e-01
  -2.0805659395018056e-01
  -2.1954852767633240e-01
  -2.3196716920233135e-01
