   2.6091766524257484e-03
   3.7307682137521165e-03
   5.0523511466962698e-03
   4.2891847691264751e-02
   2.3054026806469541e-01
   2.4690383596839977e-01
   3.9297345956516583e-01
   5.3206024070412328e-01
   7.2289328540905473e-01
   1.0184301719944471e+00
   1.3836327771280650e+00
   1.7615713861926006e+00
   1.8108310872790976e+00
   2.1530062383164927e+00
   2.5909420340212401e+00
   3.0940590080403267e+00
   3.6522254331022954e+00
   4.2122951324547593e+00
   4.2490860373540187e+00
   4.8830752623650122e+00
   5.5633543659564602e+00
   5.6474306374372256e+00
   6.2962738735185981e+00
   7.0805725824312855e+00
   7.9126952316831449e+00
   8.7923280762960445e+00
   9.7221494555139909e+00
   9.9730930135185218e+00
   1.0704619894233245e+01
   1.1740479646317175e+01
   1.2829767224156672e+01
   1.3973179251777157e+01
   1.4980830551330136e+01
   1.5172201201773561e+01
   1.6428428944357620e+01
