   7.5930687154243581e-01
   7.5930687154243592e-01
   7.5930687154243592e-01
   7.5930687154243592e-01
   7.5930687154243615e-01
   7.5930687154243615e-01
   7.5930687154243615e-01
   7.5930687154243615e-01
   7.5930687154243626e-01
   7.5930687154243626e-01
   7.5930687154243626e-01
   7.5930687154243626e-01
   7.5930687154243626e-01
   7.5930687154243626e-01
   7.5930687154243626e-01
   7.5930687154243615e-01
   7.5930687154243615e-01
   7.5930687154243615e-01
   7.5930687154243615e-01
   7.5930687154243603e-01
   7.5930687154243592e-01
   7.5930687154243592e-01
   7.5930687154243581e-01
   7.5930687154243570e-01
   7.5930687154243570e-01
   7.5930687154243559e-01
   7.5930687154243559e-01
   7.5930687154243548e-01
   7.5930687154243548e-01
   7.5930687154243537e-01
   7.5930687154243537e-01
   7.5930687154243537e-01
   7.5930687154243537e-01
   7.5930687154243526e-01
   7.5930687154243537e-01
   7.5930687154243537e-01
   7.5930687154243537e-01
   7.5930687154243559e-01
   7.5930687154243559e-01
   7.5930687154243559e-01
   7.5930687154243559e-01
   7.5930687154243570e-01
   7.5930687154243581e-01
   7.5930687154243592e-01
   7.5930687154243592e-01
   7.5930687154243592e-01
   7.5930687154243615e-01
   7.5930687154243615e-01
   7.5930687154243626e-01
   7.5930687154243626e-01
   7.5930687154243626e-01
   7.5930687154243626e-01
   7.5930687154243626e-01
   7.5930687154243626e-01
   7.5930687154243626e-01
   7.5930687154243626e-01
   7.5930687154243626e-01
   7.5930687154243626e-01
   7.5930687154243615e-01
   7.5930687154243615e-01
   7.5930687154243603e-01
   7.5930687154243603e-01
   7.5930687154243592e-01
   7.5930687154243592e-01
   7.5930687154243581e-01
   7.5930687154243581e-01
   7.5930687154243581e-01
   7.5930687154243570e-01
   7.5930687154243581e-01
   7.5930687154243581e-01
   7.5930687154243581e-01
   7.5930687154243581e-01
   7.5930687154243581e-01
   7.5930687154243581e-01
   7.5930687154243581e-01
   7.5930687154243581e-01
   7.5930687154243581e-01
   7.5930687154243581e-01
   7.5930687154243592e-01
   7.5930687154243581e-01
   7.5930687154243581e-01
   7.5930687154243592e-01
   7.5930687154243592e-01
   7.5930687154243581e-01
   7.5930687154243592e-01
   7.5930687154243592e-01
   7.5930687154243592e-01
   7.5930687154243581e-01
   7.5930687154243592e-01
   7.5930687154243592e-01
   7.5930687154243581e-01
   7.5930687154243581e-01
   7.5930687154243581e-01
   7.5930687154243581e-01
   7.5930687154243581e-01
   7.5930687154243581e-01
   7.5930687154243581e-01
   7.5930687154243581e-01
   7.5930687154243581e-01
   7.5930687154243570e-01
   7.5930687154243581e-01
   7.5930687154243581e-01
   7.5930687154243570e-01
   7.5930687154243581e-01
   7.5930687154243592e-01
   7.5930687154243581e-01
   7.5930687154243570e-01
   7.5930687154243559e-01
   7.5930687154243559e-01
   7.5930687154243559e-01
   7.5930687154243548e-01
   7.5930687154243537e-01
   7.5930687154243537e-01
   7.5930687154243526e-01
   7.5930687154243526e-01
   7.5930687154243526e-01
   7.5930687154243526e-01
   7.5930687154243537e-01
   7.5930687154243537e-01
   7.5930687154243548e-01
   7.5930687154243559e-01
   7.5930687154243559e-01
   7.5930687154243570e-01
   7.5930687154243570e-01
   7.5930687154243581e-01
   7.5930687154243592e-01
   7.5930687154243603e-01
   7.5930687154243603e-01
   7.5930687154243603e-01
   7.5930687154243615e-01
   7.5930687154243626e-01
   7.5930687154243615e-01
   7.5930687154243626e-01
   7.5930687154243626e-01
   7.5930687154243626e-01
   7.5930687154243626e-01
   7.5930687154243626e-01
   7.5930687154243626e-01
   7.5930687154243626e-01
   7.5930687154243615e-01
   7.5930687154243615e-01
   7.5930687154243615e-01
   7.5930687154243615e-01
   7.5930687154243603e-01
   7.5930687154243592e-01
   7.5930687154243592e-01
   7.5930687154243581e-01
   7.5930687154243570e-01
   7.5930687154243559e-01
   7.5930687154243559e-01
   7.5930687154243548e-01
   7.5930687154243548e-01
   7.5930687154243537e-01
   7.5930687154243537e-01
   7.5930687154243526e-01
   7.5930687154243526e-01
   7.5930687154243526e-01
   7.5930687154243526e-01
   7.5930687154243537e-01
   7.5930687154243537e-01
   7.5930687154243548e-01
   7.5930687154243548e-01
   7.5930687154243559e-01
   7.5930687154243570e-01
   7.5930687154243570e-01
   7.5930687154243581e-01
   7.5930687154243592e-01
   7.5930687154243592e-01
