   5.7871086542544170e-01
   5.7871086542623451e-01
   5.7871086542679884e-01
   5.7871086542712746e-01
   5.7871086542721606e-01
   5.7871086542706351e-01
   5.7871086542667183e-01
   5.7871086542604600e-01
   5.7871086542519412e-01
   5.7871086542412731e-01
   5.7871086542285932e-01
   5.7871086542140626e-01
   5.7871086541978722e-01
   5.7871086541802297e-01
   5.7871086541613614e-01
   5.7871086541415140e-01
   5.7871086541209416e-01
   5.7871086540999106e-01
   5.7871086540786920e-01
   5.7871086540575600e-01
   5.7871086540367889e-01
   5.7871086540166439e-01
   5.7871086539973882e-01
   5.7871086539792671e-01
   5.7871086539625183e-01
   5.7871086539473560e-01
   5.7871086539339744e-01
   5.7871086539225502e-01
   5.7871086539132277e-01
   5.7871086539061289e-01
   5.7871086539013439e-01
   5.7871086538989369e-01
   5.7871086538989369e-01
   5.7871086539013450e-01
   5.7871086539061289e-01
   5.7871086539132277e-01
   5.7871086539225502e-01
   5.7871086539339756e-01
   5.7871086539473549e-01
   5.7871086539625183e-01
   5.7871086539792682e-01
   5.7871086539973882e-01
   5.7871086540166450e-01
   5.7871086540367889e-01
   5.7871086540575611e-01
   5.7871086540786920e-01
   5.7871086540999106e-01
   5.7871086541209416e-01
   5.7871086541415140e-01
   5.7871086541613626e-01
   5.7871086541802297e-01
   5.7871086541978722e-01
   5.7871086542140626e-01
   5.7871086542285921e-01
   5.7871086542412731e-01
   5.7871086542519423e-01
   5.7871086542604600e-01
   5.7871086542667183e-01
   5.7871086542706351e-01
   5.7871086542721606e-01
   5.7871086542712746e-01
   5.7871086542679884e-01
   5.7871086542623451e-01
   5.7871086542544170e-01
   5.7871086542390648e-01
   5.7871086542164119e-01
   5.7871086541920036e-01
   5.7871086541661676e-01
   5.7871086541392491e-01
   5.7871086541116101e-01
   5.7871086540836203e-01
   5.7871086540556538e-01
   5.7871086540280858e-01
   5.7871086540012862e-01
   5.7871086539756134e-01
   5.7871086539514116e-01
   5.7871086539290040e-01
   5.7871086539086924e-01
   5.7871086538907490e-01
   5.7871086538754124e-01
   5.7871086538628880e-01
   5.7871086538533456e-01
   5.7871086538469119e-01
   5.7871086538436733e-01
   5.7871086538436722e-01
   5.7871086538469108e-01
   5.7871086538533434e-01
   5.7871086538628846e-01
   5.7871086538754080e-01
   5.7871086538907435e-01
   5.7871086539086869e-01
   5.7871086539289984e-01
   5.7871086539514049e-01
   5.7871086539756067e-01
   5.7871086540012795e-01
   5.7871086540280792e-01
   5.7871086540556471e-01
   5.7871086540836125e-01
   5.7871086541116035e-01
   5.7871086541392425e-01
   5.7871086541661609e-01
   5.7871086541919969e-01
   5.7871086542164052e-01
   5.7871086542390593e-01
   5.7871086542544126e-01
   5.7871086542623396e-01
   5.7871086542679828e-01
   5.7871086542712680e-01
   5.7871086542721539e-01
   5.7871086542706285e-01
   5.7871086542667116e-01
   5.7871086542604533e-01
   5.7871086542519357e-01
   5.7871086542412675e-01
   5.7871086542285877e-01
   5.7871086542140582e-01
   5.7871086541978678e-01
   5.7871086541802252e-01
   5.7871086541613581e-01
   5.7871086541415107e-01
   5.7871086541209393e-01
   5.7871086540999084e-01
   5.7871086540786909e-01
   5.7871086540575600e-01
   5.7871086540367889e-01
   5.7871086540166461e-01
   5.7871086539973893e-01
   5.7871086539792704e-01
   5.7871086539625216e-01
   5.7871086539473593e-01
   5.7871086539339800e-01
   5.7871086539225558e-01
   5.7871086539132333e-01
   5.7871086539061345e-01
   5.7871086539013517e-01
   5.7871086538989436e-01
   5.7871086538989436e-01
   5.7871086539013517e-01
   5.7871086539061356e-01
   5.7871086539132344e-01
   5.7871086539225558e-01
   5.7871086539339811e-01
   5.7871086539473604e-01
   5.7871086539625227e-01
   5.7871086539792715e-01
   5.7871086539973915e-01
   5.7871086540166472e-01
   5.7871086540367911e-01
   5.7871086540575623e-01
   5.7871086540786931e-01
   5.7871086540999106e-01
   5.7871086541209416e-01
   5.7871086541415129e-01
   5.7871086541613603e-01
   5.7871086541802264e-01
   5.7871086541978689e-01
   5.7871086542140593e-01
   5.7871086542285877e-01
   5.7871086542412686e-01
   5.7871086542519368e-01
   5.7871086542604544e-01
   5.7871086542667127e-01
   5.7871086542706285e-01
   5.7871086542721539e-01
   5.7871086542712680e-01
   5.7871086542679817e-01
   5.7871086542623384e-01
   5.7871086542544115e-01
