   2.6263731570102727e-01
   2.6748197471652002e-01
   2.7246163265496870e-01
   2.7756468119176658e-01
   2.8277841353237232e-01
   2.8808898376807190e-01
   2.9348137474749070e-01
   2.9893937632635337e-01
   3.0444557594923211e-01
   3.0998136356954487e-01
   3.1552695291722077e-01
   3.2106142106630620e-01
   3.2656276812668938e-01
   3.3200799867538971e-01
   3.3737322624556848e-01
   3.4263380180035680e-01
   3.4776446663218263e-01
   3.5273952954952242e-01
   3.5753306755032649e-01
   3.6211914844923282e-01
   3.6647207314488539e-01
   3.7056663441124826e-01
   3.7437838830539277e-01
   3.7788393354090200e-01
   3.8106119352056067e-01
   3.8388969519457250e-01
   3.8635083854916363e-01
   3.8842815036799833e-01
   3.9010751597034360e-01
   3.9137738292990248e-01
   3.9222893131877812e-01
   3.9265620579064564e-01
   3.9265620579064558e-01
   3.9222893131877812e-01
   3.9137738292990248e-01
   3.9010751597034360e-01
   3.8842815036799833e-01
   3.8635083854916363e-01
   3.8388969519457256e-01
   3.8106119352056067e-01
   3.7788393354090205e-01
   3.7437838830539277e-01
   3.7056663441124826e-01
   3.6647207314488539e-01
   3.6211914844923282e-01
   3.5753306755032649e-01
   3.5273952954952242e-01
   3.4776446663218269e-01
   3.4263380180035680e-01
   3.3737322624556854e-01
   3.3200799867538971e-01
   3.2656276812668938e-01
   3.2106142106630620e-01
   3.1552695291722077e-01
   3.0998136356954487e-01
   3.0444557594923216e-01
   2.9893937632635337e-01
   2.9348137474749070e-01
   2.8808898376807190e-01
   2.8277841353237232e-01
   2.7756468119176658e-01
   2.7246163265496876e-01
   2.6748197471652002e-01
   2.6263731570102727e-01
   2.5550129746229711e-01
   2.4609417334211581e-01
   2.3686997818897504e-01
   2.2784296029459228e-01
   2.1902472121118921e-01
   2.1042444225745233e-01
   2.0204910851642569e-01
   1.9390372668901978e-01
   1.8599153403898505e-01
   1.7831419642452845e-01
   1.7087199405861675e-01
   1.6366399417948563e-01
   1.5668821025312490e-01
   1.4994174768051247e-01
   1.4342093625492652e-01
   1.3712144981966623e-01
   1.3103841372442759e-01
   1.2516650077913985e-01
   1.1950001646604506e-01
   1.1403297420195307e-01
   1.0875916144963381e-01
   1.0367219746591973e-01
   9.8765583449060973e-02
   9.4032745813129662e-02
   8.9467073275998565e-02
   8.5061948402164175e-02
   8.0810774194437732e-02
   7.6706996280823961e-02
   7.2744121195893005e-02
   6.8915731210465583e-02
   6.5215496120059349e-02
   6.1637182361670546e-02
   5.8174659790317593e-02
   5.4821906411459911e-02
   5.1573011332941301e-02
   4.8422176170441811e-02
   4.5363715113456111e-02
   4.2392053834417617e-02
   3.9501727401604403e-02
   3.6687377336730054e-02
   3.4642174673332145e-02
   3.3359858916425733e-02
   3.2139673348673521e-02
   3.0979394982489011e-02
   2.9876904835131283e-02
   2.8830184988736185e-02
   2.7837315714094344e-02
   2.6896472667919207e-02
   2.6005924171679948e-02
   2.5164028578631911e-02
   2.4369231734435396e-02
   2.3620064535686783e-02
   2.2915140589774750e-02
   2.2253153978697919e-02
   2.1632877128823873e-02
   2.1053158788016935e-02
   2.0512922111101367e-02
   2.0011162854245857e-02
   1.9546947678544195e-02
   1.9119412562817070e-02
   1.8727761325463214e-02
   1.8371264255037476e-02
   1.8049256849122858e-02
   1.7761138660988059e-02
   1.7506372253476083e-02
   1.7284482259549885e-02
   1.7095054548923121e-02
   1.6937735500225301e-02
   1.6812231378187721e-02
   1.6718307815386965e-02
   1.6655789398144091e-02
   1.6624559356247928e-02
   1.6624559356247928e-02
   1.6655789398144091e-02
   1.6718307815386965e-02
   1.6812231378187721e-02
   1.6937735500225298e-02
   1.7095054548923121e-02
   1.7284482259549885e-02
   1.7506372253476080e-02
   1.7761138660988059e-02
   1.8049256849122858e-02
   1.8371264255037472e-02
   1.8727761325463214e-02
   1.9119412562817066e-02
   1.9546947678544195e-02
   2.0011162854245861e-02
   2.0512922111101371e-02
   2.1053158788016939e-02
   2.1632877128823877e-02
   2.2253153978697916e-02
   2.2915140589774750e-02
   2.3620064535686783e-02
   2.4369231734435393e-02
   2.5164028578631911e-02
   2.6005924171679944e-02
   2.6896472667919211e-02
   2.7837315714094348e-02
   2.8830184988736185e-02
   2.9876904835131283e-02
   3.0979394982489011e-02
   3.2139673348673521e-02
   3.3359858916425733e-02
   3.4642174673332145e-02
