  -4.0000000000000000e+00
  -3.9764244688539319e+00
  -3.9528996030621544e+00
  -3.8151882063273170e+00
  -3.6444241573766627e+00
  -3.5028386589102452e+00
  -3.3929491419087414e+00
  -3.2925111067504300e+00
  -3.1879251830702287e+00
  -3.0811610643601104e+00
  -2.9801155463575060e+00
  -2.8871889818404797e+00
  -2.7996763844019350e+00
  -2.7148995065539383e+00
  -2.6325099488259354e+00
  -2.5534127598905623e+00
  -2.4780386212171162e+00
  -2.4060087702571855e+00
  -2.3367810296348392e+00
  -2.2701212141558136e+00
  -2.2060400300147447e+00
  -2.1445367878005470e+00
  -2.0855005065289727e+00
  -2.0287809412933466e+00
  -1.9742693786666619e+00
  -1.9219048246655790e+00
  -1.8716384711862080e+00
  -1.8234125882543477e+00
  -1.7771661702573576e+00
  -1.7328469619082150e+00
  -1.6904140734561210e+00
  -1.6498329590786651e+00
  -1.6110710113709137e+00
  -1.5740969780973100e+00
  -1.5388819161240306e+00
  -1.5053990876572572e+00
  -1.4736226150472234e+00
  -1.4435260283163240e+00
  -1.4150813662548578e+00
  -1.3882586602807863e+00
  -1.3630254507876574e+00
  -1.3393462796277711e+00
  -1.3171823194770669e+00
  -1.2964912613963397e+00
  -1.2772274528534748e+00
  -1.2593422216518353e+00
  -1.2427843394452351e+00
  -1.2275006018316559e+00
  -1.2134364975875209e+00
  -1.2005369240578694e+00
  -1.1887469013768039e+00
  -1.1780122474356398e+00
  -1.1682801885372023e+00
  -1.1594998906586393e+00
  -1.1516229032184166e+00
  -1.1446035134023389e+00
  -1.1383990148591203e+00
  -1.1329698989851011e+00
  -1.1282799794604110e+00
  -1.1242964614981805e+00
  -1.1209899670854127e+00
  -1.1183345267650777e+00
  -1.1163075474037967e+00
  -1.1148897639996886e+00
  -1.1140651820518168e+00
  -1.1138194279106248e+00
  -1.1138210154528270e+00
  -1.1141476233327443e+00
  -1.1150384477638586e+00
  -1.1164899526952683e+00
  -1.1185015628725854e+00
  -1.1210755997573489e+00
  -1.1242172095227640e+00
  -1.1279342759947637e+00
  -1.1322373088811049e+00
  -1.1371392947546575e+00
  -1.1426554950923180e+00
  -1.1488031723566430e+00
  -1.1556012219881209e+00
  -1.1630696858196894e+00
  -1.1712291217572006e+00
  -1.1800998068842157e+00
  -1.1897007581506402e+00
  -1.2000485683611424e+00
  -1.2111560769477936e+00
  -1.2230309256118272e+00
  -1.2356740868071305e+00
  -1.2490784933123662e+00
  -1.2632279308721095e+00
  -1.2780963708925290e+00
  -1.2936479040312627e+00
  -1.3098373807594339e+00
  -1.3266117747536423e+00
  -1.3439121758999300e+00
  -1.3616762187773452e+00
  -1.3798406878460512e+00
  -1.3983440297583276e+00
  -1.4171285458042571e+00
  -1.4361421161661265e+00
  -1.4553393969876669e+00
  -1.4746825087044622e+00
  -1.4941412869056925e+00
  -1.5136931931773605e+00
  -1.5333229879554038e+00
  -1.5530222580236113e+00
  -1.5727888749098595e+00
  -1.5926264421741179e+00
  -1.6125437725714888e+00
  -1.6325544218806494e+00
  -1.6526762952862601e+00
  -1.6729313343994474e+00
  -1.6933452877764057e+00
  -1.7139475645767908e+00
  -1.7347711692365388e+00
  -1.7558527142837086e+00
  -1.7772325083102609e+00
  -1.7989547163508561e+00
  -1.8210675902762958e+00
  -1.8436237670643498e+00
  -1.8666806328216139e+00
  -1.8903007499446314e+00
  -1.9145523436744982e+00
  -1.9395098421758747e+00
  -1.9652544608869136e+00
  -1.9918748167936930e+00
  -2.0194675510825331e+00
  -2.0481379287945778e+00
  -2.0780003713251514e+00
  -2.1091788617188341e+00
  -2.1418071442297841e+00
  -2.1760286199857775e+00
  -2.2119958230295977e+00
  -2.2498693509278498e+00
  -2.2898161297816437e+00
  -2.3320069254246896e+00
