   1.2750083154535310e+00
   1.2170313094447891e+00
   1.1498309084450506e+00
   1.0774417991574754e+00
   1.0035392971638322e+00
   9.3120223780315803e-01
   8.6283000053852277e-01
   8.0017163767278132e-01
   7.4441946450683261e-01
   6.9632801827115753e-01
   6.5633243109904227e-01
   6.2465216437528104e-01
   6.0137450220655364e-01
   5.8651715854258424e-01
   5.8007164333147665e-01
   5.8202959387003095e-01
   5.9239384665931283e-01
   6.1117509723859731e-01
   6.3837388594039413e-01
   6.7394659098801735e-01
   7.1775336612768936e-01
   7.6948591565883384e-01
   8.2857425974175314e-01
   8.9407505486478978e-01
   9.6455054495860959e-01
   1.0379573792146446e+00
   1.1115774772824432e+00
   1.1820351012350352e+00
   1.2454475897234534e+00
   1.2977413828623841e+00
   1.3351226760342694e+00
   1.3546289249790637e+00
   1.3546289249790642e+00
   1.3351226760342700e+00
   1.2977413828623852e+00
   1.2454475897234547e+00
   1.1820351012350365e+00
   1.1115774772824449e+00
   1.0379573792146466e+00
   9.6455054495861181e-01
   8.9407505486479200e-01
   8.2857425974175547e-01
   7.6948591565883617e-01
   7.1775336612769169e-01
   6.7394659098801968e-01
   6.3837388594039635e-01
   6.1117509723859942e-01
   5.9239384665931494e-01
   5.8202959387003295e-01
   5.8007164333147854e-01
   5.8651715854258601e-01
   6.0137450220655542e-01
   6.2465216437528270e-01
   6.5633243109904393e-01
   6.9632801827115909e-01
   7.4441946450683416e-01
   8.0017163767278277e-01
   8.6283000053852388e-01
   9.3120223780315914e-01
   1.0035392971638328e+00
   1.0774417991574761e+00
   1.1498309084450511e+00
   1.2170313094447893e+00
   1.2750083154535310e+00
   1.3429853411920720e+00
   1.4149555092118631e+00
   1.4610578912382146e+00
   1.4765751930148616e+00
   1.4598364146616531e+00
   1.4126422940627867e+00
   1.3398074743688864e+00
   1.2480259077313820e+00
   1.1445240210569736e+00
   1.0359422577987665e+00
   9.2766791969795681e-01
   8.2361347878326230e-01
   7.2630731733761722e-01
   6.3714294457614806e-01
   5.5667000664919952e-01
   4.8486033269366735e-01
   4.2132164647143761e-01
   3.6545524748811137e-01
   3.1656507322190219e-01
   2.7392896401509825e-01
   2.3684253088659865e-01
   2.0464414829491948e-01
   1.7672747416268511e-01
   1.5254604727698010e-01
   1.3161307020355692e-01
   1.1349843517270995e-01
   9.7824317076450243e-02
   8.4260161331232875e-02
   7.2517566248448989e-02
   6.2345347057950508e-02
   5.3524933807329027e-02
   4.5866171543680105e-02
   3.9203540521190447e-02
   3.3392784708269750e-02
   2.8307920736372359e-02
   2.3838591536956475e-02
   1.9887725972830981e-02
   1.6369465697217044e-02
   1.3207321953066814e-02
   1.0332527238599891e-02
   8.3571357641482377e-03
   7.2315953469119917e-03
   6.2577172281000227e-03
   5.4150786479930050e-03
   4.6860084543780241e-03
   4.0552168003940786e-03
   3.5094746738907768e-03
   3.0373365764642178e-03
   2.6289005614275628e-03
   2.2756006145087490e-03
   1.9700270335663533e-03
   1.7057710470651309e-03
   1.4772904169690763e-03
   1.2797932102341285e-03
   1.1091373031086990e-03
   9.6174351175168252e-04
   8.3452052803367901e-04
   7.2480008670008488e-04
   6.3028100447795816e-04
   5.4898091766423184e-04
   4.7919470611854911e-04
   4.1945873176998455e-04
   3.6852014166390343e-04
   3.2531059177408946e-04
   2.8892384050941848e-04
   2.5859674199549916e-04
   2.3369324051019614e-04
   2.1369103039206193e-04
   1.9817060164180022e-04
   1.8680644147093034e-04
   1.7936020726790414e-04
   1.7567572779817562e-04
   1.7567572779817562e-04
   1.7936020726790411e-04
   1.8680644147093029e-04
   1.9817060164180014e-04
   2.1369103039206182e-04
   2.3369324051019595e-04
   2.5859674199549894e-04
   2.8892384050941826e-04
   3.2531059177408919e-04
   3.6852014166390310e-04
   4.1945873176998423e-04
   4.7919470611854878e-04
   5.4898091766423151e-04
   6.3028100447795772e-04
   7.2480008670008445e-04
   8.3452052803367858e-04
   9.6174351175168208e-04
   1.1091373031086986e-03
   1.2797932102341281e-03
   1.4772904169690760e-03
   1.7057710470651307e-03
   1.9700270335663533e-03
   2.2756006145087495e-03
   2.6289005614275633e-03
   3.0373365764642178e-03
   3.5094746738907772e-03
   4.0552168003940795e-03
   4.6860084543780241e-03
   5.4150786479930059e-03
   6.2577172281000236e-03
   7.2315953469119926e-03
   8.3571357641482394e-03
