   9.8248639983816488e-01
   9.4011708559573814e-01
   8.9670606934362673e-01
   8.5367976380594024e-01
   8.1225905569296619e-01
   7.7344648175085151e-01
   7.3803501967734675e-01
   7.0663042415884014e-01
   6.7968018812655784e-01
   6.5750393182952127e-01
   6.4032173627255384e-01
   6.2827834164668583e-01
   6.2146213128960726e-01
   6.1991844397661255e-01
   6.2365708260763453e-01
   6.3265401062862114e-01
   6.4684724067139554e-01
   6.6612690862352164e-01
   6.9031957455201864e-01
   7.1916698762011899e-01
   7.5229998954440125e-01
   7.8920900250890269e-01
   8.2921371727615312e-01
   8.7143615140397146e-01
   9.1478301645274795e-01
   9.5794490528393839e-01
   9.9942048333230804e-01
   1.0375727191007360e+00
   1.0707203636169640e+00
   1.0972611211279635e+00
   1.1158141710491607e+00
   1.1253613058230501e+00
   1.1253613058230501e+00
   1.1158141710491607e+00
   1.0972611211279635e+00
   1.0707203636169638e+00
   1.0375727191007358e+00
   9.9942048333230793e-01
   9.5794490528393827e-01
   9.1478301645274784e-01
   8.7143615140397135e-01
   8.2921371727615290e-01
   7.8920900250890258e-01
   7.5229998954440114e-01
   7.1916698762011888e-01
   6.9031957455201864e-01
   6.6612690862352164e-01
   6.4684724067139554e-01
   6.3265401062862114e-01
   6.2365708260763453e-01
   6.1991844397661255e-01
   6.2146213128960726e-01
   6.2827834164668594e-01
   6.4032173627255407e-01
   6.5750393182952127e-01
   6.7968018812655795e-01
   7.0663042415884014e-01
   7.3803501967734675e-01
   7.7344648175085162e-01
   8.1225905569296630e-01
   8.5367976380594046e-01
   8.9670606934362684e-01
   9.4011708559573826e-01
   9.8248639983816488e-01
   1.0428320542411214e+00
   1.1183385234835004e+00
   1.1843538123589306e+00
   1.2367169173309418e+00
   1.2716885524877295e+00
   1.2865457975644505e+00
   1.2800756656869585e+00
   1.2528105622186005e+00
   1.2069237788403520e+00
   1.1458218659396566e+00
   1.0735695112804868e+00
   9.9431290253158389e-01
   9.1182835636600623e-01
   8.2925093494151636e-01
   7.4897354106807457e-01
   6.7267135096360609e-01
   6.0139874340171773e-01
   5.3571502696657791e-01
   4.7581004235791885e-01
   4.2161423537004411e-01
   3.7288743609135300e-01
   3.2928629610774690e-01
   2.9041310594645220e-01
   2.5584963684209983e-01
   2.2517958062220031e-01
   1.9800265554144897e-01
   1.7394281932631386e-01
   1.5265243821153077e-01
   1.3381376327358355e-01
   1.1713867496635781e-01
   1.0236736347856344e-01
   8.9266398831189142e-02
   7.7626492428896035e-02
   6.7260145319186379e-02
   5.7999305087393774e-02
   4.9693103522470763e-02
   4.2205713852349079e-02
   3.5414344370751444e-02
   2.9207371047435662e-02
   2.3482602702950967e-02
   1.9504253597973774e-02
   1.7195030872099476e-02
   1.5159609206414078e-02
   1.3365597283754574e-02
   1.1784439481379716e-02
   1.0390964068557126e-02
   9.1629843425815698e-03
   8.0809466531547650e-03
   7.1276199163985525e-03
   6.2878218151962654e-03
   5.5481774220803625e-03
   4.8969064666137619e-03
   4.3236359044383577e-03
   3.8192348337724551e-03
   3.3756691512316834e-03
   2.9858736465075870e-03
   2.6436395085854244e-03
   2.3435154584970815e-03
   2.0807209384864226e-03
   1.8510699780205748e-03
   1.6509045261310946e-03
   1.4770361896586550e-03
   1.3266954503933161e-03
   1.1974875529054305e-03
   1.0873543608946727e-03
   9.9454157480301881e-04
   9.1757078873135034e-04
   8.5521594171210054e-04
   8.0648378833825393e-04
   7.7059807773903423e-04
   7.4698718893915757e-04
   7.3527502567868766e-04
   7.3527502567868766e-04
   7.4698718893915757e-04
   7.7059807773903423e-04
   8.0648378833825382e-04
   8.5521594171210054e-04
   9.1757078873135034e-04
   9.9454157480301881e-04
   1.0873543608946724e-03
   1.1974875529054303e-03
   1.3266954503933161e-03
   1.4770361896586546e-03
   1.6509045261310941e-03
   1.8510699780205744e-03
   2.0807209384864221e-03
   2.3435154584970810e-03
   2.6436395085854244e-03
   2.9858736465075866e-03
   3.3756691512316834e-03
   3.8192348337724555e-03
   4.3236359044383577e-03
   4.8969064666137627e-03
   5.5481774220803642e-03
   6.2878218151962663e-03
   7.1276199163985542e-03
   8.0809466531547667e-03
   9.1629843425815715e-03
   1.0390964068557128e-02
   1.1784439481379718e-02
   1.3365597283754575e-02
   1.5159609206414080e-02
   1.7195030872099476e-02
   1.9504253597973774e-02
