   5.4333272770803376e-01
   5.2075906552541695e-01
   5.0107708680604424e-01
   4.8437176141704796e-01
   4.7069755961828230e-01
   4.6008740771165674e-01
   4.5255982520956745e-01
   4.4812431033057093e-01
   4.4678506787438749e-01
   4.4854316653996024e-01
   4.5339718431584042e-01
   4.6134236066321810e-01
   4.7236823101187153e-01
   4.8645468022628874e-01
   5.0356632552892922e-01
   5.2364513618944597e-01
   5.4660123032616648e-01
   5.7230187499874663e-01
   6.0055887367318139e-01
   6.3111477450043196e-01
   6.6362868761400418e-01
   6.9766295880953633e-01
   7.3267248086331471e-01
   7.6799895797394424e-01
   8.0287284103512535e-01
   8.3642573108843243e-01
   8.6771558268825799e-01
   8.9576583756680073e-01
   9.1961762498317057e-01
   9.3839156644760269e-01
   9.5135301569332154e-01
   9.5797250018268043e-01
   9.5797250018268021e-01
   9.5135301569332109e-01
   9.3839156644760202e-01
   9.1961762498316968e-01
   8.9576583756679962e-01
   8.6771558268825688e-01
   8.3642573108843099e-01
   8.0287284103512391e-01
   7.6799895797394280e-01
   7.3267248086331327e-01
   6.9766295880953488e-01
   6.6362868761400273e-01
   6.3111477450043074e-01
   6.0055887367318006e-01
   5.7230187499874541e-01
   5.4660123032616537e-01
   5.2364513618944486e-01
   5.0356632552892822e-01
   4.8645468022628779e-01
   4.7236823101187059e-01
   4.6134236066321721e-01
   4.5339718431583970e-01
   4.4854316653995951e-01
   4.4678506787438682e-01
   4.4812431033057032e-01
   4.5255982520956695e-01
   4.6008740771165629e-01
   4.7069755961828197e-01
   4.8437176141704774e-01
   5.0107708680604413e-01
   5.2075906552541684e-01
   5.4333272770803365e-01
   5.8181249252844958e-01
   6.3600155335825215e-01
   6.9215907468253657e-01
   7.4942635675564884e-01
   8.0665782999692881e-01
   8.6241398941787073e-01
   9.1498771862213568e-01
   9.6247499918759571e-01
   1.0028956469671633e+00
   1.0343594558421414e+00
   1.0552593784371882e+00
   1.0644602402323173e+00
   1.0614448278784325e+00
   1.0463838351700683e+00
   1.0201125484321447e+00
   9.8402004999290782e-01
   9.3987738827653067e-01
   8.8964208937238398e-01
   8.3527507436270387e-01
   7.7859545549942544e-01
   7.2118457819775039e-01
   6.6433829590156368e-01
   6.0905859518898031e-01
   5.5607258976639806e-01
   5.0586732604866691e-01
   4.5873114958295863e-01
   4.1479523312498429e-01
   3.7407145524686469e-01
   3.3648480015491222e-01
   3.0189978303111609e-01
   2.7014119576817081e-01
   2.4100986408854172e-01
   2.1429424670904551e-01
   1.8977869731658756e-01
   1.6724912440313036e-01
   1.4649666880800391e-01
   1.2731990064014628e-01
   1.0952592952969276e-01
   9.2930730346769325e-02
   7.7358911615189485e-02
   6.6389198202799496e-02
   5.9875652450124557e-02
   5.4003454517962041e-02
   4.8710401500679887e-02
   4.3940240023888182e-02
   3.9642138182270088e-02
   3.5770195047830654e-02
   3.2282988009486403e-02
   2.9143157142845252e-02
   2.6317025125706484e-02
   2.3774250801602018e-02
   2.1487514271013596e-02
   1.9432231299733406e-02
   1.7586294834148850e-02
   1.5929841473746063e-02
   1.4445040850192398e-02
   1.3115905984634848e-02
   1.1928122829597532e-02
   1.0868897341668784e-02
   9.9268185710398721e-03
   9.0917363906269436e-03
   8.3546526189465214e-03
   7.7076244159714081e-03
   7.1436789493326382e-03
   6.6567384393468459e-03
   6.2415547956223543e-03
   5.8936531558128223e-03
   5.6092837289542421e-03
   5.3853814323294733e-03
   5.2195328925926012e-03
   5.1099504596173106e-03
   5.0554529558856530e-03
   5.0554529558856530e-03
   5.1099504596173097e-03
   5.2195328925925995e-03
   5.3853814323294707e-03
   5.6092837289542395e-03
   5.8936531558128188e-03
   6.2415547956223491e-03
   6.6567384393468407e-03
   7.1436789493326321e-03
   7.7076244159714011e-03
   8.3546526189465110e-03
   9.0917363906269331e-03
   9.9268185710398599e-03
   1.0868897341668774e-02
   1.1928122829597524e-02
   1.3115905984634841e-02
   1.4445040850192391e-02
   1.5929841473746056e-02
   1.7586294834148843e-02
   1.9432231299733402e-02
   2.1487514271013586e-02
   2.3774250801602007e-02
   2.6317025125706470e-02
   2.9143157142845235e-02
   3.2282988009486389e-02
   3.5770195047830633e-02
   3.9642138182270067e-02
   4.3940240023888175e-02
   4.8710401500679873e-02
   5.4003454517962020e-02
   5.9875652450124536e-02
   6.6389198202799482e-02
