   2.8416073195384184e-01
   2.6832351508859592e-01
   2.5584711758848083e-01
   2.4660752259854671e-01
   2.4050990625583749e-01
   2.3749035072825794e-01
   2.3751681920347331e-01
   2.4058959359880949e-01
   2.4674127085323322e-01
   2.5603631697151091e-01
   2.6857008122731529e-01
   2.8446706780629361e-01
   3.0387814058097140e-01
   3.2697619126330796e-01
   3.5394962645530997e-01
   3.8499282425764936e-01
   4.2029248455885265e-01
   4.6000857461567735e-01
   5.0424840810652960e-01
   5.5303239241661717e-01
   6.0625030093864962e-01
   6.6360781755904474e-01
   7.2456486879705617e-01
   7.8827021421029020e-01
   8.5350104726843534e-01
   9.1862163124363405e-01
   9.8158003607361588e-01
   1.0399644271393691e+00
   1.0911366680628183e+00
   1.1324481224226159e+00
   1.1615201842840690e+00
   1.1765454393151378e+00
   1.1765454393151369e+00
   1.1615201842840666e+00
   1.1324481224226124e+00
   1.0911366680628134e+00
   1.0399644271393633e+00
   9.8158003607360966e-01
   9.1862163124362750e-01
   8.5350104726842857e-01
   7.8827021421028365e-01
   7.2456486879704973e-01
   6.6360781755903886e-01
   6.0625030093864407e-01
   5.5303239241661206e-01
   5.0424840810652471e-01
   4.6000857461567296e-01
   4.2029248455884860e-01
   3.8499282425764575e-01
   3.5394962645530675e-01
   3.2697619126330502e-01
   3.0387814058096879e-01
   2.8446706780629133e-01
   2.6857008122731330e-01
   2.5603631697150914e-01
   2.4674127085323166e-01
   2.4058959359880816e-01
   2.3751681920347220e-01
   2.3749035072825703e-01
   2.4050990625583676e-01
   2.4660752259854613e-01
   2.5584711758848044e-01
   2.6832351508859570e-01
   2.8416073195384178e-01
   3.1354316118885706e-01
   3.5686913955786254e-01
   4.0443763129860266e-01
   4.5652120988549305e-01
   5.1329190450849771e-01
   5.7476737559806013e-01
   6.4074218867653954e-01
   7.1070514083346670e-01
   7.8374773780452045e-01
   8.5847543156231798e-01
   9.3294185600693991e-01
   1.0046352508652130e+00
   1.0705514108826004e+00
   1.1273825010197989e+00
   1.1718297839052343e+00
   1.2010099520978446e+00
   1.2128796782295663e+00
   1.2065728474784485e+00
   1.1825521995625696e+00
   1.1425276779815012e+00
   1.0891674252532650e+00
   1.0256883134014225e+00
   9.5543404812318045e-01
   8.8152828195179223e-01
   8.0664703249125513e-01
   7.3291257019401901e-01
   6.6188405304054876e-01
   5.9461070215959921e-01
   5.3171607789229958e-01
   4.7349035707968484e-01
   4.1997652722080742e-01
   3.7104365626719205e-01
   3.2644524027224758e-01
   2.8586338378820408e-01
   2.4894083669392569e-01
   2.1530327043119069e-01
   1.8457405310939629e-01
   1.5638345045535854e-01
   1.3037379401623794e-01
   1.0620179710983689e-01
   8.9308032402674792e-02
   7.9412227979141214e-02
   7.0611641441420944e-02
   6.2786696165190212e-02
   5.5830538223983414e-02
   4.9647802405952214e-02
   4.4153463214260724e-02
   3.9271776983666781e-02
   3.4935316004878349e-02
   3.1084092223002138e-02
   2.7664766069355442e-02
   2.4629934875183081e-02
   2.1937494805437163e-02
   1.9550070134513958e-02
   1.7434503821066420e-02
   1.5561403627925130e-02
   1.3904738409423750e-02
   1.2441479607664842e-02
   1.1151283432364975e-02
   1.0016209627310136e-02
   9.0204731387863116e-03
   8.1502253911905579e-03
   7.3933622392416210e-03
   6.7393560038492449e-03
   6.1791093102385860e-03
   5.7048287337254228e-03
   5.3099165225023535e-03
   4.9888789101317560e-03
   4.7372497555022300e-03
   4.5515284571964465e-03
   4.4291312849378079e-03
   4.3683554553905473e-03
   4.3683554553905473e-03
   4.4291312849378079e-03
   4.5515284571964465e-03
   4.7372497555022292e-03
   4.9888789101317551e-03
   5.3099165225023543e-03
   5.7048287337254236e-03
   6.1791093102385852e-03
   6.7393560038492457e-03
   7.3933622392416227e-03
   8.1502253911905596e-03
   9.0204731387863134e-03
   1.0016209627310139e-02
   1.1151283432364982e-02
   1.2441479607664851e-02
   1.3904738409423762e-02
   1.5561403627925146e-02
   1.7434503821066438e-02
   1.9550070134513979e-02
   2.1937494805437181e-02
   2.4629934875183102e-02
   2.7664766069355463e-02
   3.1084092223002152e-02
   3.4935316004878370e-02
   3.9271776983666802e-02
   4.4153463214260745e-02
   4.9647802405952214e-02
   5.5830538223983421e-02
   6.2786696165190226e-02
   7.0611641441420944e-02
   7.9412227979141214e-02
   8.9308032402674792e-02
