   1.6376240921316301e-01
   1.5126208834452926e-01
   1.4182158862646801e-01
   1.3525750603790659e-01
   1.3144145032225149e-01
   1.3029846935620992e-01
   1.3180607018277257e-01
   1.3599391701786359e-01
   1.4294422873787843e-01
   1.5279284601181251e-01
   1.6573087867535782e-01
   1.8200676333220925e-01
   2.0192844245222988e-01
   2.2586519683340170e-01
   2.5424839265039245e-01
   2.8757000172309310e-01
   3.2637716756279894e-01
   3.7126026147124747e-01
   4.2283075046001983e-01
   4.8168377181642752e-01
   5.4833868410808062e-01
   6.2314940442723132e-01
   7.0617589645798606e-01
   7.9701038661559043e-01
   8.9455944007882371e-01
   9.9679942044987224e-01
   1.1005508296084041e+00
   1.2013545687903489e+00
   1.2935670523001486e+00
   1.3707920978504156e+00
   1.4266980537527176e+00
   1.4561142602176465e+00
   1.4561142602176396e+00
   1.4266980537526979e+00
   1.3707920978503845e+00
   1.2935670523001093e+00
   1.2013545687903040e+00
   1.1005508296083566e+00
   9.9679942044982450e-01
   8.9455944007877763e-01
   7.9701038661554680e-01
   7.0617589645794587e-01
   6.2314940442719491e-01
   5.4833868410804776e-01
   4.8168377181639832e-01
   4.2283075045999402e-01
   3.7126026147122482e-01
   3.2637716756277907e-01
   2.8757000172307573e-01
   2.5424839265037735e-01
   2.2586519683338860e-01
   2.0192844245221858e-01
   1.8200676333219951e-01
   1.6573087867534944e-01
   1.5279284601180534e-01
   1.4294422873787235e-01
   1.3599391701785851e-01
   1.3180607018276835e-01
   1.3029846935620648e-01
   1.3144145032224877e-01
   1.3525750603790454e-01
   1.4182158862646657e-01
   1.5126208834452845e-01
   1.6376240921316276e-01
   1.8775703022420995e-01
   2.2383983699314580e-01
   2.6449866476781109e-01
   3.1045967959392567e-01
   3.6248014201545942e-01
   4.2132158567770656e-01
   4.8770263401674313e-01
   5.6222260568422111e-01
   6.4524534120858690e-01
   7.3673275153242435e-01
   8.3602206218773512e-01
   9.4155370722588982e-01
   1.0505831303251563e+00
   1.1589515996431159e+00
   1.2610408595421110e+00
   1.3500668545399095e+00
   1.4188307189872409e+00
   1.4608975179989088e+00
   1.4719362221745020e+00
   1.4507593103746539e+00
   1.3996261285156681e+00
   1.3236723994204616e+00
   1.2297209554330324e+00
   1.1249493139676121e+00
   1.0158299106815118e+00
   9.0753044439113340e-01
   8.0374425199312871e-01
   7.0681019750026441e-01
   6.1797177368005718e-01
   5.3766604803364115e-01
   4.6578214716714988e-01
   4.0186605903388090e-01
   3.4527013850536187e-01
   2.9525545990927132e-01
   2.5105786072957731e-01
   2.1192780594444194e-01
   1.7715225297645282e-01
   1.4606460414169875e-01
   1.1804703909403864e-01
   9.2528136272650940e-02
   7.4972763892424993e-02
   6.4954003479963413e-02
   5.6272537502610534e-02
   4.8750770685223550e-02
   4.2234432181918184e-02
   3.6589612733494863e-02
   3.1700143778735687e-02
   2.7465291888401095e-02
   2.3797738809876998e-02
   2.0621817053398658e-02
   1.7871972153077214e-02
   1.5491424764525724e-02
   1.3431008162221680e-02
   1.1648159200104530e-02
   1.0106043239119964e-02
   8.7727958385603478e-03
   7.6208661120732877e-03
   6.6264485494030691e-03
   5.7689918027023657e-03
   5.0307744420688581e-03
   4.3965390139325501e-03
   3.8531769051015929e-03
   3.3894575420642652e-03
   2.9957963563654465e-03
   2.6640567382946647e-03
   2.3873818972389017e-03
   2.1600531610463710e-03
   1.9773717905231004e-03
   1.8355618694709255e-03
   1.7316922651513752e-03
   1.6636160474887821e-03
   1.6299261156985439e-03
   1.6299261156985439e-03
   1.6636160474887817e-03
   1.7316922651513748e-03
   1.8355618694709248e-03
   1.9773717905230996e-03
   2.1600531610463701e-03
   2.3873818972389004e-03
   2.6640567382946638e-03
   2.9957963563654448e-03
   3.3894575420642639e-03
   3.8531769051015916e-03
   4.3965390139325492e-03
   5.0307744420688572e-03
   5.7689918027023640e-03
   6.6264485494030674e-03
   7.6208661120732869e-03
   8.7727958385603443e-03
   1.0106043239119962e-02
   1.1648159200104527e-02
   1.3431008162221680e-02
   1.5491424764525722e-02
   1.7871972153077214e-02
   2.0621817053398658e-02
   2.3797738809876994e-02
   2.7465291888401085e-02
   3.1700143778735680e-02
   3.6589612733494856e-02
   4.2234432181918170e-02
   4.8750770685223543e-02
   5.6272537502610534e-02
   6.4954003479963413e-02
   7.4972763892424979e-02
