   9.4548930599902703e-01
   9.0504223719984889e-01
   8.6419760240941035e-01
   8.2417717217162001e-01
   7.8601627545147579e-01
   7.5055983020268457e-01
   7.1847409190457279e-01
   6.9026777288634433e-01
   6.6631729176952659e-01
   6.4689230497009731e-01
   6.3217897663249456e-01
   6.2229947954151410e-01
   6.1732694342467109e-01
   6.1729551110802250e-01
   6.2220539278458276e-01
   6.3202289793460975e-01
   6.4667544484109774e-01
   6.6604156761726863e-01
   6.8993602862663395e-01
   7.1809037172266776e-01
   7.5012969261523377e-01
   7.8554712267009019e-01
   8.2367855470924600e-01
   8.6368144117525636e-01
   9.0452288840267103e-01
   9.4498338414541139e-01
   9.8368274636494046e-01
   1.0191335615172119e+00
   1.0498239033028456e+00
   1.0743254247578979e+00
   1.0914158730927246e+00
   1.1001986346402559e+00
   1.1001986346402559e+00
   1.0914158730927246e+00
   1.0743254247578979e+00
   1.0498239033028456e+00
   1.0191335615172117e+00
   9.8368274636494002e-01
   9.4498338414541116e-01
   9.0452288840267081e-01
   8.6368144117525603e-01
   8.2367855470924567e-01
   7.8554712267008997e-01
   7.5012969261523343e-01
   7.1809037172266743e-01
   6.8993602862663372e-01
   6.6604156761726840e-01
   6.4667544484109762e-01
   6.3202289793460964e-01
   6.2220539278458264e-01
   6.1729551110802250e-01
   6.1732694342467098e-01
   6.2229947954151399e-01
   6.3217897663249456e-01
   6.4689230497009742e-01
   6.6631729176952670e-01
   6.9026777288634444e-01
   7.1847409190457290e-01
   7.5055983020268480e-01
   7.8601627545147601e-01
   8.2417717217162023e-01
   8.6419760240941057e-01
   9.0504223719984933e-01
   9.4548930599902725e-01
   1.0042095402332440e+00
   1.0787221175685704e+00
   1.1453097941343593e+00
   1.2000911293611434e+00
   1.2394175590695726e+00
   1.2604045089878568e+00
   1.2614189301149250e+00
   1.2423802087952116e+00
   1.2047754728754947e+00
   1.1513840647009064e+00
   1.0858024458258582e+00
   1.0119110998260843e+00
   9.3341250532834752e-01
   8.5351480605698726e-01
   7.7477491151681999e-01
   6.9907270885532724e-01
   6.2767134926619528e-01
   5.6132075932173175e-01
   5.0037268215014807e-01
   4.4488807822385640e-01
   3.9472778643359230e-01
   3.4962398281620816e-01
   3.0923364395553410e-01
   2.7317682977073893e-01
   2.4106298242171353e-01
   2.1250819791074305e-01
   1.8714593887691550e-01
   1.6463312505187397e-01
   1.4465305736768902e-01
   1.2691623664630911e-01
   1.1115983081686605e-01
   9.7146314899341432e-02
   8.4661640695230703e-02
   7.3513173762860262e-02
   6.3527551495975498e-02
   5.4548558186217719e-02
   4.6435073403948604e-02
   3.9059123398150007e-02
   3.2304047535886671e-02
   2.6062780257835386e-02
   2.1719463218900628e-02
   1.9192568109937531e-02
   1.6960146258705438e-02
   1.4987971806903056e-02
   1.3245800644337500e-02
   1.1706910218849323e-02
   1.0347692142704108e-02
   9.1472917326853066e-03
   8.0872892203855875e-03
   7.1514179252243478e-03
   6.3253151924134035e-03
   5.5963023612398593e-03
   4.9531904471985955e-03
   4.3861085972778970e-03
   3.8863527142079203e-03
   3.4462519460661408e-03
   3.0590510056534388e-03
   2.7188065227561013e-03
   2.4202958448584365e-03
   2.1589368909164229e-03
   1.9307178310620208e-03
   1.7321355149669049e-03
   1.5601417052183168e-03
   1.4120962914062629e-03
   1.2857267674578493e-03
   1.1790933506767409e-03
   1.0905592073952436e-03
   1.0187653284292201e-03
   9.6260966882898082e-04
   9.2123023182688027e-04
   8.9399183739159456e-04
   8.8047637233393142e-04
   8.8047637233393131e-04
   8.9399183739159445e-04
   9.2123023182688005e-04
   9.6260966882898049e-04
   1.0187653284292196e-03
   1.0905592073952430e-03
   1.1790933506767400e-03
   1.2857267674578486e-03
   1.4120962914062625e-03
   1.5601417052183162e-03
   1.7321355149669043e-03
   1.9307178310620204e-03
   2.1589368909164224e-03
   2.4202958448584361e-03
   2.7188065227561008e-03
   3.0590510056534384e-03
   3.4462519460661399e-03
   3.8863527142079194e-03
   4.3861085972778961e-03
   4.9531904471985947e-03
   5.5963023612398575e-03
   6.3253151924134009e-03
   7.1514179252243461e-03
   8.0872892203855840e-03
   9.1472917326853032e-03
   1.0347692142704104e-02
   1.1706910218849322e-02
   1.3245800644337500e-02
   1.4987971806903054e-02
   1.6960146258705438e-02
   1.9192568109937535e-02
   2.1719463218900632e-02
