   5.1117143424610378e-01
   4.8961122627406045e-01
   4.7104467843302827e-01
   4.5552022184487095e-01
   4.4306390443912524e-01
   4.3368742422819045e-01
   4.2739432946990291e-01
   4.2418452259919870e-01
   4.2405719813781856e-01
   4.2701231368638670e-01
   4.3305064788341824e-01
   4.4217244751314194e-01
   4.5437461399422563e-01
   4.6964633346468199e-01
   4.8796302206120923e-01
   5.0927844882330420e-01
   5.3351492668479894e-01
   5.6055154533655804e-01
   5.9021058034611384e-01
   6.2224247425107704e-01
   6.5631016656569940e-01
   6.9197405525763012e-01
   7.2867947645996156e-01
   7.6574921640530669e-01
   8.0238407672793988e-01
   8.3767468616559226e-01
   8.7062732599532833e-01
   9.0020527453888999e-01
   9.2538498126189772e-01
   9.4522343705903855e-01
   9.5892996726542112e-01
   9.6593321069164506e-01
   9.6593321069164539e-01
   9.5892996726542212e-01
   9.4522343705904011e-01
   9.2538498126189994e-01
   9.0020527453889265e-01
   8.7062732599533144e-01
   8.3767468616559548e-01
   8.0238407672794332e-01
   7.6574921640531035e-01
   7.2867947645996511e-01
   6.9197405525763356e-01
   6.5631016656570285e-01
   6.2224247425108015e-01
   5.9021058034611695e-01
   5.6055154533656093e-01
   5.3351492668480172e-01
   5.0927844882330686e-01
   4.8796302206121173e-01
   4.6964633346468437e-01
   4.5437461399422774e-01
   4.4217244751314394e-01
   4.3305064788342007e-01
   4.2701231368638837e-01
   4.2405719813782006e-01
   4.2418452259919998e-01
   4.2739432946990408e-01
   4.3368742422819145e-01
   4.4306390443912608e-01
   4.5552022184487162e-01
   4.7104467843302872e-01
   4.8961122627406073e-01
   5.1117143424610390e-01
   5.4833605244080752e-01
   6.0100229801640359e-01
   6.5602094766772101e-01
   7.1269994729053054e-01
   7.7007695516212205e-01
   8.2689784411892131e-01
   8.8162090090421441e-01
   9.3245874421313513e-01
   9.7746743727144048e-01
   1.0146850876490348e+00
   1.0423104060693211e+00
   1.0588976473900114e+00
   1.0635330321842840e+00
   1.0559549737422398e+00
   1.0365897038870626e+00
   1.0064934976481261e+00
   9.6721568223953780e-01
   9.2061419347988449e-01
   8.6866172704883904e-01
   8.1327522037373068e-01
   7.5618886965318388e-01
   6.9887700679277820e-01
   6.4252234596803748e-01
   5.8801912025660352e-01
   5.3599902898573049e-01
   4.8686921116040427e-01
   4.4085407951046540e-01
   3.9803565298801374e-01
   3.5838939649262702e-01
   3.2181430451761961e-01
   2.8815707749000663e-01
   2.5723086496443937e-01
   2.2882933628496394e-01
   2.0273691364901120e-01
   1.7873595847222040e-01
   1.5661160204393726e-01
   1.3615479368926686e-01
   1.1716402494081268e-01
   9.9446086555499177e-02
   8.2816130091831364e-02
   7.1098686879928277e-02
   6.4139032770553800e-02
   5.7862845781104483e-02
   5.2204100774802684e-02
   4.7103041275359310e-02
   4.2505633688903477e-02
   3.8363057527696150e-02
   3.4631232904787652e-02
   3.1270385188842453e-02
   2.8244645794401339e-02
   2.5521687503609818e-02
   2.3072392374341982e-02
   2.0870550116013291e-02
   1.8892584756744463e-02
   1.7117307446660440e-02
   1.5525693315188846e-02
   1.4100680406141999e-02
   1.2826988839611055e-02
   1.1690958484842761e-02
   1.0680403566839957e-02
   9.7844827670985953e-03
   8.9935835128733335e-03
   8.2992192779538995e-03
   7.6939388402155352e-03
   7.1712465568028530e-03
   6.7255328267198777e-03
   6.3520140130896817e-03
   6.0466811938476991e-03
   5.8062572006886692e-03
   5.6281614923145481e-03
   5.5104824900881286e-03
   5.4519570827668172e-03
   5.4519570827668172e-03
   5.5104824900881286e-03
   5.6281614923145490e-03
   5.8062572006886692e-03
   6.0466811938476991e-03
   6.3520140130896817e-03
   6.7255328267198777e-03
   7.1712465568028539e-03
   7.6939388402155352e-03
   8.2992192779538995e-03
   8.9935835128733353e-03
   9.7844827670985970e-03
   1.0680403566839958e-02
   1.1690958484842766e-02
   1.2826988839611060e-02
   1.4100680406142005e-02
   1.5525693315188854e-02
   1.7117307446660446e-02
   1.8892584756744473e-02
   2.0870550116013301e-02
   2.3072392374341999e-02
   2.5521687503609836e-02
   2.8244645794401356e-02
   3.1270385188842474e-02
   3.4631232904787673e-02
   3.8363057527696171e-02
   4.2505633688903505e-02
   4.7103041275359331e-02
   5.2204100774802698e-02
   5.7862845781104490e-02
   6.4139032770553786e-02
   7.1098686879928277e-02
