   3.1765205449747519e-01
   3.0103349974640548e-01
   2.8777512201162092e-01
   2.7777223542199425e-01
   2.7094197205695836e-01
   2.6722589334926000e-01
   2.6659158874660305e-01
   2.6903348322201004e-01
   2.7457297075157927e-01
   2.8325789349946634e-01
   2.9516129031275123e-01
   3.1037923726035560e-01
   3.2902749187309394e-01
   3.5123652735523986e-01
   3.7714440213057293e-01
   4.0688675793540408e-01
   4.4058309025753251e-01
   4.7831831825668875e-01
   5.2011865204000318e-01
   5.6592090257353522e-01
   6.1553483556119082e-01
   6.6859910858284421e-01
   7.2453294022561587e-01
   7.8248807734578685e-01
   8.4130880012288434e-01
   8.9951119061775742e-01
   9.5529563685274532e-01
   1.0066068163311972e+00
   1.0512511138873422e+00
   1.0870711107694933e+00
   1.1121610884418498e+00
   1.1250904376657549e+00
   1.1250904376657549e+00
   1.1121610884418496e+00
   1.0870711107694928e+00
   1.0512511138873415e+00
   1.0066068163311968e+00
   9.5529563685274466e-01
   8.9951119061775664e-01
   8.4130880012288367e-01
   7.8248807734578607e-01
   7.2453294022561521e-01
   6.6859910858284344e-01
   6.1553483556119015e-01
   5.6592090257353456e-01
   5.2011865204000252e-01
   4.7831831825668819e-01
   4.4058309025753206e-01
   4.0688675793540358e-01
   3.7714440213057254e-01
   3.5123652735523953e-01
   3.2902749187309360e-01
   3.1037923726035527e-01
   2.9516129031275096e-01
   2.8325789349946612e-01
   2.7457297075157910e-01
   2.6903348322200987e-01
   2.6659158874660288e-01
   2.6722589334925989e-01
   2.7094197205695830e-01
   2.7777223542199425e-01
   2.8777512201162092e-01
   3.0103349974640548e-01
   3.1765205449747524e-01
   3.4817767992192322e-01
   3.9294678676021022e-01
   4.4176533568502002e-01
   4.9477638367543869e-01
   5.5199173926358380e-01
   6.1323639453791412e-01
   6.7808214886784635e-01
   7.4577419016571311e-01
   8.1515904933904737e-01
   8.8462850350283162e-01
   9.5210056471016180e-01
   1.0150630521396191e+00
   1.0707032835782362e+00
   1.1161347364884118e+00
   1.1487064508296694e+00
   1.1663483499983220e+00
   1.1678784219100267e+00
   1.1531921079252194e+00
   1.1232795320413229e+00
   1.0800654446164315e+00
   1.0261183531879754e+00
   9.6430615211155635e-01
   8.9747544694983994e-01
   8.2820739523557796e-01
   7.5867010406864155e-01
   6.9056052098641896e-01
   6.2511372969737866e-01
   5.6315389736563004e-01
   5.0516464722505050e-01
   4.5136302832207797e-01
   4.0176761233994635e-01
   3.5625621175063865e-01
   3.1461200548170859e-01
   2.7655873298479222e-01
   2.4178648917323120e-01
   2.0996990353021161e-01
   1.8078040160230879e-01
   1.5389401156985430e-01
   1.2899590068945321e-01
   1.0578256191867635e-01
   8.9516965689996841e-02
   7.9947738338367477e-02
   7.1400706217637083e-02
   6.3768369177406803e-02
   5.6954219566171305e-02
   5.0871730791684812e-02
   4.5443407474874423e-02
   4.0599904174898498e-02
   3.6279215069823408e-02
   3.2425933963831637e-02
   2.8990582085988179e-02
   2.5929000008700097e-02
   2.3201799404554694e-02
   2.0773870106993737e-02
   1.8613937922687129e-02
   1.6694168777195473e-02
   1.4989815002108265e-02
   1.3478899851229954e-02
   1.2141936638457976e-02
   1.0961679202782926e-02
   9.9229007147575987e-03
   9.0121981366826764e-03
   8.2178199315564703e-03
   7.5295148815361255e-03
   6.9384001246656701e-03
   6.4368467492798452e-03
   6.0183814997301415e-03
   5.6776033462143547e-03
   5.4101138570586968e-03
   5.2124604854592053e-03
   5.0820920461498243e-03
   5.0173258124578800e-03
   5.0173258124578792e-03
   5.0820920461498243e-03
   5.2124604854592053e-03
   5.4101138570586960e-03
   5.6776033462143539e-03
   6.0183814997301407e-03
   6.4368467492798434e-03
   6.9384001246656692e-03
   7.5295148815361238e-03
   8.2178199315564686e-03
   9.0121981366826746e-03
   9.9229007147575970e-03
   1.0961679202782924e-02
   1.2141936638457975e-02
   1.3478899851229950e-02
   1.4989815002108262e-02
   1.6694168777195470e-02
   1.8613937922687122e-02
   2.0773870106993733e-02
   2.3201799404554690e-02
   2.5929000008700097e-02
   2.8990582085988179e-02
   3.2425933963831637e-02
   3.6279215069823414e-02
   4.0599904174898505e-02
   4.5443407474874423e-02
   5.0871730791684812e-02
   5.6954219566171312e-02
   6.3768369177406817e-02
   7.1400706217637097e-02
   7.9947738338367491e-02
   8.9516965689996855e-02
