   7.5609788587104909e-01
   7.2502726762984326e-01
   6.9576311053865125e-01
   6.6879014492748501e-01
   6.4449404999572457e-01
   6.2317398858900586e-01
   6.0505617582458782e-01
   5.9030705532172123e-01
   5.7904513011986236e-01
   5.7135086541777402e-01
   5.6727434178023339e-01
   5.6684050377070672e-01
   5.7005194174780072e-01
   5.7688918783851295e-01
   5.8730852462981920e-01
   6.0123731993314700e-01
   6.1856693600477175e-01
   6.3914334041789744e-01
   6.6275569248050215e-01
   6.8912341630522400e-01
   7.1788261544103538e-01
   7.4857313470422104e-01
   7.8062810353313727e-01
   8.1336832742449794e-01
   8.4600429654154985e-01
   8.7764866080991633e-01
   9.0734155291661533e-01
   9.3408993041013655e-01
   9.5692009564521041e-01
   9.7493992529172002e-01
   9.8740460027732269e-01
   9.9377753167878247e-01
   9.9377753167878247e-01
   9.8740460027732291e-01
   9.7493992529172047e-01
   9.5692009564521074e-01
   9.3408993041013699e-01
   9.0734155291661600e-01
   8.7764866080991699e-01
   8.4600429654155052e-01
   8.1336832742449861e-01
   7.8062810353313805e-01
   7.4857313470422171e-01
   7.1788261544103604e-01
   6.8912341630522467e-01
   6.6275569248050259e-01
   6.3914334041789800e-01
   6.1856693600477208e-01
   6.0123731993314744e-01
   5.8730852462981964e-01
   5.7688918783851328e-01
   5.7005194174780105e-01
   5.6684050377070705e-01
   5.6727434178023373e-01
   5.7135086541777436e-01
   5.7904513011986269e-01
   5.9030705532172156e-01
   6.0505617582458804e-01
   6.2317398858900619e-01
   6.4449404999572479e-01
   6.6879014492748523e-01
   6.9576311053865136e-01
   7.2502726762984337e-01
   7.5609788587104920e-01
   8.0512373613865107e-01
   8.7099947249100285e-01
   9.3506838331164177e-01
   9.9503357464617681e-01
   1.0483285957408914e+00
   1.0923129041446267e+00
   1.1245389274904216e+00
   1.1430530179156535e+00
   1.1466696638064955e+00
   1.1351518152148006e+00
   1.1092481660282238e+00
   1.0705767864064328e+00
   1.0213877185952647e+00
   9.6426626406901494e-01
   9.0184345225050244e-01
   8.3656354767175678e-01
   7.7053207642771460e-01
   7.0544372118214649e-01
   6.4257423823547888e-01
   5.8281503357492459e-01
   5.2673042323138608e-01
   4.7462235106686157e-01
   4.2659273073292631e-01
   3.8259814296143141e-01
   3.4249486411524349e-01
   3.0607419936165914e-01
   2.7308913959919817e-01
   2.4327377639072312e-01
   2.1635695483644043e-01
   1.9207150273515655e-01
   1.7016015900296946e-01
   1.5037909866313040e-01
   1.3249974689270308e-01
   1.1630940254060441e-01
   1.0161105383421266e-01
   8.8222662405028102e-02
   7.5976111226470439e-02
   6.4715952309495797e-02
   5.4298046319069218e-02
   4.4588154721823973e-02
   3.7784080634913349e-02
   3.3779533243831726e-02
   3.0200695495518504e-02
   2.7002598062800663e-02
   2.4145017740086042e-02
   2.1591986948040522e-02
   1.9311352019880483e-02
   1.7274376104488121e-02
   1.5455382682073835e-02
   1.3831435912837406e-02
   1.2382054298215747e-02
   1.1088954407737821e-02
   9.9358216989483775e-03
   8.9081057247978237e-03
   7.9928372771284235e-03
   7.1784652535019705e-03
   6.4547112562449854e-03
   5.8124401369040674e-03
   5.2435448866501137e-03
   4.7408444443142210e-03
   4.2979931496998835e-03
   3.9094007117501037e-03
   3.5701616902639698e-03
   3.2759936073697904e-03
   3.0231829120576236e-03
   2.8085381188931390e-03
   2.6293495316606383e-03
   2.4833550451390319e-03
   2.3687115944642139e-03
   2.2839718924817327e-03
   2.2280661620008553e-03
   2.2002886327359117e-03
   2.2002886327359117e-03
   2.2280661620008558e-03
   2.2839718924817336e-03
   2.3687115944642152e-03
   2.4833550451390332e-03
   2.6293495316606396e-03
   2.8085381188931403e-03
   3.0231829120576249e-03
   3.2759936073697921e-03
   3.5701616902639715e-03
   3.9094007117501054e-03
   4.2979931496998853e-03
   4.7408444443142236e-03
   5.2435448866501172e-03
   5.8124401369040700e-03
   6.4547112562449880e-03
   7.1784652535019722e-03
   7.9928372771284270e-03
   8.9081057247978254e-03
   9.9358216989483810e-03
   1.1088954407737822e-02
   1.2382054298215749e-02
   1.3831435912837408e-02
   1.5455382682073837e-02
   1.7274376104488124e-02
   1.9311352019880487e-02
   2.1591986948040525e-02
   2.4145017740086046e-02
   2.7002598062800663e-02
   3.0200695495518508e-02
   3.3779533243831726e-02
   3.7784080634913356e-02
