   2.2035811425505433e-01
   2.0612901919072896e-01
   1.9517379471474275e-01
   1.8733498342217347e-01
   1.8249824787455757e-01
   1.8059237138313244e-01
   1.8158915523935207e-01
   1.8550335703679138e-01
   1.9239272440990990e-01
   2.0235809596497539e-01
   2.1554345457981175e-01
   2.3213571545060921e-01
   2.5236389886469140e-01
   2.7649716036304189e-01
   3.0484091145833098e-01
   3.3772994449160754e-01
   3.7551706103546628e-01
   4.1855519242362776e-01
   4.6717042158804994e-01
   5.2162275682195580e-01
   5.8205117052401090e-01
   6.4839967810616583e-01
   7.2032272184882951e-01
   7.9707173994484304e-01
   8.7737156752620615e-01
   9.5930588412426909e-01
   1.0402445050607632e+00
   1.1168581325053717e+00
   1.1852702430264439e+00
   1.2413800581946872e+00
   1.2813469751307593e+00
   1.3021608738608308e+00
   1.3021608738608390e+00
   1.2813469751307833e+00
   1.2413800581947252e+00
   1.1852702430264932e+00
   1.1168581325054292e+00
   1.0402445050608258e+00
   9.5930588412433382e-01
   8.7737156752627088e-01
   7.9707173994490577e-01
   7.2032272184888890e-01
   6.4839967810622134e-01
   5.8205117052406197e-01
   5.2162275682200232e-01
   4.6717042158809197e-01
   4.1855519242366551e-01
   3.7551706103549998e-01
   3.3772994449163746e-01
   3.0484091145835746e-01
   2.7649716036306532e-01
   2.5236389886471194e-01
   2.3213571545062719e-01
   2.1554345457982743e-01
   2.0235809596498894e-01
   1.9239272440992156e-01
   1.8550335703680129e-01
   1.8158915523936039e-01
   1.8059237138313930e-01
   1.8249824787456306e-01
   1.8733498342217766e-01
   1.9517379471474572e-01
   2.0612901919073073e-01
   2.2035811425505494e-01
   2.4724202065412176e-01
   2.8728870453506422e-01
   3.3183943569044355e-01
   3.8140961043455285e-01
   4.3647933180104431e-01
   4.9744946173182697e-01
   5.6457769279575476e-01
   6.3789003137360767e-01
   7.1706483180171021e-01
   8.0129123218280862e-01
   8.8911311994848075e-01
   9.7828470527428502e-01
   1.0656832966349816e+00
   1.1473430255565062e+00
   1.2186772974298725e+00
   1.2749304164373416e+00
   1.3118294775688353e+00
   1.3263100787647089e+00
   1.3171114044527354e+00
   1.2850382200691575e+00
   1.2327925122327590e+00
   1.1644378085486808e+00
   1.0846834466819140e+00
   9.9820155921331233e-01
   9.0912468963744164e-01
   8.2077358847721227e-01
   7.3558663840306648e-01
   6.5518594135999797e-01
   5.8051359872822317e-01
   5.1198805269636327e-01
   4.4965030943143830e-01
   3.9328606333231586e-01
   3.4252024083144694e-01
   2.9688607963426505e-01
   2.5587314108521075e-01
   2.1895904675019051e-01
   1.8562922625209638e-01
   1.5538814714565918e-01
   1.2776466840979966e-01
   1.0231344372417281e-01
   8.4646804969077727e-02
   7.4415289231901730e-02
   6.5418689802820604e-02
   5.7509295205793676e-02
   5.0556735665063586e-02
   4.4446067272705864e-02
   3.9076030094568240e-02
   3.4357477858134373e-02
   3.0211971214200727e-02
   2.6570523481274391e-02
   2.3372486363606761e-02
   2.0564562771121311e-02
   1.8099934154409220e-02
   1.5937490430457526e-02
   1.4041151438311210e-02
   1.2379269814962148e-02
   1.0924106149162637e-02
   9.6513682114355605e-03
   8.5398069476714470e-03
   7.5708627487907632e-03
   6.7283562651509901e-03
   5.9982187216586031e-03
   5.3682573107827888e-03
   4.8279518003939634e-03
   4.3682789969463412e-03
   3.9815621577065138e-03
   3.6613428542385906e-03
   3.4022731587706801e-03
   3.2000263607132699e-03
   3.0512247275088014e-03
   2.9533831068984089e-03
   2.9048674310538183e-03
   2.9048674310538183e-03
   2.9533831068984098e-03
   3.0512247275088027e-03
   3.2000263607132712e-03
   3.4022731587706814e-03
   3.6613428542385923e-03
   3.9815621577065164e-03
   4.3682789969463438e-03
   4.8279518003939668e-03
   5.3682573107827923e-03
   5.9982187216586075e-03
   6.7283562651509945e-03
   7.5708627487907684e-03
   8.5398069476714539e-03
   9.6513682114355674e-03
   1.0924106149162643e-02
   1.2379269814962157e-02
   1.4041151438311217e-02
   1.5937490430457533e-02
   1.8099934154409227e-02
   2.0564562771121321e-02
   2.3372486363606768e-02
   2.6570523481274401e-02
   3.0211971214200738e-02
   3.4357477858134380e-02
   3.9076030094568247e-02
   4.4446067272705871e-02
   5.0556735665063593e-02
   5.7509295205793676e-02
   6.5418689802820604e-02
   7.4415289231901730e-02
   8.4646804969077727e-02
