   4.0075149475827898e-01
   3.8218398859700436e-01
   3.6687971981580930e-01
   3.5478908914478557e-01
   3.4586586442543221e-01
   3.4007206634227088e-01
   3.3738132454015218e-01
   3.3778094182126472e-01
   3.4127282183623731e-01
   3.4787333255214226e-01
   3.5761209476138406e-01
   3.7052960184002237e-01
   3.8667349388472583e-01
   4.0609322773331985e-01
   4.2883280869337137e-01
   4.5492118952076988e-01
   4.8435991416497737e-01
   5.1710761504765534e-01
   5.5306110277019593e-01
   5.9203306896987340e-01
   6.3372691871196674e-01
   6.7771001722020818e-01
   7.2338770615053039e-01
   7.6998177242642396e-01
   8.1651846005554862e-01
   8.6183223352728766e-01
   9.0459175407394377e-01
   9.4335321924390170e-01
   9.7664276684110396e-01
   1.0030640014424477e+00
   1.0214197383056487e+00
   1.0308307032582900e+00
   1.0308307032582893e+00
   1.0214197383056467e+00
   1.0030640014424441e+00
   9.7664276684109941e-01
   9.4335321924389626e-01
   9.0459175407393755e-01
   8.6183223352728089e-01
   8.1651846005554163e-01
   7.6998177242641697e-01
   7.2338770615052339e-01
   6.7771001722020141e-01
   6.3372691871196030e-01
   5.9203306896986718e-01
   5.5306110277019016e-01
   5.1710761504764990e-01
   4.8435991416497221e-01
   4.5492118952076516e-01
   4.2883280869336693e-01
   4.0609322773331585e-01
   3.8667349388472216e-01
   3.7052960184001899e-01
   3.5761209476138112e-01
   3.4787333255213959e-01
   3.4127282183623492e-01
   3.3778094182126267e-01
   3.3738132454015041e-01
   3.4007206634226944e-01
   3.4586586442543105e-01
   3.5478908914478463e-01
   3.6687971981580864e-01
   3.8218398859700403e-01
   4.0075149475827887e-01
   4.3397369207846315e-01
   4.8201873818307506e-01
   5.3350215948848512e-01
   5.8823334528704563e-01
   6.4582319991136150e-01
   7.0563363388630140e-01
   7.6672955308931123e-01
   8.2784282976340262e-01
   8.8736138929845232e-01
   9.4335882587304121e-01
   9.9367875639481418e-01
   1.0360812265478530e+00
   1.0684449361051456e+00
   1.0890008662513033e+00
   1.0965559389581960e+00
   1.0906578317119462e+00
   1.0716603048024045e+00
   1.0406719774902158e+00
   9.9940197669426478e-01
   9.4994091352959542e-01
   8.9452597000308409e-01
   8.3533307498790033e-01
   7.7432290915166813e-01
   7.1314905386957883e-01
   6.5312229243203535e-01
   5.9521736066846398e-01
   5.4010664605891556e-01
   4.8820730764118658e-01
   4.3973186225756355e-01
   3.9473594485751001e-01
   3.5315993803300816e-01
   3.1486326266660003e-01
   2.7965141130947041e-01
   2.4729648554830391e-01
   2.1755227161391161e-01
   1.9016491949410388e-01
   1.6488019589048672e-01
   1.4144813424600775e-01
   1.1962574826452572e-01
   9.9178330594770811e-02
   8.4792444644444187e-02
   7.6270251833694874e-02
   6.8605480322979986e-02
   6.1713432174595892e-02
   5.5517548734533018e-02
   4.9948714033951930e-02
   4.4944595788197435e-02
   4.0449029213484103e-02
   3.6411445945255597e-02
   3.2786348346734467e-02
   2.9532828177244935e-02
   2.6614127753545241e-02
   2.3997241242003458e-02
   2.1652553462111267e-02
   1.9553513488239877e-02
   1.7676340353339346e-02
   1.5999758247406539e-02
   1.4504758738070143e-02
   1.3174387701704286e-02
   1.1993554828051365e-02
   1.0948863740562831e-02
   1.0028460952703679e-02
   9.2219020535944645e-03
   8.5200336823727848e-03
   7.9148900083913648e-03
   7.3996025834125508e-03
   6.9683225723938735e-03
   6.6161545017103963e-03
   6.3391007883763142e-03
   6.1340164318046753e-03
   5.9985733617644527e-03
   5.9312340433959644e-03
   5.9312340433959644e-03
   5.9985733617644536e-03
   6.1340164318046770e-03
   6.3391007883763168e-03
   6.6161545017103989e-03
   6.9683225723938770e-03
   7.3996025834125560e-03
   7.9148900083913717e-03
   8.5200336823727935e-03
   9.2219020535944732e-03
   1.0028460952703690e-02
   1.0948863740562842e-02
   1.1993554828051374e-02
   1.3174387701704296e-02
   1.4504758738070155e-02
   1.5999758247406549e-02
   1.7676340353339356e-02
   1.9553513488239891e-02
   2.1652553462111278e-02
   2.3997241242003465e-02
   2.6614127753545248e-02
   2.9532828177244938e-02
   3.2786348346734467e-02
   3.6411445945255604e-02
   4.0449029213484110e-02
   4.4944595788197435e-02
   4.9948714033951937e-02
   5.5517548734533025e-02
   6.1713432174595899e-02
   6.8605480322979986e-02
   7.6270251833694888e-02
   8.4792444644444187e-02
