   1.1641603093610120e+00
   1.1121850750173254e+00
   1.0547572647138332e+00
   9.9468860580129015e-01
   9.3448998057582355e-01
   8.7626126308326646e-01
   8.2166068853515628e-01
   7.7193056013759265e-01
   7.2795534571839182e-01
   6.9033275204158506e-01
   6.5944452989591873e-01
   6.3551934121345000e-01
   6.1868411368489984e-01
   6.0900284806524874e-01
   6.0650312845692611e-01
   6.1119100053931807e-01
   6.2305476529059800e-01
   6.4205784790602649e-01
   6.6812044847259655e-01
   7.0108935182714682e-01
   7.4069528747554447e-01
   7.8649787096247636e-01
   8.3781978466480123e-01
   8.9367484711586542e-01
   9.5269920134942077e-01
   1.0131007568296408e+00
   1.0726479936159170e+00
   1.1287226050213148e+00
   1.1784572361379007e+00
   1.2189658725057808e+00
   1.2476493875597743e+00
   1.2625279293747895e+00
   1.2625279293747895e+00
   1.2476493875597743e+00
   1.2189658725057808e+00
   1.1784572361379004e+00
   1.1287226050213148e+00
   1.0726479936159168e+00
   1.0131007568296406e+00
   9.5269920134942043e-01
   8.9367484711586498e-01
   8.3781978466480078e-01
   7.8649787096247592e-01
   7.4069528747554392e-01
   7.0108935182714638e-01
   6.6812044847259600e-01
   6.4205784790602605e-01
   6.2305476529059756e-01
   6.1119100053931752e-01
   6.0650312845692556e-01
   6.0900284806524818e-01
   6.1868411368489939e-01
   6.3551934121344955e-01
   6.5944452989591829e-01
   6.9033275204158462e-01
   7.2795534571839149e-01
   7.7193056013759209e-01
   8.2166068853515595e-01
   8.7626126308326624e-01
   9.3448998057582333e-01
   9.9468860580128993e-01
   1.0547572647138330e+00
   1.1121850750173254e+00
   1.1641603093610120e+00
   1.2303902944461202e+00
   1.3061650166784116e+00
   1.3630411032104088e+00
   1.3960570511325991e+00
   1.4020914586064688e+00
   1.3805542078685020e+00
   1.3335235688426232e+00
   1.2652723591500359e+00
   1.1813751226521334e+00
   1.0877192562729725e+00
   9.8970150623705277e-01
   8.9174547713422514e-01
   7.9713201745462658e-01
   7.0805396649321073e-01
   6.2579145624245325e-01
   5.5092595474563988e-01
   4.8354321576219522e-01
   4.2340214752639460e-01
   3.7006394808524129e-01
   3.2298486153160633e-01
   2.8157937879564543e-01
   2.4526113597920773e-01
   2.1346783459441565e-01
   1.8567517110108986e-01
   1.6140347316057416e-01
   1.4021966947683462e-01
   1.2173640036567336e-01
   1.0560947922997693e-01
   9.1534495080699385e-02
   7.9243058127125773e-02
   6.8498996832479078e-02
   5.9094687028668103e-02
   5.0847610809747049e-02
   4.3597190221386042e-02
   3.7201908042008132e-02
   3.1536708284567214e-02
   2.6490657788030163e-02
   2.1964844326386009e-02
   1.7870484006983243e-02
   1.4127210031427808e-02
   1.1543753197894545e-02
   1.0061162738933409e-02
   8.7691280094681183e-03
   7.6431823301329202e-03
   6.6620027857022084e-03
   5.8070070910383386e-03
   5.0620021130146570e-03
   4.4128774774177598e-03
   3.8473385145503893e-03
   3.3546735230217842e-03
   2.9255509684297369e-03
   2.5518427921646732e-03
   2.2264704945147359e-03
   1.9432710839134856e-03
   1.6968803580068579e-03
   1.4826313088793274e-03
   1.2964657301769030e-03
   1.1348573532162433e-03
   9.9474505707461956e-04
   8.7347488816052316e-04
   7.6874979142385602e-04
   6.7858610129888509e-04
   6.0127596842304203e-04
   5.3535501054811235e-04
   4.7957457497556317e-04
   4.3287808717143195e-04
   3.9438103759787589e-04
   3.6335422770087311e-04
   3.3920995771981029e-04
   3.2149089470266657e-04
   3.0986140987472350e-04
   3.0410122128016984e-04
   3.0410122128016984e-04
   3.0986140987472350e-04
   3.2149089470266657e-04
   3.3920995771981029e-04
   3.6335422770087311e-04
   3.9438103759787584e-04
   4.3287808717143195e-04
   4.7957457497556317e-04
   5.3535501054811235e-04
   6.0127596842304192e-04
   6.7858610129888520e-04
   7.6874979142385602e-04
   8.7347488816052316e-04
   9.9474505707461956e-04
   1.1348573532162433e-03
   1.2964657301769028e-03
   1.4826313088793272e-03
   1.6968803580068575e-03
   1.9432710839134848e-03
   2.2264704945147351e-03
   2.5518427921646723e-03
   2.9255509684297360e-03
   3.3546735230217837e-03
   3.8473385145503880e-03
   4.4128774774177581e-03
   5.0620021130146570e-03
   5.8070070910383378e-03
   6.6620027857022084e-03
   7.6431823301329185e-03
   8.7691280094681183e-03
   1.0061162738933409e-02
   1.1543753197894545e-02
