   4.4852116164281558e-01
   4.2873994209955280e-01
   4.1212132610651847e-01
   3.9865373937239390e-01
   3.8831812077609240e-01
   3.8109415534903796e-01
   3.7696478798061234e-01
   3.7591923360793428e-01
   3.7795464318405297e-01
   3.8307651910821067e-01
   3.9129790410897813e-01
   4.0263729697418943e-01
   4.1711517973265338e-01
   4.3474897753552050e-01
   4.5554622054557797e-01
   4.7949564655817589e-01
   5.0655598942070701e-01
   5.3664226429605255e-01
   5.6960951691712902e-01
   6.0523428700846238e-01
   6.4319448356874276e-01
   6.8304900780541378e-01
   7.2421928150431858e-01
   7.6597577439670272e-01
   8.0743350538247294e-01
   8.4756102902626851e-01
   8.8520721233302591e-01
   9.1914873635020833e-01
   9.4815845480101002e-01
   9.7109063315256705e-01
   9.8697439565010947e-01
   9.9510273413140082e-01
   9.9510273413140016e-01
   9.8697439565010792e-01
   9.7109063315256450e-01
   9.4815845480100669e-01
   9.1914873635020422e-01
   8.8520721233302124e-01
   8.4756102902626351e-01
   8.0743350538246761e-01
   7.6597577439669717e-01
   7.2421928150431336e-01
   6.8304900780540856e-01
   6.4319448356873776e-01
   6.0523428700845761e-01
   5.6960951691712436e-01
   5.3664226429604822e-01
   5.0655598942070290e-01
   4.7949564655817201e-01
   4.5554622054557437e-01
   4.3474897753551717e-01
   4.1711517973265033e-01
   4.0263729697418660e-01
   3.9129790410897564e-01
   3.8307651910820850e-01
   3.7795464318405103e-01
   3.7591923360793256e-01
   3.7696478798061095e-01
   3.8109415534903673e-01
   3.8831812077609151e-01
   3.9865373937239323e-01
   4.1212132610651797e-01
   4.2873994209955257e-01
   4.4852116164281552e-01
   4.8335720380494923e-01
   5.3330730071392285e-01
   5.8626597900335320e-01
   6.4183679058756715e-01
   6.9939126916642369e-01
   7.5802752142884877e-01
   8.1654065829130262e-01
   8.7341657075641244e-01
   9.2686219979068973e-01
   9.7488404278052054e-01
   1.0154204541484055e+00
   1.0465217055999356e+00
   1.0665565607709562e+00
   1.0744101039251854e+00
   1.0696313321271933e+00
   1.0524956178983651e+00
   1.0239663844027787e+00
   9.8556566017928304e-01
   9.3918471774757384e-01
   8.8687596099030308e-01
   8.3066381443645709e-01
   7.7239963880582052e-01
   7.1367022752358233e-01
   6.5575668056044023e-01
   5.9963293129549733e-01
   5.4599076648092126e-01
   4.9527925113860555e-01
   4.4774924540051764e-01
   4.0349681395297682e-01
   3.6250201621679046e-01
   3.2466154599835678e-01
   2.8981497358892838e-01
   2.5776507064072601e-01
   2.2829303552914318e-01
   2.0116952958684570e-01
   1.7616239054410160e-01
   1.5304178074842500e-01
   1.3158339802274011e-01
   1.1157025038795870e-01
   9.2793383753549188e-02
   7.9568195383402970e-02
   7.1718509412257034e-02
   6.4644870605396809e-02
   5.8271938974187955e-02
   5.2531516113823083e-02
   4.7361937088017891e-02
   4.2707497138067714e-02
   3.8517916690040170e-02
   3.4747845969937248e-02
   3.1356409066920693e-02
   2.8306786316166514e-02
   2.5565833263269874e-02
   2.3103734116958614e-02
   2.0893687420007741e-02
   1.8911621614382011e-02
   1.7135938205869245e-02
   1.5547280317204761e-02
   1.4128324536596695e-02
   1.2863594106336055e-02
   1.1739291643881791e-02
   1.0743149738679769e-02
   9.8642979175112833e-03
   9.0931446165069141e-03
   8.4212729373997139e-03
   7.8413490982399466e-03
   7.3470426143366257e-03
   6.9329573637081296e-03
   6.5945728031637403e-03
   6.3281947068281165e-03
   6.1309148991063114e-03
   6.0005795494869072e-03
   5.9357656879584523e-03
   5.9357656879584532e-03
   6.0005795494869072e-03
   6.1309148991063132e-03
   6.3281947068281191e-03
   6.5945728031637429e-03
   6.9329573637081322e-03
   7.3470426143366309e-03
   7.8413490982399518e-03
   8.4212729373997191e-03
   9.0931446165069211e-03
   9.8642979175112885e-03
   1.0743149738679776e-02
   1.1739291643881797e-02
   1.2863594106336064e-02
   1.4128324536596702e-02
   1.5547280317204768e-02
   1.7135938205869256e-02
   1.8911621614382021e-02
   2.0893687420007752e-02
   2.3103734116958628e-02
   2.5565833263269888e-02
   2.8306786316166524e-02
   3.1356409066920707e-02
   3.4747845969937262e-02
   3.8517916690040184e-02
   4.2707497138067728e-02
   4.7361937088017905e-02
   5.2531516113823090e-02
   5.8271938974187962e-02
   6.4644870605396809e-02
   7.1718509412257034e-02
   7.9568195383402970e-02
