   4.7978861888972801e-01
   4.5914976297202270e-01
   4.4159408375923198e-01
   4.2713830373981237e-01
   4.1578434758970018e-01
   4.0752647094979860e-01
   4.0235659212124497e-01
   4.0026801136207735e-01
   4.0125766839867483e-01
   4.0532703855549479e-01
   4.1248170928139632e-01
   4.2272961719240765e-01
   4.3607786550342242e-01
   4.5252798777289882e-01
   4.7206948296039336e-01
   4.9467142887585558e-01
   5.2027200076154922e-01
   5.4876579914843460e-01
   5.7998905197534234e-01
   6.1370302938775567e-01
   6.4957642240845437e-01
   6.8716800185313132e-01
   7.2591157260569494e-01
   7.6510599572278448e-01
   8.0391371118085608e-01
   8.4137150924812754e-01
   8.7641694951438920e-01
   9.0793250192434038e-01
   9.3480702239742164e-01
   9.5601074427199539e-01
   9.7067619320357568e-01
   9.7817436875133967e-01
   9.7817436875133967e-01
   9.7067619320357579e-01
   9.5601074427199539e-01
   9.3480702239742164e-01
   9.0793250192434038e-01
   8.7641694951438920e-01
   8.4137150924812765e-01
   8.0391371118085608e-01
   7.6510599572278448e-01
   7.2591157260569494e-01
   6.8716800185313132e-01
   6.4957642240845437e-01
   6.1370302938775567e-01
   5.7998905197534234e-01
   5.4876579914843460e-01
   5.2027200076154922e-01
   4.9467142887585552e-01
   4.7206948296039336e-01
   4.5252798777289882e-01
   4.3607786550342237e-01
   4.2272961719240765e-01
   4.1248170928139627e-01
   4.0532703855549479e-01
   4.0125766839867483e-01
   4.0026801136207735e-01
   4.0235659212124503e-01
   4.0752647094979855e-01
   4.1578434758970018e-01
   4.2713830373981232e-01
   4.4159408375923193e-01
   4.5914976297202265e-01
   4.7978861888972801e-01
   5.1575098775337425e-01
   5.6701836574515307e-01
   6.2098086635958127e-01
   6.7709879189644651e-01
   7.3458045519546844e-01
   7.9234946900642111e-01
   8.4903058037789780e-01
   9.0296617030287862e-01
   9.5227531117572950e-01
   9.9496307221623081e-01
   1.0290785448062270e+00
   1.0529066199217509e+00
   1.0651644076518230e+00
   1.0651641139760468e+00
   1.0529057556019745e+00
   1.0290771576681514e+00
   9.9496123488586752e-01
   9.5227311223745548e-01
   9.0296370480849486e-01
   8.4902794136874082e-01
   7.9234674110943404e-01
   7.3457771066060118e-01
   6.7709608888873773e-01
   6.2097824900377041e-01
   5.6701586532804205e-01
   5.1574862454624282e-01
   4.6750543064139644e-01
   4.2244693922955012e-01
   3.8060500821325083e-01
   3.4191682427321218e-01
   3.0625296404383201e-01
   2.7343956176292800e-01
   2.4327523139858337e-01
   2.1554357756881959e-01
   1.9002214305998535e-01
   1.6648856381803218e-01
   1.4472458759676654e-01
   1.2451849068056609e-01
   1.0566631421618873e-01
   8.7972244557040336e-02
   7.5505660110337408e-02
   6.8101918022967334e-02
   6.1426146297850218e-02
   5.5408008650590153e-02
   4.9983825325831302e-02
   4.5096001798702184e-02
   4.0692492452371186e-02
   3.6726301572162161e-02
   3.3155022253922660e-02
   2.9940412650714392e-02
   2.7048008218710885e-02
   2.4446768153433440e-02
   2.2108753945310540e-02
   2.0008837866381950e-02
   1.8124439182336607e-02
   1.6435285933186033e-02
   1.4923200218248349e-02
   1.3571905040076311e-02
   1.2366850895795803e-02
   1.1295060444924910e-02
   1.0344989724624406e-02
   9.5064045228721600e-03
   8.7702706549857568e-03
   8.1286570179250322e-03
   7.5746504192487178e-03
   7.1022812933075304e-03
   6.7064595263842796e-03
   6.3829197154148479e-03
   6.1281752821622428e-03
   5.9394809568845668e-03
   5.8148032333095925e-03
   5.7527984808120897e-03
   5.7527984808120906e-03
   5.8148032333095933e-03
   5.9394809568845694e-03
   6.1281752821622454e-03
   6.3829197154148514e-03
   6.7064595263842857e-03
   7.1022812933075356e-03
   7.5746504192487256e-03
   8.1286570179250409e-03
   8.7702706549857672e-03
   9.5064045228721722e-03
   1.0344989724624418e-02
   1.1295060444924921e-02
   1.2366850895795815e-02
   1.3571905040076325e-02
   1.4923200218248365e-02
   1.6435285933186050e-02
   1.8124439182336624e-02
   2.0008837866381968e-02
   2.2108753945310554e-02
   2.4446768153433454e-02
   2.7048008218710895e-02
   2.9940412650714402e-02
   3.3155022253922667e-02
   3.6726301572162168e-02
   4.0692492452371193e-02
   4.5096001798702184e-02
   4.9983825325831295e-02
   5.5408008650590153e-02
   6.1426146297850211e-02
   6.8101918022967334e-02
   7.5505660110337408e-02
