   9.5783881664305581e-01
   9.1675199442376976e-01
   8.7506146109267013e-01
   8.3405475258393447e-01
   7.9482663423963695e-01
   7.5827246810475846e-01
   7.2509911262066007e-01
   6.9584646894860192e-01
   6.7091391648819121e-01
   6.5058737689787194e-01
   6.3506417596055664e-01
   6.2447402066866420e-01
   6.1889521648019907e-01
   6.1836574780261022e-01
   6.2288910356324734e-01
   6.3243482937478390e-01
   6.4693380607543471e-01
   6.6626826507993120e-01
   6.9025662730627702e-01
   7.1863347126644594e-01
   7.5102537745309783e-01
   7.8692413444565457e-01
   8.2565986982146045e-01
   8.6637805144962354e-01
   9.0802581550386763e-01
   9.4935433103816214e-01
   9.8894428622725328e-01
   1.0252603043658626e+00
   1.0567365013543797e+00
   1.0818893603882724e+00
   1.0994465208493436e+00
   1.1084730456345415e+00
   1.1084730456345415e+00
   1.0994465208493434e+00
   1.0818893603882722e+00
   1.0567365013543797e+00
   1.0252603043658621e+00
   9.8894428622725306e-01
   9.4935433103816191e-01
   9.0802581550386730e-01
   8.6637805144962310e-01
   8.2565986982146022e-01
   7.8692413444565434e-01
   7.5102537745309761e-01
   7.1863347126644572e-01
   6.9025662730627679e-01
   6.6626826507993109e-01
   6.4693380607543460e-01
   6.3243482937478379e-01
   6.2288910356324723e-01
   6.1836574780261022e-01
   6.1889521648019896e-01
   6.2447402066866420e-01
   6.3506417596055664e-01
   6.5058737689787194e-01
   6.7091391648819143e-01
   6.9584646894860203e-01
   7.2509911262066029e-01
   7.5827246810475868e-01
   7.9482663423963729e-01
   8.3405475258393469e-01
   8.7506146109267036e-01
   9.1675199442376998e-01
   9.5783881664305603e-01
   1.0171154472839714e+00
   1.0919915865121301e+00
   1.1584337562678408e+00
   1.2124645390133058e+00
   1.2503986820147595e+00
   1.2693961627341563e+00
   1.2679539601929508e+00
   1.2461880949090520e+00
   1.2058113355576681e+00
   1.1498142769327242e+00
   1.0819557115720921e+00
   1.0062127991445895e+00
   9.2632041987130098e-01
   8.4546841647678994e-01
   7.6616286009039847e-01
   6.9021717850493602e-01
   6.1882516517460351e-01
   5.5267246358643185e-01
   4.9205560610867533e-01
   4.3699064319930736e-01
   3.8730338384280660e-01
   3.4269962063596843e-01
   3.0281708518388434e-01
   2.6726225222665573e-01
   2.3563533397004727e-01
   2.0754647024165751e-01
   1.8262558067989348e-01
   1.6052778960398773e-01
   1.4093584604062165e-01
   1.2356056675778276e-01
   1.0814002718810387e-01
   9.4438000528764277e-02
   8.2241982991848650e-02
   7.1361028156111381e-02
   6.1623533163177174e-02
   5.2875064358857186e-02
   4.4976272579154736e-02
   3.7800923263424047e-02
   3.1234050099558548e-02
   2.5170230248020408e-02
   2.0952355947966961e-02
   1.8500332650932004e-02
   1.6335722376170682e-02
   1.4424920436796888e-02
   1.2738255021563024e-02
   1.1249529726398871e-02
   9.9356189491453476e-03
   8.7761102182065884e-03
   7.7529881433528042e-03
   6.8503552467416070e-03
   6.0541854523779035e-03
   5.3521064833038628e-03
   4.7332078399695936e-03
   4.1878714135268908e-03
   3.7076221276812990e-03
   3.2849963058332360e-03
   2.9134257300909151e-03
   2.5871355987438331e-03
   2.3010548021279173e-03
   2.0507371264305292e-03
   1.8322921635629446e-03
   1.6423248552110432e-03
   1.4778827327699227e-03
   1.3364100340666819e-03
   1.2157079843721278e-03
   1.1139006248132798e-03
   1.0294056573826971e-03
   9.6090985361680888e-04
   9.0734864488082527e-04
   8.6788957714487545e-04
   8.4191937316790988e-04
   8.2903440105133155e-04
   8.2903440105133155e-04
   8.4191937316790977e-04
   8.6788957714487524e-04
   9.0734864488082494e-04
   9.6090985361680867e-04
   1.0294056573826968e-03
   1.1139006248132794e-03
   1.2157079843721273e-03
   1.3364100340666812e-03
   1.4778827327699220e-03
   1.6423248552110423e-03
   1.8322921635629435e-03
   2.0507371264305283e-03
   2.3010548021279160e-03
   2.5871355987438318e-03
   2.9134257300909134e-03
   3.2849963058332343e-03
   3.7076221276812968e-03
   4.1878714135268882e-03
   4.7332078399695910e-03
   5.3521064833038610e-03
   6.0541854523779009e-03
   6.8503552467416053e-03
   7.7529881433528024e-03
   8.7761102182065866e-03
   9.9356189491453476e-03
   1.1249529726398869e-02
   1.2738255021563023e-02
   1.4424920436796886e-02
   1.6335722376170682e-02
   1.8500332650932001e-02
   2.0952355947966961e-02
