   6.1344631679097472e-01
   5.8654721252989217e-01
   5.6246849489269446e-01
   5.4139435896825661e-01
   5.2345500888960428e-01
   5.0873932637030528e-01
   4.9730564480426748e-01
   4.8919047255347409e-01
   4.8441514925122925e-01
   4.8299048669917161e-01
   4.8491946246204704e-01
   4.9019801771883109e-01
   4.9881397633575808e-01
   5.1074406236238079e-01
   5.2594896041312433e-01
   5.4436635079645923e-01
   5.6590187424122673e-01
   5.9041805829959326e-01
   6.1772139056007802e-01
   6.4754797486471671e-01
   6.7954857301990823e-01
   7.1327431832164523e-01
   7.4816496110401365e-01
   7.8354209507782369e-01
   8.1861027723719137e-01
   8.5246908765597529e-01
   8.8413873154090106e-01
   9.1260054463884333e-01
   9.3685164385263109e-01
   9.5597015369206229e-01
   9.6918446748864151e-01
   9.7593769528939167e-01
   9.7593769528939178e-01
   9.6918446748864195e-01
   9.5597015369206284e-01
   9.3685164385263187e-01
   9.1260054463884432e-01
   8.8413873154090206e-01
   8.5246908765597640e-01
   8.1861027723719249e-01
   7.8354209507782491e-01
   7.4816496110401487e-01
   7.1327431832164623e-01
   6.7954857301990934e-01
   6.4754797486471760e-01
   6.1772139056007902e-01
   5.9041805829959415e-01
   5.6590187424122751e-01
   5.4436635079646012e-01
   5.2594896041312511e-01
   5.1074406236238146e-01
   4.9881397633575880e-01
   4.9019801771883170e-01
   4.8491946246204753e-01
   4.8299048669917211e-01
   4.8441514925122969e-01
   4.8919047255347453e-01
   4.9730564480426787e-01
   5.0873932637030550e-01
   5.2345500888960450e-01
   5.4139435896825672e-01
   5.6246849489269457e-01
   5.8654721252989228e-01
   6.1344631679097483e-01
   6.5819485887757312e-01
   7.2033449259088600e-01
   7.8354888659761646e-01
   8.4644256459830736e-01
   9.0725430266735896e-01
   9.6389943697748315e-01
   1.0140745144960635e+00
   1.0554299047372935e+00
   1.0857993455977464e+00
   1.1034545763700589e+00
   1.1073358526946027e+00
   1.0972046921673109e+00
   1.0736794079576000e+00
   1.0381438553534836e+00
   9.9255368414118117e-01
   9.3918825310276921e-01
   8.8040199051247603e-01
   8.1841767807988852e-01
   7.5518406348653999e-01
   6.9230055653147349e-01
   6.3099830827578407e-01
   5.7216104721096062e-01
   5.1636899878385345e-01
   4.6395241641405566e-01
   4.1504546157853117e-01
   3.6963502004345283e-01
   3.2760195739362541e-01
   2.8875423548746115e-01
   2.5285240881481680e-01
   2.1962853651312086e-01
   1.8879969829525467e-01
   1.6007725273046572e-01
   1.3317283182780298e-01
   1.0780189142720364e-01
   8.3685467524849719e-02
   6.0550640678015306e-02
   3.8130089624197644e-02
   1.6161021214758733e-02
  -5.6163057034891257e-03
  -2.7460292746431775e-02
  -4.3986269636638820e-02
  -5.5370282610548972e-02
  -6.7384477103497986e-02
  -8.0163673660345519e-02
  -9.3850038163425548e-02
  -1.0859414303180630e-01
  -1.2455591397930513e-01
  -1.4190539500378879e-01
  -1.6082323533154783e-01
  -1.8150076341401999e-01
  -2.0413946227450744e-01
  -2.2894959487145500e-01
  -2.5614764528850087e-01
  -2.8595214020250403e-01
  -3.1857729659915812e-01
  -3.5422381272968817e-01
  -3.9306599577415019e-01
  -4.3523433276116730e-01
  -4.8079261509700166e-01
  -5.2970890706450802e-01
  -5.8182012752675627e-01
  -6.3679094750452803e-01
  -6.9406925610050951e-01
  -7.5284271373770162e-01
  -8.1200380894439772e-01
  -8.7013391219137981e-01
  -9.2551908540266059e-01
  -9.7621029363338208e-01
  -1.0201363737204279e+00
  -1.0552684849441776e+00
  -1.0798205745708185e+00
  -1.0924553322107793e+00
  -1.0924553322107795e+00
  -1.0798205745708189e+00
  -1.0552684849441782e+00
  -1.0201363737204285e+00
  -9.7621029363338307e-01
  -9.2551908540266170e-01
  -8.7013391219138092e-01
  -8.1200380894439894e-01
  -7.5284271373770273e-01
  -6.9406925610051062e-01
  -6.3679094750452914e-01
  -5.8182012752675738e-01
  -5.2970890706450913e-01
  -4.8079261509700261e-01
  -4.3523433276116819e-01
  -3.9306599577415097e-01
  -3.5422381272968900e-01
  -3.1857729659915879e-01
  -2.8595214020250470e-01
  -2.5614764528850148e-01
  -2.2894959487145558e-01
  -2.0413946227450797e-01
  -1.8150076341402047e-01
  -1.6082323533154827e-01
  -1.4190539500378918e-01
  -1.2455591397930546e-01
  -1.0859414303180658e-01
  -9.3850038163425784e-02
  -8.0163673660345700e-02
  -6.7384477103498111e-02
  -5.5370282610549049e-02
  -4.3986269636638840e-02
