   2.7701460341637646e-01
   2.5885670973931607e-01
   2.4435747666846608e-01
   2.3334634109699576e-01
   2.2568978419153485e-01
   2.2129302607677101e-01
   2.2010094464799759e-01
   2.2209850912261594e-01
   2.2731088592369808e-01
   2.3580325844530786e-01
   2.4768029078985504e-01
   2.6308504642183916e-01
   2.8219703338805674e-01
   3.0522887558708611e-01
   3.3242089218726922e-01
   3.6403259482032968e-01
   4.0032978191668511e-01
   4.4156553503730417e-01
   4.8795304885546437e-01
   5.3962795703983879e-01
   5.9659784484059430e-01
   6.5867729074131087e-01
   7.2540853425010732e-01
   7.9597132300247564e-01
   8.6909118528618756e-01
   9.4296334479875898e-01
   1.0152185527618591e+00
   1.0829639820941612e+00
   1.1429313574177031e+00
   1.1917491529956794e+00
   1.2263228339441252e+00
   1.2442628816795231e+00
   1.2442628816795251e+00
   1.2263228339441306e+00
   1.1917491529956878e+00
   1.1429313574177140e+00
   1.0829639820941741e+00
   1.0152185527618729e+00
   9.4296334479877342e-01
   8.6909118528620211e-01
   7.9597132300248996e-01
   7.2540853425012097e-01
   6.5867729074132364e-01
   5.9659784484060618e-01
   5.3962795703984978e-01
   4.8795304885547436e-01
   4.4156553503731316e-01
   4.0032978191669322e-01
   3.6403259482033695e-01
   3.3242089218727566e-01
   3.0522887558709183e-01
   2.8219703338806179e-01
   2.6308504642184360e-01
   2.4768029078985895e-01
   2.3580325844531128e-01
   2.2731088592370102e-01
   2.2209850912261847e-01
   2.2010094464799973e-01
   2.2129302607677276e-01
   2.2568978419153626e-01
   2.3334634109699681e-01
   2.4435747666846686e-01
   2.5885670973931652e-01
   2.7701460341637663e-01
   3.1045587098348826e-01
   3.5968740344951872e-01
   4.1374485765015084e-01
   4.7300755020208918e-01
   5.3772390919714597e-01
   6.0793663945431720e-01
   6.8338537591394166e-01
   7.6338831386408412e-01
   8.4671142198845795e-01
   9.3144522277289377e-01
   1.0149240733856710e+00
   1.0937373906109820e+00
   1.1638874976949629e+00
   1.2211321954108045e+00
   1.2615023264816363e+00
   1.2819113613597404e+00
   1.2807055173462631e+00
   1.2579842772925300e+00
   1.2155806154464965e+00
   1.1567079809737704e+00
   1.0853949775443568e+00
   1.0058794747958959e+00
   9.2210771239652878e-01
   8.3741276926507824e-01
   7.5437530557343291e-01
   6.7482520347908403e-01
   5.9992917369695864e-01
   5.3031623344685586e-01
   4.6620786054508495e-01
   4.0753430280355329e-01
   3.5402942309260355e-01
   3.0530314486168708e-01
   2.6089394127071308e-01
   2.2030505358785982e-01
   1.8302818860844186e-01
   1.4855796987206457e-01
   1.1639977361675843e-01
   8.6072954463689288e-02
   5.7110935442253707e-02
   2.9059222231321270e-02
   8.4947598399106820e-03
  -4.9160141492742603e-03
  -1.8402618235069206e-02
  -3.2172973310474529e-02
  -4.6438973319172495e-02
  -6.1419391054138864e-02
  -7.7342772451169287e-02
  -9.4450292801414523e-02
  -1.1299852202302008e-01
  -1.3326200636716642e-01
  -1.5553551559692183e-01
  -1.8013572077297837e-01
  -2.0740194910055967e-01
  -2.3769549733903245e-01
  -2.7139676080873265e-01
  -3.0889913796792767e-01
  -3.5059829251543112e-01
  -3.9687490167913703e-01
  -4.4806852767408661e-01
  -5.0443981621488676e-01
  -5.6611805189818010e-01
  -6.3303154466078759e-01
  -7.0481995237079542e-01
  -7.8073123175526915e-01
  -8.5951225909588869e-01
  -9.3931163512765181e-01
  -1.0176247782469534e+00
  -1.0913215010522888e+00
  -1.1567978690810143e+00
  -1.2102782852553973e+00
  -1.2482547612102213e+00
  -1.2679942201325842e+00
  -1.2679942201325782e+00
  -1.2482547612102033e+00
  -1.2102782852553691e+00
  -1.1567978690809779e+00
  -1.0913215010522461e+00
  -1.0176247782469072e+00
  -9.3931163512760396e-01
  -8.5951225909584084e-01
  -7.8073123175522263e-01
  -7.0481995237075112e-01
  -6.3303154466074618e-01
  -5.6611805189814191e-01
  -5.0443981621485190e-01
  -4.4806852767405503e-01
  -3.9687490167910855e-01
  -3.5059829251540564e-01
  -3.0889913796790497e-01
  -2.7139676080871256e-01
  -2.3769549733901474e-01
  -2.0740194910054408e-01
  -1.8013572077296469e-01
  -1.5553551559690995e-01
  -1.3326200636715613e-01
  -1.1299852202301122e-01
  -9.4450292801406988e-02
  -7.7342772451162958e-02
  -6.1419391054133667e-02
  -4.6438973319168346e-02
  -3.2172973310471364e-02
  -1.8402618235066982e-02
  -4.9160141492729410e-03
   8.4947598399111191e-03
