   1.2957996938333278e+00
   1.2960100140394659e+00
   1.2965195854026903e+00
   1.3053882999244339e+00
   1.3317319176290918e+00
   1.3684934913479547e+00
   1.4079753529520169e+00
   1.4527462662940400e+00
   1.5068430214810928e+00
   1.5682208633481614e+00
   1.6304492929455696e+00
   1.6895400020875961e+00
   1.7455168830669656e+00
   1.7996833600339328e+00
   1.8525674151741354e+00
   1.9039065968513742e+00
   1.9535442752762948e+00
   2.0018362546456383e+00
   2.0493724666743964e+00
   2.0966156155297453e+00
   2.1438414849031386e+00
   2.1912925701466817e+00
   2.2392950818476178e+00
   2.2882474758784532e+00
   2.3385614904350711e+00
   2.3906444318143021e+00
   2.4449267683233633e+00
   2.5018895281396429e+00
   2.5620637233181105e+00
   2.6260089900262886e+00
   2.6942867054631829e+00
   2.7674285488500696e+00
   2.8458920710612916e+00
   2.9300032758961927e+00
   3.0199035495431001e+00
   3.1155282539012137e+00
   3.2166368528075053e+00
