   1.9214112644612091e-01
   1.7746612055803887e-01
   1.6389186847058679e-01
   1.5134881340042056e-01
   1.3976957123502751e-01
   1.2908948577360094e-01
   1.1924699586374561e-01
   1.1018385716028938e-01
   1.0184525307253188e-01
   9.4179822583966843e-02
   8.7139626915977320e-02
   8.0680072325920449e-02
   7.4759802534594688e-02
   6.9340571228315426e-02
   6.4387102649430192e-02
   5.9866946364459953e-02
   5.5750330785717672e-02
   5.2010018840136861e-02
   4.8621168261889641e-02
   4.5561198278984055e-02
   4.2809663924468368e-02
   4.0348138794774668e-02
   3.8160106772823346e-02
   3.6230863009276672e-02
   3.4547424293945729e-02
   3.3098448836745890e-02
   3.1874165402693583e-02
   3.0866311699554089e-02
   3.0068081893085203e-02
   2.9474083118051869e-02
   2.9080300859141688e-02
   2.8884073091309040e-02
   2.8884073091309040e-02
   2.9080300859141695e-02
   2.9474083118051882e-02
   3.0068081893085220e-02
   3.0866311699554110e-02
   3.1874165402693611e-02
   3.3098448836745918e-02
   3.4547424293945764e-02
   3.6230863009276720e-02
   3.8160106772823395e-02
   4.0348138794774724e-02
   4.2809663924468423e-02
   4.5561198278984118e-02
   4.8621168261889704e-02
   5.2010018840136930e-02
   5.5750330785717749e-02
   5.9866946364460036e-02
   6.4387102649430275e-02
   6.9340571228315523e-02
   7.4759802534594785e-02
   8.0680072325920546e-02
   8.7139626915977417e-02
   9.4179822583966927e-02
   1.0184525307253195e-01
   1.1018385716028943e-01
   1.1924699586374567e-01
   1.2908948577360099e-01
   1.3976957123502753e-01
   1.5134881340042058e-01
   1.6389186847058682e-01
   1.7746612055803890e-01
   1.9214112644612094e-01
   2.1620578279228539e-01
   2.4981382481090747e-01
   2.8487506799608153e-01
   3.2148665814706168e-01
   3.5970510362208996e-01
   3.9953413603736154e-01
   4.4091045433614551e-01
   4.8368764878822768e-01
   5.2761901909568354e-01
   5.7234057224829116e-01
   6.1735619457116819e-01
   6.6202776565371613e-01
   7.0557366469923699e-01
   7.4707946219953103e-01
   7.8552426684012866e-01
   8.1982488751426164e-01
   8.4889750021954180e-01
   8.7173303915006828e-01
   8.8747869115830569e-01
   8.9551473331941700e-01
   8.9551473331941756e-01
   8.8747869115830713e-01
   8.7173303915007039e-01
   8.4889750021954480e-01
   8.1982488751426530e-01
   7.8552426684013288e-01
   7.4707946219953558e-01
   7.0557366469924188e-01
   6.6202776565372123e-01
   6.1735619457117319e-01
   5.7234057224829604e-01
   5.2761901909568831e-01
   4.8368764878823217e-01
   4.4091045433614967e-01
   3.9953413603736543e-01
   3.5970510362209351e-01
   3.2148665814706495e-01
   2.8487506799608447e-01
   2.4981382481091008e-01
   2.1620578279228772e-01
   1.9214112644612297e-01
   1.7746612055804079e-01
   1.6389186847058856e-01
   1.5134881340042222e-01
   1.3976957123502901e-01
   1.2908948577360235e-01
   1.1924699586374693e-01
   1.1018385716029058e-01
   1.0184525307253300e-01
   9.4179822583967884e-02
   8.7139626915978277e-02
   8.0680072325921337e-02
   7.4759802534595507e-02
   6.9340571228316189e-02
   6.4387102649430886e-02
   5.9866946364460612e-02
   5.5750330785718283e-02
   5.2010018840137430e-02
   4.8621168261890169e-02
   4.5561198278984555e-02
   4.2809663924468826e-02
   4.0348138794775106e-02
   3.8160106772823756e-02
   3.6230863009277060e-02
   3.4547424293946097e-02
   3.3098448836746237e-02
   3.1874165402693916e-02
   3.0866311699554411e-02
   3.0068081893085515e-02
   2.9474083118052177e-02
   2.9080300859141987e-02
   2.8884073091309335e-02
   2.8884073091309335e-02
   2.9080300859141990e-02
   2.9474083118052177e-02
   3.0068081893085519e-02
   3.0866311699554415e-02
   3.1874165402693923e-02
   3.3098448836746244e-02
   3.4547424293946104e-02
   3.6230863009277067e-02
   3.8160106772823763e-02
   4.0348138794775112e-02
   4.2809663924468840e-02
   4.5561198278984562e-02
   4.8621168261890176e-02
   5.2010018840137444e-02
   5.5750330785718297e-02
   5.9866946364460626e-02
   6.4387102649430900e-02
   6.9340571228316217e-02
   7.4759802534595521e-02
   8.0680072325921365e-02
   8.7139626915978305e-02
   9.4179822583967912e-02
   1.0184525307253302e-01
   1.1018385716029061e-01
   1.1924699586374696e-01
   1.2908948577360238e-01
   1.3976957123502906e-01
   1.5134881340042225e-01
   1.6389186847058859e-01
   1.7746612055804081e-01
   1.9214112644612300e-01
