   2.6236392989454455e-01
   2.5230943459531374e-01
   2.4261216436734898e-01
   2.3328083505609210e-01
   2.2432134111831414e-01
   2.1573713016684767e-01
   2.0752955068164469e-01
   1.9969817153361494e-01
   1.9224107298526641e-01
   1.8515510960908810e-01
   1.7843614613624553e-01
   1.7207926764876311e-01
   1.6607896578968703e-01
   1.6042930281610734e-01
   1.5512405538402499e-01
   1.5015683995278467e-01
   1.4552122164751566e-01
   1.4121080833485747e-01
   1.3721933156146560e-01
   1.3354071588520250e-01
   1.3016913800225771e-01
   1.2709907694472164e-01
   1.2432535649597987e-01
   1.2184318084819125e-01
   1.1964816440867182e-01
   1.1773635655114349e-01
   1.1610426200391118e-01
   1.1474885747008884e-01
   1.1366760498469672e-01
   1.1285846242927235e-01
   1.1231989154589335e-01
   1.1205086371841524e-01
   1.1205086371841526e-01
   1.1231989154589335e-01
   1.1285846242927236e-01
   1.1366760498469672e-01
   1.1474885747008884e-01
   1.1610426200391119e-01
   1.1773635655114349e-01
   1.1964816440867182e-01
   1.2184318084819128e-01
   1.2432535649597988e-01
   1.2709907694472167e-01
   1.3016913800225771e-01
   1.3354071588520250e-01
   1.3721933156146562e-01
   1.4121080833485750e-01
   1.4552122164751566e-01
   1.5015683995278467e-01
   1.5512405538402502e-01
   1.6042930281610740e-01
   1.6607896578968709e-01
   1.7207926764876313e-01
   1.7843614613624559e-01
   1.8515510960908815e-01
   1.9224107298526644e-01
   1.9969817153361499e-01
   2.0752955068164475e-01
   2.1573713016684773e-01
   2.2432134111831420e-01
   2.3328083505609215e-01
   2.4261216436734903e-01
   2.5230943459531380e-01
   2.6236392989454460e-01
   2.7815695550423658e-01
   2.9967554497978638e-01
   3.2147764187948003e-01
   3.4349680018541329e-01
   3.6564729639045013e-01
   3.8782272888249580e-01
   4.0989501106898923e-01
   4.3171392819580007e-01
   4.5310744229352817e-01
   4.7388293119473845e-01
   4.9382953056722301e-01
   5.1272170732544353e-01
   5.3032412523324568e-01
   5.4639776877125867e-01
   5.6070717375607038e-01
   5.7302848260341177e-01
   5.8315791379503013e-01
   5.9092012828280005e-01
   5.9617591049035967e-01
   5.9882857538124423e-01
   5.9882857538124379e-01
   5.9617591049035812e-01
   5.9092012828279750e-01
   5.8315791379502657e-01
   5.7302848260340733e-01
   5.6070717375606516e-01
   5.4639776877125268e-01
   5.3032412523323902e-01
   5.1272170732543643e-01
   4.9382953056721535e-01
   4.7388293119473052e-01
   4.5310744229351990e-01
   4.3171392819579157e-01
   4.0989501106898063e-01
   3.8782272888248709e-01
   3.6564729639044141e-01
   3.4349680018540463e-01
   3.2147764187947153e-01
   2.9967554497977794e-01
   2.7815695550422825e-01
   2.6236392989453644e-01
   2.5230943459530580e-01
   2.4261216436734118e-01
   2.3328083505608452e-01
   2.2432134111830671e-01
   2.1573713016684043e-01
   2.0752955068163761e-01
   1.9969817153360808e-01
   1.9224107298525969e-01
   1.8515510960908158e-01
   1.7843614613623918e-01
   1.7207926764875692e-01
   1.6607896578968098e-01
   1.6042930281610146e-01
   1.5512405538401927e-01
   1.5015683995277906e-01
   1.4552122164751019e-01
   1.4121080833485214e-01
   1.3721933156146038e-01
   1.3354071588519739e-01
   1.3016913800225272e-01
   1.2709907694471673e-01
   1.2432535649597504e-01
   1.2184318084818650e-01
   1.1964816440866713e-01
   1.1773635655113887e-01
   1.1610426200390661e-01
   1.1474885747008430e-01
   1.1366760498469222e-01
   1.1285846242926786e-01
   1.1231989154588888e-01
   1.1205086371841079e-01
   1.1205086371841079e-01
   1.1231989154588888e-01
   1.1285846242926786e-01
   1.1366760498469222e-01
   1.1474885747008429e-01
   1.1610426200390660e-01
   1.1773635655113886e-01
   1.1964816440866713e-01
   1.2184318084818649e-01
   1.2432535649597502e-01
   1.2709907694471670e-01
   1.3016913800225269e-01
   1.3354071588519736e-01
   1.3721933156146035e-01
   1.4121080833485211e-01
   1.4552122164751016e-01
   1.5015683995277906e-01
   1.5512405538401924e-01
   1.6042930281610146e-01
   1.6607896578968098e-01
   1.7207926764875686e-01
   1.7843614613623915e-01
   1.8515510960908158e-01
   1.9224107298525966e-01
   1.9969817153360805e-01
   2.0752955068163759e-01
   2.1573713016684040e-01
   2.2432134111830668e-01
   2.3328083505608446e-01
   2.4261216436734115e-01
   2.5230943459530575e-01
   2.6236392989453639e-01
