   5.7515544393265311e-02
   4.8113506615115390e-02
   4.0247627929775105e-02
   3.3667307260844617e-02
   2.8162676849229826e-02
   2.3558045287357086e-02
   1.9706369830534143e-02
   1.6484607533353388e-02
   1.3789811970818432e-02
   1.1535859762584443e-02
   9.6507075181101222e-03
   8.0740945909502804e-03
   6.7556200026851537e-03
   5.6531331099623347e-03
   4.7313871801467370e-03
   3.9609131898727850e-03
   3.3170780514126712e-03
   2.7792972803274947e-03
   2.3303770041958991e-03
   1.9559643174014035e-03
   1.6440884333937379e-03
   1.3847779785240717e-03
   1.1697421999388399e-03
   9.9210589996601801e-04
   8.4618962512333961e-04
   7.2732808356623755e-04
   6.3172098634014639e-04
   5.5631154405455670e-04
   4.9868873456431243e-04
   4.5701021711828742e-04
   4.2994342846995511e-04
   4.1662297771685752e-04
   4.1662297771685752e-04
   4.2994342846995511e-04
   4.5701021711828759e-04
   4.9868873456431254e-04
   5.5631154405455692e-04
   6.3172098634014671e-04
   7.2732808356623776e-04
   8.4618962512333982e-04
   9.9210589996601823e-04
   1.1697421999388401e-03
   1.3847779785240719e-03
   1.6440884333937381e-03
   1.9559643174014039e-03
   2.3303770041958991e-03
   2.7792972803274952e-03
   3.3170780514126712e-03
   3.9609131898727850e-03
   4.7313871801467370e-03
   5.6531331099623355e-03
   6.7556200026851554e-03
   8.0740945909502822e-03
   9.6507075181101239e-03
   1.1535859762584446e-02
   1.3789811970818435e-02
   1.6484607533353388e-02
   1.9706369830534146e-02
   2.3558045287357086e-02
   2.8162676849229830e-02
   3.3667307260844617e-02
   4.0247627929775105e-02
   4.8113506615115390e-02
   5.7515544393265311e-02
   7.4580387304631166e-02
   9.9938499272667791e-02
   1.2859184086033040e-01
   1.6146834571621235e-01
   1.9961693546118914e-01
   2.4422820138698484e-01
   2.9664973385838256e-01
   3.5838971894509847e-01
   4.3109767119072145e-01
   5.1650378838536248e-01
   6.1628772101214246e-01
   7.3183390083046274e-01
   8.6381759074228848e-01
   1.0115648391232281e+00
   1.1721661027778996e+00
   1.3394403453498251e+00
   1.5030851330288324e+00
   1.6486734045475395e+00
   1.7593260372536725e+00
   1.8194293035163860e+00
   1.8194293035163727e+00
   1.7593260372536352e+00
   1.6486734045474836e+00
   1.5030851330287651e+00
   1.3394403453497536e+00
   1.1721661027778292e+00
   1.0115648391231622e+00
   8.6381759074222919e-01
   7.3183390083041044e-01
   6.1628772101209739e-01
   5.1650378838532396e-01
   4.3109767119068887e-01
   3.5838971894507121e-01
   2.9664973385835985e-01
   2.4422820138696613e-01
   1.9961693546117379e-01
   1.6146834571619995e-01
   1.2859184086032055e-01
   9.9938499272660158e-02
   7.4580387304625489e-02
   5.7515544393260960e-02
   4.8113506615111760e-02
   4.0247627929772066e-02
   3.3667307260842078e-02
   2.8162676849227703e-02
   2.3558045287355302e-02
   1.9706369830532651e-02
   1.6484607533352142e-02
   1.3789811970817391e-02
   1.1535859762583573e-02
   9.6507075181093936e-03
   8.0740945909496698e-03
   6.7556200026846437e-03
   5.6531331099619088e-03
   4.7313871801463797e-03
   3.9609131898724857e-03
   3.3170780514124210e-03
   2.7792972803272853e-03
   2.3303770041957230e-03
   1.9559643174012565e-03
   1.6440884333936141e-03
   1.3847779785239672e-03
   1.1697421999387516e-03
   9.9210589996594298e-04
   8.4618962512327586e-04
   7.2732808356618269e-04
   6.3172098634009890e-04
   5.5631154405451485e-04
   4.9868873456427481e-04
   4.5701021711825305e-04
   4.2994342846992270e-04
   4.1662297771682618e-04
   4.1662297771682624e-04
   4.2994342846992286e-04
   4.5701021711825322e-04
   4.9868873456427514e-04
   5.5631154405451529e-04
   6.3172098634009933e-04
   7.2732808356618345e-04
   8.4618962512327661e-04
   9.9210589996594407e-04
   1.1697421999387529e-03
   1.3847779785239685e-03
   1.6440884333936156e-03
   1.9559643174012578e-03
   2.3303770041957252e-03
   2.7792972803272870e-03
   3.3170780514124231e-03
   3.9609131898724875e-03
   4.7313871801463823e-03
   5.6531331099619105e-03
   6.7556200026846454e-03
   8.0740945909496716e-03
   9.6507075181093936e-03
   1.1535859762583573e-02
   1.3789811970817393e-02
   1.6484607533352146e-02
   1.9706369830532654e-02
   2.3558045287355306e-02
   2.8162676849227700e-02
   3.3667307260842071e-02
   4.0247627929772059e-02
   4.8113506615111760e-02
   5.7515544393260967e-02
