   8.4270172719950562e-02
   7.2372101408533326e-02
   6.2151346120043853e-02
   5.3372675033849473e-02
   4.5833441946576854e-02
   3.9359229093621086e-02
   3.3800015280367489e-02
   2.9026828328738062e-02
   2.4928834512708054e-02
   2.1410816639296153e-02
   1.8390994374497906e-02
   1.5799143873729486e-02
   1.3574977886163202e-02
   1.1666751754699166e-02
   1.0030064844323899e-02
   8.6268307539696960e-03
   7.4243931355938873e-03
   6.3947670421110533e-03
   5.5139884632558738e-03
   4.7615571099438097e-03
   4.1199596043008128e-03
   3.5742620573298444e-03
   3.1117626016908193e-03
   2.7216958238936496e-03
   2.3949822363987117e-03
   2.1240169710024692e-03
   1.9024927830873499e-03
   1.7252532519617890e-03
   1.5881727634877805e-03
   1.4880604833997486e-03
   1.4225860873857111e-03
   1.3902255199468179e-03
   1.3902255199468179e-03
   1.4225860873857115e-03
   1.4880604833997491e-03
   1.5881727634877807e-03
   1.7252532519617897e-03
   1.9024927830873508e-03
   2.1240169710024701e-03
   2.3949822363987130e-03
   2.7216958238936518e-03
   3.1117626016908214e-03
   3.5742620573298474e-03
   4.1199596043008163e-03
   4.7615571099438141e-03
   5.5139884632558790e-03
   6.3947670421110594e-03
   7.4243931355938934e-03
   8.6268307539697046e-03
   1.0030064844323906e-02
   1.1666751754699171e-02
   1.3574977886163206e-02
   1.5799143873729493e-02
   1.8390994374497909e-02
   2.1410816639296157e-02
   2.4928834512708057e-02
   2.9026828328738069e-02
   3.3800015280367496e-02
   3.9359229093621093e-02
   4.5833441946576861e-02
   5.3372675033849480e-02
   6.2151346120043860e-02
   7.2372101408533340e-02
   8.4270172719950576e-02
   1.0529980102103424e-01
   1.3603066935548200e-01
   1.6999644595867092e-01
   2.0796952131911242e-01
   2.5078533083109916e-01
   2.9934235604076204e-01
   3.5459228639556700e-01
   4.1751421109143749e-01
   4.8906383814131738e-01
   5.7008523571541558e-01
   6.6116913410775147e-01
   7.6244027481661436e-01
   8.7326060700246455e-01
   9.9185220105936400e-01
   1.1148827289745233e+00
   1.2371234118577872e+00
   1.3513739198523622e+00
   1.4489033173208090e+00
   1.5205906516264454e+00
   1.5586834180439360e+00
   1.5586834180439433e+00
   1.5205906516264664e+00
   1.4489033173208414e+00
   1.3513739198524028e+00
   1.2371234118578320e+00
   1.1148827289745695e+00
   9.9185220105940908e-01
   8.7326060700250696e-01
   7.6244027481665322e-01
   6.6116913410778633e-01
   5.7008523571544634e-01
   4.8906383814134424e-01
   4.1751421109146075e-01
   3.5459228639558688e-01
   2.9934235604077891e-01
   2.5078533083111337e-01
   2.0796952131912422e-01
   1.6999644595868055e-01
   1.3603066935548969e-01
   1.0529980102104017e-01
   8.4270172719955294e-02
   7.2372101408537393e-02
   6.2151346120047343e-02
   5.3372675033852471e-02
   4.5833441946579428e-02
   3.9359229093623299e-02
   3.3800015280369390e-02
   2.9026828328739696e-02
   2.4928834512709452e-02
   2.1410816639297357e-02
   1.8390994374498936e-02
   1.5799143873730374e-02
   1.3574977886163964e-02
   1.1666751754699820e-02
   1.0030064844324461e-02
   8.6268307539701817e-03
   7.4243931355943045e-03
   6.3947670421114133e-03
   5.5139884632561835e-03
   4.7615571099440769e-03
   4.1199596043010444e-03
   3.5742620573300452e-03
   3.1117626016909940e-03
   2.7216958238938022e-03
   2.3949822363988462e-03
   2.1240169710025881e-03
   1.9024927830874564e-03
   1.7252532519618855e-03
   1.5881727634878692e-03
   1.4880604833998317e-03
   1.4225860873857907e-03
   1.3902255199468954e-03
   1.3902255199468951e-03
   1.4225860873857902e-03
   1.4880604833998315e-03
   1.5881727634878685e-03
   1.7252532519618847e-03
   1.9024927830874555e-03
   2.1240169710025872e-03
   2.3949822363988449e-03
   2.7216958238938009e-03
   3.1117626016909919e-03
   3.5742620573300425e-03
   4.1199596043010409e-03
   4.7615571099440734e-03
   5.5139884632561791e-03
   6.3947670421114098e-03
   7.4243931355943002e-03
   8.6268307539701782e-03
   1.0030064844324458e-02
   1.1666751754699816e-02
   1.3574977886163958e-02
   1.5799143873730371e-02
   1.8390994374498929e-02
   2.1410816639297350e-02
   2.4928834512709448e-02
   2.9026828328739693e-02
   3.3800015280369383e-02
   3.9359229093623292e-02
   4.5833441946579428e-02
   5.3372675033852464e-02
   6.2151346120047336e-02
   7.2372101408537393e-02
   8.4270172719955308e-02
