   2.9615802314068135e-01
   2.8974492993346307e-01
   2.8342577211375042e-01
   2.7721828948295324e-01
   2.7113863366686125e-01
   2.6520142593200602e-01
   2.5941982606292308e-01
   2.5380560963463017e-01
   2.4836925128255638e-01
   2.4312001185081830e-01
   2.3806602757820466e-01
   2.3321439975099156e-01
   2.2857128350647929e-01
   2.2414197470657360e-01
   2.1993099401412672e-01
   2.1594216749475145e-01
   2.1217870323313828e-01
   2.0864326359605453e-01
   2.0533803289529645e-01
   2.0226478030440254e-01
   1.9942491796466233e-01
   1.9681955428074255e-01
   1.9444954245598770e-01
   1.9231552435399099e-01
   1.9041796979812364e-01
   1.8875721143599378e-01
   1.8733347530276931e-01
   1.8614690721728216e-01
   1.8519759513903236e-01
   1.8448558760368250e-01
   1.8401090834029893e-01
   1.8377356715627519e-01
   1.8377356715627519e-01
   1.8401090834029893e-01
   1.8448558760368253e-01
   1.8519759513903236e-01
   1.8614690721728214e-01
   1.8733347530276931e-01
   1.8875721143599380e-01
   1.9041796979812364e-01
   1.9231552435399102e-01
   1.9444954245598772e-01
   1.9681955428074255e-01
   1.9942491796466236e-01
   2.0226478030440254e-01
   2.0533803289529648e-01
   2.0864326359605456e-01
   2.1217870323313834e-01
   2.1594216749475148e-01
   2.1993099401412675e-01
   2.2414197470657365e-01
   2.2857128350647932e-01
   2.3321439975099159e-01
   2.3806602757820472e-01
   2.4312001185081836e-01
   2.4836925128255644e-01
   2.5380560963463022e-01
   2.5941982606292319e-01
   2.6520142593200607e-01
   2.7113863366686131e-01
   2.7721828948295330e-01
   2.8342577211375047e-01
   2.8974492993346312e-01
   2.9615802314068140e-01
   3.0601012444985959e-01
   3.1927029685341790e-01
   3.3252304277645084e-01
   3.4571060692603744e-01
   3.5876856181150879e-01
   3.7162600526607342e-01
   3.8420595257215240e-01
   3.9642594707067325e-01
   4.0819890749924098e-01
   4.1943422208230291e-01
   4.3003908857678180e-01
   4.3992008631444607e-01
   4.4898495135041844e-01
   4.5714451003569789e-01
   4.6431471090111126e-01
   4.7041868112010721e-01
   4.7538872354674871e-01
   4.7916816484414110e-01
   4.8171296566003097e-01
   4.8299301079375040e-01
   4.8299301079375045e-01
   4.8171296566003113e-01
   4.7916816484414143e-01
   4.7538872354674916e-01
   4.7041868112010771e-01
   4.6431471090111187e-01
   4.5714451003569861e-01
   4.4898495135041927e-01
   4.3992008631444701e-01
   4.3003908857678286e-01
   4.1943422208230396e-01
   4.0819890749924209e-01
   3.9642594707067441e-01
   3.8420595257215356e-01
   3.7162600526607464e-01
   3.5876856181150996e-01
   3.4571060692603872e-01
   3.3252304277645206e-01
   3.1927029685341918e-01
   3.0601012444986087e-01
   2.9615802314068268e-01
   2.8974492993346440e-01
   2.8342577211375181e-01
   2.7721828948295468e-01
   2.7113863366686269e-01
   2.6520142593200752e-01
   2.5941982606292463e-01
   2.5380560963463172e-01
   2.4836925128255796e-01
   2.4312001185081988e-01
   2.3806602757820625e-01
   2.3321439975099317e-01
   2.2857128350648087e-01
   2.2414197470657526e-01
   2.1993099401412838e-01
   2.1594216749475309e-01
   2.1217870323313995e-01
   2.0864326359605620e-01
   2.0533803289529814e-01
   2.0226478030440420e-01
   1.9942491796466402e-01
   1.9681955428074421e-01
   1.9444954245598939e-01
   1.9231552435399268e-01
   1.9041796979812534e-01
   1.8875721143599544e-01
   1.8733347530277100e-01
   1.8614690721728383e-01
   1.8519759513903405e-01
   1.8448558760368419e-01
   1.8401090834030062e-01
   1.8377356715627688e-01
   1.8377356715627688e-01
   1.8401090834030059e-01
   1.8448558760368422e-01
   1.8519759513903405e-01
   1.8614690721728383e-01
   1.8733347530277100e-01
   1.8875721143599544e-01
   1.9041796979812531e-01
   1.9231552435399271e-01
   1.9444954245598939e-01
   1.9681955428074424e-01
   1.9942491796466405e-01
   2.0226478030440423e-01
   2.0533803289529814e-01
   2.0864326359605623e-01
   2.1217870323313998e-01
   2.1594216749475312e-01
   2.1993099401412841e-01
   2.2414197470657529e-01
   2.2857128350648095e-01
   2.3321439975099320e-01
   2.3806602757820630e-01
   2.4312001185081991e-01
   2.4836925128255799e-01
   2.5380560963463178e-01
   2.5941982606292469e-01
   2.6520142593200757e-01
   2.7113863366686275e-01
   2.7721828948295468e-01
   2.8342577211375186e-01
   2.8974492993346446e-01
   2.9615802314068274e-01
