   3.2407179146945425e-01
   3.2236972843792505e-01
   3.2064289248818933e-01
   3.1889827944731969e-01
   3.1714284486300381e-01
   3.1538347411998752e-01
   3.1362695462891921e-01
   3.1187995016410153e-01
   3.1014897739083613e-01
   3.0844038458983941e-01
   3.0676033255597551e-01
   3.0511477762157113e-01
   3.0350945673100227e-01
   3.0194987447314392e-01
   3.0044129196163621e-01
   2.9898871743965483e-01
   2.9759689847584236e-01
   2.9627031561106459e-01
   2.9501317731148652e-01
   2.9382941608187046e-01
   2.9272268559372611e-01
   2.9169635868573573e-01
   2.9075352609847749e-01
   2.8989699581163186e-01
   2.8912929285935718e-01
   2.8845265950813548e-01
   2.8786905569094107e-01
   2.8738015960189206e-01
   2.8698736836646127e-01
   2.8669179871372519e-01
   2.8649428758889989e-01
   2.8639539265646907e-01
   2.8639539265646907e-01
   2.8649428758889989e-01
   2.8669179871372519e-01
   2.8698736836646127e-01
   2.8738015960189206e-01
   2.8786905569094107e-01
   2.8845265950813548e-01
   2.8912929285935723e-01
   2.8989699581163186e-01
   2.9075352609847749e-01
   2.9169635868573579e-01
   2.9272268559372611e-01
   2.9382941608187052e-01
   2.9501317731148657e-01
   2.9627031561106459e-01
   2.9759689847584236e-01
   2.9898871743965488e-01
   3.0044129196163627e-01
   3.0194987447314398e-01
   3.0350945673100233e-01
   3.0511477762157119e-01
   3.0676033255597557e-01
   3.0844038458983947e-01
   3.1014897739083619e-01
   3.1187995016410158e-01
   3.1362695462891926e-01
   3.1538347411998757e-01
   3.1714284486300387e-01
   3.1889827944731969e-01
   3.2064289248818933e-01
   3.2236972843792505e-01
   3.2407179146945431e-01
   3.2660827358819777e-01
   3.2996694324299419e-01
   3.3326659861140495e-01
   3.3649206285987038e-01
   3.3962807958313229e-01
   3.4265941272212996e-01
   3.4557095388608505e-01
   3.4834783603725572e-01
   3.5097555226212179e-01
   3.5344007812922651e-01
   3.5572799593046500e-01
   3.5782661892838619e-01
   3.5972411359595796e-01
   3.6140961774540631e-01
   3.6287335240612273e-01
   3.6410672533351618e-01
   3.6510242411416505e-01
   3.6585449697839717e-01
   3.6635841963744975e-01
   3.6661114672392087e-01
   3.6661114672392087e-01
   3.6635841963744969e-01
   3.6585449697839711e-01
   3.6510242411416494e-01
   3.6410672533351601e-01
   3.6287335240612262e-01
   3.6140961774540609e-01
   3.5972411359595780e-01
   3.5782661892838596e-01
   3.5572799593046484e-01
   3.5344007812922623e-01
   3.5097555226212152e-01
   3.4834783603725539e-01
   3.4557095388608478e-01
   3.4265941272212969e-01
   3.3962807958313190e-01
   3.3649206285986999e-01
   3.3326659861140456e-01
   3.2996694324299386e-01
   3.2660827358819744e-01
   3.2407179146945397e-01
   3.2236972843792477e-01
   3.2064289248818917e-01
   3.1889827944731952e-01
   3.1714284486300376e-01
   3.1538347411998752e-01
   3.1362695462891926e-01
   3.1187995016410169e-01
   3.1014897739083636e-01
   3.0844038458983958e-01
   3.0676033255597579e-01
   3.0511477762157141e-01
   3.0350945673100260e-01
   3.0194987447314431e-01
   3.0044129196163666e-01
   2.9898871743965527e-01
   2.9759689847584286e-01
   2.9627031561106515e-01
   2.9501317731148713e-01
   2.9382941608187108e-01
   2.9272268559372677e-01
   2.9169635868573646e-01
   2.9075352609847821e-01
   2.8989699581163264e-01
   2.8912929285935801e-01
   2.8845265950813631e-01
   2.8786905569094196e-01
   2.8738015960189289e-01
   2.8698736836646216e-01
   2.8669179871372608e-01
   2.8649428758890078e-01
   2.8639539265647002e-01
   2.8639539265647002e-01
   2.8649428758890083e-01
   2.8669179871372613e-01
   2.8698736836646221e-01
   2.8738015960189300e-01
   2.8786905569094201e-01
   2.8845265950813637e-01
   2.8912929285935812e-01
   2.8989699581163281e-01
   2.9075352609847838e-01
   2.9169635868573662e-01
   2.9272268559372694e-01
   2.9382941608187130e-01
   2.9501317731148735e-01
   2.9627031561106532e-01
   2.9759689847584309e-01
   2.9898871743965555e-01
   3.0044129196163688e-01
   3.0194987447314459e-01
   3.0350945673100294e-01
   3.0511477762157174e-01
   3.0676033255597607e-01
   3.0844038458983997e-01
   3.1014897739083658e-01
   3.1187995016410192e-01
   3.1362695462891954e-01
   3.1538347411998763e-01
   3.1714284486300393e-01
   3.1889827944731963e-01
   3.2064289248818922e-01
   3.2236972843792483e-01
   3.2407179146945397e-01
