   6.9886785e-03
   6.4553195e-03
   4.8187750e-03
   1.9928272e-03
  -2.0755384e-03
  -7.2625838e-03
  -1.3076566e-02
  -1.8480292e-02
  -2.1822710e-02
  -2.1043020e-02
  -1.4267950e-02
  -8.3480455e-04
   1.7531320e-02
   3.5940184e-02
   4.6762509e-02
   4.1813490e-02
   1.6135449e-02
  -2.7963300e-02
  -7.8814575e-02
  -1.1730658e-01
  -1.2322947e-01
  -8.3926827e-02
  -1.1930883e-03
   1.0751685e-01
   2.1478795e-01
   2.9344852e-01
   3.2630615e-01
   3.1103339e-01
   2.5858361e-01
   1.8713404e-01
   1.1508944e-01
   5.6378158e-02
   1.9018066e-02
   6.3273931e-03
  -1.5313122e-02
  -1.4945208e-02
  -1.3873324e-02
  -1.2043003e-02
  -9.2321506e-03
  -5.2543428e-03
   1.0333490e-04
   6.9594278e-03
   1.5308571e-02
   2.4882487e-02
   3.5088356e-02
   4.4894053e-02
   5.2815374e-02
   5.6938555e-02
   5.5091888e-02
   4.5126946e-02
   2.5340987e-02
  -5.0344547e-03
  -4.5364928e-02
  -9.3295765e-02
  -1.4473172e-01
  -1.9419861e-01
  -2.3561335e-01
  -2.6334040e-01
  -2.7332302e-01
  -2.6399541e-01
  -2.3670713e-01
  -1.9552341e-01
  -1.4641745e-01
  -9.6111086e-02
  -5.0860907e-02
  -1.5573669e-02
   6.6013164e-03
   1.4125232e-02
  -9.1965999e-04
  -8.7235174e-04
  -5.7039503e-04
  -1.3415628e-05
   2.6067094e-04
   8.0796772e-05
   2.4981859e-05
   2.0118574e-05
   1.2919022e-04
   1.9653917e-04
   2.4071176e-04
   2.4402797e-04
   2.5662816e-04
   2.4141111e-04
   1.7816476e-04
   2.0672013e-05
  -2.4431021e-04
  -6.2289247e-04
  -1.1180196e-03
  -1.7095176e-03
  -2.3690632e-03
  -3.0159065e-03
  -3.5642705e-03
  -3.8915673e-03
  -3.9057678e-03
  -3.5215555e-03
  -2.7257700e-03
  -1.5543703e-03
  -1.2859500e-04
   1.3877899e-03
   2.7989842e-03
   3.9305694e-03
   4.6529139e-03
   4.8993903e-03
