   3.0719321667497185e-01
   3.1165703810568823e-01
   3.1642977793248839e-01
   3.2149788197209062e-01
   3.2684604429332004e-01
   3.3245707714582196e-01
   3.3831178536954026e-01
   3.4438884927664226e-01
   3.5066472054634407e-01
   3.5711353620272107e-01
   3.6370705622481952e-01
   3.7041463072942798e-01
   3.7720320292595511e-01
   3.8403735412147705e-01
   3.9087939690105955e-01
   3.9768952217327203e-01
   4.0442600500732923e-01
   4.1104547306000722e-01
   4.1750323987613436e-01
   4.2375370344601193e-01
   4.2975080814338079e-01
   4.3544856560670187e-01
   4.4080162735676337e-01
   4.4576589909092873e-01
   4.5029918381471951e-01
   4.5436183844317701e-01
   4.5791742641644329e-01
   4.6093334741053282e-01
   4.6338142454772607e-01
   4.6523842974408414e-01
   4.6648652904116761e-01
   4.6711363195414723e-01
   4.6711363195414729e-01
   4.6648652904116761e-01
   4.6523842974408414e-01
   4.6338142454772607e-01
   4.6093334741053282e-01
   4.5791742641644323e-01
   4.5436183844317701e-01
   4.5029918381471951e-01
   4.4576589909092873e-01
   4.4080162735676331e-01
   4.3544856560670187e-01
   4.2975080814338079e-01
   4.2375370344601193e-01
   4.1750323987613436e-01
   4.1104547306000722e-01
   4.0442600500732917e-01
   3.9768952217327203e-01
   3.9087939690105949e-01
   3.8403735412147705e-01
   3.7720320292595511e-01
   3.7041463072942798e-01
   3.6370705622481947e-01
   3.5711353620272102e-01
   3.5066472054634401e-01
   3.4438884927664226e-01
   3.3831178536954026e-01
   3.3245707714582196e-01
   3.2684604429332004e-01
   3.2149788197209062e-01
   3.1642977793248839e-01
   3.1165703810568823e-01
   3.0719321667497185e-01
   3.0090173785150681e-01
   2.9281084893166898e-01
   2.8508780367161402e-01
   2.7774834771598211e-01
   2.7080555280733454e-01
   2.6427013096844237e-01
   2.5815073372145353e-01
   2.5245423331263672e-01
   2.4718598393835650e-01
   2.4235006180121391e-01
   2.3794948348203318e-01
   2.3398640261351625e-01
   2.3046228520573156e-01
   2.2737806422252990e-01
   2.2473427416056513e-01
   2.2253116645610480e-01
   2.2076880655447623e-01
   2.1944715343596027e-01
   2.1856612231140124e-01
   2.1812563109015737e-01
   2.1812563109015740e-01
   2.1856612231140132e-01
   2.1944715343596044e-01
   2.2076880655447645e-01
   2.2253116645610507e-01
   2.2473427416056549e-01
   2.2737806422253032e-01
   2.3046228520573206e-01
   2.3398640261351683e-01
   2.3794948348203379e-01
   2.4235006180121463e-01
   2.4718598393835725e-01
   2.5245423331263755e-01
   2.5815073372145442e-01
   2.6427013096844326e-01
   2.7080555280733554e-01
   2.7774834771598322e-01
   2.8508780367161518e-01
   2.9281084893167014e-01
   3.0090173785150803e-01
   3.0719321667497312e-01
   3.1165703810568945e-01
   3.1642977793248955e-01
   3.2149788197209167e-01
   3.2684604429332109e-01
   3.3245707714582290e-01
   3.3831178536954110e-01
   3.4438884927664298e-01
   3.5066472054634468e-01
   3.5711353620272168e-01
   3.6370705622481991e-01
   3.7041463072942837e-01
   3.7720320292595538e-01
   3.8403735412147721e-01
   3.9087939690105961e-01
   3.9768952217327203e-01
   4.0442600500732911e-01
   4.1104547306000699e-01
   4.1750323987613402e-01
   4.2375370344601154e-01
   4.2975080814338024e-01
   4.3544856560670131e-01
   4.4080162735676270e-01
   4.4576589909092801e-01
   4.5029918381471867e-01
   4.5436183844317612e-01
   4.5791742641644229e-01
   4.6093334741053182e-01
   4.6338142454772502e-01
   4.6523842974408308e-01
   4.6648652904116655e-01
   4.6711363195414612e-01
   4.6711363195414612e-01
   4.6648652904116655e-01
   4.6523842974408308e-01
   4.6338142454772507e-01
   4.6093334741053182e-01
   4.5791742641644234e-01
   4.5436183844317618e-01
   4.5029918381471878e-01
   4.4576589909092806e-01
   4.4080162735676270e-01
   4.3544856560670131e-01
   4.2975080814338029e-01
   4.2375370344601160e-01
   4.1750323987613408e-01
   4.1104547306000705e-01
   4.0442600500732911e-01
   3.9768952217327208e-01
   3.9087939690105972e-01
   3.8403735412147727e-01
   3.7720320292595544e-01
   3.7041463072942837e-01
   3.6370705622482002e-01
   3.5711353620272168e-01
   3.5066472054634479e-01
   3.4438884927664304e-01
   3.3831178536954115e-01
   3.3245707714582290e-01
   3.2684604429332109e-01
   3.2149788197209173e-01
   3.1642977793248961e-01
   3.1165703810568945e-01
   3.0719321667497318e-01
