   2.9908337606086843e-01
   3.0412589022953368e-01
   3.0955435967929279e-01
   3.1535579486539927e-01
   3.2151514705047857e-01
   3.2801509503580500e-01
   3.3483582933442652e-01
   3.4195483879206889e-01
   3.4934670568148773e-01
   3.5698291636908819e-01
   3.6483169573735685e-01
   3.7285787458620984e-01
   3.8102280015810830e-01
   3.8928430064729491e-01
   3.9759671496029697e-01
   4.0591099898031480e-01
   4.1417491903591730e-01
   4.2233334207377127e-01
   4.3032863009259453e-01
   4.3810114364957775e-01
   4.4558985568690396e-01
   4.5273307259292062e-01
   4.5946925443331721e-01
   4.6573792086824711e-01
   4.7148062369998833e-01
   4.7664196163276717e-01
   4.8117060808255957e-01
   4.8502031917860200e-01
   4.8815088685470526e-01
   4.9052900147167761e-01
   4.9212898996088006e-01
   4.9293339909841694e-01
   4.9293339909841694e-01
   4.9212898996088006e-01
   4.9052900147167766e-01
   4.8815088685470531e-01
   4.8502031917860206e-01
   4.8117060808255963e-01
   4.7664196163276723e-01
   4.7148062369998839e-01
   4.6573792086824717e-01
   4.5946925443331726e-01
   4.5273307259292067e-01
   4.4558985568690401e-01
   4.3810114364957786e-01
   4.3032863009259464e-01
   4.2233334207377138e-01
   4.1417491903591741e-01
   4.0591099898031485e-01
   3.9759671496029708e-01
   3.8928430064729502e-01
   3.8102280015810835e-01
   3.7285787458620995e-01
   3.6483169573735696e-01
   3.5698291636908830e-01
   3.4934670568148779e-01
   3.4195483879206900e-01
   3.3483582933442657e-01
   3.2801509503580512e-01
   3.2151514705047862e-01
   3.1535579486539933e-01
   3.0955435967929290e-01
   3.0412589022953374e-01
   2.9908337606086849e-01
   2.9202887722922793e-01
   2.8299193364553688e-01
   2.7439783091363529e-01
   2.6625940928974184e-01
   2.5858658497658094e-01
   2.5138676763724066e-01
   2.4466524776615742e-01
   2.3842555213114372e-01
   2.3266976668445405e-01
   2.2739882723437749e-01
   2.2261277881383829e-01
   2.1831100511983095e-01
   2.1449242966496931e-01
   2.1115569041359608e-01
   2.0829928969880837e-01
   2.0592172115782367e-01
   2.0402157530142695e-01
   2.0259762516494781e-01
   2.0164889328606578e-01
   2.0117470102857490e-01
   2.0117470102857490e-01
   2.0164889328606578e-01
   2.0259762516494781e-01
   2.0402157530142692e-01
   2.0592172115782367e-01
   2.0829928969880837e-01
   2.1115569041359608e-01
   2.1449242966496929e-01
   2.1831100511983093e-01
   2.2261277881383826e-01
   2.2739882723437746e-01
   2.3266976668445402e-01
   2.3842555213114369e-01
   2.4466524776615739e-01
   2.5138676763724066e-01
   2.5858658497658088e-01
   2.6625940928974179e-01
   2.7439783091363523e-01
   2.8299193364553676e-01
   2.9202887722922788e-01
   2.9908337606086843e-01
   3.0412589022953368e-01
   3.0955435967929279e-01
   3.1535579486539927e-01
   3.2151514705047857e-01
   3.2801509503580500e-01
   3.3483582933442652e-01
   3.4195483879206884e-01
   3.4934670568148773e-01
   3.5698291636908813e-01
   3.6483169573735685e-01
   3.7285787458620973e-01
   3.8102280015810824e-01
   3.8928430064729486e-01
   3.9759671496029692e-01
   4.0591099898031474e-01
   4.1417491903591724e-01
   4.2233334207377121e-01
   4.3032863009259448e-01
   4.3810114364957775e-01
   4.4558985568690390e-01
   4.5273307259292056e-01
   4.5946925443331715e-01
   4.6573792086824711e-01
   4.7148062369998828e-01
   4.7664196163276712e-01
   4.8117060808255957e-01
   4.8502031917860200e-01
   4.8815088685470531e-01
   4.9052900147167755e-01
   4.9212898996088006e-01
   4.9293339909841694e-01
   4.9293339909841694e-01
   4.9212898996088011e-01
   4.9052900147167761e-01
   4.8815088685470537e-01
   4.8502031917860211e-01
   4.8117060808255963e-01
   4.7664196163276723e-01
   4.7148062369998839e-01
   4.6573792086824717e-01
   4.5946925443331726e-01
   4.5273307259292073e-01
   4.4558985568690407e-01
   4.3810114364957786e-01
   4.3032863009259464e-01
   4.2233334207377138e-01
   4.1417491903591735e-01
   4.0591099898031485e-01
   3.9759671496029703e-01
   3.8928430064729502e-01
   3.8102280015810847e-01
   3.7285787458620989e-01
   3.6483169573735696e-01
   3.5698291636908830e-01
   3.4934670568148785e-01
   3.4195483879206900e-01
   3.3483582933442668e-01
   3.2801509503580512e-01
   3.2151514705047868e-01
   3.1535579486539939e-01
   3.0955435967929290e-01
   3.0412589022953379e-01
   2.9908337606086849e-01
