   3.2002670369164993e-01
   3.2309927430902990e-01
   3.2633748553314412e-01
   3.2972976811211169e-01
   3.3326357779332233e-01
   3.3692538020417129e-01
   3.4070064288883939e-01
   3.4457383598644020e-01
   3.4852844306579772e-01
   3.5254698362855302e-01
   3.5661104874829358e-01
   3.6070135122219338e-01
   3.6479779146704411e-01
   3.6887954018842939e-01
   3.7292513858659421e-01
   3.7691261653391733e-01
   3.8081962876814685e-01
   3.8462360869727180e-01
   3.8830193891428139e-01
   3.9183213698516905e-01
   3.9519205451732420e-01
   3.9836008695750025e-01
   4.0131539103149522e-01
   4.0403810624634778e-01
   4.0650957645603708e-01
   4.0871256716868937e-01
   4.1063147407033401e-01
   4.1225251817668612e-01
   4.1356392311416829e-01
   4.1455607028146152e-01
   4.1522162805243912e-01
   4.1555565174106623e-01
   4.1555565174106623e-01
   4.1522162805243912e-01
   4.1455607028146158e-01
   4.1356392311416829e-01
   4.1225251817668612e-01
   4.1063147407033401e-01
   4.0871256716868937e-01
   4.0650957645603708e-01
   4.0403810624634778e-01
   4.0131539103149522e-01
   3.9836008695750025e-01
   3.9519205451732420e-01
   3.9183213698516905e-01
   3.8830193891428139e-01
   3.8462360869727186e-01
   3.8081962876814690e-01
   3.7691261653391739e-01
   3.7292513858659426e-01
   3.6887954018842939e-01
   3.6479779146704411e-01
   3.6070135122219338e-01
   3.5661104874829358e-01
   3.5254698362855308e-01
   3.4852844306579778e-01
   3.4457383598644015e-01
   3.4070064288883939e-01
   3.3692538020417134e-01
   3.3326357779332239e-01
   3.2972976811211163e-01
   3.2633748553314412e-01
   3.2309927430902996e-01
   3.2002670369164993e-01
   3.1562838409042565e-01
   3.0992606566040237e-01
   3.0444028661718225e-01
   2.9918773512073021e-01
   2.9418335927954253e-01
   2.8944047924052313e-01
   2.8497090287847898e-01
   2.8078504235007068e-01
   2.7689202919519057e-01
   2.7329982605607728e-01
   2.7001533343489187e-01
   2.6704449022069598e-01
   2.6439236698580659e-01
   2.6206325128010194e-01
   2.6006072434207528e-01
   2.5838772880021693e-01
   2.5704662706119130e-01
   2.5603925017614626e-01
   2.5536693704740993e-01
   2.5503056388890172e-01
   2.5503056388890177e-01
   2.5536693704741004e-01
   2.5603925017614643e-01
   2.5704662706119152e-01
   2.5838772880021721e-01
   2.6006072434207556e-01
   2.6206325128010227e-01
   2.6439236698580698e-01
   2.6704449022069648e-01
   2.7001533343489242e-01
   2.7329982605607789e-01
   2.7689202919519118e-01
   2.8078504235007135e-01
   2.8497090287847976e-01
   2.8944047924052391e-01
   2.9418335927954337e-01
   2.9918773512073116e-01
   3.0444028661718320e-01
   3.0992606566040332e-01
   3.1562838409042659e-01
   3.2002670369165087e-01
   3.2309927430903079e-01
   3.2633748553314490e-01
   3.2972976811211246e-01
   3.3326357779332311e-01
   3.3692538020417195e-01
   3.4070064288883994e-01
   3.4457383598644065e-01
   3.4852844306579817e-01
   3.5254698362855341e-01
   3.5661104874829391e-01
   3.6070135122219360e-01
   3.6479779146704416e-01
   3.6887954018842939e-01
   3.7292513858659415e-01
   3.7691261653391728e-01
   3.8081962876814668e-01
   3.8462360869727152e-01
   3.8830193891428100e-01
   3.9183213698516861e-01
   3.9519205451732370e-01
   3.9836008695749969e-01
   4.0131539103149461e-01
   4.0403810624634706e-01
   4.0650957645603636e-01
   4.0871256716868853e-01
   4.1063147407033318e-01
   4.1225251817668523e-01
   4.1356392311416734e-01
   4.1455607028146063e-01
   4.1522162805243817e-01
   4.1555565174106524e-01
   4.1555565174106529e-01
   4.1522162805243817e-01
   4.1455607028146058e-01
   4.1356392311416729e-01
   4.1225251817668523e-01
   4.1063147407033307e-01
   4.0871256716868853e-01
   4.0650957645603630e-01
   4.0403810624634701e-01
   4.0131539103149449e-01
   3.9836008695749964e-01
   3.9519205451732364e-01
   3.9183213698516850e-01
   3.8830193891428094e-01
   3.8462360869727141e-01
   3.8081962876814662e-01
   3.7691261653391717e-01
   3.7292513858659410e-01
   3.6887954018842933e-01
   3.6479779146704411e-01
   3.6070135122219349e-01
   3.5661104874829380e-01
   3.5254698362855330e-01
   3.4852844306579811e-01
   3.4457383598644059e-01
   3.4070064288883989e-01
   3.3692538020417190e-01
   3.3326357779332305e-01
   3.2972976811211241e-01
   3.2633748553314484e-01
   3.2309927430903074e-01
   3.2002670369165082e-01
