   3.2394134909415417e-01
   3.2629251361894285e-01
   3.2875394947758657e-01
   3.3131627062422048e-01
   3.3396946155981738e-01
   3.3670288644265295e-01
   3.3950530340640844e-01
   3.4236488474296234e-01
   3.4526924357710670e-01
   3.4820546761220994e-01
   3.5116016045751236e-01
   3.5411949095791018e-01
   3.5706925083492874e-01
   3.5999492081295348e-01
   3.6288174524833194e-01
   3.6571481510229537e-01
   3.6847915890441824e-01
   3.7115984114530676e-01
   3.7374206732025023e-01
   3.7621129462562636e-01
   3.7855334709380695e-01
   3.8075453374778229e-01
   3.8280176817180778e-01
   3.8468268773730147e-01
   3.8638577060193707e-01
   3.8790044852164396e-01
   3.8921721348616212e-01
   3.9032771621345913e-01
   3.9122485461932627e-01
   3.9190285051623025e-01
   3.9235731298802279e-01
   3.9258528712996715e-01
   3.9258528712996715e-01
   3.9235731298802279e-01
   3.9190285051623025e-01
   3.9122485461932632e-01
   3.9032771621345913e-01
   3.8921721348616212e-01
   3.8790044852164396e-01
   3.8638577060193702e-01
   3.8468268773730152e-01
   3.8280176817180783e-01
   3.8075453374778234e-01
   3.7855334709380695e-01
   3.7621129462562636e-01
   3.7374206732025028e-01
   3.7115984114530681e-01
   3.6847915890441818e-01
   3.6571481510229537e-01
   3.6288174524833200e-01
   3.5999492081295348e-01
   3.5706925083492880e-01
   3.5411949095791023e-01
   3.5116016045751242e-01
   3.4820546761220994e-01
   3.4526924357710675e-01
   3.4236488474296234e-01
   3.3950530340640844e-01
   3.3670288644265300e-01
   3.3396946155981744e-01
   3.3131627062422053e-01
   3.2875394947758663e-01
   3.2629251361894285e-01
   3.2394134909415417e-01
   3.2055163818115107e-01
   3.1614056133118518e-01
   3.1188157160380015e-01
   3.0778930414930833e-01
   3.0387718157297089e-01
   3.0015745720371750e-01
   2.9664126404784630e-01
   2.9333866763393340e-01
   2.9025872113130663e-01
   2.8740952130244668e-01
   2.8479826402404462e-01
   2.8243129827799163e-01
   2.8031417766937511e-01
   2.7845170867172281e-01
   2.7684799492931067e-01
   2.7550647706212283e-01
   2.7442996752141813e-01
   2.7362068013370128e-01
   2.7308025404947217e-01
   2.7280977188196814e-01
   2.7280977188196803e-01
   2.7308025404947200e-01
   2.7362068013370106e-01
   2.7442996752141779e-01
   2.7550647706212239e-01
   2.7684799492931011e-01
   2.7845170867172214e-01
   2.8031417766937428e-01
   2.8243129827799074e-01
   2.8479826402404368e-01
   2.8740952130244563e-01
   2.9025872113130546e-01
   2.9333866763393218e-01
   2.9664126404784497e-01
   3.0015745720371612e-01
   3.0387718157296945e-01
   3.0778930414930677e-01
   3.1188157160379854e-01
   3.1614056133118351e-01
   3.2055163818114935e-01
   3.2394134909415251e-01
   3.2629251361894135e-01
   3.2875394947758513e-01
   3.3131627062421926e-01
   3.3396946155981622e-01
   3.3670288644265201e-01
   3.3950530340640750e-01
   3.4236488474296156e-01
   3.4526924357710614e-01
   3.4820546761220950e-01
   3.5116016045751208e-01
   3.5411949095791007e-01
   3.5706925083492874e-01
   3.5999492081295364e-01
   3.6288174524833233e-01
   3.6571481510229586e-01
   3.6847915890441885e-01
   3.7115984114530759e-01
   3.7374206732025123e-01
   3.7621129462562736e-01
   3.7855334709380811e-01
   3.8075453374778367e-01
   3.8280176817180922e-01
   3.8468268773730302e-01
   3.8638577060193868e-01
   3.8790044852164574e-01
   3.8921721348616395e-01
   3.9032771621346102e-01
   3.9122485461932816e-01
   3.9190285051623219e-01
   3.9235731298802479e-01
   3.9258528712996915e-01
   3.9258528712996915e-01
   3.9235731298802479e-01
   3.9190285051623219e-01
   3.9122485461932816e-01
   3.9032771621346102e-01
   3.8921721348616389e-01
   3.8790044852164568e-01
   3.8638577060193874e-01
   3.8468268773730308e-01
   3.8280176817180928e-01
   3.8075453374778367e-01
   3.7855334709380822e-01
   3.7621129462562747e-01
   3.7374206732025128e-01
   3.7115984114530765e-01
   3.6847915890441890e-01
   3.6571481510229592e-01
   3.6288174524833239e-01
   3.5999492081295376e-01
   3.5706925083492885e-01
   3.5411949095791007e-01
   3.5116016045751214e-01
   3.4820546761220961e-01
   3.4526924357710620e-01
   3.4236488474296167e-01
   3.3950530340640755e-01
   3.3670288644265206e-01
   3.3396946155981633e-01
   3.3131627062421931e-01
   3.2875394947758518e-01
   3.2629251361894140e-01
   3.2394134909415251e-01
