   3.2277573294987488e-01
   3.2537406563213533e-01
   3.2810035132504978e-01
   3.3094439440754841e-01
   3.3389525824951261e-01
   3.3694126814493353e-01
   3.4007002021162797e-01
   3.4326839715534624e-01
   3.4652259177741818e-01
   3.4981813906290349e-01
   3.5313995761752459e-01
   3.5647240112383044e-01
   3.5979932035805035e-01
   3.6310413614778525e-01
   3.6636992345696606e-01
   3.6957950655961930e-01
   3.7271556501066916e-01
   3.7576074984467767e-01
   3.7869780913823831e-01
   3.8150972176656367e-01
   3.8417983787914023e-01
   3.8669202432398891e-01
   3.8903081297692077e-01
   3.9118154969351643e-01
   3.9313054140962439e-01
   3.9486519878239179e-01
   3.9637417169817063e-01
   3.9764747498382619e-01
   3.9867660174894382e-01
   3.9945462195976361e-01
   3.9997626409927917e-01
   4.0023797809591027e-01
   4.0023797809591027e-01
   3.9997626409927917e-01
   3.9945462195976361e-01
   3.9867660174894387e-01
   3.9764747498382619e-01
   3.9637417169817063e-01
   3.9486519878239185e-01
   3.9313054140962445e-01
   3.9118154969351643e-01
   3.8903081297692083e-01
   3.8669202432398897e-01
   3.8417983787914028e-01
   3.8150972176656373e-01
   3.7869780913823836e-01
   3.7576074984467772e-01
   3.7271556501066921e-01
   3.6957950655961935e-01
   3.6636992345696612e-01
   3.6310413614778531e-01
   3.5979932035805040e-01
   3.5647240112383050e-01
   3.5313995761752465e-01
   3.4981813906290354e-01
   3.4652259177741829e-01
   3.4326839715534629e-01
   3.4007002021162802e-01
   3.3694126814493358e-01
   3.3389525824951266e-01
   3.3094439440754847e-01
   3.2810035132504983e-01
   3.2537406563213539e-01
   3.2277573294987488e-01
   3.1903859598350714e-01
   3.1418146550750342e-01
   3.0949750335607495e-01
   3.0500221048708459e-01
   3.0070969707057638e-01
   2.9663274631040115e-01
   2.9278288366569188e-01
   2.8917044934033787e-01
   2.8580467215636118e-01
   2.8269374316902629e-01
   2.7984488761138732e-01
   2.7726443396944939e-01
   2.7495787918342240e-01
   2.7292994914426122e-01
   2.7118465380748630e-01
   2.6972533637870066e-01
   2.6855471613846782e-01
   2.6767492456998770e-01
   2.6708753453336775e-01
   2.6679358229754463e-01
   2.6679358229754463e-01
   2.6708753453336787e-01
   2.6767492456998782e-01
   2.6855471613846799e-01
   2.6972533637870083e-01
   2.7118465380748658e-01
   2.7292994914426155e-01
   2.7495787918342274e-01
   2.7726443396944978e-01
   2.7984488761138776e-01
   2.8269374316902679e-01
   2.8580467215636168e-01
   2.8917044934033842e-01
   2.9278288366569249e-01
   2.9663274631040176e-01
   3.0070969707057704e-01
   3.0500221048708526e-01
   3.0949750335607568e-01
   3.1418146550750420e-01
   3.1903859598350792e-01
   3.2277573294987577e-01
   3.2537406563213622e-01
   3.2810035132505055e-01
   3.3094439440754914e-01
   3.3389525824951322e-01
   3.3694126814493414e-01
   3.4007002021162847e-01
   3.4326839715534668e-01
   3.4652259177741856e-01
   3.4981813906290377e-01
   3.5313995761752481e-01
   3.5647240112383055e-01
   3.5979932035805040e-01
   3.6310413614778525e-01
   3.6636992345696595e-01
   3.6957950655961908e-01
   3.7271556501066883e-01
   3.7576074984467733e-01
   3.7869780913823781e-01
   3.8150972176656317e-01
   3.8417983787913967e-01
   3.8669202432398830e-01
   3.8903081297692005e-01
   3.9118154969351560e-01
   3.9313054140962361e-01
   3.9486519878239096e-01
   3.9637417169816974e-01
   3.9764747498382524e-01
   3.9867660174894282e-01
   3.9945462195976261e-01
   3.9997626409927817e-01
   4.0023797809590916e-01
   4.0023797809590916e-01
   3.9997626409927817e-01
   3.9945462195976261e-01
   3.9867660174894282e-01
   3.9764747498382524e-01
   3.9637417169816974e-01
   3.9486519878239096e-01
   3.9313054140962356e-01
   3.9118154969351565e-01
   3.8903081297691999e-01
   3.8669202432398830e-01
   3.8417983787913967e-01
   3.8150972176656323e-01
   3.7869780913823781e-01
   3.7576074984467733e-01
   3.7271556501066888e-01
   3.6957950655961908e-01
   3.6636992345696595e-01
   3.6310413614778525e-01
   3.5979932035805040e-01
   3.5647240112383055e-01
   3.5313995761752481e-01
   3.4981813906290377e-01
   3.4652259177741856e-01
   3.4326839715534668e-01
   3.4007002021162847e-01
   3.3694126814493414e-01
   3.3389525824951322e-01
   3.3094439440754914e-01
   3.2810035132505055e-01
   3.2537406563213622e-01
   3.2277573294987577e-01
