   3.2584910135068790e-01
   3.2768143366344105e-01
   3.2959101159334253e-01
   3.3157031107733370e-01
   3.3361138661635814e-01
   3.3570588736928608e-01
   3.3784507679023085e-01
   3.4001985609682955e-01
   3.4222079182372234e-01
   3.4443814767265785e-01
   3.4666192081811487e-01
   3.4888188276503163e-01
   3.5108762478345401e-01
   3.5326860786426295e-01
   3.5541421705159781e-01
   3.5751381991254610e-01
   3.5955682880489298e-01
   3.6153276650140442e-01
   3.6343133462678628e-01
   3.6524248426397732e-01
   3.6695648799287561e-01
   3.6856401254018550e-01
   3.7005619114704741e-01
   3.7142469470458034e-01
   3.7266180066930210e-01
   3.7376045875302250e-01
   3.7471435238714296e-01
   3.7551795499055374e-01
   3.7616658012394466e-01
   3.7665642469092575e-01
   3.7698460444660192e-01
   3.7714918119499630e-01
   3.7714918119499630e-01
   3.7698460444660192e-01
   3.7665642469092581e-01
   3.7616658012394466e-01
   3.7551795499055374e-01
   3.7471435238714296e-01
   3.7376045875302250e-01
   3.7266180066930210e-01
   3.7142469470458034e-01
   3.7005619114704741e-01
   3.6856401254018556e-01
   3.6695648799287556e-01
   3.6524248426397737e-01
   3.6343133462678628e-01
   3.6153276650140442e-01
   3.5955682880489304e-01
   3.5751381991254610e-01
   3.5541421705159787e-01
   3.5326860786426301e-01
   3.5108762478345401e-01
   3.4888188276503163e-01
   3.4666192081811492e-01
   3.4443814767265785e-01
   3.4222079182372234e-01
   3.4001985609682961e-01
   3.3784507679023090e-01
   3.3570588736928614e-01
   3.3361138661635814e-01
   3.3157031107733376e-01
   3.2959101159334253e-01
   3.2768143366344105e-01
   3.2584910135068790e-01
   3.2319460783189569e-01
   3.1973154183614083e-01
   3.1637958830151025e-01
   3.1315107414963400e-01
   3.1005746900563230e-01
   3.0710939568470508e-01
   3.0431664587152257e-01
   3.0168819988462769e-01
   2.9923224948484239e-01
   2.9695622276241079e-01
   2.9486681021886862e-01
   2.9296999124352091e-01
   2.9127106026860911e-01
   2.8977465196995678e-01
   2.8848476495978076e-01
   2.8740478349458004e-01
   2.8653749679307600e-01
   2.8588511562693225e-01
   2.8544928591056146e-01
   2.8523109907609367e-01
   2.8523109907609362e-01
   2.8544928591056135e-01
   2.8588511562693208e-01
   2.8653749679307572e-01
   2.8740478349457971e-01
   2.8848476495978037e-01
   2.8977465196995628e-01
   2.9127106026860855e-01
   2.9296999124352030e-01
   2.9486681021886796e-01
   2.9695622276241002e-01
   2.9923224948484156e-01
   3.0168819988462686e-01
   3.0431664587152163e-01
   3.0710939568470408e-01
   3.1005746900563125e-01
   3.1315107414963289e-01
   3.1637958830150908e-01
   3.1973154183613967e-01
   3.2319460783189452e-01
   3.2584910135068679e-01
   3.2768143366343999e-01
   3.2959101159334153e-01
   3.3157031107733287e-01
   3.3361138661635736e-01
   3.3570588736928542e-01
   3.3784507679023035e-01
   3.4001985609682917e-01
   3.4222079182372206e-01
   3.4443814767265762e-01
   3.4666192081811481e-01
   3.4888188276503163e-01
   3.5108762478345418e-01
   3.5326860786426317e-01
   3.5541421705159826e-01
   3.5751381991254660e-01
   3.5955682880489359e-01
   3.6153276650140515e-01
   3.6343133462678712e-01
   3.6524248426397826e-01
   3.6695648799287656e-01
   3.6856401254018661e-01
   3.7005619114704857e-01
   3.7142469470458156e-01
   3.7266180066930338e-01
   3.7376045875302394e-01
   3.7471435238714446e-01
   3.7551795499055518e-01
   3.7616658012394616e-01
   3.7665642469092736e-01
   3.7698460444660348e-01
   3.7714918119499785e-01
   3.7714918119499785e-01
   3.7698460444660348e-01
   3.7665642469092736e-01
   3.7616658012394616e-01
   3.7551795499055518e-01
   3.7471435238714440e-01
   3.7376045875302388e-01
   3.7266180066930338e-01
   3.7142469470458156e-01
   3.7005619114704857e-01
   3.6856401254018661e-01
   3.6695648799287656e-01
   3.6524248426397826e-01
   3.6343133462678712e-01
   3.6153276650140509e-01
   3.5955682880489359e-01
   3.5751381991254660e-01
   3.5541421705159826e-01
   3.5326860786426323e-01
   3.5108762478345418e-01
   3.4888188276503163e-01
   3.4666192081811475e-01
   3.4443814767265762e-01
   3.4222079182372206e-01
   3.4001985609682917e-01
   3.3784507679023035e-01
   3.3570588736928547e-01
   3.3361138661635736e-01
   3.3157031107733287e-01
   3.2959101159334153e-01
   3.2768143366343994e-01
   3.2584910135068679e-01
