   9.4073009635437810e-01
   9.4023419296704225e-01
   9.3924545409747173e-01
   9.3776998332875383e-01
   9.3581685611017029e-01
   9.3339802562481999e-01
   9.3052820018182136e-01
   9.2722469450083878e-01
   9.2350725770553788e-01
   9.1939788120580812e-01
   9.1492058991801661e-01
   9.1010122044393127e-01
   9.0496718990196101e-01
   8.9954725908234601e-01
   8.9387129348759087e-01
   8.8797002563011473e-01
   8.8187482170235976e-01
   8.7561745542333946e-01
   8.6922989151352714e-01
   8.6274408087081633e-01
   8.5619176912730854e-01
   8.4960431987217966e-01
   8.4301255344079229e-01
   8.3644660180385522e-01
   8.2993577975037369e-01
   8.2350847225008972e-01
   8.1719203760907932e-01
   8.1101272579846495e-01
   8.0499561114163265e-01
   7.9916453838947843e-01
   7.9354208109452973e-01
   7.8814951111095888e-01
   7.8300677799560703e-01
   7.7813249706182042e-01
   7.7354394483966471e-01
   7.6925706071932853e-01
   7.6528645359578729e-01
   7.6164541238876782e-01
   7.5834591937972218e-01
   7.5539866538417155e-01
   7.5281306586108410e-01
   7.5059727714891555e-01
   7.4875821210895388e-01
   7.4730155454939662e-01
   7.4623177189720780e-01
   7.4555212567859053e-01
   7.4526467946246944e-01
   7.4537030401451121e-01
   7.4586867950190638e-01
   7.4675829468148280e-01
   7.3908273744848063e-01
   7.2286498701740520e-01
   7.0710456324920179e-01
   6.9184249026063871e-01
   6.7711528022014467e-01
   6.6295523160494751e-01
   6.4939073938133662e-01
   6.3644661009282733e-01
   6.2414437596051919e-01
   6.1250260314209126e-01
   6.0153719024347752e-01
   5.9126165402075848e-01
   5.8168739994576357e-01
   5.7282397593846690e-01
   5.6467930809703493e-01
   5.5725991768918381e-01
   5.5057111901456368e-01
   5.4461719801618291e-01
   5.3940157171857006e-01
   5.3492692871043090e-01
   5.3119535097853232e-01
   5.2820841744540170e-01
   5.2596728957345140e-01
   5.2447277937894410e-01
   5.2372540015677782e-01
   7.5635107453613981e-01
   7.7461711148657864e-01
   7.9318111673168956e-01
   8.1197635846132576e-01
   8.3092992637577179e-01
   8.4996271853015493e-01
   8.6898953494645836e-01
   8.8791929357998944e-01
   9.0665538321259698e-01
   9.2509616599003863e-01
   9.4313563952750912e-01
   9.6066426471557376e-01
   9.7756996056282208e-01
   9.9373926167464466e-01
   1.0090586274341469e+00
   1.0234158848545651e+00
   1.0367017797345870e+00
   1.0488116035703405e+00
   1.0596468571220601e+00
   1.0691169060908823e+00
   1.0771405805134948e+00
   1.0836476676560221e+00
   1.0885802487080869e+00
   1.0918938326234442e+00
   1.0935582460278885e+00
