   8.7193101024657982e-01
   8.7169124801991205e-01
   8.7121295562296674e-01
   8.7049858796368118e-01
   8.6955180451675540e-01
   8.6837744220590429e-01
   8.6698147981664053e-01
   8.6537099441148335e-01
   8.6355411031748752e-01
   8.6153994134163070e-01
   8.5933852694130175e-01
   8.5696076313375702e-01
   8.5441832896926373e-01
   8.5172360941744507e-01
   8.4888961552530084e-01
   8.4592990269904955e-01
   8.4285848794130203e-01
   8.3968976684137175e-01
   8.3643843107128768e-01
   8.3311938708498245e-01
   8.2974767665502380e-01
   8.2633839981200874e-01
   8.2290664067822961e-01
   8.1946739661128876e-01
   8.1603551099668037e-01
   8.1262560995258126e-01
   8.0925204313659582e-01
   8.0592882877422045e-01
   8.0266960296333523e-01
   7.9948757324894804e-01
   7.9639547640828912e-01
   7.9340554033864719e-01
   7.9052944989928642e-01
   7.8777831652447328e-01
   7.8516265139705121e-01
   7.8269234195093373e-01
   7.8037663145610192e-01
   7.7822410143084231e-01
   7.7624265662264780e-01
   7.7443951230099373e-01
   7.7282118361163665e-01
   7.7139347675269321e-01
   7.7016148174706811e-01
   7.6912956660337628e-01
   7.6830137267786558e-01
   7.6767981107262506e-01
   7.6726705993010380e-01
   7.6706456251034050e-01
   7.6707302596493054e-01
   7.6729242075030524e-01
   7.6124213307256972e-01
   7.4894303380348337e-01
   7.3691575234112094e-01
   7.2519806533694398e-01
   7.1382480840624929e-01
   7.0282796458642105e-01
   6.9223677232511849e-01
   6.8207784853684872e-01
   6.7237532264485345e-01
   6.6315097792676370e-01
   6.5442439689073895e-01
   6.4621310781068697e-01
   6.3853272993452737e-01
   6.3139711524090392e-01
   6.2481848495220149e-01
   6.1880755931214748e-01
   6.1337367940327348e-01
   6.0852492001304004e-01
   6.0426819275847699e-01
   6.0060933884952505e-01
   5.9755321101325209e-01
   5.9510374421748646e-01
   5.9326401492616998e-01
   5.9203628869303859e-01
   5.9142205595832831e-01
   7.7398704828067255e-01
   7.8713318632909746e-01
   8.0041724087204058e-01
   8.1378752318734526e-01
   8.2718927054401814e-01
   8.4056478828653258e-01
   8.5385365055523732e-01
   8.6699296375441104e-01
   8.7991769585036839e-01
   8.9256107327331680e-01
   9.0485504561223684e-01
   9.1673081645141619e-01
   9.2811943663778418e-01
   9.3895245404636052e-01
   9.4916261160266491e-01
   9.5868458301926607e-01
   9.6745573351682446e-01
   9.7541689084556438e-01
   9.8251311032165700e-01
   9.8869441645994804e-01
   9.9391650322141600e-01
   9.9814137497956823e-01
   1.0013379110927116e+00
   1.0034823384595168e+00
   1.0045585986032444e+00
