   1.2327978852600807e+00
   1.2305534593893945e+00
   1.2260904650249607e+00
   1.2194599656042262e+00
   1.2107369588448162e+00
   1.2000185438763673e+00
   1.1874216107816478e+00
   1.1730801541619960e+00
   1.1571423234772171e+00
   1.1397673267652695e+00
   1.1211223012803684e+00
   1.1013792555091821e+00
   1.0807121732380813e+00
   1.0592943533682149e+00
   1.0372960405635976e+00
   1.0148823830081926e+00
   9.9221173575088040e-01
   9.6943431224813992e-01
   9.4669117337377906e-01
   9.2411353265332752e-01
   9.0182234883871726e-01
   8.7992817200451812e-01
   8.5853120681611628e-01
   8.3772155610480170e-01
   8.1757960896304416e-01
   7.9817653982917403e-01
   7.7957488808158248e-01
   7.6182919117652625e-01
   7.4498664806766879e-01
   7.2908779332684959e-01
   7.1416716588817075e-01
   7.0025395955525827e-01
   6.8737264528046982e-01
   6.7554355771432717e-01
   6.6478344062850159e-01
   6.5510594754952178e-01
   6.4652209532853333e-01
   6.3904066944779370e-01
   6.3266858066373721e-01
   6.2741117314684369e-01
   6.2327248463677698e-01
   6.2025545932177628e-01
   6.1836211420587339e-01
   6.1759365967509350e-01
   6.1795057484059235e-01
   6.1943263804656001e-01
   6.2203891270576539e-01
   6.2576768838670194e-01
   6.3061637684385508e-01
   6.3658136247726316e-01
   6.2731888522484103e-01
   6.0283627354937219e-01
   5.7948688423389128e-01
   5.5727801705955315e-01
   5.3621098284718161e-01
   5.1628214424443508e-01
   4.9748385182904481e-01
   4.7980527927812927e-01
   4.6323316308173301e-01
   4.4775245337992436e-01
   4.3334688311089781e-01
   4.1999946288784262e-01
   4.0769290897151245e-01
   3.9641001145250765e-01
   3.8613394936547663e-01
   3.7684855897612057e-01
   3.6853856094870779e-01
   3.6118975154466243e-01
   3.5478916244166170e-01
   3.4932519321118277e-01
   3.4478771995919655e-01
   3.4116818312447350e-01
   3.3845965694351610e-01
   3.3665690263004011e-01
   3.3575640687809699e-01
   6.5645850584009013e-01
   6.9022852081026043e-01
   7.2504644453201161e-01
   7.6085080795470350e-01
   7.9756079245692013e-01
   8.3507408381042991e-01
   8.7326480305643417e-01
   9.1198161396305766e-01
   9.5104612821220069e-01
   9.9025175000776400e-01
   1.0293631191921120e+00
   1.0681163233907602e+00
   1.1062200518751770e+00
   1.1433578531996078e+00
   1.1791916318644011e+00
   1.2133664736752205e+00
   1.2455168239579386e+00
   1.2752739584132762e+00
   1.3022745870546051e+00
   1.3261703244426362e+00
   1.3466376544010046e+00
   1.3633879268656142e+00
   1.3761768615180143e+00
   1.3848130091247219e+00
   1.3891646452813304e+00
