   1.5240980443744687e-01
   1.5240980443744681e-01
   1.5240980443744678e-01
   1.5240980443744676e-01
   1.5240980443744670e-01
   1.5240980443744667e-01
   1.5240980443744662e-01
   1.5240980443744659e-01
   1.5240980443744653e-01
   1.5240980443744651e-01
   1.5240980443744645e-01
   1.5240980443744642e-01
   1.5240980443744639e-01
   1.5240980443744634e-01
   1.5240980443744631e-01
   1.5240980443744628e-01
   1.5240980443744623e-01
   1.5240980443744620e-01
   1.5240980443744617e-01
   1.5240980443744612e-01
   1.5240980443744609e-01
   1.5240980443744606e-01
   1.5240980443744603e-01
   1.5240980443744598e-01
   1.5240980443744595e-01
   1.5240980443744592e-01
   1.5240980443744589e-01
   1.5240980443744587e-01
   1.5240980443744581e-01
   1.5240980443744578e-01
   1.5240980443744576e-01
   1.5240980443744573e-01
   1.5240980443744570e-01
   1.5240980443744567e-01
   1.5240980443744562e-01
   1.5240980443744559e-01
   1.5240980443744556e-01
   1.5240980443744553e-01
   1.5240980443744551e-01
   1.5240980443744548e-01
   1.5240980443744545e-01
   1.5240980443744542e-01
   1.5240980443744540e-01
   1.5240980443744537e-01
   1.5240980443744534e-01
   1.5240980443744531e-01
   1.5240980443744528e-01
   1.5240980443744526e-01
   1.5240980443744523e-01
   1.5240980443744523e-01
   1.5240980443744520e-01
   1.5240980443744517e-01
   1.5240980443744515e-01
   1.5240980443744512e-01
   1.5240980443744512e-01
   1.5240980443744509e-01
   1.5240980443744506e-01
   1.5240980443744503e-01
   1.5240980443744503e-01
   1.5240980443744501e-01
   1.5240980443744498e-01
   1.5240980443744498e-01
   1.5240980443744495e-01
   1.5240980443744492e-01
   1.5240980443744492e-01
   1.5240980443744490e-01
   1.5240980443744490e-01
   1.5240980443744487e-01
   1.5240980443744481e-01
   1.5240980443744481e-01
   1.5240980443744478e-01
   1.5240980443744478e-01
   1.5240980443744476e-01
   1.5240980443744476e-01
   1.5240980443744476e-01
   1.5240980443744473e-01
   1.5240980443744473e-01
   1.5240980443744470e-01
   1.5240980443744470e-01
   1.5240980443744470e-01
   1.5240980443744467e-01
   1.5240980443744467e-01
   1.5240980443744467e-01
   1.5240980443744465e-01
   1.5240980443744465e-01
   1.5240980443744465e-01
   1.5240980443744462e-01
   1.5240980443744462e-01
   1.5240980443744462e-01
   1.5240980443744462e-01
   1.5240980443744462e-01
   1.5240980443744459e-01
   1.5240980443744459e-01
   1.5240980443744459e-01
   1.5240980443744459e-01
   1.5240980443744459e-01
   1.5240980443744459e-01
   1.5240980443744459e-01
   1.5240980443744459e-01
   1.5240980443744459e-01
   1.5240980443744459e-01
   1.5240980443744459e-01
   1.5240980443744459e-01
   1.5240980443744459e-01
   1.5240980443744459e-01
   1.5240980443744459e-01
   1.5240980443744459e-01
   1.5240980443744459e-01
   1.5240980443744459e-01
   1.5240980443744459e-01
   1.5240980443744459e-01
   1.5240980443744459e-01
   1.5240980443744462e-01
   1.5240980443744462e-01
   1.5240980443744462e-01
   1.5240980443744462e-01
   1.5240980443744467e-01
   1.5240980443744467e-01
   1.5240980443744467e-01
   1.5240980443744467e-01
   1.5240980443744470e-01
   1.5240980443744470e-01
   1.5240980443744470e-01
   1.5240980443744473e-01
   1.5240980443744473e-01
   1.5240980443744476e-01
   1.5240980443744476e-01
   1.5240980443744478e-01
   1.5240980443744478e-01
   1.5240980443744478e-01
   1.5240980443744481e-01
   1.5240980443744481e-01
   1.5240980443744484e-01
   1.5240980443744484e-01
   1.5240980443744487e-01
   1.5240980443744490e-01
   1.5240980443744490e-01
   1.5240980443744492e-01
   1.5240980443744492e-01
   1.5240980443744495e-01
   1.5240980443744498e-01
   1.5240980443744498e-01
   1.5240980443744501e-01
   1.5240980443744503e-01
   1.5240980443744503e-01
   1.5240980443744506e-01
   1.5240980443744509e-01
   1.5240980443744512e-01
   1.5240980443744512e-01
   1.5240980443744515e-01
   1.5240980443744517e-01
   1.5240980443744520e-01
   1.5240980443744523e-01
   1.5240980443744526e-01
   1.5240980443744526e-01
   1.5240980443744528e-01
   1.5240980443744534e-01
   1.5240980443744537e-01
   1.5240980443744540e-01
   1.5240980443744542e-01
   1.5240980443744545e-01
   1.5240980443744548e-01
   1.5240980443744551e-01
   1.5240980443744553e-01
   1.5240980443744556e-01
   1.5240980443744559e-01
   1.5240980443744562e-01
   1.5240980443744565e-01
   1.5240980443744567e-01
   1.5240980443744570e-01
   1.5240980443744573e-01
   1.5240980443744578e-01
   1.5240980443744581e-01
   1.5240980443744584e-01
   1.5240980443744587e-01
   1.5240980443744589e-01
   1.5240980443744595e-01
   1.5240980443744598e-01
   1.5240980443744601e-01
   1.5240980443744603e-01
   1.5240980443744606e-01
   1.5240980443744612e-01
   1.5240980443744614e-01
   1.5240980443744617e-01
   1.5240980443744623e-01
   1.5240980443744626e-01
   1.5240980443744628e-01
   1.5240980443744634e-01
   1.5240980443744637e-01
   1.5240980443744639e-01
   1.5240980443744645e-01
   1.5240980443744648e-01
   1.5240980443744653e-01
   1.5240980443744656e-01
   1.5240980443744662e-01
   1.5240980443744664e-01
   1.5240980443744667e-01
   1.5240980443744673e-01
   1.5240980443744676e-01
   1.5240980443744681e-01
   1.5240980443744684e-01
   1.5240980443744689e-01
   1.5240980443744692e-01
   1.5240980443744695e-01
   1.5240980443744698e-01
   1.5240980443744701e-01
   1.5240980443744706e-01
   1.5240980443744709e-01
   1.5240980443744712e-01
   1.5240980443744714e-01
   1.5240980443744717e-01
   1.5240980443744720e-01
   1.5240980443744723e-01
   1.5240980443744728e-01
   1.5240980443744731e-01
   1.5240980443744734e-01
   1.5240980443744737e-01
   1.5240980443744739e-01
   1.5240980443744745e-01
   1.5240980443744748e-01
   1.5240980443744750e-01
   1.5240980443744753e-01
   1.5240980443744756e-01
   1.5240980443744762e-01
   1.5240980443744764e-01
   1.5240980443744767e-01
   1.5240980443744773e-01
   1.5240980443744775e-01
   1.5240980443744778e-01
   1.5240980443744781e-01
   1.5240980443744787e-01
   1.5240980443744789e-01
   1.5240980443744792e-01
   1.5240980443744798e-01
   1.5240980443744800e-01
   1.5240980443744803e-01
   1.5240980443744809e-01
   1.5240980443744812e-01
   1.5240980443744814e-01
   1.5240980443744820e-01
   1.5240980443744823e-01
   1.5240980443744825e-01
   1.5240980443744831e-01
   1.5240980443744834e-01
   1.5240980443744839e-01
   1.5240980443744842e-01
   1.5240980443744845e-01
   1.5240980443744850e-01
   1.5240980443744853e-01
   1.5240980443744859e-01
   1.5240980443744861e-01
   1.5240980443744867e-01
   1.5240980443744870e-01
   1.5240980443744873e-01
   1.5240980443744878e-01
   1.5240980443744881e-01
   1.5240980443744886e-01
   1.5240980443744889e-01
   1.5240980443744895e-01
   1.5240980443744898e-01
   1.5240980443744903e-01
   1.5240980443744906e-01
   1.5240980443744911e-01
   1.5240980443744914e-01
   1.5240980443744917e-01
   1.5240980443744923e-01
   1.5240980443744925e-01
   1.5240980443744931e-01
   1.5240980443744934e-01
   1.5240980443744939e-01
   1.5240980443744942e-01
   1.5240980443744948e-01
   1.5240980443744950e-01
   1.5240980443744956e-01
   1.5240980443744959e-01
   1.5240980443744964e-01
   1.5240980443744967e-01
   1.5240980443744973e-01
   1.5240980443744975e-01
   1.5240980443744981e-01
   1.5240980443744984e-01
   1.5240980443744989e-01
   1.5240980443744992e-01
   1.5240980443744997e-01
   1.5240980443745000e-01
   1.5240980443745006e-01
   1.5240980443745009e-01
   1.5240980443745014e-01
   1.5240980443745017e-01
   1.5240980443745022e-01
   1.5240980443745028e-01
   1.5240980443745031e-01
   1.5240980443745036e-01
   1.5240980443745039e-01
   1.5240980443745045e-01
   1.5240980443745047e-01
   1.5240980443745053e-01
   1.5240980443745056e-01
   1.5240980443745061e-01
   1.5240980443745064e-01
   1.5240980443745070e-01
   1.5240980443745072e-01
   1.5240980443745075e-01
   1.5240980443745081e-01
   1.5240980443745084e-01
   1.5240980443745089e-01
   1.5240980443745092e-01
   1.5240980443745097e-01
   1.5240980443745100e-01
   1.5240980443745106e-01
   1.5240980443745109e-01
   1.5240980443745114e-01
   1.5240980443745117e-01
   1.5240980443745122e-01
   1.5240980443745125e-01
   1.5240980443745131e-01
   1.5240980443745133e-01
   1.5240980443745136e-01
   1.5240980443745142e-01
   1.5240980443745145e-01
   1.5240980443745150e-01
   1.5240980443745153e-01
   1.5240980443745158e-01
   1.5240980443745161e-01
   1.5240980443745164e-01
   1.5240980443745170e-01
   1.5240980443745172e-01
   1.5240980443745178e-01
   1.5240980443745181e-01
   1.5240980443745183e-01
   1.5240980443745197e-01
   1.5240980443745200e-01
   1.5240980443745203e-01
   1.5240980443745206e-01
   1.5240980443745208e-01
   1.5240980443745208e-01
   1.5240980443745211e-01
   1.5240980443745214e-01
   1.5240980443745217e-01
   1.5240980443745220e-01
   1.5240980443745222e-01
   1.5240980443745225e-01
   1.5240980443745228e-01
   1.5240980443745231e-01
   1.5240980443745231e-01
   1.5240980443745233e-01
   1.5240980443745233e-01
   1.5240980443745236e-01
   1.5240980443745239e-01
   1.5240980443745242e-01
   1.5240980443745242e-01
   1.5240980443745245e-01
   1.5240980443745247e-01
   1.5240980443745250e-01
   1.5240980443745253e-01
   1.5240980443745253e-01
   1.5240980443745256e-01
   1.5240980443745258e-01
   1.5240980443745261e-01
   1.5240980443745261e-01
   1.5240980443745264e-01
   1.5240980443745267e-01
   1.5240980443745267e-01
   1.5240980443745270e-01
   1.5240980443745272e-01
   1.5240980443745275e-01
   1.5240980443745275e-01
   1.5240980443745278e-01
   1.5240980443745281e-01
   1.5240980443745281e-01
   1.5240980443745283e-01
   1.5240980443745281e-01
   1.5240980443745283e-01
   1.5240980443745286e-01
   1.5240980443745286e-01
   1.5240980443745289e-01
   1.5240980443745289e-01
   1.5240980443745292e-01
   1.5240980443745294e-01
   1.5240980443745294e-01
   1.5240980443745297e-01
   1.5240980443745297e-01
   1.5240980443745300e-01
   1.5240980443745300e-01
   1.5240980443745303e-01
   1.5240980443745303e-01
   1.5240980443745306e-01
   1.5240980443745306e-01
   1.5240980443745308e-01
   1.5240980443745308e-01
   1.5240980443745308e-01
   1.5240980443745308e-01
   1.5240980443745311e-01
   1.5240980443745311e-01
   1.5240980443745314e-01
   1.5240980443745314e-01
   1.5240980443745314e-01
   1.5240980443745317e-01
   1.5240980443745317e-01
   1.5240980443745319e-01
   1.5240980443745319e-01
   1.5240980443745319e-01
   1.5240980443745322e-01
   1.5240980443745322e-01
   1.5240980443745322e-01
   1.5240980443745325e-01
   1.5240980443745325e-01
   1.5240980443745325e-01
   1.5240980443745325e-01
   1.5240980443745328e-01
   1.5240980443745328e-01
   1.5240980443745328e-01
   1.5240980443745328e-01
   1.5240980443745328e-01
   1.5240980443745331e-01
   1.5240980443745331e-01
   1.5240980443745328e-01
   1.5240980443745328e-01
   1.5240980443745328e-01
   1.5240980443745328e-01
   1.5240980443745331e-01
   1.5240980443745331e-01
   1.5240980443745331e-01
   1.5240980443745331e-01
   1.5240980443745331e-01
   1.5240980443745331e-01
   1.5240980443745331e-01
   1.5240980443745331e-01
   1.5240980443745331e-01
   1.5240980443745331e-01
   1.5240980443745331e-01
   1.5240980443745331e-01
   1.5240980443745331e-01
   1.5240980443745331e-01
   1.5240980443745331e-01
   1.5240980443745331e-01
   1.5240980443745331e-01
   1.5240980443745331e-01
   1.5240980443745331e-01
   1.5240980443745328e-01
   1.5240980443745331e-01
   1.5240980443745331e-01
   1.5240980443745331e-01
   1.5240980443745331e-01
   1.5240980443745331e-01
   1.5240980443745328e-01
   1.5240980443745328e-01
   1.5240980443745328e-01
   1.5240980443745328e-01
   1.5240980443745328e-01
   1.5240980443745325e-01
   1.5240980443745325e-01
   1.5240980443745325e-01
   1.5240980443745325e-01
   1.5240980443745322e-01
   1.5240980443745322e-01
   1.5240980443745322e-01
   1.5240980443745319e-01
   1.5240980443745319e-01
   1.5240980443745319e-01
   1.5240980443745317e-01
   1.5240980443745317e-01
   1.5240980443745317e-01
   1.5240980443745314e-01
   1.5240980443745314e-01
   1.5240980443745311e-01
   1.5240980443745311e-01
   1.5240980443745308e-01
   1.5240980443745308e-01
   1.5240980443745311e-01
   1.5240980443745308e-01
   1.5240980443745308e-01
   1.5240980443745306e-01
   1.5240980443745306e-01
   1.5240980443745303e-01
   1.5240980443745303e-01
   1.5240980443745300e-01
   1.5240980443745300e-01
   1.5240980443745297e-01
   1.5240980443745294e-01
   1.5240980443745294e-01
   1.5240980443745292e-01
   1.5240980443745292e-01
   1.5240980443745289e-01
   1.5240980443745289e-01
   1.5240980443745286e-01
   1.5240980443745283e-01
   1.5240980443745283e-01
   1.5240980443745281e-01
   1.5240980443745278e-01
   1.5240980443745281e-01
   1.5240980443745278e-01
   1.5240980443745275e-01
   1.5240980443745275e-01
   1.5240980443745272e-01
   1.5240980443745270e-01
   1.5240980443745270e-01
   1.5240980443745267e-01
   1.5240980443745264e-01
   1.5240980443745264e-01
   1.5240980443745261e-01
   1.5240980443745258e-01
   1.5240980443745256e-01
   1.5240980443745256e-01
   1.5240980443745253e-01
   1.5240980443745250e-01
   1.5240980443745247e-01
   1.5240980443745245e-01
   1.5240980443745245e-01
   1.5240980443745242e-01
   1.5240980443745239e-01
   1.5240980443745236e-01
   1.5240980443745233e-01
   1.5240980443745233e-01
   1.5240980443745231e-01
   1.5240980443745231e-01
   1.5240980443745228e-01
   1.5240980443745225e-01
   1.5240980443745222e-01
   1.5240980443745220e-01
   1.5240980443745220e-01
   1.5240980443745217e-01
   1.5240980443745214e-01
   1.5240980443745211e-01
   1.5240980443745208e-01
   1.5240980443745206e-01
   1.5240980443745203e-01
   1.5240980443745200e-01
   1.5240980443745197e-01
   1.5240980443745195e-01
   1.5240980443745192e-01
   1.5240980443745189e-01
