   1.9410259998750098e-01
   2.0155512251069299e-01
   2.1003978769468820e-01
   2.1958590505539782e-01
   2.3022435656758594e-01
   2.4198682661742379e-01
   2.5490483347669207e-01
   2.6900852303615674e-01
   2.8432518151878972e-01
   3.0087742115035204e-01
   3.1868099228472790e-01
   3.3774217862613343e-01
   3.5805474075210458e-01
   3.7959638936347501e-01
   4.0232479621061756e-01
   4.2617319032049489e-01
   4.5104564265116409e-01
   4.7681221545777397e-01
   5.0330424343397528e-01
   5.3031011883149604e-01
   5.5757206415183547e-01
   5.8478447915473319e-01
   6.1159452206885367e-01
   6.3760559960224406e-01
   6.6238436472122741e-01
   6.8547162627389668e-01
   7.0639724424398709e-01
   7.2469862697430398e-01
   7.3994190462077736e-01
   7.5174430639509204e-01
   7.5979582686405267e-01
   7.6387804455907982e-01
   7.6387804455907993e-01
   7.5979582686405300e-01
   7.5174430639509271e-01
   7.3994190462077813e-01
   7.2469862697430509e-01
   7.0639724424398831e-01
   6.8547162627389813e-01
   6.6238436472122897e-01
   6.3760559960224572e-01
   6.1159452206885534e-01
   5.8478447915473497e-01
   5.5757206415183724e-01
   5.3031011883149781e-01
   5.0330424343397706e-01
   4.7681221545777563e-01
   4.5104564265116576e-01
   4.2617319032049650e-01
   4.0232479621061906e-01
   3.7959638936347651e-01
   3.5805474075210592e-01
   3.3774217862613465e-01
   3.1868099228472913e-01
   3.0087742115035310e-01
   2.8432518151879071e-01
   2.6900852303615758e-01
   2.5490483347669274e-01
   2.4198682661742438e-01
   2.3022435656758641e-01
   2.1958590505539821e-01
   2.1003978769468848e-01
   2.0155512251069316e-01
   1.9410259998750104e-01
   1.8431146417967864e-01
   1.7218049148782444e-01
   1.6100213212318068e-01
   1.5072653304505537e-01
   1.4130573374891806e-01
   1.3269408217381407e-01
   1.2484852818321795e-01
   1.1772882145282995e-01
   1.1129763580791249e-01
   1.0552063796097581e-01
   1.0036651515735952e-01
   9.5806973372958945e-02
   9.1816715350234834e-02
   8.8373405831847884e-02
   8.5457629786820186e-02
   8.3052848159923309e-02
   8.1145354656373667e-02
   7.9724236253505637e-02
   7.8781339468166303e-02
   7.8311243868176394e-02
   7.8311243868176408e-02
   7.8781339468166331e-02
   7.9724236253505665e-02
   8.1145354656373722e-02
   8.3052848159923379e-02
   8.5457629786820255e-02
   8.8373405831847968e-02
   9.1816715350234931e-02
   9.5806973372959042e-02
   1.0036651515735960e-01
   1.0552063796097592e-01
   1.1129763580791260e-01
   1.1772882145283009e-01
   1.2484852818321808e-01
   1.3269408217381420e-01
   1.4130573374891822e-01
   1.5072653304505554e-01
   1.6100213212318087e-01
   1.7218049148782463e-01
   1.8431146417967884e-01
   1.9410259998750126e-01
   2.0155512251069352e-01
   2.1003978769468901e-01
   2.1958590505539885e-01
   2.3022435656758722e-01
   2.4198682661742535e-01
   2.5490483347669385e-01
   2.6900852303615885e-01
   2.8432518151879210e-01
   3.0087742115035465e-01
   3.1868099228473079e-01
   3.3774217862613648e-01
   3.5805474075210786e-01
   3.7959638936347856e-01
   4.0232479621062128e-01
   4.2617319032049877e-01
   4.5104564265116814e-01
   4.7681221545777813e-01
   5.0330424343397950e-01
   5.3031011883150037e-01
   5.5757206415183991e-01
   5.8478447915473752e-01
   6.1159452206885789e-01
   6.3760559960224805e-01
   6.6238436472123108e-01
   6.8547162627390001e-01
   7.0639724424399009e-01
   7.2469862697430631e-01
   7.3994190462077913e-01
   7.5174430639509326e-01
   7.5979582686405323e-01
   7.6387804455907971e-01
   7.6387804455907915e-01
   7.5979582686405167e-01
   7.5174430639509060e-01
   7.3994190462077569e-01
   7.2469862697430198e-01
   7.0639724424398509e-01
   6.8547162627389435e-01
   6.6238436472122497e-01
   6.3760559960224161e-01
   6.1159452206885112e-01
   5.8478447915473075e-01
   5.5757206415183302e-01
   5.3031011883149370e-01
   5.0330424343397295e-01
   4.7681221545777169e-01
   4.5104564265116204e-01
   4.2617319032049295e-01
   4.0232479621061573e-01
   3.7959638936347340e-01
   3.5805474075210314e-01
   3.3774217862613209e-01
   3.1868099228472679e-01
   3.0087742115035104e-01
   2.8432518151878888e-01
   2.6900852303615597e-01
   2.5490483347669141e-01
   2.4198682661742327e-01
   2.3022435656758555e-01
   2.1958590505539757e-01
   2.1003978769468809e-01
   2.0155512251069299e-01
   1.9410259998750110e-01
