  -3.7989423758876317e-01
  -3.7786814065208696e-01
  -3.7591278621413726e-01
  -3.6964579307384282e-01
  -3.6164935893859290e-01
  -3.5685746937281920e-01
  -3.5419397555851179e-01
  -3.5221852826898387e-01
  -3.5130193426549539e-01
  -3.5049172045289978e-01
  -3.4922178195652748e-01
  -3.4858320493325529e-01
  -3.4845907528310655e-01
  -3.4847266448331360e-01
  -3.4876852498047362e-01
  -3.4943679828925628e-01
  -3.5046501458199980e-01
  -3.5180882748039605e-01
  -3.5341564560165295e-01
  -3.5525947406225622e-01
  -3.5733495427662204e-01
