   4.8344462499461155e-01
   4.7807371087679851e-01
   4.7224305706826486e-01
   4.6600871130804672e-01
   4.5942854828690766e-01
   4.5256138115488970e-01
   4.4546613531951862e-01
   4.3820110098397619e-01
   4.3082327596101710e-01
   4.2338780554222283e-01
   4.1594752184432809e-01
   4.0855258126594973e-01
   4.0125019557066738e-01
   3.9408444970467760e-01
   3.8709619774546694e-01
   3.8032302730881190e-01
   3.7379928223490444e-01
   3.6755613333571857e-01
   3.6162168731528344e-01
   3.5602112457572066e-01
   3.5077685740655490e-01
   3.4590870094654269e-01
   3.4143405024306334e-01
   3.3736805766455186e-01
   3.3372380580995847e-01
   3.3051247188071320e-01
   3.2774348021993210e-01
   3.2542464037347540e-01
   3.2356226858723319e-01
   3.2216129112882602e-01
   3.2122532821754718e-01
   3.2075675767415879e-01
   3.2075675767415879e-01
   3.2122532821754718e-01
   3.2216129112882602e-01
   3.2356226858723319e-01
   3.2542464037347540e-01
   3.2774348021993210e-01
   3.3051247188071320e-01
   3.3372380580995847e-01
   3.3736805766455186e-01
   3.4143405024306334e-01
   3.4590870094654264e-01
   3.5077685740655484e-01
   3.5602112457572066e-01
   3.6162168731528338e-01
   3.6755613333571852e-01
   3.7379928223490438e-01
   3.8032302730881179e-01
   3.8709619774546694e-01
   3.9408444970467754e-01
   4.0125019557066732e-01
   4.0855258126594979e-01
   4.1594752184432809e-01
   4.2338780554222277e-01
   4.3082327596101705e-01
   4.3820110098397613e-01
   4.4546613531951862e-01
   4.5256138115488964e-01
   4.5942854828690760e-01
   4.6600871130804672e-01
   4.7224305706826486e-01
   4.7807371087679856e-01
   4.8344462499461160e-01
   4.9082176579846348e-01
   5.0010720370985362e-01
   5.0867809106850292e-01
   5.1643421933650868e-01
   5.2328104301679468e-01
   5.2913200454896370e-01
   5.3391080493742982e-01
   5.3755351499214443e-01
   5.4001042172506430e-01
   5.4124751210952371e-01
   5.4124751210952371e-01
   5.4001042172506430e-01
   5.3755351499214443e-01
   5.3391080493742982e-01
   5.2913200454896381e-01
   5.2328104301679468e-01
   5.1643421933650868e-01
   5.0867809106850292e-01
   5.0010720370985373e-01
   4.9082176579846354e-01
   4.8344462499461172e-01
   4.7807371087679862e-01
   4.7224305706826492e-01
   4.6600871130804677e-01
   4.5942854828690766e-01
   4.5256138115488970e-01
   4.4546613531951856e-01
   4.3820110098397602e-01
   4.3082327596101694e-01
   4.2338780554222261e-01
   4.1594752184432787e-01
   4.0855258126594945e-01
   4.0125019557066710e-01
   3.9408444970467721e-01
   3.8709619774546655e-01
   3.8032302730881146e-01
   3.7379928223490405e-01
   3.6755613333571813e-01
   3.6162168731528299e-01
   3.5602112457572022e-01
   3.5077685740655440e-01
   3.4590870094654225e-01
   3.4143405024306284e-01
   3.3736805766455141e-01
   3.3372380580995797e-01
   3.3051247188071270e-01
   3.2774348021993160e-01
   3.2542464037347490e-01
   3.2356226858723264e-01
   3.2216129112882547e-01
   3.2122532821754662e-01
   3.2075675767415823e-01
   3.2075675767415823e-01
   3.2122532821754662e-01
   3.2216129112882547e-01
   3.2356226858723264e-01
   3.2542464037347490e-01
   3.2774348021993155e-01
   3.3051247188071275e-01
   3.3372380580995797e-01
   3.3736805766455141e-01
   3.4143405024306289e-01
   3.4590870094654225e-01
   3.5077685740655440e-01
   3.5602112457572027e-01
   3.6162168731528305e-01
   3.6755613333571813e-01
   3.7379928223490405e-01
   3.8032302730881151e-01
   3.8709619774546661e-01
   3.9408444970467726e-01
   4.0125019557066710e-01
   4.0855258126594951e-01
   4.1594752184432793e-01
   4.2338780554222266e-01
   4.3082327596101699e-01
   4.3820110098397608e-01
   4.4546613531951862e-01
   4.5256138115488975e-01
   4.5942854828690760e-01
   4.6600871130804677e-01
   4.7224305706826497e-01
   4.7807371087679862e-01
   4.8344462499461177e-01
