   4.3849644312236880e-01
   4.3721203219089166e-01
   4.3578550279270950e-01
   4.3422778018653690e-01
   4.3255067725096030e-01
   4.3076677595725865e-01
   4.2888930507225259e-01
   4.2693201601139646e-01
   4.2490905866351658e-01
   4.2283485886990552e-01
   4.2072399906956909e-01
   4.1859110342752082e-01
   4.1645072855242732e-01
   4.1431726069166502e-01
   4.1220482007339843e-01
   4.1012717285324213e-01
   4.0809765092304578e-01
   4.0612907965586020e-01
   4.0423371349762327e-01
   4.0242317917488102e-01
   4.0070842617024566e-01
   3.9909968402375651e-01
   3.9760642594850248e-01
   3.9623733820188645e-01
   3.9500029462834108e-01
   3.9390233578341866e-01
   3.9294965206102617e-01
   3.9214757027309566e-01
   3.9150054317210636e-01
   3.9101214145954666e-01
   3.9068504788568503e-01
   3.9052105311604668e-01
   3.9052105311604668e-01
   3.9068504788568509e-01
   3.9101214145954671e-01
   3.9150054317210642e-01
   3.9214757027309577e-01
   3.9294965206102622e-01
   3.9390233578341871e-01
   3.9500029462834113e-01
   3.9623733820188656e-01
   3.9760642594850265e-01
   3.9909968402375667e-01
   4.0070842617024577e-01
   4.0242317917488113e-01
   4.0423371349762344e-01
   4.0612907965586031e-01
   4.0809765092304601e-01
   4.1012717285324229e-01
   4.1220482007339859e-01
   4.1431726069166519e-01
   4.1645072855242748e-01
   4.1859110342752093e-01
   4.2072399906956925e-01
   4.2283485886990568e-01
   4.2490905866351675e-01
   4.2693201601139658e-01
   4.2888930507225276e-01
   4.3076677595725876e-01
   4.3255067725096047e-01
   4.3422778018653702e-01
   4.3578550279270961e-01
   4.3721203219089178e-01
   4.3849644312236891e-01
   4.4021604710470635e-01
   4.4235121582862391e-01
   4.4429720866981326e-01
   4.4603786149499686e-01
   4.4755854475920581e-01
   4.4884634497592080e-01
   4.4989022917159194e-01
   4.5068118853704248e-01
   4.5121235785799874e-01
   4.5147910780850536e-01
   4.5147910780850536e-01
   4.5121235785799879e-01
   4.5068118853704259e-01
   4.4989022917159210e-01
   4.4884634497592096e-01
   4.4755854475920603e-01
   4.4603786149499713e-01
   4.4429720866981359e-01
   4.4235121582862424e-01
   4.4021604710470669e-01
   4.3849644312236913e-01
   4.3721203219089189e-01
   4.3578550279270978e-01
   4.3422778018653713e-01
   4.3255067725096058e-01
   4.3076677595725876e-01
   4.2888930507225270e-01
   4.2693201601139652e-01
   4.2490905866351664e-01
   4.2283485886990552e-01
   4.2072399906956909e-01
   4.1859110342752071e-01
   4.1645072855242715e-01
   4.1431726069166491e-01
   4.1220482007339826e-01
   4.1012717285324191e-01
   4.0809765092304556e-01
   4.0612907965585987e-01
   4.0423371349762299e-01
   4.0242317917488063e-01
   4.0070842617024532e-01
   3.9909968402375617e-01
   3.9760642594850210e-01
   3.9623733820188611e-01
   3.9500029462834063e-01
   3.9390233578341821e-01
   3.9294965206102567e-01
   3.9214757027309521e-01
   3.9150054317210597e-01
   3.9101214145954627e-01
   3.9068504788568453e-01
   3.9052105311604624e-01
   3.9052105311604624e-01
   3.9068504788568459e-01
   3.9101214145954633e-01
   3.9150054317210603e-01
   3.9214757027309527e-01
   3.9294965206102578e-01
   3.9390233578341832e-01
   3.9500029462834080e-01
   3.9623733820188628e-01
   3.9760642594850226e-01
   3.9909968402375634e-01
   4.0070842617024549e-01
   4.0242317917488091e-01
   4.0423371349762321e-01
   4.0612907965586015e-01
   4.0809765092304584e-01
   4.1012717285324218e-01
   4.1220482007339848e-01
   4.1431726069166519e-01
   4.1645072855242748e-01
   4.1859110342752098e-01
   4.2072399906956931e-01
   4.2283485886990579e-01
   4.2490905866351691e-01
   4.2693201601139674e-01
   4.2888930507225292e-01
   4.3076677595725898e-01
   4.3255067725096075e-01
   4.3422778018653729e-01
   4.3578550279271000e-01
   4.3721203219089211e-01
   4.3849644312236924e-01
