   4.5738851021059296e-01
   4.5461795245350728e-01
   4.5156732205771211e-01
   4.4826256190424618e-01
   4.4473122764955803e-01
   4.4100213847666447e-01
   4.3710503122043665e-01
   4.3307022468410367e-01
   4.2892830005226568e-01
   4.2470980227794913e-01
   4.2044496623476768e-01
   4.1616347033281709e-01
   4.1189421924422276e-01
   4.0766515640828904e-01
   4.0350310611454770e-01
   3.9943364421286276e-01
   3.9548099588254909e-01
   3.9166795840900370e-01
   3.8801584656215382e-01
   3.8454445793683550e-01
   3.8127205548846616e-01
   3.7821536446353399e-01
   3.7538958096819997e-01
   3.7280838952454909e-01
   3.7048398711852765e-01
   3.6842711143355689e-01
   3.6664707117817058e-01
   3.6515177664563619e-01
   3.6394776888116931e-01
   3.6304024607266561e-01
   3.6243308602018420e-01
   3.6212886377555636e-01
   3.6212886377555636e-01
   3.6243308602018420e-01
   3.6304024607266561e-01
   3.6394776888116931e-01
   3.6515177664563614e-01
   3.6664707117817058e-01
   3.6842711143355694e-01
   3.7048398711852770e-01
   3.7280838952454914e-01
   3.7538958096820002e-01
   3.7821536446353399e-01
   3.8127205548846621e-01
   3.8454445793683562e-01
   3.8801584656215388e-01
   3.9166795840900376e-01
   3.9548099588254920e-01
   3.9943364421286287e-01
   4.0350310611454776e-01
   4.0766515640828910e-01
   4.1189421924422281e-01
   4.1616347033281714e-01
   4.2044496623476774e-01
   4.2470980227794919e-01
   4.2892830005226579e-01
   4.3307022468410383e-01
   4.3710503122043676e-01
   4.4100213847666458e-01
   4.4473122764955814e-01
   4.4826256190424629e-01
   4.5156732205771216e-01
   4.5461795245350733e-01
   4.5738851021059301e-01
   4.6113411660351927e-01
   4.6580904732782913e-01
   4.7009027932500769e-01
   4.7393652295130018e-01
   4.7730980230089159e-01
   4.8017611899363127e-01
   4.8250607218033920e-01
   4.8427541400516599e-01
   4.8546552100541768e-01
   4.8606376424008607e-01
   4.8606376424008613e-01
   4.8546552100541779e-01
   4.8427541400516616e-01
   4.8250607218033947e-01
   4.8017611899363155e-01
   4.7730980230089198e-01
   4.7393652295130062e-01
   4.7009027932500813e-01
   4.6580904732782968e-01
   4.6113411660351988e-01
   4.5738851021059351e-01
   4.5461795245350778e-01
   4.5156732205771255e-01
   4.4826256190424657e-01
   4.4473122764955841e-01
   4.4100213847666470e-01
   4.3710503122043681e-01
   4.3307022468410378e-01
   4.2892830005226573e-01
   4.2470980227794908e-01
   4.2044496623476757e-01
   4.1616347033281681e-01
   4.1189421924422248e-01
   4.0766515640828871e-01
   4.0350310611454732e-01
   3.9943364421286232e-01
   3.9548099588254854e-01
   3.9166795840900309e-01
   3.8801584656215310e-01
   3.8454445793683484e-01
   3.8127205548846532e-01
   3.7821536446353310e-01
   3.7538958096819908e-01
   3.7280838952454826e-01
   3.7048398711852676e-01
   3.6842711143355594e-01
   3.6664707117816958e-01
   3.6515177664563520e-01
   3.6394776888116831e-01
   3.6304024607266455e-01
   3.6243308602018315e-01
   3.6212886377555537e-01
   3.6212886377555537e-01
   3.6243308602018315e-01
   3.6304024607266461e-01
   3.6394776888116837e-01
   3.6515177664563525e-01
   3.6664707117816969e-01
   3.6842711143355600e-01
   3.7048398711852681e-01
   3.7280838952454831e-01
   3.7538958096819924e-01
   3.7821536446353315e-01
   3.8127205548846543e-01
   3.8454445793683489e-01
   3.8801584656215315e-01
   3.9166795840900320e-01
   3.9548099588254870e-01
   3.9943364421286243e-01
   4.0350310611454743e-01
   4.0766515640828882e-01
   4.1189421924422259e-01
   4.1616347033281692e-01
   4.2044496623476768e-01
   4.2470980227794913e-01
   4.2892830005226579e-01
   4.3307022468410389e-01
   4.3710503122043692e-01
   4.4100213847666475e-01
   4.4473122764955847e-01
   4.4826256190424668e-01
   4.5156732205771261e-01
   4.5461795245350783e-01
   4.5738851021059357e-01
