   6.5303745004557767e-01
   6.6891221698424874e-01
   6.8403315397463316e-01
   6.9810334419955755e-01
   7.1082965512326424e-01
   7.2193267714499043e-01
   7.3115736482427407e-01
   7.3828370416244116e-01
   7.4313662104362288e-01
   7.4559432041344631e-01
   7.4559432041344631e-01
   7.4313662104362288e-01
   7.3828370416244116e-01
   7.3115736482427396e-01
   7.2193267714499043e-01
   7.1082965512326424e-01
   6.9810334419955744e-01
   6.8403315397463316e-01
   6.6891221698424863e-01
   6.5303745004557767e-01
   6.3875994715578988e-01
   6.2631958845286495e-01
   6.1386404773517500e-01
   6.0158839919951212e-01
   5.8967341461819622e-01
   5.7828386764006556e-01
   5.6756761807498657e-01
   5.5765534020558238e-01
   5.4866074995024550e-01
   5.4068118831165801e-01
   5.3379842935935662e-01
   5.2807959674521543e-01
   5.2357809079590767e-01
   5.2033444664764916e-01
   5.1837706146484741e-01
   5.1772274489923131e-01
   5.1837706146484741e-01
   5.2033444664764916e-01
   5.2357809079590767e-01
   5.2807959674521543e-01
   5.3379842935935662e-01
   5.4068118831165801e-01
   5.4866074995024561e-01
   5.5765534020558238e-01
   5.6756761807498657e-01
   5.7828386764006556e-01
   5.8967341461819611e-01
   6.0158839919951201e-01
   6.1386404773517500e-01
   6.2631958845286495e-01
   6.3875994715578988e-01
   6.3964583413145160e-01
   6.2896206187194037e-01
   6.1822019040777776e-01
   6.0759133358093298e-01
   5.9723615122817186e-01
   5.8730302972182746e-01
   5.7792688908782375e-01
   5.6922852981052074e-01
   5.6131441885579636e-01
   5.5427681036876597e-01
   5.4819409971267496e-01
   5.4313131779958779e-01
   5.3914068407091376e-01
   5.3626214946345130e-01
   5.3452387413306446e-01
   5.3394259791331311e-01
   5.3452387413306446e-01
   5.3626214946345130e-01
   5.3914068407091376e-01
   5.4313131779958779e-01
   5.4819409971267496e-01
   5.5427681036876597e-01
   5.6131441885579636e-01
   5.6922852981052074e-01
   5.7792688908782375e-01
   5.8730302972182746e-01
   5.9723615122817186e-01
   6.0759133358093298e-01
   6.1822019040777787e-01
   6.2896206187194037e-01
   6.3964583413145160e-01
   6.3964583413145160e-01
   6.2896206187194048e-01
   6.1822019040777820e-01
   6.0759133358093353e-01
   5.9723615122817253e-01
   5.8730302972182835e-01
   5.7792688908782486e-01
   5.6922852981052197e-01
   5.6131441885579769e-01
   5.5427681036876753e-01
   5.4819409971267663e-01
   5.4313131779958945e-01
   5.3914068407091553e-01
   5.3626214946345307e-01
   5.3452387413306635e-01
   5.3394259791331500e-01
   5.3452387413306635e-01
   5.3626214946345319e-01
   5.3914068407091553e-01
   5.4313131779958956e-01
   5.4819409971267674e-01
   5.5427681036876764e-01
   5.6131441885579791e-01
   5.6922852981052208e-01
   5.7792688908782497e-01
   5.8730302972182857e-01
   5.9723615122817275e-01
   6.0759133358093376e-01
   6.1822019040777831e-01
   6.2896206187194070e-01
   6.3964583413145182e-01
   6.5303745004557801e-01
   6.6891221698424930e-01
   6.8403315397463405e-01
   6.9810334419955866e-01
   7.1082965512326568e-01
   7.2193267714499210e-01
   7.3115736482427585e-01
   7.3828370416244327e-01
   7.4313662104362510e-01
   7.4559432041344853e-01
   7.4559432041344853e-01
   7.4313662104362499e-01
   7.3828370416244327e-01
   7.3115736482427585e-01
   7.2193267714499210e-01
   7.1082965512326568e-01
   6.9810334419955866e-01
   6.8403315397463405e-01
   6.6891221698424908e-01
   6.5303745004557789e-01
