   6.5438403240228560e-01
   6.7168533360070615e-01
   6.8819365340100047e-01
   7.0358051278162259e-01
   7.1751949375935142e-01
   7.2969764933374093e-01
   7.3982788357491491e-01
   7.4766149463926224e-01
   7.5299992369345525e-01
   7.5570470644151100e-01
   7.5570470644151100e-01
   7.5299992369345514e-01
   7.4766149463926224e-01
   7.3982788357491469e-01
   7.2969764933374082e-01
   7.1751949375935131e-01
   7.0358051278162248e-01
   6.8819365340100036e-01
   6.7168533360070615e-01
   6.5438403240228538e-01
   6.4072352373580965e-01
   6.3093401052500997e-01
   6.2106744273146941e-01
   6.1128261076487933e-01
   6.0172963036773708e-01
   5.9254810090668231e-01
   5.8386581433143414e-01
   5.7579794918298388e-01
   5.6844666939533817e-01
   5.6190104125957729e-01
   5.5623718218364149e-01
   5.5151856005649202e-01
   5.4779637050425889e-01
   5.4510992976518458e-01
   5.4348703229301765e-01
   5.4294423384073742e-01
   5.4348703229301765e-01
   5.4510992976518446e-01
   5.4779637050425878e-01
   5.5151856005649180e-01
   5.5623718218364115e-01
   5.6190104125957696e-01
   5.6844666939533783e-01
   5.7579794918298355e-01
   5.8386581433143370e-01
   5.9254810090668175e-01
   6.0172963036773663e-01
   6.1128261076487889e-01
   6.2106744273146897e-01
   6.3093401052500964e-01
   6.4072352373580921e-01
   6.3887806538941705e-01
   6.2542932145817998e-01
   6.1199304014718514e-01
   5.9877795544998758e-01
   5.8597608144688251e-01
   5.7376113627783831e-01
   5.6228783597296828e-01
   5.5169188961534366e-01
   5.4209052211294306e-01
   5.3358335869111084e-01
   5.2625352151564198e-01
   5.2016880969403134e-01
   5.1538285624995850e-01
   5.1193617743845876e-01
   5.0985704974015178e-01
   5.0916216752554144e-01
   5.0985704974015178e-01
   5.1193617743845865e-01
   5.1538285624995839e-01
   5.2016880969403134e-01
   5.2625352151564186e-01
   5.3358335869111073e-01
   5.4209052211294295e-01
   5.5169188961534366e-01
   5.6228783597296828e-01
   5.7376113627783831e-01
   5.8597608144688240e-01
   5.9877795544998758e-01
   6.1199304014718514e-01
   6.2542932145817998e-01
   6.3887806538941694e-01
   6.3887806538941694e-01
   6.2542932145817998e-01
   6.1199304014718503e-01
   5.9877795544998758e-01
   5.8597608144688240e-01
   5.7376113627783831e-01
   5.6228783597296828e-01
   5.5169188961534354e-01
   5.4209052211294295e-01
   5.3358335869111073e-01
   5.2625352151564186e-01
   5.2016880969403134e-01
   5.1538285624995839e-01
   5.1193617743845865e-01
   5.0985704974015167e-01
   5.0916216752554133e-01
   5.0985704974015167e-01
   5.1193617743845865e-01
   5.1538285624995839e-01
   5.2016880969403134e-01
   5.2625352151564186e-01
   5.3358335869111084e-01
   5.4209052211294306e-01
   5.5169188961534366e-01
   5.6228783597296828e-01
   5.7376113627783842e-01
   5.8597608144688251e-01
   5.9877795544998769e-01
   6.1199304014718514e-01
   6.2542932145817998e-01
   6.3887806538941705e-01
   6.5438403240228538e-01
   6.7168533360070592e-01
   6.8819365340099992e-01
   7.0358051278162193e-01
   7.1751949375935076e-01
   7.2969764933374015e-01
   7.3982788357491380e-01
   7.4766149463926113e-01
   7.5299992369345414e-01
   7.5570470644151000e-01
   7.5570470644151000e-01
   7.5299992369345414e-01
   7.4766149463926113e-01
   7.3982788357491380e-01
   7.2969764933374015e-01
   7.1751949375935076e-01
   7.0358051278162193e-01
   6.8819365340100003e-01
   6.7168533360070592e-01
   6.5438403240228538e-01
