   6.5579792234274215e-01
   6.7068325010653584e-01
   6.8485475242397320e-01
   6.9803422486827771e-01
   7.0994813272578949e-01
   7.2033669407208190e-01
   7.2896352482725657e-01
   7.3562524362354131e-01
   7.4016034687409948e-01
   7.4245664857440019e-01
   7.4245664857440019e-01
   7.4016034687409948e-01
   7.3562524362354131e-01
   7.2896352482725646e-01
   7.2033669407208178e-01
   7.0994813272578938e-01
   6.9803422486827760e-01
   6.8485475242397309e-01
   6.7068325010653573e-01
   6.5579792234274215e-01
   6.4036509580657608e-01
   6.2464663242354057e-01
   6.0901049309349198e-01
   5.9369591586603854e-01
   5.7891942761436244e-01
   5.6487367572787628e-01
   5.5172733289295950e-01
   5.3962582132272652e-01
   5.2869261133517742e-01
   5.1903087281164495e-01
   5.1072528978942600e-01
   5.0384388278918391e-01
   4.9843971665038689e-01
   4.9455240136685075e-01
   4.9220931863800954e-01
   4.9142652746392940e-01
   4.9220931863800949e-01
   4.9455240136685064e-01
   4.9843971665038683e-01
   5.0384388278918368e-01
   5.1072528978942577e-01
   5.1903087281164473e-01
   5.2869261133517720e-01
   5.3962582132272630e-01
   5.5172733289295928e-01
   5.6487367572787606e-01
   5.7891942761436221e-01
   5.9369591586603820e-01
   6.0901049309349176e-01
   6.2464663242354013e-01
   6.4036509580657575e-01
   6.4425611446666353e-01
   6.3625246607136077e-01
   6.2814142523188465e-01
   6.2005668017244264e-01
   6.1212641743684759e-01
   6.0447152120159464e-01
   5.9720417737628717e-01
   5.9042685188850264e-01
   5.8423159785327006e-01
   5.7869963741924346e-01
   5.7390116028245186e-01
   5.6989528125466526e-01
   5.6673010289652848e-01
   5.6444283516645122e-01
   5.6305993152269529e-01
   5.6259720934838631e-01
   5.6305993152269529e-01
   5.6444283516645122e-01
   5.6673010289652848e-01
   5.6989528125466526e-01
   5.7390116028245186e-01
   5.7869963741924346e-01
   5.8423159785327006e-01
   5.9042685188850264e-01
   5.9720417737628728e-01
   6.0447152120159464e-01
   6.1212641743684759e-01
   6.2005668017244264e-01
   6.2814142523188465e-01
   6.3625246607136077e-01
   6.4425611446666353e-01
   6.4425611446666353e-01
   6.3625246607136077e-01
   6.2814142523188465e-01
   6.2005668017244253e-01
   6.1212641743684748e-01
   6.0447152120159442e-01
   5.9720417737628706e-01
   5.9042685188850241e-01
   5.8423159785326972e-01
   5.7869963741924313e-01
   5.7390116028245153e-01
   5.6989528125466482e-01
   5.6673010289652803e-01
   5.6444283516645077e-01
   5.6305993152269473e-01
   5.6259720934838586e-01
   5.6305993152269473e-01
   5.6444283516645077e-01
   5.6673010289652803e-01
   5.6989528125466471e-01
   5.7390116028245142e-01
   5.7869963741924302e-01
   5.8423159785326972e-01
   5.9042685188850241e-01
   5.9720417737628695e-01
   6.0447152120159442e-01
   6.1212641743684737e-01
   6.2005668017244253e-01
   6.2814142523188454e-01
   6.3625246607136077e-01
   6.4425611446666353e-01
   6.5579792234274226e-01
   6.7068325010653596e-01
   6.8485475242397353e-01
   6.9803422486827815e-01
   7.0994813272579005e-01
   7.2033669407208256e-01
   7.2896352482725746e-01
   7.3562524362354209e-01
   7.4016034687410037e-01
   7.4245664857440108e-01
   7.4245664857440108e-01
   7.4016034687410037e-01
   7.3562524362354220e-01
   7.2896352482725746e-01
   7.2033669407208256e-01
   7.0994813272579005e-01
   6.9803422486827815e-01
   6.8485475242397353e-01
   6.7068325010653584e-01
   6.5579792234274215e-01
