   6.9165040161145519e-01
   7.8516980852194851e-01
   8.8690315921041307e-01
   9.9489737922458832e-01
   1.1058710943727721e+00
   1.2150004097294125e+00
   1.3159487292116780e+00
   1.4013119666567388e+00
   1.4635783426205968e+00
   1.4964999156563044e+00
   1.4964999156563044e+00
   1.4635783426205966e+00
   1.4013119666567386e+00
   1.3159487292116776e+00
   1.2150004097294118e+00
   1.1058710943727714e+00
   9.9489737922458776e-01
   8.8690315921041274e-01
   7.8516980852194818e-01
   6.9165040161145497e-01
   6.5143657793311416e-01
   6.6495197374958481e-01
   6.8799264696808549e-01
   7.2044813000159169e-01
   7.6208610864257309e-01
   8.1247099717650462e-01
   8.7085713843388046e-01
   9.3606146944807811e-01
   1.0063291934238530e+00
   1.0792191736325512e+00
   1.1515515443165036e+00
   1.2194723265210852e+00
   1.2786874924035987e+00
   1.3248890199763381e+00
   1.3543331991259928e+00
   1.3644530938544959e+00
   1.3543331991259950e+00
   1.3248890199763421e+00
   1.2786874924036045e+00
   1.2194723265210923e+00
   1.1515515443165116e+00
   1.0792191736325596e+00
   1.0063291934238614e+00
   9.3606146944808610e-01
   8.7085713843388790e-01
   8.1247099717651106e-01
   7.6208610864257886e-01
   7.2044813000159647e-01
   6.8799264696808926e-01
   6.6495197374958759e-01
   6.5143657793311593e-01
   6.0572466090982102e-01
   5.2785969874623351e-01
   4.5932920408437705e-01
   3.9955959492526388e-01
   3.4783218595426074e-01
   3.0338203907077171e-01
   2.6545956093829665e-01
   2.3336642206172953e-01
   2.0647461277871429e-01
   1.8423492528038568e-01
   1.6617915482407586e-01
   1.5191885691357845e-01
   1.4114248636321722e-01
   1.3361206641434370e-01
   1.2916009310367862e-01
   1.2768709575169443e-01
   1.2916009310367868e-01
   1.3361206641434378e-01
   1.4114248636321738e-01
   1.5191885691357868e-01
   1.6617915482407614e-01
   1.8423492528038599e-01
   2.0647461277871473e-01
   2.3336642206173003e-01
   2.6545956093829726e-01
   3.0338203907077249e-01
   3.4783218595426157e-01
   3.9955959492526477e-01
   4.5932920408437811e-01
   5.2785969874623484e-01
   6.0572466090982247e-01
   6.0572466090982091e-01
   5.2785969874623340e-01
   4.5932920408437694e-01
   3.9955959492526377e-01
   3.4783218595426069e-01
   3.0338203907077171e-01
   2.6545956093829659e-01
   2.3336642206172947e-01
   2.0647461277871426e-01
   1.8423492528038565e-01
   1.6617915482407586e-01
   1.5191885691357845e-01
   1.4114248636321722e-01
   1.3361206641434367e-01
   1.2916009310367865e-01
   1.2768709575169446e-01
   1.2916009310367871e-01
   1.3361206641434381e-01
   1.4114248636321741e-01
   1.5191885691357873e-01
   1.6617915482407616e-01
   1.8423492528038604e-01
   2.0647461277871476e-01
   2.3336642206173008e-01
   2.6545956093829731e-01
   3.0338203907077249e-01
   3.4783218595426157e-01
   3.9955959492526483e-01
   4.5932920408437816e-01
   5.2785969874623484e-01
   6.0572466090982247e-01
   6.9165040161145641e-01
   7.8516980852194940e-01
   8.8690315921041352e-01
   9.9489737922458832e-01
   1.1058710943727716e+00
   1.2150004097294116e+00
   1.3159487292116772e+00
   1.4013119666567380e+00
   1.4635783426205959e+00
   1.4964999156563037e+00
   1.4964999156563039e+00
   1.4635783426205964e+00
   1.4013119666567386e+00
   1.3159487292116778e+00
   1.2150004097294123e+00
   1.1058710943727723e+00
   9.9489737922458876e-01
   8.8690315921041396e-01
   7.8516980852194951e-01
   6.9165040161145641e-01
