   2.7958638496519156e-01
   2.7958638496519150e-01
   2.7958638496519145e-01
   2.7958638496519139e-01
   2.7958638496519134e-01
   2.7958638496519134e-01
   2.7958638496519128e-01
   2.7958638496519117e-01
   2.7958638496519111e-01
   2.7958638496519111e-01
   2.7958638496519106e-01
   2.7958638496519100e-01
   2.7958638496519095e-01
   2.7958638496519095e-01
   2.7958638496519089e-01
   2.7958638496519084e-01
   2.7958638496519084e-01
   2.7958638496519078e-01
   2.7958638496519073e-01
   2.7958638496519067e-01
   2.7958638496519067e-01
   2.7958638496519062e-01
   2.7958638496519062e-01
   2.7958638496519062e-01
   2.7958638496519056e-01
   2.7958638496519056e-01
   2.7958638496519056e-01
   2.7958638496519050e-01
   2.7958638496519050e-01
   2.7958638496519050e-01
   2.7958638496519050e-01
   2.7958638496519050e-01
   2.7958638496519050e-01
   2.7958638496519050e-01
   2.7958638496519050e-01
   2.7958638496519050e-01
   2.7958638496519056e-01
   2.7958638496519056e-01
   2.7958638496519056e-01
   2.7958638496519056e-01
   2.7958638496519062e-01
   2.7958638496519062e-01
   2.7958638496519067e-01
   2.7958638496519067e-01
   2.7958638496519073e-01
   2.7958638496519073e-01
   2.7958638496519078e-01
   2.7958638496519084e-01
   2.7958638496519089e-01
   2.7958638496519089e-01
   2.7958638496519095e-01
   2.7958638496519100e-01
   2.7958638496519100e-01
   2.7958638496519106e-01
   2.7958638496519117e-01
   2.7958638496519117e-01
   2.7958638496519123e-01
   2.7958638496519128e-01
   2.7958638496519134e-01
   2.7958638496519139e-01
   2.7958638496519145e-01
   2.7958638496519150e-01
   2.7958638496519156e-01
   2.7958638496519161e-01
   2.7958638496519161e-01
   2.7958638496519161e-01
   2.7958638496519161e-01
   2.7958638496519161e-01
   2.7958638496519161e-01
   2.7958638496519161e-01
   2.7958638496519161e-01
   2.7958638496519161e-01
   2.7958638496519156e-01
   2.7958638496519156e-01
   2.7958638496519156e-01
   2.7958638496519156e-01
   2.7958638496519156e-01
   2.7958638496519150e-01
   2.7958638496519150e-01
   2.7958638496519150e-01
   2.7958638496519150e-01
   2.7958638496519150e-01
   2.7958638496519145e-01
   2.7958638496519145e-01
   2.7958638496519145e-01
   2.7958638496519139e-01
   2.7958638496519139e-01
   2.7958638496519145e-01
   2.7958638496519139e-01
   2.7958638496519139e-01
   2.7958638496519139e-01
   2.7958638496519139e-01
   2.7958638496519139e-01
   2.7958638496519139e-01
   2.7958638496519139e-01
   2.7958638496519134e-01
   2.7958638496519134e-01
   2.7958638496519139e-01
   2.7958638496519134e-01
   2.7958638496519134e-01
   2.7958638496519134e-01
   2.7958638496519134e-01
   2.7958638496519134e-01
   2.7958638496519134e-01
   2.7958638496519134e-01
   2.7958638496519134e-01
   2.7958638496519134e-01
   2.7958638496519134e-01
   2.7958638496519134e-01
   2.7958638496519134e-01
   2.7958638496519134e-01
   2.7958638496519134e-01
   2.7958638496519134e-01
   2.7958638496519134e-01
   2.7958638496519134e-01
   2.7958638496519134e-01
   2.7958638496519134e-01
   2.7958638496519134e-01
   2.7958638496519134e-01
   2.7958638496519134e-01
   2.7958638496519134e-01
   2.7958638496519134e-01
   2.7958638496519134e-01
   2.7958638496519134e-01
   2.7958638496519134e-01
   2.7958638496519134e-01
   2.7958638496519134e-01
   2.7958638496519134e-01
   2.7958638496519139e-01
   2.7958638496519134e-01
   2.7958638496519139e-01
   2.7958638496519139e-01
   2.7958638496519139e-01
   2.7958638496519139e-01
   2.7958638496519139e-01
   2.7958638496519139e-01
   2.7958638496519139e-01
   2.7958638496519139e-01
   2.7958638496519145e-01
   2.7958638496519139e-01
   2.7958638496519145e-01
   2.7958638496519145e-01
   2.7958638496519139e-01
   2.7958638496519145e-01
   2.7958638496519145e-01
   2.7958638496519145e-01
   2.7958638496519145e-01
   2.7958638496519145e-01
