   2.0680589489547602e-01
   2.0892155374167024e-01
   2.1102256568859387e-01
   2.1310519439684555e-01
   2.1516562989434868e-01
   2.1719999761062916e-01
   2.1920436834478199e-01
   2.2117476915730569e-01
   2.2310719516570701e-01
   2.2499762221284894e-01
   2.2684202036555282e-01
   2.2863636818911132e-01
   2.3037666773128965e-01
   2.3205896013727292e-01
   2.3367934180506358e-01
   2.3523398097926834e-01
   2.3671913467026567e-01
   2.3813116577566040e-01
   2.3946656027194496e-01
   2.4072194433663507e-01
   2.4189410125505970e-01
   2.4297998796165649e-01
   2.4397675106324671e-01
   2.4488174219147610e-01
   2.4569253253352669e-01
   2.4640692639439632e-01
   2.4702297365052386e-01
   2.4753898096328433e-01
   2.4795352163180268e-01
   2.4826544397750747e-01
   2.4847387816768085e-01
   2.4857824140172954e-01
   2.4857824140172954e-01
   2.4847387816768085e-01
   2.4826544397750744e-01
   2.4795352163180268e-01
   2.4753898096328433e-01
   2.4702297365052389e-01
   2.4640692639439632e-01
   2.4569253253352669e-01
   2.4488174219147610e-01
   2.4397675106324673e-01
   2.4297998796165649e-01
   2.4189410125505970e-01
   2.4072194433663507e-01
   2.3946656027194496e-01
   2.3813116577566043e-01
   2.3671913467026567e-01
   2.3523398097926837e-01
   2.3367934180506364e-01
   2.3205896013727292e-01
   2.3037666773128970e-01
   2.2863636818911134e-01
   2.2684202036555284e-01
   2.2499762221284897e-01
   2.2310719516570704e-01
   2.2117476915730575e-01
   2.1920436834478205e-01
   2.1719999761062919e-01
   2.1516562989434870e-01
   2.1310519439684561e-01
   2.1102256568859393e-01
   2.0892155374167029e-01
   2.0680589489547604e-01
   2.0357638026349500e-01
   1.9923817155673001e-01
   1.9490121986628794e-01
   1.9057216097047286e-01
   1.8625717985425705e-01
   1.8196201489142796e-01
   1.7769196479840682e-01
   1.7345189798676222e-01
   1.6924626395709116e-01
   1.6507910639621476e-01
   1.6095407766159553e-01
   1.5687445436066830e-01
   1.5284315375763960e-01
   1.4886275076560546e-01
   1.4493549530702426e-01
   1.4106332985021533e-01
   1.3724790695328304e-01
   1.3349060666942136e-01
   1.2979255368873513e-01
   1.2615463411139480e-01
   1.2257751176503784e-01
   1.1906164399581266e-01
   1.1560729687733723e-01
   1.1221455979514629e-01
   1.0888335937599065e-01
   1.0561347274170357e-01
   1.0240454007635202e-01
   9.9256076503141194e-02
   9.6167483274138585e-02
   9.3138058281432359e-02
   9.0167005902937886e-02
   8.7253446199814455e-02
   8.4396423485444932e-02
   8.1594914288254702e-02
   7.8847834732382605e-02
   7.6154047361446611e-02
   7.3512367431437201e-02
   7.0921568699188531e-02
   6.8380388732978248e-02
   6.5887533771643261e-02
   6.4064306408764662e-02
   6.2908045378296293e-02
   6.1795505139284314e-02
   6.0726077746695049e-02
   5.9699170473594160e-02
   5.8714206597995963e-02
   5.7770626110849863e-02
   5.6867886351727230e-02
   5.6005462578340215e-02
   5.5182848475612493e-02
   5.4399556609630015e-02
   5.3655118831427491e-02
   5.2949086635213430e-02
   5.2281031475301935e-02
   5.1650545045702809e-02
   5.1057239526022584e-02
   5.0500747797045935e-02
   4.9980723629100089e-02
   4.9496841846052443e-02
   4.9048798467553494e-02
   4.8636310831911708e-02
   4.8259117701774400e-02
   4.7916979354586678e-02
   4.7609677659609738e-02
   4.7337016143098071e-02
   4.7098820043062435e-02
   4.6894936354880595e-02
   4.6725233868859982e-02
   4.6589603200705064e-02
   4.6487956815695806e-02
   4.6420229047242460e-02
   4.6386376110344178e-02
   4.6386376110344178e-02
   4.6420229047242460e-02
   4.6487956815695806e-02
   4.6589603200705064e-02
   4.6725233868859982e-02
   4.6894936354880595e-02
   4.7098820043062435e-02
   4.7337016143098071e-02
   4.7609677659609738e-02
   4.7916979354586678e-02
   4.8259117701774400e-02
   4.8636310831911708e-02
   4.9048798467553494e-02
   4.9496841846052443e-02
   4.9980723629100089e-02
   5.0500747797045935e-02
   5.1057239526022584e-02
   5.1650545045702809e-02
   5.2281031475301935e-02
   5.2949086635213430e-02
   5.3655118831427491e-02
   5.4399556609630015e-02
   5.5182848475612493e-02
   5.6005462578340215e-02
   5.6867886351727230e-02
   5.7770626110849863e-02
   5.8714206597995963e-02
   5.9699170473594160e-02
   6.0726077746695049e-02
   6.1795505139284314e-02
   6.2908045378296293e-02
   6.4064306408764662e-02
