   2.6018908634212806e-01
   2.6479227280977230e-01
   2.6950713196807896e-01
   2.7432256484489975e-01
   2.7922652036625123e-01
   2.8420596970784706e-01
   2.8924688871578913e-01
   2.9433424986247936e-01
   2.9945202524273123e-01
   3.0458320211988121e-01
   3.0970981249505936e-01
   3.1481297808745695e-01
   3.1987297197277698e-01
   3.2486929792547925e-01
   3.2978078824399160e-01
   3.3458572050502350e-01
   3.3926195329459091e-01
   3.4378708050382145e-01
   3.4813860326533713e-01
   3.5229411805337629e-01
   3.5623151889430638e-01
   3.5992921105413916e-01
   3.6336633300975119e-01
   3.6652298299674468e-01
   3.6938044598640435e-01
   3.7192141660373895e-01
   3.7413021328271240e-01
   3.7599297888408234e-01
   3.7749786309068517e-01
   3.7863518215222203e-01
   3.7939755197598762e-01
   3.7977999114197719e-01
   3.7977999114197725e-01
   3.7939755197598768e-01
   3.7863518215222219e-01
   3.7749786309068539e-01
   3.7599297888408262e-01
   3.7413021328271268e-01
   3.7192141660373934e-01
   3.6938044598640474e-01
   3.6652298299674518e-01
   3.6336633300975174e-01
   3.5992921105413972e-01
   3.5623151889430699e-01
   3.5229411805337690e-01
   3.4813860326533780e-01
   3.4378708050382212e-01
   3.3926195329459152e-01
   3.3458572050502416e-01
   3.2978078824399237e-01
   3.2486929792547992e-01
   3.1987297197277775e-01
   3.1481297808745773e-01
   3.0970981249506013e-01
   3.0458320211988199e-01
   2.9945202524273190e-01
   2.9433424986247997e-01
   2.8924688871578969e-01
   2.8420596970784756e-01
   2.7922652036625162e-01
   2.7432256484490003e-01
   2.6950713196807918e-01
   2.6479227280977247e-01
   2.6018908634212817e-01
   2.5338376911771843e-01
   2.4439529908751031e-01
   2.3556453294788884e-01
   2.2690574076003400e-01
   2.1843077375156916e-01
   2.1014925410371085e-01
   2.0206876513993938e-01
   1.9419503850173703e-01
   1.8653213562856966e-01
   1.7908262150904861e-01
   1.7184772923501201e-01
   1.6482751437135160e-01
   1.5802099855603383e-01
   1.5142630207320248e-01
   1.4504076540489350e-01
   1.3886105997166340e-01
   1.3288328842723415e-01
   1.2710307498469925e-01
   1.2151564632896769e-01
   1.1611590371833236e-01
   1.1089848690299482e-01
   1.0585783049497573e-01
   1.0098821341629596e-01
   9.6283802034167768e-02
   9.1738687566125715e-02
   8.7346918306954943e-02
   8.3102527194871850e-02
   7.8999555198212057e-02
   7.5032070967073400e-02
   7.1194187157854569e-02
   6.7480073803096188e-02
   6.3883969064952195e-02
   6.0400187678324099e-02
   5.7023127359385584e-02
   5.3747273427021736e-02
   5.0567201858645605e-02
   4.7477580977917447e-02
   4.4473171950024558e-02
   4.1548828240296806e-02
   3.8699494173931988e-02
   3.6627707694669887e-02
   3.5327431334796440e-02
   3.4088951662780378e-02
   3.2910158754749529e-02
   3.1789038751026712e-02
   3.0723671410619453e-02
   2.9712227700252412e-02
   2.8752967428910255e-02
   2.7844236937181809e-02
   2.6984466849233620e-02
   2.6172169893969321e-02
   2.5405938800827386e-02
   2.4684444274715549e-02
   2.4006433053757482e-02
   2.3370726052820867e-02
   2.2776216595192401e-02
   2.2221868734251658e-02
   2.1706715666561963e-02
   2.1229858237432342e-02
   2.0790463539701962e-02
   2.0387763606249491e-02
   2.0021054196527954e-02
   1.9689693677264863e-02
   1.9393101997342316e-02
   1.9130759756777853e-02
   1.8902207369659869e-02
   1.8707044320847500e-02
   1.8544928516220853e-02
   1.8415575726260472e-02
   1.8318759122741807e-02
   1.8254308908349184e-02
   1.8222112039042129e-02
   1.8222112039042129e-02
   1.8254308908349184e-02
   1.8318759122741803e-02
   1.8415575726260468e-02
   1.8544928516220846e-02
   1.8707044320847493e-02
   1.8902207369659862e-02
   1.9130759756777842e-02
   1.9393101997342309e-02
   1.9689693677264856e-02
   2.0021054196527947e-02
   2.0387763606249484e-02
   2.0790463539701955e-02
   2.1229858237432338e-02
   2.1706715666561956e-02
   2.2221868734251655e-02
   2.2776216595192397e-02
   2.3370726052820864e-02
   2.4006433053757475e-02
   2.4684444274715549e-02
   2.5405938800827383e-02
   2.6172169893969321e-02
   2.6984466849233623e-02
   2.7844236937181809e-02
   2.8752967428910259e-02
   2.9712227700252409e-02
   3.0723671410619456e-02
   3.1789038751026719e-02
   3.2910158754749529e-02
   3.4088951662780385e-02
   3.5327431334796447e-02
   3.6627707694669893e-02
