   6.5733934542838857e-01
   6.5733934542838868e-01
   6.5733934542838879e-01
   6.5733934542838890e-01
   6.5733934542838901e-01
   6.5733934542838901e-01
   6.5733934542838912e-01
   6.5733934542838912e-01
   6.5733934542838923e-01
   6.5733934542838934e-01
   6.5733934542838934e-01
   6.5733934542838945e-01
   6.5733934542838945e-01
   6.5733934542838945e-01
   6.5733934542838945e-01
   6.5733934542838945e-01
   6.5733934542838945e-01
   6.5733934542838945e-01
   6.5733934542838945e-01
   6.5733934542838945e-01
   6.5733934542838934e-01
   6.5733934542838923e-01
   6.5733934542838912e-01
   6.5733934542838912e-01
   6.5733934542838912e-01
   6.5733934542838901e-01
   6.5733934542838901e-01
   6.5733934542838890e-01
   6.5733934542838868e-01
   6.5733934542838868e-01
   6.5733934542838857e-01
   6.5733934542838834e-01
   6.5733934542838834e-01
   6.5733934542838823e-01
   6.5733934542838812e-01
   6.5733934542838790e-01
   6.5733934542838779e-01
   6.5733934542838779e-01
   6.5733934542838757e-01
   6.5733934542838746e-01
   6.5733934542838734e-01
   6.5733934542838723e-01
   6.5733934542838701e-01
   6.5733934542838701e-01
   6.5733934542838690e-01
   6.5733934542838668e-01
   6.5733934542838657e-01
   6.5733934542838646e-01
   6.5733934542838646e-01
   6.5733934542838623e-01
   6.5733934542838612e-01
   6.5733934542838612e-01
   6.5733934542838601e-01
   6.5733934542838601e-01
   6.5733934542838579e-01
   6.5733934542838579e-01
   6.5733934542838568e-01
   6.5733934542838568e-01
   6.5733934542838568e-01
   6.5733934542838557e-01
   6.5733934542838546e-01
   6.5733934542838546e-01
   6.5733934542838546e-01
   6.5733934542838546e-01
   6.5733934542838546e-01
   6.5733934542838546e-01
   6.5733934542838546e-01
   6.5733934542838557e-01
   6.5733934542838557e-01
   6.5733934542838568e-01
   6.5733934542838568e-01
   6.5733934542838579e-01
   6.5733934542838579e-01
   6.5733934542838579e-01
   6.5733934542838601e-01
   6.5733934542838601e-01
   6.5733934542838612e-01
   6.5733934542838612e-01
   6.5733934542838623e-01
   6.5733934542838646e-01
   6.5733934542838657e-01
   6.5733934542838657e-01
   6.5733934542838668e-01
   6.5733934542838690e-01
   6.5733934542838701e-01
   6.5733934542838712e-01
   6.5733934542838723e-01
   6.5733934542838734e-01
   6.5733934542838746e-01
   6.5733934542838768e-01
   6.5733934542838779e-01
   6.5733934542838790e-01
   6.5733934542838790e-01
   6.5733934542838812e-01
   6.5733934542838823e-01
   6.5733934542838834e-01
   6.5733934542838846e-01
   6.5733934542838857e-01
   6.5733934542838868e-01
   6.5733934542838868e-01
   6.5733934542838879e-01
   6.5733934542838901e-01
   6.5733934542838901e-01
   6.5733934542838912e-01
   6.5733934542838912e-01
   6.5733934542838934e-01
   6.5733934542838934e-01
   6.5733934542838934e-01
   6.5733934542838945e-01
   6.5733934542838945e-01
   6.5733934542838945e-01
   6.5733934542838945e-01
   6.5733934542838945e-01
   6.5733934542838945e-01
   6.5733934542838945e-01
   6.5733934542838945e-01
   6.5733934542838934e-01
   6.5733934542838934e-01
   6.5733934542838934e-01
   6.5733934542838934e-01
   6.5733934542838912e-01
   6.5733934542838912e-01
   6.5733934542838901e-01
   6.5733934542838901e-01
   6.5733934542838890e-01
   6.5733934542838868e-01
   6.5733934542838868e-01
   6.5733934542838857e-01
   6.5733934542838868e-01
   6.5733934542838879e-01
   6.5733934542838912e-01
   6.5733934542838923e-01
   6.5733934542838934e-01
   6.5733934542838945e-01
   6.5733934542838968e-01
   6.5733934542838990e-01
   6.5733934542839001e-01
   6.5733934542839012e-01
   6.5733934542839034e-01
   6.5733934542839034e-01
   6.5733934542839045e-01
   6.5733934542839056e-01
   6.5733934542839056e-01
   6.5733934542839068e-01
   6.5733934542839068e-01
   6.5733934542839068e-01
   6.5733934542839068e-01
   6.5733934542839068e-01
   6.5733934542839068e-01
   6.5733934542839068e-01
   6.5733934542839068e-01
   6.5733934542839056e-01
   6.5733934542839045e-01
   6.5733934542839034e-01
   6.5733934542839034e-01
   6.5733934542839023e-01
   6.5733934542839001e-01
   6.5733934542838990e-01
   6.5733934542838979e-01
   6.5733934542838968e-01
   6.5733934542838945e-01
   6.5733934542838934e-01
   6.5733934542838901e-01
   6.5733934542838890e-01
   6.5733934542838879e-01
   6.5733934542838846e-01
   6.5733934542838834e-01
   6.5733934542838801e-01
   6.5733934542838790e-01
   6.5733934542838790e-01
   6.5733934542838790e-01
   6.5733934542838790e-01
   6.5733934542838801e-01
   6.5733934542838801e-01
   6.5733934542838801e-01
   6.5733934542838801e-01
   6.5733934542838801e-01
   6.5733934542838801e-01
   6.5733934542838801e-01
   6.5733934542838801e-01
   6.5733934542838801e-01
   6.5733934542838801e-01
   6.5733934542838801e-01
   6.5733934542838801e-01
   6.5733934542838801e-01
   6.5733934542838801e-01
   6.5733934542838801e-01
   6.5733934542838801e-01
   6.5733934542838801e-01
   6.5733934542838801e-01
   6.5733934542838801e-01
   6.5733934542838801e-01
   6.5733934542838801e-01
   6.5733934542838801e-01
   6.5733934542838790e-01
   6.5733934542838790e-01
   6.5733934542838790e-01
   6.5733934542838790e-01
   6.5733934542838779e-01
   6.5733934542838779e-01
   6.5733934542838779e-01
   6.5733934542838779e-01
   6.5733934542838757e-01
   6.5733934542838757e-01
   6.5733934542838757e-01
   6.5733934542838746e-01
   6.5733934542838746e-01
   6.5733934542838746e-01
   6.5733934542838746e-01
   6.5733934542838746e-01
   6.5733934542838734e-01
   6.5733934542838734e-01
   6.5733934542838723e-01
   6.5733934542838723e-01
   6.5733934542838723e-01
   6.5733934542838712e-01
   6.5733934542838701e-01
   6.5733934542838701e-01
   6.5733934542838701e-01
   6.5733934542838701e-01
   6.5733934542838701e-01
   6.5733934542838690e-01
   6.5733934542838690e-01
   6.5733934542838690e-01
   6.5733934542838690e-01
   6.5733934542838690e-01
   6.5733934542838690e-01
   6.5733934542838690e-01
   6.5733934542838690e-01
   6.5733934542838690e-01
   6.5733934542838690e-01
   6.5733934542838690e-01
   6.5733934542838690e-01
   6.5733934542838679e-01
   6.5733934542838679e-01
   6.5733934542838690e-01
   6.5733934542838690e-01
   6.5733934542838690e-01
   6.5733934542838690e-01
   6.5733934542838690e-01
   6.5733934542838690e-01
   6.5733934542838690e-01
   6.5733934542838701e-01
   6.5733934542838701e-01
   6.5733934542838701e-01
   6.5733934542838701e-01
   6.5733934542838712e-01
   6.5733934542838723e-01
   6.5733934542838723e-01
   6.5733934542838723e-01
   6.5733934542838723e-01
   6.5733934542838734e-01
   6.5733934542838734e-01
   6.5733934542838734e-01
   6.5733934542838734e-01
   6.5733934542838746e-01
   6.5733934542838757e-01
   6.5733934542838757e-01
   6.5733934542838768e-01
   6.5733934542838768e-01
   6.5733934542838768e-01
   6.5733934542838768e-01
   6.5733934542838779e-01
   6.5733934542838779e-01
   6.5733934542838779e-01
   6.5733934542838779e-01
   6.5733934542838790e-01
   6.5733934542838790e-01
   6.5733934542838790e-01
   6.5733934542838790e-01
   6.5733934542838790e-01
   6.5733934542838790e-01
   6.5733934542838790e-01
   6.5733934542838801e-01
   6.5733934542838801e-01
   6.5733934542838801e-01
   6.5733934542838801e-01
   6.5733934542838801e-01
   6.5733934542838801e-01
   6.5733934542838801e-01
   6.5733934542838801e-01
   6.5733934542838801e-01
   6.5733934542838801e-01
   6.5733934542838801e-01
   6.5733934542838801e-01
   6.5733934542838801e-01
   6.5733934542838801e-01
   6.5733934542838801e-01
   6.5733934542838801e-01
   6.5733934542838801e-01
   6.5733934542838801e-01
   6.5733934542838801e-01
   6.5733934542838790e-01
   6.5733934542838790e-01
   6.5733934542838790e-01
   6.5733934542838790e-01
