   7.2375707554782942e-01
   7.2375707554782931e-01
   7.2375707554782931e-01
   7.2375707554782920e-01
   7.2375707554782920e-01
   7.2375707554782909e-01
   7.2375707554782898e-01
   7.2375707554782887e-01
   7.2375707554782887e-01
   7.2375707554782875e-01
   7.2375707554782864e-01
   7.2375707554782864e-01
   7.2375707554782853e-01
   7.2375707554782853e-01
   7.2375707554782842e-01
   7.2375707554782842e-01
   7.2375707554782842e-01
   7.2375707554782842e-01
   7.2375707554782831e-01
   7.2375707554782831e-01
   7.2375707554782831e-01
   7.2375707554782842e-01
   7.2375707554782842e-01
   7.2375707554782842e-01
   7.2375707554782842e-01
   7.2375707554782842e-01
   7.2375707554782853e-01
   7.2375707554782853e-01
   7.2375707554782864e-01
   7.2375707554782875e-01
   7.2375707554782875e-01
   7.2375707554782887e-01
   7.2375707554782898e-01
   7.2375707554782909e-01
   7.2375707554782909e-01
   7.2375707554782920e-01
   7.2375707554782931e-01
   7.2375707554782931e-01
   7.2375707554782931e-01
   7.2375707554782942e-01
   7.2375707554782953e-01
   7.2375707554782964e-01
   7.2375707554782975e-01
   7.2375707554782986e-01
   7.2375707554782998e-01
   7.2375707554782998e-01
   7.2375707554783009e-01
   7.2375707554783009e-01
   7.2375707554783020e-01
   7.2375707554783031e-01
   7.2375707554783042e-01
   7.2375707554783053e-01
   7.2375707554783053e-01
   7.2375707554783064e-01
   7.2375707554783075e-01
   7.2375707554783075e-01
   7.2375707554783064e-01
   7.2375707554783075e-01
   7.2375707554783075e-01
   7.2375707554783075e-01
   7.2375707554783075e-01
   7.2375707554783086e-01
   7.2375707554783086e-01
   7.2375707554783086e-01
   7.2375707554783086e-01
   7.2375707554783086e-01
   7.2375707554783075e-01
   7.2375707554783075e-01
   7.2375707554783075e-01
   7.2375707554783075e-01
   7.2375707554783064e-01
   7.2375707554783064e-01
   7.2375707554783075e-01
   7.2375707554783064e-01
   7.2375707554783064e-01
   7.2375707554783053e-01
   7.2375707554783042e-01
   7.2375707554783031e-01
   7.2375707554783020e-01
   7.2375707554783020e-01
   7.2375707554783009e-01
   7.2375707554782998e-01
   7.2375707554782986e-01
   7.2375707554782998e-01
   7.2375707554782986e-01
   7.2375707554782975e-01
   7.2375707554782964e-01
   7.2375707554782953e-01
   7.2375707554782942e-01
   7.2375707554782931e-01
   7.2375707554782920e-01
   7.2375707554782920e-01
   7.2375707554782920e-01
   7.2375707554782909e-01
   7.2375707554782898e-01
   7.2375707554782887e-01
   7.2375707554782887e-01
   7.2375707554782875e-01
   7.2375707554782864e-01
   7.2375707554782864e-01
   7.2375707554782853e-01
   7.2375707554782853e-01
   7.2375707554782842e-01
   7.2375707554782842e-01
   7.2375707554782842e-01
   7.2375707554782842e-01
   7.2375707554782831e-01
   7.2375707554782831e-01
   7.2375707554782831e-01
   7.2375707554782842e-01
   7.2375707554782842e-01
   7.2375707554782842e-01
   7.2375707554782842e-01
   7.2375707554782842e-01
   7.2375707554782853e-01
   7.2375707554782853e-01
   7.2375707554782864e-01
   7.2375707554782864e-01
   7.2375707554782875e-01
   7.2375707554782887e-01
   7.2375707554782887e-01
   7.2375707554782898e-01
   7.2375707554782909e-01
   7.2375707554782920e-01
   7.2375707554782931e-01
   7.2375707554782942e-01
   7.2375707554782942e-01
   7.2375707554782942e-01
   7.2375707554782942e-01
   7.2375707554782953e-01
   7.2375707554782953e-01
   7.2375707554782964e-01
   7.2375707554782964e-01
   7.2375707554782975e-01
   7.2375707554782975e-01
   7.2375707554782986e-01
   7.2375707554782975e-01
   7.2375707554782975e-01
   7.2375707554782986e-01
   7.2375707554782986e-01
   7.2375707554782998e-01
   7.2375707554782998e-01
   7.2375707554782998e-01
   7.2375707554783009e-01
   7.2375707554783009e-01
   7.2375707554783009e-01
   7.2375707554783020e-01
   7.2375707554783020e-01
   7.2375707554783020e-01
   7.2375707554783020e-01
   7.2375707554783020e-01
   7.2375707554783020e-01
   7.2375707554783009e-01
   7.2375707554783020e-01
   7.2375707554783020e-01
   7.2375707554783020e-01
   7.2375707554783009e-01
   7.2375707554783020e-01
   7.2375707554783020e-01
   7.2375707554783020e-01
   7.2375707554783009e-01
   7.2375707554783009e-01
   7.2375707554783009e-01
   7.2375707554783009e-01
   7.2375707554782998e-01
   7.2375707554782998e-01
   7.2375707554782998e-01
   7.2375707554782986e-01
   7.2375707554782998e-01
   7.2375707554783009e-01
   7.2375707554783020e-01
   7.2375707554783042e-01
   7.2375707554783053e-01
   7.2375707554783064e-01
   7.2375707554783064e-01
   7.2375707554783075e-01
   7.2375707554783086e-01
   7.2375707554783097e-01
   7.2375707554783109e-01
   7.2375707554783120e-01
   7.2375707554783120e-01
   7.2375707554783131e-01
   7.2375707554783120e-01
   7.2375707554783131e-01
   7.2375707554783131e-01
   7.2375707554783131e-01
   7.2375707554783142e-01
   7.2375707554783142e-01
   7.2375707554783142e-01
   7.2375707554783142e-01
   7.2375707554783131e-01
   7.2375707554783131e-01
   7.2375707554783131e-01
   7.2375707554783120e-01
   7.2375707554783131e-01
   7.2375707554783120e-01
   7.2375707554783109e-01
   7.2375707554783109e-01
   7.2375707554783097e-01
   7.2375707554783086e-01
   7.2375707554783075e-01
   7.2375707554783064e-01
   7.2375707554783064e-01
   7.2375707554783053e-01
   7.2375707554783031e-01
   7.2375707554783020e-01
   7.2375707554783009e-01
   7.2375707554783009e-01
   7.2375707554782986e-01
   7.2375707554782975e-01
   7.2375707554782964e-01
   7.2375707554782942e-01
   7.2375707554782931e-01
   7.2375707554782931e-01
   7.2375707554782909e-01
   7.2375707554782898e-01
   7.2375707554782887e-01
   7.2375707554782875e-01
   7.2375707554782864e-01
   7.2375707554782853e-01
   7.2375707554782853e-01
   7.2375707554782842e-01
   7.2375707554782831e-01
   7.2375707554782820e-01
   7.2375707554782809e-01
   7.2375707554782809e-01
   7.2375707554782798e-01
   7.2375707554782798e-01
   7.2375707554782787e-01
   7.2375707554782798e-01
   7.2375707554782798e-01
   7.2375707554782798e-01
   7.2375707554782798e-01
   7.2375707554782798e-01
   7.2375707554782798e-01
   7.2375707554782787e-01
   7.2375707554782798e-01
   7.2375707554782798e-01
   7.2375707554782809e-01
   7.2375707554782809e-01
   7.2375707554782820e-01
   7.2375707554782831e-01
   7.2375707554782842e-01
   7.2375707554782853e-01
   7.2375707554782853e-01
   7.2375707554782853e-01
   7.2375707554782875e-01
   7.2375707554782887e-01
   7.2375707554782898e-01
   7.2375707554782920e-01
   7.2375707554782931e-01
   7.2375707554782931e-01
   7.2375707554782942e-01
   7.2375707554782964e-01
   7.2375707554782975e-01
   7.2375707554782975e-01
   7.2375707554782986e-01
   7.2375707554783009e-01
   7.2375707554783020e-01
   7.2375707554783031e-01
   7.2375707554783031e-01
   7.2375707554783042e-01
   7.2375707554783064e-01
   7.2375707554783075e-01
   7.2375707554783086e-01
   7.2375707554783097e-01
   7.2375707554783109e-01
   7.2375707554783097e-01
   7.2375707554783109e-01
   7.2375707554783120e-01
   7.2375707554783120e-01
   7.2375707554783131e-01
   7.2375707554783131e-01
   7.2375707554783131e-01
   7.2375707554783142e-01
   7.2375707554783142e-01
   7.2375707554783142e-01
   7.2375707554783142e-01
   7.2375707554783142e-01
   7.2375707554783142e-01
   7.2375707554783131e-01
   7.2375707554783120e-01
   7.2375707554783120e-01
   7.2375707554783109e-01
   7.2375707554783109e-01
   7.2375707554783109e-01
   7.2375707554783097e-01
   7.2375707554783086e-01
   7.2375707554783075e-01
   7.2375707554783064e-01
   7.2375707554783053e-01
   7.2375707554783053e-01
   7.2375707554783042e-01
   7.2375707554783031e-01
   7.2375707554783009e-01
   7.2375707554782998e-01
