   2.1557637676438593e-01
   2.1634634653282542e-01
   2.1711592274615091e-01
   2.1788496385813858e-01
   2.1865332692963382e-01
   2.1942086765337318e-01
   2.2018744038020291e-01
   2.2095289814671037e-01
   2.2171709270428214e-01
   2.2247987454960169e-01
   2.2324109295659916e-01
   2.2400059600986325e-01
   2.2475823063952502e-01
   2.2551384265762159e-01
   2.2626727679594569e-01
   2.2701837674538738e-01
   2.2776698519677013e-01
   2.2851294388318424e-01
   2.2925609362381755e-01
   2.2999627436928208e-01
   2.3073332524843393e-01
   2.3146708461668078e-01
   2.3219739010577151e-01
   2.3292407867505799e-01
   2.3364698666421987e-01
   2.3436594984743900e-01
   2.3508080348900950e-01
   2.3579138240036696e-01
   2.3649752099851815e-01
   2.3719905336585048e-01
   2.3789581331129886e-01
   2.3858763443284461e-01
   2.3927435018131957e-01
   2.3995579392548591e-01
   2.4063179901836060e-01
   2.4130219886475018e-01
   2.4196682698996044e-01
   2.4262551710964259e-01
   2.4327810320073562e-01
   2.4392441957346231e-01
   2.4456430094433360e-01
   2.4519758251011531e-01
   2.4582410002270688e-01
   2.4644368986488160e-01
   2.4705618912683439e-01
   2.4766143568348215e-01
   2.4825926827245828e-01
   2.4884952657274259e-01
   2.4943205128386434e-01
   2.5000668420561573e-01
   2.5057326831820936e-01
   2.5113164786281439e-01
   2.5168166842240025e-01
   2.5222317700282004e-01
   2.5275602211405923e-01
   2.5328005385157826e-01
   2.5379512397767257e-01
   2.5430108600277507e-01
   2.5479779526662344e-01
   2.5528510901921325e-01
   2.5576288650145829e-01
   2.5623098902547764e-01
   2.5668928005442843e-01
   2.5713762528180217e-01
   2.5757589271010373e-01
   2.5800395272882892e-01
   2.5842167819165890e-01
   2.5882894449278798e-01
   2.5922562964230239e-01
   2.5961161434052688e-01
   2.5998678205125580e-01
   2.6035101907378883e-01
   2.6070421461368731e-01
   2.6104626085217164e-01
   2.6137705301408043e-01
   2.6169648943431018e-01
   2.6200447162266000e-01
   2.6230090432700337e-01
   2.6258569559471218e-01
   2.6285875683225934e-01
   2.6312000286292803e-01
   2.6336935198255729e-01
   2.6360672601325652e-01
   2.6383205035502166e-01
   2.6404525403519002e-01
   2.6424626975567223e-01
   2.6443503393790191e-01
   2.6461148676544688e-01
   2.6477557222422793e-01
   2.6492723814029484e-01
   2.6506643621511033e-01
   2.6519312205829854e-01
   2.6530725521781462e-01
   2.6540879920749783e-01
   2.6549772153197171e-01
   2.6557399370885992e-01
   2.6563759128828873e-01
   2.6568849386965032e-01
   2.6572668511560643e-01
   2.6575215276331254e-01
   2.6576488863284931e-01
   2.6576488863284931e-01
   2.6575215276331254e-01
   2.6572668511560643e-01
   2.6568849386965032e-01
   2.6563759128828873e-01
   2.6557399370885992e-01
   2.6549772153197171e-01
   2.6540879920749783e-01
   2.6530725521781462e-01
   2.6519312205829848e-01
   2.6506643621511033e-01
   2.6492723814029479e-01
   2.6477557222422793e-01
   2.6461148676544682e-01
   2.6443503393790191e-01
   2.6424626975567217e-01
   2.6404525403518997e-01
   2.6383205035502166e-01
   2.6360672601325652e-01
   2.6336935198255729e-01
   2.6312000286292803e-01
   2.6285875683225934e-01
   2.6258569559471212e-01
   2.6230090432700331e-01
   2.6200447162266000e-01
   2.6169648943431018e-01
   2.6137705301408043e-01
   2.6104626085217164e-01
   2.6070421461368731e-01
   2.6035101907378883e-01
   2.5998678205125580e-01
   2.5961161434052682e-01
   2.5922562964230239e-01
   2.5882894449278787e-01
   2.5842167819165884e-01
   2.5800395272882892e-01
   2.5757589271010373e-01
   2.5713762528180217e-01
   2.5668928005442837e-01
   2.5623098902547764e-01
   2.5576288650145829e-01
   2.5528510901921325e-01
   2.5479779526662344e-01
   2.5430108600277501e-01
   2.5379512397767245e-01
   2.5328005385157826e-01
   2.5275602211405923e-01
   2.5222317700282004e-01
   2.5168166842240025e-01
   2.5113164786281433e-01
   2.5057326831820936e-01
   2.5000668420561567e-01
   2.4943205128386436e-01
   2.4884952657274259e-01
   2.4825926827245828e-01
   2.4766143568348212e-01
   2.4705618912683439e-01
   2.4644368986488155e-01
   2.4582410002270688e-01
   2.4519758251011531e-01
   2.4456430094433360e-01
   2.4392441957346228e-01
   2.4327810320073562e-01
   2.4262551710964256e-01
   2.4196682698996039e-01
   2.4130219886475016e-01
   2.4063179901836057e-01
   2.3995579392548588e-01
   2.3927435018131951e-01
   2.3858763443284459e-01
   2.3789581331129883e-01
   2.3719905336585045e-01
   2.3649752099851815e-01
   2.3579138240036696e-01
   2.3508080348900945e-01
   2.3436594984743897e-01
   2.3364698666421985e-01
   2.3292407867505796e-01
   2.3219739010577151e-01
   2.3146708461668075e-01
   2.3073332524843390e-01
   2.2999627436928208e-01
   2.2925609362381752e-01
   2.2851294388318422e-01
   2.2776698519677011e-01
   2.2701837674538736e-01
   2.2626727679594566e-01
   2.2551384265762156e-01
   2.2475823063952502e-01
   2.2400059600986322e-01
   2.2324109295659914e-01
   2.2247987454960166e-01
   2.2171709270428211e-01
   2.2095289814671035e-01
   2.2018744038020288e-01
   2.1942086765337315e-01
   2.1865332692963380e-01
   2.1788496385813855e-01
   2.1711592274615088e-01
   2.1634634653282539e-01
   2.1557637676438590e-01
   2.1441744843724020e-01
   2.1286976924978343e-01
   2.1132231960991543e-01
   2.0977536877732575e-01
   2.0822917999770432e-01
   2.0668401050853710e-01
   2.0514011154973860e-01
   2.0359772837892770e-01
   2.0205710029115520e-01
   2.0051846064289258e-01
   1.9898203688009281e-01
   1.9744805057013620e-01
   1.9591671743747666e-01
   1.9438824740280572e-01
   1.9286284462555447e-01
   1.9134070754955712e-01
   1.8982202895170178e-01
   1.8830699599339834e-01
   1.8679579027469631e-01
   1.8528858789088912e-01
   1.8378555949144496e-01
   1.8228687034110846e-01
   1.8079268038302068e-01
   1.7930314430370975e-01
   1.7781841159980760e-01
   1.7633862664635347e-01
   1.7486392876654774e-01
   1.7339445230282477e-01
   1.7193032668911751e-01
   1.7047167652419010e-01
   1.6901862164592030e-01
   1.6757127720641582e-01
   1.6612975374785524e-01
   1.6469415727894587e-01
   1.6326458935189692e-01
   1.6184114713980946e-01
   1.6042392351438906e-01
   1.5901300712389072e-01
   1.5760848247120979e-01
   1.5621042999203660e-01
   1.5481892613299594e-01
   1.5343404342969641e-01
   1.5205585058461848e-01
   1.5068441254477372e-01
   1.4931979057907027e-01
   1.4796204235532470e-01
   1.4661122201686178e-01
   1.4526738025864872e-01
   1.4393056440291224e-01
   1.4260081847419059e-01
   1.4127818327377539e-01
   1.3996269645350129e-01
   1.3865439258884371e-01
   1.3735330325128822e-01
   1.3605945707993752e-01
   1.3477287985232397e-01
   1.3349359455439933e-01
   1.3222162144967423e-01
   1.3095697814748317e-01
   1.2969967967035279e-01
   1.2844973852045286e-01
   1.2720716474511207e-01
   1.2597196600138194e-01
   1.2474414761963486e-01
   1.2352371266618299e-01
   1.2231066200490745e-01
   1.2110499435788803e-01
   1.1990670636502589e-01
   1.1871579264265246e-01
   1.1753224584111989e-01
   1.1635605670136905e-01
   1.1518721411047272e-01
   1.1402570515615301e-01
   1.1287151518027225e-01
   1.1172462783129908e-01
   1.1058502511575113e-01
   1.0945268744861740e-01
   1.0832759370276417e-01
   1.0720972125732910e-01
   1.0609904604510886e-01
   1.0499554259894660e-01
   1.0389918409712601e-01
   1.0280994240777970e-01
   1.0172778813231967e-01
   1.0065269064789896e-01
   9.9584618148913423e-02
   9.8523537687553286e-02
   9.7469415213414845e-02
   9.6422215612182505e-02
   9.5381902743392338e-02
   9.4348439477288201e-02
   9.3321787730782035e-02
   9.2301908502530047e-02
   9.1288761907137028e-02
   9.0282307208500764e-02
   8.9282502852309376e-02
   8.8289306497703807e-02
   8.7302675048118547e-02
   8.6322564681313330e-02
   8.5348930878608731e-02
   8.4381728453338981e-02
   8.3420911578534720e-02
   8.2466433813849258e-02
   8.1518248131741217e-02
   8.0576306942926959e-02
   7.9640562121115907e-02
   7.8710965027041835e-02
   7.7787466531803448e-02
   7.6870017039527200e-02
   7.5958566509365388e-02
   7.5053064476842582e-02
   7.4153460074563096e-02
   7.3259702052292458e-02
   7.2371738796425514e-02
   7.1489518348853656e-02
   7.0612988425243758e-02
   6.9742096432741235e-02
   6.8876789487109222e-02
   6.8017014429316139e-02
   6.7162717841583619e-02
   6.6313846062906467e-02
   6.5470345204056465e-02
   6.4632161162081384e-02
   6.3799239634310778e-02
   6.2971526131879479e-02
   6.2148965992780116e-02
   6.1331504394455387e-02
   6.0519086365940743e-02
   5.9914451599070773e-02
   5.9517512934774079e-02
   5.9125448561759351e-02
   5.8738231693053547e-02
   5.8355835769307016e-02
   5.7978234461488413e-02
   5.7605401673470391e-02
   5.7237311544509471e-02
   5.6873938451623196e-02
   5.6515257011867825e-02
   5.6161242084519725e-02
   5.5811868773163284e-02
   5.5467112427688557e-02
   5.5126948646201275e-02
   5.4791353276848233e-02
   5.4460302419560659e-02
   5.4133772427718302e-02
   5.3811739909736866e-02
   5.3494181730581257e-02
   5.3181075013207242e-02
   5.2872397139933788e-02
   5.2568125753748633e-02
   5.2268238759549189e-02
   5.1972714325321197e-02
   5.1681530883257172e-02
   5.1394667130816890e-02
   5.1112102031731894e-02
   5.0833814816956119e-02
   5.0559784985564550e-02
   5.0289992305601869e-02
   5.0024416814882934e-02
   4.9763038821746937e-02
   4.9505838905766958e-02
   4.9252797918416726e-02
   4.9003896983696185e-02
   4.8759117498717530e-02
   4.8518441134253340e-02
   4.8281849835248261e-02
   4.8049325821295848e-02
   4.7820851587081985e-02
   4.7596409902796240e-02
   4.7375983814512704e-02
   4.7159556644541481e-02
   4.6947111991752263e-02
   4.6738633731871156e-02
   4.6534106017752153e-02
   4.6333513279624233e-02
   4.6136840225315466e-02
   4.5944071840455125e-02
   4.5755193388654913e-02
   4.5570190411670486e-02
   4.5389048729544135e-02
   4.5211754440729751e-02
   4.5038293922201066e-02
   4.4868653829544004e-02
   4.4702821097034141e-02
   4.4540782937700182e-02
   4.4382526843374237e-02
   4.4228040584729789e-02
   4.4077312211308214e-02
   4.3930330051534405e-02
   4.3787082712722636e-02
   4.3647559081073026e-02
   4.3511748321659535e-02
   4.3379639878410127e-02
   4.3251223474079718e-02
   4.3126489110216611e-02
   4.3005427067122973e-02
   4.2888027903810001e-02
   4.2774282457948357e-02
   4.2664181845814345e-02
   4.2557717462232449e-02
   4.2454880980514746e-02
   4.2355664352397564e-02
   4.2260059807976071e-02
   4.2168059855637020e-02
   4.2079657281990243e-02
   4.1994845151799264e-02
   4.1913616807911468e-02
   4.1835965871188027e-02
   4.1761886240434268e-02
   4.1691372092330543e-02
   4.1624417881364041e-02
   4.1561018339761932e-02
   4.1501168477425965e-02
   4.1444863581868933e-02
   4.1392099218153268e-02
   4.1342871228831971e-02
   4.1297175733892036e-02
   4.1255009130700834e-02
   4.1216368093955284e-02
   4.1181249575634446e-02
   4.1149650804955279e-02
   4.1121569288332008e-02
   4.1097002809339152e-02
   4.1075949428678281e-02
   4.1058407484148782e-02
   4.1044375590622496e-02
   4.1033852640022551e-02
   4.1026837801306275e-02
   4.1023330520452379e-02
   4.1023330520452379e-02
   4.1026837801306275e-02
   4.1033852640022551e-02
   4.1044375590622496e-02
   4.1058407484148782e-02
   4.1075949428678281e-02
   4.1097002809339152e-02
   4.1121569288332008e-02
   4.1149650804955279e-02
   4.1181249575634446e-02
   4.1216368093955284e-02
   4.1255009130700827e-02
   4.1297175733892036e-02
   4.1342871228831971e-02
   4.1392099218153268e-02
   4.1444863581868926e-02
   4.1501168477425965e-02
   4.1561018339761932e-02
   4.1624417881364041e-02
   4.1691372092330543e-02
   4.1761886240434268e-02
   4.1835965871188027e-02
   4.1913616807911468e-02
   4.1994845151799264e-02
   4.2079657281990236e-02
   4.2168059855637013e-02
   4.2260059807976071e-02
   4.2355664352397564e-02
   4.2454880980514746e-02
   4.2557717462232449e-02
   4.2664181845814345e-02
   4.2774282457948350e-02
   4.2888027903810001e-02
   4.3005427067122966e-02
   4.3126489110216611e-02
   4.3251223474079718e-02
   4.3379639878410127e-02
   4.3511748321659535e-02
   4.3647559081073019e-02
   4.3787082712722636e-02
   4.3930330051534405e-02
   4.4077312211308214e-02
   4.4228040584729789e-02
   4.4382526843374230e-02
   4.4540782937700175e-02
   4.4702821097034141e-02
   4.4868653829544004e-02
   4.5038293922201066e-02
   4.5211754440729744e-02
   4.5389048729544128e-02
   4.5570190411670486e-02
   4.5755193388654906e-02
   4.5944071840455118e-02
   4.6136840225315466e-02
   4.6333513279624233e-02
   4.6534106017752146e-02
   4.6738633731871149e-02
   4.6947111991752256e-02
   4.7159556644541481e-02
   4.7375983814512697e-02
   4.7596409902796233e-02
   4.7820851587081978e-02
   4.8049325821295848e-02
   4.8281849835248261e-02
   4.8518441134253333e-02
   4.8759117498717523e-02
   4.9003896983696178e-02
   4.9252797918416719e-02
   4.9505838905766958e-02
   4.9763038821746930e-02
   5.0024416814882934e-02
   5.0289992305601869e-02
   5.0559784985564550e-02
   5.0833814816956112e-02
   5.1112102031731887e-02
   5.1394667130816883e-02
   5.1681530883257172e-02
   5.1972714325321190e-02
   5.2268238759549182e-02
   5.2568125753748626e-02
   5.2872397139933788e-02
   5.3181075013207235e-02
   5.3494181730581257e-02
   5.3811739909736866e-02
   5.4133772427718295e-02
   5.4460302419560652e-02
   5.4791353276848226e-02
   5.5126948646201268e-02
   5.5467112427688550e-02
   5.5811868773163277e-02
   5.6161242084519718e-02
   5.6515257011867819e-02
   5.6873938451623189e-02
   5.7237311544509464e-02
   5.7605401673470384e-02
   5.7978234461488407e-02
   5.8355835769307009e-02
   5.8738231693053540e-02
   5.9125448561759344e-02
   5.9517512934774072e-02
   5.9914451599070766e-02
