   1.7063914581782688e-01
   1.7286861621200930e-01
   1.7520150740035403e-01
   1.7763893977672737e-01
   1.8018207211388390e-01
   1.8283210037097605e-01
   1.8559025637958457e-01
   1.8845780639813919e-01
   1.9143604952394130e-01
   1.9452631595131739e-01
   1.9772996506372204e-01
   2.0104838334687505e-01
   2.0448298210926052e-01
   2.0803519499553427e-01
   2.1170647527759068e-01
   2.1549829290722153e-01
   2.1941213131347584e-01
   2.2344948392699154e-01
   2.2761185041273496e-01
   2.3190073259174873e-01
   2.3631763003168924e-01
   2.4086403528513295e-01
   2.4554142875386267e-01
   2.5035127315661865e-01
   2.5529500757713097e-01
   2.6037404106865503e-01
   2.6558974579072320e-01
   2.7094344965343703e-01
   2.7643642844435562e-01
   2.8206989741293831e-01
   2.8784500228757781e-01
   2.9376280970055912e-01
   2.9982429699682966e-01
   3.0603034140329910e-01
   3.1238170853654962e-01
   3.1887904022837232e-01
   3.2552284165049056e-01
   3.3231346772224940e-01
   3.3925110878798259e-01
   3.4633577555427658e-01
   3.5356728328149106e-01
   3.6094523522872374e-01
   3.6846900535698784e-01
   3.7613772030176162e-01
   3.8395024063332839e-01
   3.9190514143151522e-01
   4.0000069221060308e-01
   4.0823483624037687e-01
   4.1660516932054503e-01
   4.2510891807811541e-01
   4.3374291787078129e-01
   4.4250359039395754e-01
   4.5138692110477568e-01
   4.6038843659307888e-01
   4.6950318204715930e-01
   4.7872569898057582e-01
   4.8805000340572302e-01
   4.9746956465973524e-01
   5.0697728510857643e-01
   5.1656548097552768e-01
   5.2622586456042730e-01
   5.3594952813557539e-01
   5.4572692982277338e-01
   5.5554788177305281e-01
   5.6540154098573747e-01
   5.7527640311600037e-01
   5.8516029962942184e-01
   5.9504039866755853e-01
   6.0490320998953351e-01
   6.1473459435047217e-01
   6.2451977766754319e-01
   6.3424337030778399e-01
   6.4388939180817306e-01
   6.5344130130703371e-01
   6.6288203392638390e-01
   6.7219404329697530e-01
   6.8135935036135642e-01
   6.9035959852538886e-01
   6.9917611515551148e-01
   7.0778997933817778e-01
   7.1618209573006464e-01
   7.2433327423388827e-01
   7.3222431513629793e-01
   7.3983609924293992e-01
   7.4714968244324997e-01
   7.5414639403593531e-01
   7.6080793804773983e-01
   7.6711649668538784e-01
   7.7305483497608163e-01
   7.7860640557813099e-01
   7.8375545268267410e-01
   7.8848711388229975e-01
   7.9278751885478016e-01
   7.9664388370175931e-01
   8.0004459979444742e-01
   8.0297931601193218e-01
   8.0543901331290979e-01
   8.0741607065813825e-01
   8.0890432139777735e-01
   8.0989909935347593e-01
   8.1039727395747496e-01
   8.1039727395747529e-01
   8.0989909935347715e-01
   8.0890432139777924e-01
   8.0741607065814092e-01
   8.0543901331291334e-01
   8.0297931601193651e-01
   8.0004459979445242e-01
   7.9664388370176498e-01
   7.9278751885478660e-01
   7.8848711388230686e-01
   7.8375545268268176e-01
   7.7860640557813943e-01
   7.7305483497609062e-01
   7.6711649668539761e-01
   7.6080793804775004e-01
   7.5414639403594597e-01
   7.4714968244326119e-01
   7.3983609924295157e-01
   7.3222431513631014e-01
   7.2433327423390104e-01
   7.1618209573007763e-01
   7.0778997933819110e-01
   6.9917611515552514e-01
   6.9035959852540296e-01
   6.8135935036137074e-01
   6.7219404329698984e-01
   6.6288203392639855e-01
   6.5344130130704858e-01
   6.4388939180818805e-01
   6.3424337030779920e-01
   6.2451977766755840e-01
   6.1473459435048761e-01
   6.0490320998954905e-01
   5.9504039866757397e-01
   5.8516029962943727e-01
   5.7527640311601591e-01
   5.6540154098575302e-01
   5.5554788177306835e-01
   5.4572692982278870e-01
   5.3594952813559060e-01
   5.2622586456044240e-01
   5.1656548097554278e-01
   5.0697728510859130e-01
   4.9746956465975017e-01
   4.8805000340573773e-01
   4.7872569898059036e-01
   4.6950318204717362e-01
   4.6038843659309298e-01
   4.5138692110478951e-01
   4.4250359039397108e-01
   4.3374291787079466e-01
   4.2510891807812845e-01
   4.1660516932055791e-01
   4.0823483624038936e-01
   4.0000069221061541e-01
   3.9190514143152727e-01
   3.8395024063334005e-01
   3.7613772030177306e-01
   3.6846900535699906e-01
   3.6094523522873462e-01
   3.5356728328150161e-01
   3.4633577555428691e-01
   3.3925110878799264e-01
   3.3231346772225917e-01
   3.2552284165050005e-01
   3.1887904022838148e-01
   3.1238170853655850e-01
   3.0603034140330770e-01
   2.9982429699683799e-01
   2.9376280970056717e-01
   2.8784500228758558e-01
   2.8206989741294586e-01
   2.7643642844436284e-01
   2.7094344965344397e-01
   2.6558974579072986e-01
   2.6037404106866141e-01
   2.5529500757713719e-01
   2.5035127315662448e-01
   2.4554142875386831e-01
   2.4086403528513833e-01
   2.3631763003169434e-01
   2.3190073259175356e-01
   2.2761185041273954e-01
   2.2344948392699587e-01
   2.1941213131347989e-01
   2.1549829290722536e-01
   2.1170647527759420e-01
   2.0803519499553758e-01
   2.0448298210926355e-01
   2.0104838334687786e-01
   1.9772996506372456e-01
   1.9452631595131969e-01
   1.9143604952394336e-01
   1.8845780639814103e-01
   1.8559025637958618e-01
   1.8283210037097739e-01
   1.8018207211388498e-01
   1.7763893977672821e-01
   1.7520150740035462e-01
   1.7286861621200966e-01
   1.7063914581782699e-01
   1.6743852572210127e-01
   1.6326612945831834e-01
   1.5919335199362600e-01
   1.5521811661264781e-01
   1.5133836648878135e-01
   1.4755206647798455e-01
   1.4385720471195890e-01
   1.4025179400548504e-01
   1.3673387309178578e-01
   1.3330150769894650e-01
   1.2995279147961625e-01
   1.2668584680544170e-01
   1.2349882543695295e-01
   1.2038990907892334e-01
   1.1735730983056429e-01
   1.1439927053929050e-01
   1.1151406506619939e-01
   1.0869999847085027e-01
   1.0595540712240224e-01
   1.0327865874367449e-01
   1.0066815239422683e-01
   9.8122318398120162e-02
   9.5639618221606798e-02
   9.3218544305614728e-02
   9.0857619857530339e-02
   8.8555398606446234e-02
   8.6310464525726147e-02
   8.4121431526443829e-02
   8.1986943124978853e-02
   7.9905672087794963e-02
   7.7876320056188844e-02
   7.5897617153573696e-02
   7.3968321577655843e-02
   7.2087219179669496e-02
   7.0253123032656017e-02
   6.8464872990607994e-02
   6.6721335240143606e-02
   6.5021401846234145e-02
   6.3363990293374389e-02
   6.1748043023462665e-02
   6.0172526971543482e-02
   5.8636433100460190e-02
   5.7138775935367453e-02
   5.5678593098963232e-02
   5.4254944848216601e-02
   5.2866913613290864e-02
   5.1513603539290270e-02
   5.0194140031393289e-02
   4.8907669303875037e-02
   4.7653357933465798e-02
   4.6430392417441561e-02
   4.5237978736795297e-02
   4.4075341924794675e-02
   4.2941725641191981e-02
   4.1836391752315877e-02
   4.0758619917240967e-02
   3.9707707180200835e-02
   3.8682967569382061e-02
   3.7683731702211287e-02
   3.6709346397223994e-02
   3.5759174292582470e-02
   3.4832593471291015e-02
   3.3928997093138812e-02
   3.3047793033384967e-02
   3.2188403528185729e-02
   3.1350264826750657e-02
   3.0532826850202897e-02
   2.9735552857107821e-02
   2.8957919115624904e-02
   2.8199414582228986e-02
   2.7459540586939425e-02
   2.6737810524988876e-02
   2.6033749554857238e-02
   2.5346894302591086e-02
   2.4676792572324115e-02
   2.4023003062910036e-02
   2.3385095090575767e-02
   2.2762648317499790e-02
   2.2155252486217792e-02
   2.1562507159755641e-02
   2.0984021467387832e-02
   2.0419413855918153e-02
   1.9868311846378085e-02
   1.9330351796037655e-02
   1.8805178665622785e-02
   1.8292445791632847e-02
   1.7791814663651945e-02
   1.7302954706547503e-02
   1.6825543067449870e-02
   1.6359264407407113e-02
   1.5903810697609516e-02
   1.5458881020079075e-02
   1.5024181372719861e-02
   1.4599424478626052e-02
   1.4184329599545232e-02
   1.3778622353395643e-02
   1.3382034535737039e-02
   1.2994303945095894e-02
   1.2615174212046925e-02
   1.2244394631953977e-02
   1.1881720001274628e-02
   1.1526910457334023e-02
   1.1179731321474795e-02
   1.0839952945491145e-02
   1.0507350561256467e-02
   1.0181704133455193e-02
   9.8627982153308303e-03
   9.5504218073634590e-03
   9.2443682187912223e-03
   8.9444349318916674e-03
   8.6504234689400283e-03
   8.3621392617627861e-03
   8.0793915238061460e-03
   7.8019931246402106e-03
   7.5297604668208996e-03
   7.2625133650327991e-03
   7.0000749274373277e-03
   6.7422714391516978e-03
   6.4889322477852994e-03
   6.2398896509611940e-03
   5.9949787857514645e-03
   5.7540375199562240e-03
   5.5169063451570447e-03
   5.2834282714765745e-03
   5.0534487239770358e-03
   4.8268154406312189e-03
   4.6033783718004498e-03
   4.3829895811548858e-03
   4.2201272532176948e-03
   4.1146576594912427e-03
   4.0118875080403585e-03
   3.9117493824632112e-03
   3.8141775924726931e-03
   3.7191081308514005e-03
   3.6264786315069021e-03
   3.5362283286000597e-03
   3.4482980167198567e-03
   3.3626300120788602e-03
   3.2791681147040881e-03
   3.1978575715986895e-03
   3.1186450408504742e-03
   3.0414785566639188e-03
   2.9663074952928862e-03
   2.8930825418518650e-03
   2.8217556579840934e-03
   2.7522800503655049e-03
   2.6846101400239404e-03
   2.6187015324536270e-03
   2.5545109885054206e-03
   2.4919963960338088e-03
   2.4311167422821712e-03
   2.3718320869882590e-03
   2.3141035361923363e-03
   2.2578932167308628e-03
   2.2031642513990553e-03
   2.1498807347661020e-03
   2.0980077096272105e-03
   2.0475111440770967e-03
   1.9983579091899305e-03
   1.9505157572911290e-03
   1.9039533008067936e-03
   1.8586399916769491e-03
   1.8145461013191180e-03
   1.7716427011291150e-03
   1.7299016435063041e-03
   1.6892955433908956e-03
   1.6497977603011959e-03
   1.6113823808590563e-03
   1.5740242017920690e-03
   1.5376987134013895e-03
   1.5023820834843536e-03
   1.4680511417013596e-03
   1.4346833643767772e-03
   1.4022568597239278e-03
   1.3707503534844529e-03
   1.3401431749726685e-03
   1.3104152435157571e-03
   1.2815470552809142e-03
   1.2535196704808178e-03
   1.2263147009490356e-03
   1.1999142980772292e-03
   1.1743011411062473e-03
   1.1494584257634359e-03
   1.1253698532387151e-03
   1.1020196194922022e-03
   1.0793924048863636e-03
   1.0574733641359076e-03
   1.0362481165688260e-03
   1.0157027366921964e-03
   9.9582374505656989e-04
   9.7659809941294225e-04
   9.5801318615652061e-04
   9.4005681205167274e-04
   9.2271719623262930e-04
   9.0598296247470036e-04
   8.8984313173093342e-04
   8.7428711492932101e-04
   8.5930470602583521e-04
   8.4488607530873179e-04
   8.3102176294973511e-04
   8.1770267279787331e-04
   8.0492006641189387e-04
   7.9266555732734770e-04
   7.8093110555457941e-04
   7.6970901230401809e-04
   7.5899191493530665e-04
   7.4877278212695888e-04
   7.3904490926337640e-04
   7.2980191403619859e-04
   7.2103773225710142e-04
   7.1274661387929939e-04
   7.0492311922513995e-04
   6.9756211541731740e-04
   6.9065877301136469e-04
   6.8420856282721447e-04
   6.7820725297775095e-04
   6.7265090609240532e-04
   6.6753587673397060e-04
   6.6285880900694445e-04
   6.5861663435582958e-04
   6.5480656955194778e-04
   6.5142611486744756e-04
   6.4847305243530772e-04
   6.4594544479426054e-04
   6.4384163361768006e-04
   6.4216023862560313e-04
   6.4090015667916706e-04
   6.4006056105687307e-04
   6.3964090091219740e-04
   6.3964090091219740e-04
   6.4006056105687307e-04
   6.4090015667916706e-04
   6.4216023862560313e-04
   6.4384163361768016e-04
   6.4594544479426054e-04
   6.4847305243530772e-04
   6.5142611486744756e-04
   6.5480656955194778e-04
   6.5861663435582958e-04
   6.6285880900694455e-04
   6.6753587673397071e-04
   6.7265090609240543e-04
   6.7820725297775095e-04
   6.8420856282721458e-04
   6.9065877301136480e-04
   6.9756211541731751e-04
   7.0492311922514005e-04
   7.1274661387929949e-04
   7.2103773225710153e-04
   7.2980191403619870e-04
   7.3904490926337651e-04
   7.4877278212695899e-04
   7.5899191493530675e-04
   7.6970901230401820e-04
   7.8093110555457952e-04
   7.9266555732734781e-04
   8.0492006641189409e-04
   8.1770267279787352e-04
   8.3102176294973533e-04
   8.4488607530873189e-04
   8.5930470602583542e-04
   8.7428711492932123e-04
   8.8984313173093364e-04
   9.0598296247470058e-04
   9.2271719623262952e-04
   9.4005681205167296e-04
   9.5801318615652083e-04
   9.7659809941294247e-04
   9.9582374505657011e-04
   1.0157027366921967e-03
   1.0362481165688258e-03
   1.0574733641359076e-03
   1.0793924048863634e-03
   1.1020196194922020e-03
   1.1253698532387147e-03
   1.1494584257634353e-03
   1.1743011411062469e-03
   1.1999142980772283e-03
   1.2263147009490348e-03
   1.2535196704808169e-03
   1.2815470552809132e-03
   1.3104152435157561e-03
   1.3401431749726672e-03
   1.3707503534844514e-03
   1.4022568597239263e-03
   1.4346833643767757e-03
   1.4680511417013578e-03
   1.5023820834843518e-03
   1.5376987134013878e-03
   1.5740242017920670e-03
   1.6113823808590543e-03
   1.6497977603011937e-03
   1.6892955433908932e-03
   1.7299016435063017e-03
   1.7716427011291124e-03
   1.8145461013191154e-03
   1.8586399916769463e-03
   1.9039533008067908e-03
   1.9505157572911264e-03
   1.9983579091899279e-03
   2.0475111440770941e-03
   2.0980077096272079e-03
   2.1498807347660998e-03
   2.2031642513990527e-03
   2.2578932167308602e-03
   2.3141035361923341e-03
   2.3718320869882568e-03
   2.4311167422821690e-03
   2.4919963960338071e-03
   2.5545109885054189e-03
   2.6187015324536252e-03
   2.6846101400239387e-03
   2.7522800503655032e-03
   2.8217556579840917e-03
   2.8930825418518632e-03
   2.9663074952928849e-03
   3.0414785566639170e-03
   3.1186450408504729e-03
   3.1978575715986882e-03
   3.2791681147040868e-03
   3.3626300120788589e-03
   3.4482980167198558e-03
   3.5362283286000588e-03
   3.6264786315069008e-03
   3.7191081308513996e-03
   3.8141775924726922e-03
   3.9117493824632104e-03
   4.0118875080403576e-03
   4.1146576594912419e-03
   4.2201272532176939e-03
