   2.6416544644879142e-01
   2.6580212758081195e-01
   2.6745856693025277e-01
   2.6913443047749780e-01
   2.7082937161527326e-01
   2.7254303086422665e-01
   2.7427503559145489e-01
   2.7602499973261463e-01
   2.7779252351827616e-01
   2.7957719320521324e-01
   2.8137858081334888e-01
   2.8319624386910947e-01
   2.8502972515596470e-01
   2.8687855247296506e-01
   2.8874223840211205e-01
   2.9062028008542951e-01
   2.9251215901262800e-01
   2.9441734082028292e-01
   2.9633527510347324e-01
   2.9826539524084966e-01
   3.0020711823412843e-01
   3.0215984456302430e-01
   3.0412295805665912e-01
   3.0609582578250011e-01
   3.0807779795389639e-01
   3.1006820785729755e-01
   3.1206637180024838e-01
   3.1407158908126109e-01
   3.1608314198267373e-01
   3.1810029578760263e-01
   3.2012229882209731e-01
   3.2214838252359879e-01
   3.2417776153679523e-01
   3.2620963383795243e-01
   3.2824318088878063e-01
   3.3027756782087597e-01
   3.3231194365174593e-01
   3.3434544153339735e-01
   3.3637717903442588e-01
   3.3840625845650341e-01
   3.4043176718611057e-01
   3.4245277808230573e-01
   3.4446834990126346e-01
   3.4647752775824542e-01
   3.4847934362759803e-01
   3.5047281688128840e-01
   3.5245695486640849e-01
   3.5443075352198494e-01
   3.5639319803533553e-01
   3.5834326353811019e-01
   3.6027991584204683e-01
   3.6220211221435794e-01
   3.6410880219254338e-01
   3.6599892843830228e-01
   3.6787142763008646e-01
   3.6972523139370433e-01
   3.7155926727024713e-01
   3.7337245972046762e-01
   3.7516373116459784e-01
   3.7693200305644553e-01
   3.7867619699045968e-01
   3.8039523584030754e-01
   3.8208804492735282e-01
   3.8375355321727678e-01
   3.8539069454293218e-01
   3.8699840885137465e-01
   3.8857564347286927e-01
   3.9012135440952839e-01
   3.9163450764109897e-01
   3.9311408044528595e-01
   3.9455906272986935e-01
   3.9596845837375433e-01
   3.9734128657398005e-01
   3.9867658319560972e-01
   3.9997340212132887e-01
   4.0123081659749521e-01
   4.0244792057330964e-01
   4.0362383002971502e-01
   4.0475768429458142e-01
   4.0584864734069903e-01
   4.0689590906307688e-01
   4.0789868653203676e-01
   4.0885622521859799e-01
   4.0976780018866715e-01
   4.1063271726258599e-01
   4.1145031413663669e-01
   4.1221996146317519e-01
   4.1294106388614088e-01
   4.1361306102878947e-01
   4.1423542843060818e-01
   4.1480767843049771e-01
   4.1532936099344786e-01
   4.1580006447808660e-01
   4.1621941634265180e-01
   4.1658708378711423e-01
   4.1690277432937284e-01
   4.1716623631364447e-01
   4.1737725934938569e-01
   4.1753567467930119e-01
   4.1764135547522591e-01
   4.1769421706090043e-01
   4.1769421706090043e-01
   4.1764135547522591e-01
   4.1753567467930119e-01
   4.1737725934938569e-01
   4.1716623631364447e-01
   4.1690277432937284e-01
   4.1658708378711423e-01
   4.1621941634265180e-01
   4.1580006447808660e-01
   4.1532936099344786e-01
   4.1480767843049765e-01
   4.1423542843060818e-01
   4.1361306102878947e-01
   4.1294106388614088e-01
   4.1221996146317519e-01
   4.1145031413663663e-01
   4.1063271726258599e-01
   4.0976780018866715e-01
   4.0885622521859794e-01
   4.0789868653203676e-01
   4.0689590906307688e-01
   4.0584864734069903e-01
   4.0475768429458142e-01
   4.0362383002971502e-01
   4.0244792057330964e-01
   4.0123081659749515e-01
   3.9997340212132881e-01
   3.9867658319560967e-01
   3.9734128657398005e-01
   3.9596845837375427e-01
   3.9455906272986935e-01
   3.9311408044528595e-01
   3.9163450764109897e-01
   3.9012135440952833e-01
   3.8857564347286927e-01
   3.8699840885137460e-01
   3.8539069454293212e-01
   3.8375355321727678e-01
   3.8208804492735282e-01
   3.8039523584030754e-01
   3.7867619699045968e-01
   3.7693200305644553e-01
   3.7516373116459784e-01
   3.7337245972046762e-01
   3.7155926727024707e-01
   3.6972523139370428e-01
   3.6787142763008640e-01
   3.6599892843830223e-01
   3.6410880219254338e-01
   3.6220211221435789e-01
   3.6027991584204683e-01
   3.5834326353811013e-01
   3.5639319803533548e-01
   3.5443075352198489e-01
   3.5245695486640849e-01
   3.5047281688128834e-01
   3.4847934362759803e-01
   3.4647752775824542e-01
   3.4446834990126346e-01
   3.4245277808230568e-01
   3.4043176718611051e-01
   3.3840625845650341e-01
   3.3637717903442582e-01
   3.3434544153339729e-01
   3.3231194365174588e-01
   3.3027756782087592e-01
   3.2824318088878057e-01
   3.2620963383795237e-01
   3.2417776153679517e-01
   3.2214838252359879e-01
   3.2012229882209731e-01
   3.1810029578760263e-01
   3.1608314198267368e-01
   3.1407158908126109e-01
   3.1206637180024838e-01
   3.1006820785729750e-01
   3.0807779795389639e-01
   3.0609582578250005e-01
   3.0412295805665912e-01
   3.0215984456302430e-01
   3.0020711823412843e-01
   2.9826539524084966e-01
   2.9633527510347318e-01
   2.9441734082028292e-01
   2.9251215901262800e-01
   2.9062028008542951e-01
   2.8874223840211205e-01
   2.8687855247296501e-01
   2.8502972515596470e-01
   2.8319624386910941e-01
   2.8137858081334882e-01
   2.7957719320521318e-01
   2.7779252351827616e-01
   2.7602499973261463e-01
   2.7427503559145483e-01
   2.7254303086422660e-01
   2.7082937161527326e-01
   2.6913443047749780e-01
   2.6745856693025272e-01
   2.6580212758081195e-01
   2.6416544644879136e-01
   2.6173300227556967e-01
   2.5850545017429000e-01
   2.5529922519364745e-01
   2.5211488424679079e-01
   2.4895295000374504e-01
   2.4581391181291840e-01
   2.4269822662659835e-01
   2.3960631992815357e-01
   2.3653858665881439e-01
   2.3349539214205486e-01
   2.3047707300374645e-01
   2.2748393808639306e-01
   2.2451626935589533e-01
   2.2157432279942127e-01
   2.1865832931308626e-01
   2.1576849557826641e-01
   2.1290500492548231e-01
   2.1006801818490017e-01
   2.0725767452260074e-01
   2.0447409226186436e-01
   2.0171736968881313e-01
   1.9898758584183887e-01
   1.9628480128432788e-01
   1.9360905886027016e-01
   1.9096038443241442e-01
   1.8833878760269582e-01
   1.8574426241472874e-01
   1.8317678803821319e-01
   1.8063632943515975e-01
   1.7812283800788647e-01
   1.7563625222878876e-01
   1.7317649825192502e-01
   1.7074349050650042e-01
   1.6833713227236574e-01
   1.6595731623768223e-01
   1.6360392503893106e-01
   1.6127683178347349e-01
   1.5897590055489108e-01
   1.5670098690135673e-01
   1.5445193830730575e-01
   1.5222859464869298e-01
   1.5003078863213609e-01
   1.4785834621825758e-01
   1.4571108702954896e-01
   1.4358882474308884e-01
   1.4149136746845431e-01
   1.3941851811117076e-01
   1.3737007472204918e-01
   1.3534583083276422e-01
   1.3334557577802705e-01
   1.3136909500470881e-01
   1.2941617036827030e-01
   1.2748658041685232e-01
   1.2558010066337974e-01
   1.2369650384602988e-01
   1.2183556017741236e-01
   1.1999703758280429e-01
   1.1818070192778039e-01
   1.1638631723557283e-01
   1.1461364589449032e-01
   1.1286244885572128e-01
   1.1113248582183904e-01
   1.0942351542632198e-01
   1.0773529540439465e-01
   1.0606758275548972e-01
   1.0442013389762378e-01
   1.0279270481397354e-01
   1.0118505119193184e-01
   9.9596928554916059e-02
   9.8028092387194690e-02
   9.6478298251990655e-02
   9.4947301903112985e-02
   9.3434859390361558e-02
   9.1940727158942567e-02
   9.0464662143125707e-02
   8.9006421854366732e-02
   8.7565764464112850e-02
   8.6142448881501243e-02
   8.4736234826154763e-02
   8.3346882896272179e-02
   8.1974154632203727e-02
   8.0617812575697154e-02
   7.9277620324992373e-02
   7.7953342585937488e-02
   7.6644745219292848e-02
   7.5351595284383829e-02
   7.4073661079257641e-02
   7.2810712177493936e-02
   7.1562519461813343e-02
   7.0328855154623338e-02
   6.9109492845635126e-02
   6.7904207516680817e-02
   6.6712775563855034e-02
   6.5534974817100577e-02
   6.4370584557352992e-02
   6.3219385531354824e-02
   6.2081159964245736e-02
   6.0955691570030675e-02
   5.9842765560024262e-02
   5.8742168649365649e-02
   5.7653689061694248e-02
   5.6577116532073278e-02
   5.5512242308244371e-02
   5.4458859150293144e-02
   5.3416761328802354e-02
   5.2385744621566054e-02
   5.1365606308935177e-02
   5.0356145167861820e-02
   4.9357161464706867e-02
   4.8368456946872695e-02
   4.7389834833320113e-02
   4.6421099804026054e-02
   4.5462057988436132e-02
   4.4512516952963793e-02
   4.3572285687585505e-02
   4.2641174591579172e-02
   4.1718995458450890e-02
   4.0805561460093169e-02
   3.9900687130215634e-02
   3.9004188347087472e-02
   3.8115882315629138e-02
   3.7235587548888741e-02
   3.6363123848937383e-02
   3.5498312287215658e-02
   3.4640975184362210e-02
   3.3790936089553775e-02
   3.2948019759384509e-02
   3.2112052136311409e-02
   3.1491120952489592e-02
   3.1085036022337476e-02
   3.0685453325432023e-02
   3.0292290744367074e-02
   2.9905467425597576e-02
   2.9524903766181942e-02
   2.9150521400628078e-02
   2.8782243187847008e-02
   2.8419993198217773e-02
   2.8063696700767096e-02
   2.7713280150466903e-02
   2.7368671175652861e-02
   2.7029798565566556e-02
   2.6696592258023975e-02
   2.6368983327212634e-02
   2.6046903971619587e-02
   2.5730287502092327e-02
   2.5419068330034451e-02
   2.5113181955737793e-02
   2.4812564956852603e-02
   2.4517154976997212e-02
   2.4226890714508433e-02
   2.3941711911333881e-02
   2.3661559342067300e-02
   2.3386374803127771e-02
   2.3116101102083651e-02
   2.2850682047122022e-02
   2.2590062436664209e-02
   2.2334188049127936e-02
   2.2083005632836605e-02
   2.1836462896076072e-02
   2.1594508497299186e-02
   2.1357092035478368e-02
   2.1124164040606394e-02
   2.0895675964345481e-02
   2.0671580170824690e-02
   2.0451829927585728e-02
   2.0236379396677009e-02
   2.0025183625895913e-02
   1.9818198540179056e-02
   1.9615380933140469e-02
   1.9416688458757336e-02
   1.9222079623203141e-02
   1.9031513776827852e-02
   1.8844951106284865e-02
   1.8662352626804331e-02
   1.8483680174612507e-02
   1.8308896399496691e-02
   1.8137964757515387e-02
   1.7970849503853213e-02
   1.7807515685820084e-02
   1.7647929135994247e-02
   1.7492056465508648e-02
   1.7339865057480145e-02
   1.7191323060581087e-02
   1.7046399382752656e-02
   1.6905063685059611e-02
   1.6767286375685725e-02
   1.6633038604069533e-02
   1.6502292255179771e-02
   1.6375019943930022e-02
   1.6251195009731986e-02
   1.6130791511186876e-02
   1.6013784220914418e-02
   1.5900148620518893e-02
   1.5789860895691666e-02
   1.5682897931449807e-02
   1.5579237307510107e-02
   1.5478857293798165e-02
   1.5381736846091856e-02
   1.5287855601798860e-02
   1.5197193875867637e-02
   1.5109732656831430e-02
   1.5025453602984813e-02
   1.4944339038692309e-02
   1.4866371950828679e-02
   1.4791535985350374e-02
   1.4719815443997778e-02
   1.4651195281127823e-02
   1.4585661100676542e-02
   1.4523199153251218e-02
   1.4463796333351717e-02
   1.4407440176720677e-02
   1.4354118857822168e-02
   1.4303821187448537e-02
   1.4256536610455084e-02
   1.4212255203622300e-02
   1.4170967673645335e-02
   1.4132665355250476e-02
   1.4097340209438357e-02
   1.4064984821853648e-02
   1.4035592401281039e-02
   1.4009156778267256e-02
   1.3985672403868995e-02
   1.3965134348526521e-02
   1.3947538301062842e-02
   1.3932880567808279e-02
   1.3921158071850327e-02
   1.3912368352408699e-02
   1.3906509564335466e-02
   1.3903580477740221e-02
   1.3903580477740221e-02
   1.3906509564335468e-02
   1.3912368352408701e-02
   1.3921158071850331e-02
   1.3932880567808283e-02
   1.3947538301062847e-02
   1.3965134348526528e-02
   1.3985672403869002e-02
   1.4009156778267265e-02
   1.4035592401281048e-02
   1.4064984821853659e-02
   1.4097340209438368e-02
   1.4132665355250488e-02
   1.4170967673645347e-02
   1.4212255203622315e-02
   1.4256536610455100e-02
   1.4303821187448553e-02
   1.4354118857822186e-02
   1.4407440176720696e-02
   1.4463796333351738e-02
   1.4523199153251237e-02
   1.4585661100676562e-02
   1.4651195281127845e-02
   1.4719815443997803e-02
   1.4791535985350400e-02
   1.4866371950828705e-02
   1.4944339038692337e-02
   1.5025453602984840e-02
   1.5109732656831460e-02
   1.5197193875867668e-02
   1.5287855601798891e-02
   1.5381736846091888e-02
   1.5478857293798198e-02
   1.5579237307510143e-02
   1.5682897931449839e-02
   1.5789860895691701e-02
   1.5900148620518924e-02
   1.6013784220914453e-02
   1.6130791511186907e-02
   1.6251195009732013e-02
   1.6375019943930053e-02
   1.6502292255179799e-02
   1.6633038604069561e-02
   1.6767286375685753e-02
   1.6905063685059639e-02
   1.7046399382752687e-02
   1.7191323060581111e-02
   1.7339865057480173e-02
   1.7492056465508672e-02
   1.7647929135994271e-02
   1.7807515685820108e-02
   1.7970849503853237e-02
   1.8137964757515411e-02
   1.8308896399496712e-02
   1.8483680174612528e-02
   1.8662352626804352e-02
   1.8844951106284886e-02
   1.9031513776827873e-02
   1.9222079623203162e-02
   1.9416688458757356e-02
   1.9615380933140487e-02
   1.9818198540179077e-02
   2.0025183625895931e-02
   2.0236379396677027e-02
   2.0451829927585746e-02
   2.0671580170824707e-02
   2.0895675964345498e-02
   2.1124164040606415e-02
   2.1357092035478385e-02
   2.1594508497299200e-02
   2.1836462896076089e-02
   2.2083005632836619e-02
   2.2334188049127950e-02
   2.2590062436664223e-02
   2.2850682047122036e-02
   2.3116101102083661e-02
   2.3386374803127781e-02
   2.3661559342067314e-02
   2.3941711911333891e-02
   2.4226890714508443e-02
   2.4517154976997222e-02
   2.4812564956852613e-02
   2.5113181955737803e-02
   2.5419068330034461e-02
   2.5730287502092337e-02
   2.6046903971619594e-02
   2.6368983327212641e-02
   2.6696592258023982e-02
   2.7029798565566563e-02
   2.7368671175652868e-02
   2.7713280150466910e-02
   2.8063696700767103e-02
   2.8419993198217780e-02
   2.8782243187847011e-02
   2.9150521400628081e-02
   2.9524903766181949e-02
   2.9905467425597583e-02
   3.0292290744367078e-02
   3.0685453325432027e-02
   3.1085036022337479e-02
   3.1491120952489585e-02
