   6.3869250511300246e-01  -1.5463031150053852e-03
   6.3990694174205409e-01  -2.5236820760809915e-03
   6.4106030570268102e-01  -3.4542375163906262e-03
   6.4213950698110067e-01  -4.3270511887693354e-03
   6.4313227590420019e-01  -5.1317786700232695e-03
   6.4402730757729221e-01  -5.8587937176226750e-03
   6.4481439563631304e-01  -6.4993265840763538e-03
   6.4548455352472389e-01  -7.0455933018226096e-03
   6.4603012166337503e-01  -7.4909130088411709e-03
   6.4644485906684690e-01  -7.8298105488439993e-03
   6.4672401816797853e-01  -8.0581018481815560e-03
   6.4686440183904115e-01  -8.1729599374966329e-03
   6.4686440183904115e-01  -8.1729599374966329e-03
   6.4672401816797853e-01  -8.0581018481815595e-03
   6.4644485906684690e-01  -7.8298105488440010e-03
   6.4603012166337503e-01  -7.4909130088411718e-03
   6.4548455352472400e-01  -7.0455933018226131e-03
   6.4481439563631315e-01  -6.4993265840763564e-03
   6.4402730757729221e-01  -5.8587937176226776e-03
   6.4313227590420030e-01  -5.1317786700232721e-03
   6.4213950698110089e-01  -4.3270511887693380e-03
   6.4106030570268113e-01  -3.4542375163906275e-03
   6.3990694174205409e-01  -2.5236820760809924e-03
   6.3869250511300257e-01  -1.5463031150053856e-03
   6.3764437521868633e-01  -7.0492819819338375e-04
   6.3677496283603585e-01  -9.6294040310974126e-06
   6.3588030589127442e-01   7.0328482459065648e-04
   6.3497033018474192e-01   1.4258912902771652e-03
   6.3405511564653494e-01   2.1502270999375116e-03
   6.3314478380891304e-01   2.8683792621256770e-03
   6.3224938554665133e-01   3.5725707097821889e-03
   6.3137879035642530e-01   4.2552418572790497e-03
   6.3054257839408301e-01   4.9091269785639614e-03
   6.2974993642209642e-01   5.5273248684002754e-03
   6.2900955874118847e-01   6.1033634145276515e-03
   6.2832955409287505e-01   6.6312578593321703e-03
   6.2771735942619733e-01   7.1055626607727032e-03
   6.2717966132487568e-01   7.5214169705710241e-03
   6.2672232579281972e-01   7.8745838310266755e-03
   6.2635033699836584e-01   8.1614832495129127e-03
   6.2606774548224353e-01   8.3792193421845847e-03
   6.2587762624211030e-01   8.5256017472030085e-03
   6.2578204701798068e-01   8.5991614953289993e-03
   6.2578204701798068e-01   8.5991614953290028e-03
   6.2587762624211041e-01   8.5256017472030172e-03
   6.2606774548224353e-01   8.3792193421846003e-03
   6.2635033699836595e-01   8.1614832495129318e-03
   6.2672232579281983e-01   7.8745838310266998e-03
   6.2717966132487579e-01   7.5214169705710562e-03
   6.2771735942619755e-01   7.1055626607727396e-03
   6.2832955409287528e-01   6.6312578593322093e-03
   6.2900955874118880e-01   6.1033634145276931e-03
   6.2974993642209665e-01   5.5273248684003179e-03
   6.3054257839408323e-01   4.9091269785640056e-03
   6.3137879035642563e-01   4.2552418572790948e-03
   6.3224938554665167e-01   3.5725707097822340e-03
   6.3314478380891337e-01   2.8683792621257225e-03
   6.3405511564653527e-01   2.1502270999375567e-03
   6.3497033018474225e-01   1.4258912902772093e-03
   6.3588030589127476e-01   7.0328482459069920e-04
   6.3677496283603630e-01  -9.6294040310566618e-06
   6.3764437521868667e-01  -7.0492819819334526e-04
   6.3764437521868644e-01  -7.0492819819338440e-04
   6.3677496283603596e-01  -9.6294040310993133e-06
   6.3588030589127453e-01   7.0328482459065355e-04
   6.3497033018474203e-01   1.4258912902771611e-03
   6.3405511564653494e-01   2.1502270999375064e-03
   6.3314478380891304e-01   2.8683792621256705e-03
   6.3224938554665144e-01   3.5725707097821820e-03
   6.3137879035642530e-01   4.2552418572790428e-03
   6.3054257839408301e-01   4.9091269785639536e-03
   6.2974993642209642e-01   5.5273248684002676e-03
   6.2900955874118847e-01   6.1033634145276445e-03
   6.2832955409287494e-01   6.6312578593321634e-03
   6.2771735942619733e-01   7.1055626607726963e-03
   6.2717966132487557e-01   7.5214169705710154e-03
   6.2672232579281961e-01   7.8745838310266634e-03
   6.2635033699836584e-01   8.1614832495128988e-03
   6.2606774548224353e-01   8.3792193421845709e-03
   6.2587762624211041e-01   8.5256017472029912e-03
   6.2578204701798068e-01   8.5991614953289837e-03
   6.2578204701798068e-01   8.5991614953289854e-03
   6.2587762624211041e-01   8.5256017472029998e-03
   6.2606774548224353e-01   8.3792193421845813e-03
   6.2635033699836595e-01   8.1614832495129127e-03
   6.2672232579281972e-01   7.8745838310266807e-03
   6.2717966132487568e-01   7.5214169705710363e-03
   6.2771735942619744e-01   7.1055626607727197e-03
   6.2832955409287516e-01   6.6312578593321911e-03
   6.2900955874118880e-01   6.1033634145276749e-03
   6.2974993642209665e-01   5.5273248684003023e-03
   6.3054257839408312e-01   4.9091269785639900e-03
   6.3137879035642552e-01   4.2552418572790809e-03
   6.3224938554665155e-01   3.5725707097822215e-03
   6.3314478380891326e-01   2.8683792621257112e-03
   6.3405511564653516e-01   2.1502270999375476e-03
   6.3497033018474225e-01   1.4258912902772019e-03
   6.3588030589127476e-01   7.0328482459069389e-04
   6.3677496283603618e-01  -9.6294040310599551e-06
   6.3764437521868655e-01  -7.0492819819334657e-04
   6.3764437521868644e-01  -7.0492819819338440e-04
   6.3677496283603607e-01  -9.6294040310988492e-06
   6.3588030589127453e-01   7.0328482459065431e-04
   6.3497033018474203e-01   1.4258912902771624e-03
   6.3405511564653505e-01   2.1502270999375081e-03
   6.3314478380891315e-01   2.8683792621256731e-03
   6.3224938554665144e-01   3.5725707097821846e-03
   6.3137879035642541e-01   4.2552418572790462e-03
   6.3054257839408301e-01   4.9091269785639579e-03
   6.2974993642209642e-01   5.5273248684002728e-03
   6.2900955874118858e-01   6.1033634145276497e-03
   6.2832955409287505e-01   6.6312578593321686e-03
   6.2771735942619733e-01   7.1055626607727023e-03
   6.2717966132487568e-01   7.5214169705710232e-03
   6.2672232579281961e-01   7.8745838310266721e-03
   6.2635033699836584e-01   8.1614832495129092e-03
   6.2606774548224353e-01   8.3792193421845813e-03
   6.2587762624211041e-01   8.5256017472030033e-03
   6.2578204701798068e-01   8.5991614953289941e-03
   6.2578204701798068e-01   8.5991614953289958e-03
   6.2587762624211041e-01   8.5256017472030102e-03
   6.2606774548224353e-01   8.3792193421845934e-03
   6.2635033699836584e-01   8.1614832495129248e-03
   6.2672232579281972e-01   7.8745838310266929e-03
   6.2717966132487568e-01   7.5214169705710475e-03
   6.2771735942619744e-01   7.1055626607727318e-03
   6.2832955409287505e-01   6.6312578593322015e-03
   6.2900955874118858e-01   6.1033634145276853e-03
   6.2974993642209653e-01   5.5273248684003119e-03
   6.3054257839408312e-01   4.9091269785639987e-03
   6.3137879035642552e-01   4.2552418572790887e-03
   6.3224938554665155e-01   3.5725707097822284e-03
   6.3314478380891326e-01   2.8683792621257177e-03
   6.3405511564653516e-01   2.1502270999375524e-03
   6.3497033018474214e-01   1.4258912902772060e-03
   6.3588030589127464e-01   7.0328482459069692e-04
   6.3677496283603618e-01  -9.6294040310579849e-06
   6.3764437521868655e-01  -7.0492819819334570e-04
   6.3869250511300291e-01  -1.5463031150053511e-03
   6.3990694174205465e-01  -2.5236820760809629e-03
   6.4106030570268180e-01  -3.4542375163906019e-03
   6.4213950698110145e-01  -4.3270511887693172e-03
   6.4313227590420108e-01  -5.1317786700232565e-03
   6.4402730757729321e-01  -5.8587937176226654e-03
   6.4481439563631426e-01  -6.4993265840763486e-03
   6.4548455352472511e-01  -7.0455933018226096e-03
   6.4603012166337626e-01  -7.4909130088411692e-03
   6.4644485906684801e-01  -7.8298105488439993e-03
   6.4672401816797986e-01  -8.0581018481815578e-03
   6.4686440183904237e-01  -8.1729599374966329e-03
   6.4686440183904237e-01  -8.1729599374966329e-03
   6.4672401816797986e-01  -8.0581018481815560e-03
   6.4644485906684812e-01  -7.8298105488439958e-03
   6.4603012166337626e-01  -7.4909130088411649e-03
   6.4548455352472511e-01  -7.0455933018226035e-03
   6.4481439563631415e-01  -6.4993265840763426e-03
   6.4402730757729321e-01  -5.8587937176226602e-03
   6.4313227590420108e-01  -5.1317786700232513e-03
   6.4213950698110156e-01  -4.3270511887693137e-03
   6.4106030570268180e-01  -3.4542375163905989e-03
   6.3990694174205465e-01  -2.5236820760809607e-03
   6.3869250511300291e-01  -1.5463031150053505e-03
