   8.0582284486332562e-02
   8.0708409320394581e-02
   8.0960848185945969e-02
   8.1339979645900021e-02
   8.1846371963249689e-02
   8.2480783599124294e-02
   8.3244163869635360e-02
   8.4137653755158970e-02
   8.5162586853915090e-02
   8.6320490469784086e-02
   8.7613086822213929e-02
   8.9042294363787619e-02
   9.0610229188504643e-02
   9.2319206511045596e-02
   9.4171742194196287e-02
   9.6170554298163735e-02
   9.8318564621675542e-02
   1.0061890020046538e-01
   1.0307489472395850e-01
   1.0569008982562150e-01
   1.0499459519198408e-01
   1.0098741544500710e-01
   9.7136427227032238e-02
   9.3436044994343798e-02
   8.9880860909673385e-02
   8.6465643160906130e-02
   8.3185333799052269e-02
   8.0035046173889179e-02
   7.7010062036535265e-02
   7.4105828370010229e-02
   7.1317954001488576e-02
   6.8642206043380144e-02
   6.6074506204504738e-02
   6.3610927007397552e-02
   6.1247687943126954e-02
   5.8981151590868849e-02
   5.6807819725810324e-02
   5.4724329435701852e-02
   5.2727449263499128e-02
   5.0814075390992780e-02
   4.8981227876082001e-02
   4.7226046954373734e-02
   4.5545789414054440e-02
   4.3937825051459545e-02
   4.2399633213434283e-02
   4.0928799431416578e-02
   3.9523012151159984e-02
   3.8180059561135467e-02
   3.6897826521889367e-02
   3.5674291597978518e-02
   3.4507524193539738e-02
   3.3395681792069414e-02
   3.2337007300579465e-02
   3.1329826497951081e-02
   3.0372545587018691e-02
   2.9463648849678049e-02
   2.8601696404116798e-02
   2.7785322063109640e-02
   2.7013231292197227e-02
   2.6284199266474979e-02
   2.5597069024650913e-02
   2.4950749718987336e-02
   2.4344214959716861e-02
   2.3776501252516249e-02
   2.3246706527629779e-02
   2.2753988759255082e-02
   2.2297564673837356e-02
   2.1876708545960449e-02
   2.1490751080574785e-02
   2.1139078380360742e-02
   2.0821130997091274e-02
   2.0536403065928379e-02
   2.0284441521663147e-02
   2.0064845395988604e-02
   1.9877265194977501e-02
   1.9721402356022526e-02
   1.9597008783584891e-02
   1.9503886463186969e-02
   1.9441887153176646e-02
   1.9410912153883849e-02
   1.1055280401553097e-01
   1.1766995330118261e-01
   1.2496694989581798e-01
   1.3245384028045459e-01
   1.4014072479602355e-01
   1.4803774173358630e-01
   1.5615504770109140e-01
   1.6450279382572155e-01
   1.7309109731061462e-01
   1.8193000782309751e-01
   1.9102946814914462e-01
   2.0039926850634307e-01
   2.1004899386626258e-01
   2.1998796359810463e-01
   2.3022516271051971e-01
   2.4076916393960801e-01
   2.5162803991088667e-01
   2.6280926459448489e-01
   2.7431960327965671e-01
   2.8616499032117143e-01
   2.9835039396123125e-01
   3.1087966761195529e-01
   3.2375538710156854e-01
   3.3697867354930189e-01
   3.5054900174729098e-01
   3.6446399420050174e-01
   3.7871920131609038e-01
   3.9330786864958528e-01
   4.0822069261406974e-01
   4.2344556664595395e-01
   4.3896732050052401e-01
   4.5476745612254704e-01
   4.7082388439765810e-01
   4.8711066802910880e-01
   5.0359777678455431e-01
   5.2025086239299922e-01
   5.3703106140687995e-01
   5.5389483533143802e-01
   5.7079385820420925e-01
   5.8767496251119022e-01
   6.0448015477221950e-01
   6.2114671222756312e-01
   6.3760737171800852e-01
   6.5379062098126606e-01
   6.6962110110696338e-01
   6.8502012673844326e-01
   6.9990632774824690e-01
   7.1419641255140809e-01
   7.2780604901163493e-01
   7.4065085415241005e-01
   7.5264747878152294e-01
   7.6371476790736337e-01
   7.7377497275517204e-01
   7.8275498560645518e-01
   7.9058756492703752e-01
   7.9721251565039608e-01
   8.0257778833317872e-01
   8.0664046141623202e-01
   8.0936757312259888e-01
   8.1073677359675633e-01
