   9.2483410933761542e-02
   9.2608365979504420e-02
   9.2858434189409172e-02
   9.3233931870064402e-02
   9.3735333654111810e-02
   9.4363272703006151e-02
   9.5118540969715157e-02
   9.6002089514679118e-02
   9.7015028866522662e-02
   9.8158629417074650e-02
   9.9434321838187054e-02
   1.0084369750562124e-01
   1.0238850891286902e-01
   1.0407067005516549e-01
   1.0589225676110467e-01
   1.0785550694615759e-01
   1.0996282075898166e-01
   1.1221676058767001e-01
   1.1462005088898006e-01
   1.1717557779907045e-01
   1.1639772324148807e-01
   1.1228556212470313e-01
   1.0832283437735986e-01
   1.0450473975433744e-01
   1.0082660491949405e-01
   9.7283884606451557e-02
   9.3872162181029256e-02
   9.0587149682511844e-02
   8.7424687413087399e-02
   8.4380743137632441e-02
   8.1451410949508432e-02
   7.8632909852119959e-02
   7.5921582100623622e-02
   7.3313891343325124e-02
   7.0806420597919528e-02
   6.8395870093775277e-02
   6.6079055007901580e-02
   6.3852903119034993e-02
   6.1714452401403365e-02
   5.9660848577144328e-02
   5.7689342644042720e-02
   5.5797288393182543e-02
   5.3982139929260882e-02
   5.2241449204661568e-02
   5.0572863576917454e-02
   4.8974123397882756e-02
   4.7443059641775663e-02
   4.5977591578221892e-02
   4.4575724495518131e-02
   4.3235547478528702e-02
   4.1955231244918789e-02
   4.0733026042802434e-02
   3.9567259612335148e-02
   3.8456335213301288e-02
   3.7398729720327338e-02
   3.6392991786988661e-02
   3.5437740079762255e-02
   3.4531661582506576e-02
   3.3673509971917259e-02
   3.2862104064209960e-02
   3.2096326333114530e-02
   3.1375121499125705e-02
   3.0697495189840461e-02
   3.0062512671119247e-02
   2.9469297648734204e-02
   2.8917031140110856e-02
   2.8404950415728061e-02
   2.7932348009712615e-02
   2.7498570799148449e-02
   2.7103019151614165e-02
   2.6745146140465852e-02
   2.6424456827392893e-02
   2.6140507611792766e-02
   2.5892905646534955e-02
   2.5681308319713395e-02
   2.5505422802021116e-02
   2.5365005659418474e-02
   2.5259862530807656e-02
   2.5189847870470034e-02
   2.5154864755069038e-02
   1.2201964837702604e-01
   1.2915797518881553e-01
   1.3646555896296295e-01
   1.4395065158633308e-01
   1.5162147864315600e-01
   1.5948621868645313e-01
   1.6755297901476054e-01
   1.7582976760065089e-01
   1.8432446079363871e-01
   1.9304476639689466e-01
   2.0199818169551079e-01
   2.1119194599473606e-01
   2.2063298721072383e-01
   2.3032786204520300e-01
   2.4028268927066201e-01
   2.5050307565594770e-01
   2.6099403407576816e-01
   2.7175989337390827e-01
   2.8280419959180841e-01
   2.9412960823465767e-01
   3.0573776732976293e-01
   3.1762919114042470e-01
   3.2980312453684585e-01
   3.4225739819782919e-01
   3.5498827502727420e-01
   3.6799028842165588e-01
   3.8125607332219696e-01
   3.9477619133100417e-01
   4.0853895156551806e-01
   4.2253022937011414e-01
   4.3673328549527179e-01
   4.5112858888832813e-01
   4.6569364680696423e-01
   4.8040284655465831e-01
   4.9522731372915074e-01
   5.1013479244806015e-01
   5.2508955354222164e-01
   5.4005233715360357e-01
   5.5498033650208145e-01
   5.6982722975089128e-01
   5.8454326685831248e-01
   5.9907541800643727e-01
   6.1336758960233517e-01
   6.2736091291392038e-01
   6.4099410910383492e-01
   6.5420393274582667e-01
   6.6692569385497635e-01
   6.7909385606498429e-01
   6.9064270589892074e-01
   7.0150708518973959e-01
   7.1162317572746336e-01
   7.2092932228115214e-01
   7.2936687742538731e-01
   7.3688104926403131e-01
   7.4342173135919698e-01
   7.4894429309772648e-01
   7.5341030849027013e-01
   7.5678820208712194e-01
   7.5905379234531423e-01
   7.6019071536766103e-01
