   2.3462124114664826e-01
   2.3464828693008519e-01
   2.3470236672413985e-01
   2.3478345697285605e-01
   2.3489152231653382e-01
   2.3502651556089291e-01
   2.3518837763609357e-01
   2.3537703754573303e-01
   2.3559241230596417e-01
   2.3583440687491486e-01
   2.3610291407261474e-01
   2.3639781449166974e-01
   2.3671897639895323e-01
   2.3706625562861711e-01
   2.3743949546675644e-01
   2.3783852652809567e-01
   2.3826316662509747e-01
   2.3871322062992897e-01
   2.3918848032975634e-01
   2.3968872427587284e-01
   2.3880451158439686e-01
   2.3653625613342624e-01
   2.3429420011559710e-01
   2.3207933183225543e-01
   2.2989259290648584e-01
   2.2773487949414989e-01
   2.2560704352920766e-01
   2.2350989399715809e-01
   2.2144419823079578e-01
   2.1941068322284327e-01
   2.1741003695037386e-01
   2.1544290970628882e-01
   2.1350991543345224e-01
   2.1161163305742001e-01
   2.0974860781401677e-01
   2.0792135256832572e-01
   2.0613034912194975e-01
   2.0437604950568844e-01
   2.0265887725504259e-01
   2.0097922866621595e-01
   1.9933747403052607e-01
   1.9773395884536449e-01
   1.9616900500006224e-01
   1.9464291193521766e-01
   1.9315595777423222e-01
   1.9170840042597453e-01
   1.9030047865765595e-01
   1.8893241313714998e-01
   1.8760440744412737e-01
   1.8631664904950379e-01
   1.8506931026281309e-01
   1.8386254914722425e-01
   1.8269651040201426e-01
   1.8157132621239475e-01
   1.8048711706666618e-01
   1.7944399254073959e-01
   1.7844205205012753e-01
   1.7748138556955406e-01
   1.7656207432038032e-01
   1.7568419142607858e-01
   1.7484780253601881e-01
   1.7405296641785670e-01
   1.7329973551883213e-01
   1.7258815649630127e-01
   1.7191827071783497e-01
   1.7129011473122135e-01
   1.7070372070471260e-01
   1.7015911683785179e-01
   1.6965632774321129e-01
   1.6919537479936386e-01
   1.6877627647539667e-01
   1.6839904862726293e-01
   1.6806370476624988e-01
   1.6777025629982201e-01
   1.6751871274507846e-01
   1.6730908191504026e-01
   1.6714137007795934e-01
   1.6701558208981657e-01
   1.6693172150014909e-01
   1.6688979063132067e-01
   2.4136042699434232e-01
   2.4420279062375250e-01
   2.4706770268156331e-01
   2.4995368902581594e-01
   2.5285920316022514e-01
   2.5578262503198740e-01
   2.5872225996932269e-01
   2.6167633777338956e-01
   2.6464301197963275e-01
   2.6762035930398553e-01
   2.7060637928962861e-01
   2.7359899417020778e-01
   2.7659604896551215e-01
   2.7959531182560798e-01
   2.8259447463929799e-01
   2.8559115392252032e-01
   2.8858289200190468e-01
   2.9156715850815568e-01
   2.9454135219322647e-01
   2.9750280308436577e-01
   3.0044877498706773e-01
   3.0337646834771326e-01
   3.0628302348526448e-01
   3.0916552419975080e-01
   3.1202100176347414e-01
   3.1484643929885198e-01
   3.1763877654462452e-01
   3.2039491500977418e-01
   3.2311172351195833e-01
   3.2578604409454526e-01
   3.2841469831349102e-01
   3.3099449388231450e-01
   3.3352223166034645e-01
   3.3599471296626582e-01
   3.3840874719572689e-01
   3.4076115971865256e-01
   3.4304880002855598e-01
   3.4526855011309088e-01
   3.4741733301196576e-01
   3.4949212152541326e-01
   3.5148994703364372e-01
   3.5340790838515618e-01
   3.5524318080948020e-01
   3.5699302480791595e-01
   3.5865479497416608e-01
   3.6022594869544572e-01
   3.6170405468374939e-01
   3.6308680128647652e-01
   3.6437200452558782e-01
   3.6555761581491086e-01
   3.6664172930613592e-01
   3.6762258881546184e-01
   3.6849859428475051e-01
   3.6926830773343505e-01
   3.6993045866027324e-01
   3.7048394885733338e-01
   3.7092785660230393e-01
   3.7126144019930918e-01
   3.7148414084283637e-01
   3.7159558478409671e-01
