   1.3284295833232762e-01
   1.3295205395469833e-01
   1.3317031551675709e-01
   1.3349788355593215e-01
   1.3393496863424240e-01
   1.3448185104224361e-01
   1.3513888039909772e-01
   1.3590647514428120e-01
   1.3678512191528761e-01
   1.3777537480449006e-01
   1.3887785448710877e-01
   1.4009324721097033e-01
   1.4142230363744612e-01
   1.4286583752161056e-01
   1.4442472421826311e-01
   1.4609989899900697e-01
   1.4789235516406873e-01
   1.4980314193097449e-01
   1.5183336208056669e-01
   1.5398416933915285e-01
   1.5299253724459025e-01
   1.4885791435777260e-01
   1.4484218136804597e-01
   1.4094298513789033e-01
   1.3715797374847269e-01
   1.3348480264890894e-01
   1.2992114018825279e-01
   1.2646467257733424e-01
   1.2311310832492119e-01
   1.1986418219006317e-01
   1.1671565868992137e-01
   1.1366533519990660e-01
   1.1071104468055050e-01
   1.0785065806323339e-01
   1.0508208632468911e-01
   1.0240328227811191e-01
   9.9812242106697840e-02
   9.7307006663571310e-02
   9.4885662560269798e-02
   9.2546343064288633e-02
   9.0287228824618107e-02
   8.8106548442735549e-02
   8.6002578905141527e-02
   8.3973645892246929e-02
   8.2018123977224480e-02
   8.0134436727327646e-02
   7.8321056719149185e-02
   7.6576505478336124e-02
   7.4899353353392081e-02
   7.3288219332380167e-02
   7.1741770810582806e-02
   7.0258723316477256e-02
   6.8837840202742265e-02
   6.7477932308418809e-02
   6.6177857597802967e-02
   6.4936520781147755e-02
   6.3752872921790618e-02
   6.2625911033901097e-02
   6.1554677674655812e-02
   6.0538260534292759e-02
   5.9575792027172607e-02
   5.8666448886676485e-02
   5.7809451766498064e-02
   5.7004064850639059e-02
   5.6249595474189507e-02
   5.5545393756766738e-02
   5.4890852250296981e-02
   5.4285405602649932e-02
   5.3728530238478185e-02
   5.3219744058468188e-02
   5.2758606158076635e-02
   5.2344716566704551e-02
   5.1977716008149176e-02
   5.1657285683071263e-02
   5.1383147074119881e-02
   5.1155061774269033e-02
   5.0972831338838225e-02
   5.0836297161592194e-02
   5.0745340375242691e-02
   5.0699881776606302e-02
   1.5838469563571464e-01
   1.6503733285838076e-01
   1.7181759133429403e-01
   1.7872875202489394e-01
   1.8577391530318041e-01
   1.9295597798890043e-01
   2.0027760838396386e-01
   2.0774121921690100e-01
   2.1534893841195496e-01
   2.2310257760770599e-01
   2.3100359836235149e-01
   2.3905307599833098e-01
   2.4725166105834046e-01
   2.5559953836839150e-01
   2.6409638373192063e-01
   2.7274131831252152e-01
   2.8153286080213141e-01
   2.9046887751688943e-01
   2.9954653061478448e-01
   3.0876222468793790e-01
   3.1811155204810948e-01
   3.2758923709683468e-01
   3.3718908025135219e-01
   3.4690390198379573e-01
   3.5672548762335099e-01
   3.6664453366822486e-01
   3.7665059645497045e-01
   3.8673204413514350e-01
   3.9687601301114955e-01
   4.0706836938166052e-01
   4.1729367813880691e-01
   4.2753517944059488e-01
   4.3777477484827826e-01
   4.4799302436487792e-01
   4.5816915583248674e-01
   4.6828108813698799e-01
   4.7830546962388554e-01
   4.8821773304281174e-01
   4.9799216820614817e-01
   5.0760201336504918e-01
   5.1701956607116617e-01
   5.2621631400318314e-01
   5.3516308589450423e-01
   5.4383022230487954e-01
   5.5218776553981230e-01
   5.6020566754535350e-01
   5.6785401410330227e-01
   5.7510326313657578e-01
   5.8192449442277683e-01
   5.8828966752402334e-01
   5.9417188429256818e-01
   5.9954565192490217e-01
   6.0438714223174750e-01
   6.0867444258602443e-01
   6.1238779392127174e-01
   6.1550981119119841e-01
   6.1802568187440110e-01
   6.1992333841870717e-01
   6.2119360096299414e-01
   6.2183028724051093e-01
