   8.6439136950569664e-02
   8.6564935486497949e-02
   8.6816706218441619e-02
   8.7194796582811970e-02
   8.7699728023227203e-02
   8.8332196332833485e-02
   8.9093072103195878e-02
   8.9983401273156349e-02
   9.1004405769228025e-02
   9.2157484227142955e-02
   9.3444212782072059e-02
   9.4866345912759303e-02
   9.6425817322328980e-02
   9.8124740835803304e-02
   9.9965411291372902e-02
   1.0195030539915949e-01
   1.0408208253755896e-01
   1.0636358545321296e-01
   1.0879784082618338e-01
   1.1138805965695019e-01
   1.1065103470328859e-01
   1.0658580206908647e-01
   1.0267361580656226e-01
   9.8909278688969843e-02
   9.5287745377104952e-02
   9.1804122227894289e-02
   8.8453666556075547e-02
   8.5231785427461612e-02
   8.2134034053729960e-02
   7.9156113850944648e-02
   7.6293870217037485e-02
   7.3543290077184575e-02
   7.0900499240355991e-02
   6.8361759605234260e-02
   6.5923466249139834e-02
   6.3582144429520940e-02
   6.1334446523915863e-02
   5.9177148931037774e-02
   5.7107148952726769e-02
   5.5121461673927293e-02
   5.3217216855548921e-02
   5.1391655853026928e-02
   4.9642128571588694e-02
   4.7966090467630243e-02
   4.6361099604191706e-02
   4.4824813767271834e-02
   4.3354987648623139e-02
   4.1949470099703449e-02
   4.0606201460613722e-02
   3.9323210967112540e-02
   3.8098614238152424e-02
   3.6930610845823678e-02
   3.5817481969105752e-02
   3.4757588132408680e-02
   3.3749367029528146e-02
   3.2791331433332314e-02
   3.1882067191239184e-02
   3.1020231306326272e-02
   3.0204550103733307e-02
   2.9433817481870760e-02
   2.8706893247827558e-02
   2.8022701536277245e-02
   2.7380229311110470e-02
   2.6778524948969592e-02
   2.6216696903827028e-02
   2.5693912451729538e-02
   2.5209396514825129e-02
   2.4762430563795165e-02
   2.4352351597830710e-02
   2.3978551201317446e-02
   2.3640474676426673e-02
   2.3337620250850170e-02
   2.3069538359962338e-02
   2.2835831002744403e-02
   2.2636151170860881e-02
   2.2470202350337705e-02
   2.2337738095353891e-02
   2.2238561673723772e-02
   2.2172525783714099e-02
   2.2139532341909379e-02
   1.1624945126473740e-01
   1.2338832744115623e-01
   1.3070199275417071e-01
   1.3819959313979938e-01
   1.4589028673291965e-01
   1.5378322527090954e-01
   1.6188753186430352e-01
   1.7021227473589115e-01
   1.7876643649784760e-01
   1.8755887850443753e-01
   1.9659829978625987e-01
   2.0589319004175483e-01
   2.1545177613387301e-01
   2.2528196151574850e-01
   2.3539125799057520e-01
   2.4578670919964063e-01
   2.5647480523100075e-01
   2.6746138775236483e-01
   2.7875154509865990e-01
   2.9034949679117877e-01
   3.0225846703541592e-01
   3.1448054684335663e-01
   3.2701654455826557e-01
   3.3986582473142701e-01
   3.5302613551658102e-01
   3.6649342501477222e-01
   3.8026164732556939e-01
   3.9432255944512062e-01
   4.0866551060126133e-01
   4.2327722613323715e-01
   4.3814158860862473e-01
   4.5323941951967445e-01
   4.6854826560855484e-01
   4.8404219462383663e-01
   4.9969160609110114e-01
   5.1546306346400350e-01
   5.3131915477608915e-01
   5.4721838959771629e-01
   5.6311514066810908e-01
   5.7895963896397540e-01
   5.9469803112144659e-01
   6.1027250798198218e-01
   6.2562151252001075e-01
   6.4068003446979793e-01
   6.5537999755119203e-01
   6.6965074326535901e-01
   6.8341961278343111e-01
   6.9661262550519099e-01
   7.0915524948056929e-01
   7.2097325516398048e-01
   7.3199364005289780e-01
   7.4214560782999961e-01
   7.5136158189819380e-01
   7.5957822990695512e-01
   7.6673747325951591e-01
   7.7278745389287506e-01
   7.7768343003106000e-01
   7.8138857326587807e-01
   7.8387464128431750e-01
   7.8512250381720738e-01
