   1.9133787274221417e-01
   1.9140437584765957e-01
   1.9153738081336316e-01
   1.9173688507277958e-01
   1.9200288458553996e-01
   1.9233537360844591e-01
   1.9273434438955467e-01
   1.9319978678487057e-01
   1.9373168779704072e-01
   1.9433003103534485e-01
   1.9499479609616133e-01
   1.9572595786299532e-01
   1.9652348572506201e-01
   1.9738734271333633e-01
   1.9831748455290776e-01
   1.9931385863041717e-01
   2.0037640287530442e-01
   2.0150504455356005e-01
   2.0269969897265608e-01
   2.0396026809632831e-01
   2.0287741606602294e-01
   1.9945124041419812e-01
   1.9609122590635453e-01
   1.9279756102638471e-01
   1.8957036606889260e-01
   1.8640969803507887e-01
   1.8331555533323660e-01
   1.8028788228414588e-01
   1.7732657343263789e-01
   1.7443147766745998e-01
   1.7160240215231565e-01
   1.6883911607158836e-01
   1.6614135419479914e-01
   1.6350882026429386e-01
   1.6094119021102773e-01
   1.5843811520360651e-01
   1.5599922453597498e-01
   1.5362412835931263e-01
   1.5131242026381370e-01
   1.4906367971609935e-01
   1.4687747435803988e-01
   1.4475336217275792e-01
   1.4269089352354516e-01
   1.4068961307136044e-01
   1.3874906157648825e-01
   1.3686877758982832e-01
   1.3504829903916157e-01
   1.3328716471559901e-01
   1.3158491566527003e-01
   1.2994109649114685e-01
   1.2835525656973620e-01
   1.2682695118719733e-01
   1.2535574259927040e-01
   1.2394120101922221e-01
   1.2258290553783718e-01
   1.2128044497930331e-01
   1.2003341869666419e-01
   1.1884143731033275e-01
   1.1770412339298729e-01
   1.1662111210399900e-01
   1.1559205177637157e-01
   1.1461660445900784e-01
   1.1369444641695700e-01
   1.1282526859213732e-01
   1.1200877702687564e-01
   1.1124469325245405e-01
   1.1053275464470778e-01
   1.0987271474857571e-01
   1.0926434357336579e-01
   1.0870742786036250e-01
   1.0820177132427153e-01
   1.0774719486986807e-01
   1.0734353678509033e-01
   1.0699065291169664e-01
   1.0668841679448540e-01
   1.0643671980995914e-01
   1.0623547127519943e-01
   1.0608459853760578e-01
   1.0598404704604038e-01
   1.0593378040381031e-01
   2.0703267658399288e-01
   2.1191660851852223e-01
   2.1686540317293151e-01
   2.2187827436538934e-01
   2.2695426327601226e-01
   2.3209222855719663e-01
   2.3729083625475497e-01
   2.4254854957892028e-01
   2.4786361857041106e-01
   2.5323406971328499e-01
   2.5865769555323348e-01
   2.6413204438724863e-01
   2.6965441009818875e-01
   2.7522182221562119e-01
   2.8083103629236322e-01
   2.8647852469428892e-01
   2.9216046790912059e-01
   2.9787274648795886e-01
   3.0361093374108922e-01
   3.0937028931698063e-01
   3.1514575380018867e-01
   3.2093194446989942e-01
   3.2672315236589616e-01
   3.3251334081257250e-01
   3.3829614555401616e-01
   3.4406487665391017e-01
   3.4981252231278254e-01
   3.5553175475174503e-01
   3.6121493830604712e-01
   3.6685413986330995e-01
   3.7244114176999221e-01
   3.7796745731530051e-01
   3.8342434888426002e-01
   3.8880284885092581e-01
   3.9409378325871253e-01
   3.9928779830760663e-01
   4.0437538963772079e-01
   4.0934693436546277e-01
   4.1419272579283678e-01
   4.1890301067245644e-01
   4.2346802887123886e-01
   4.2787805523504524e-01
   4.3212344341542896e-01
   4.3619467137890455e-01
   4.4008238827958895e-01
   4.4377746233858301e-01
   4.4727102933895985e-01
   4.5055454131463529e-01
   4.5361981498561615e-01
   4.5645907947201125e-01
   4.5906502280552003e-01
   4.6143083675057078e-01
   4.6355025944838202e-01
   4.6541761540637233e-01
   4.6702785237271544e-01
   4.6837657466145277e-01
   4.6946007252721045e-01
   4.7027534722981529e-01
   4.7082013147732815e-01
   4.7109290499039963e-01
