   5.0758236791076372e-01
   5.0758236791076361e-01
   5.0758236791076361e-01
   5.0758236791076350e-01
   5.0758236791076339e-01
   5.0758236791076339e-01
   5.0758236791076317e-01
   5.0758236791076305e-01
   5.0758236791076283e-01
   5.0758236791076261e-01
   5.0758236791076250e-01
   5.0758236791076228e-01
   5.0758236791076206e-01
   5.0758236791076183e-01
   5.0758236791076161e-01
   5.0758236791076128e-01
   5.0758236791076106e-01
   5.0758236791076083e-01
   5.0758236791076061e-01
   5.0758236791076039e-01
   5.0758236791076017e-01
   5.0758236791075995e-01
   5.0758236791075984e-01
   5.0758236791075961e-01
   5.0758236791075950e-01
   5.0758236791075928e-01
   5.0758236791075917e-01
   5.0758236791075917e-01
   5.0758236791075906e-01
   5.0758236791075895e-01
   5.0758236791075895e-01
   5.0758236791075895e-01
   5.0758236791075906e-01
   5.0758236791075906e-01
   5.0758236791075906e-01
   5.0758236791075917e-01
   5.0758236791075928e-01
   5.0758236791075939e-01
   5.0758236791075950e-01
   5.0758236791075972e-01
   5.0758236791075995e-01
   5.0758236791076006e-01
   5.0758236791076039e-01
   5.0758236791076050e-01
   5.0758236791076083e-01
   5.0758236791076095e-01
   5.0758236791076128e-01
   5.0758236791076150e-01
   5.0758236791076172e-01
   5.0758236791076194e-01
   5.0758236791076217e-01
   5.0758236791076239e-01
   5.0758236791076261e-01
   5.0758236791076272e-01
   5.0758236791076294e-01
   5.0758236791076305e-01
   5.0758236791076328e-01
   5.0758236791076339e-01
   5.0758236791076350e-01
   5.0758236791076361e-01
   5.0758236791076361e-01
   5.0758236791076372e-01
   5.0758236791076372e-01
   5.0758236791076372e-01
   5.0758236791076372e-01
   5.0758236791076383e-01
   5.0758236791076394e-01
   5.0758236791076394e-01
   5.0758236791076394e-01
   5.0758236791076394e-01
   5.0758236791076394e-01
   5.0758236791076383e-01
   5.0758236791076372e-01
   5.0758236791076361e-01
   5.0758236791076350e-01
   5.0758236791076328e-01
   5.0758236791076317e-01
   5.0758236791076294e-01
   5.0758236791076272e-01
   5.0758236791076250e-01
   5.0758236791076228e-01
   5.0758236791076194e-01
   5.0758236791076172e-01
   5.0758236791076150e-01
   5.0758236791076117e-01
   5.0758236791076095e-01
   5.0758236791076072e-01
   5.0758236791076039e-01
   5.0758236791076017e-01
   5.0758236791075995e-01
   5.0758236791075972e-01
   5.0758236791075950e-01
   5.0758236791075928e-01
   5.0758236791075917e-01
   5.0758236791075895e-01
   5.0758236791075884e-01
   5.0758236791075884e-01
   5.0758236791075872e-01
   5.0758236791075872e-01
   5.0758236791075872e-01
   5.0758236791075872e-01
   5.0758236791075884e-01
   5.0758236791075884e-01
   5.0758236791075895e-01
   5.0758236791075917e-01
   5.0758236791075928e-01
   5.0758236791075950e-01
   5.0758236791075972e-01
   5.0758236791075995e-01
   5.0758236791076017e-01
   5.0758236791076039e-01
   5.0758236791076061e-01
   5.0758236791076095e-01
   5.0758236791076117e-01
   5.0758236791076150e-01
   5.0758236791076172e-01
   5.0758236791076194e-01
   5.0758236791076217e-01
   5.0758236791076239e-01
   5.0758236791076261e-01
   5.0758236791076294e-01
   5.0758236791076305e-01
   5.0758236791076328e-01
   5.0758236791076339e-01
   5.0758236791076361e-01
   5.0758236791076372e-01
   5.0758236791076383e-01
   5.0758236791076383e-01
   5.0758236791076394e-01
   5.0758236791076394e-01
   5.0758236791076394e-01
   5.0758236791076394e-01
   5.0758236791076394e-01
   5.0758236791076383e-01
   5.0758236791076372e-01
   5.0758236791076361e-01
   5.0758236791076350e-01
   5.0758236791076328e-01
   5.0758236791076305e-01
   5.0758236791076294e-01
   5.0758236791076261e-01
   5.0758236791076239e-01
   5.0758236791076217e-01
   5.0758236791076194e-01
   5.0758236791076161e-01
   5.0758236791076139e-01
   5.0758236791076117e-01
   5.0758236791076083e-01
   5.0758236791076061e-01
   5.0758236791076039e-01
   5.0758236791076017e-01
   5.0758236791075995e-01
   5.0758236791075972e-01
   5.0758236791075950e-01
   5.0758236791075928e-01
   5.0758236791075917e-01
   5.0758236791075906e-01
   5.0758236791075884e-01
   5.0758236791075884e-01
   5.0758236791075872e-01
   5.0758236791075872e-01
   5.0758236791075872e-01
   5.0758236791075872e-01
   5.0758236791075872e-01
   5.0758236791075872e-01
   5.0758236791075884e-01
   5.0758236791075895e-01
   5.0758236791075906e-01
