  -2.4969277797023506e-01
  -2.5192866128477437e-01
  -2.5440269784612374e-01
  -2.6650108682709928e-01
  -2.9374034162858248e-01
  -3.1444388281984997e-01
  -3.3433034780908966e-01
  -3.6256665704150998e-01
  -4.0275977233909094e-01
  -4.4931969274472011e-01
  -4.9777738307405950e-01
  -5.4989295011839279e-01
  -6.0929357061835698e-01
  -6.7705044172742457e-01
  -7.5155919219145184e-01
  -7.5491979985016933e-01
  -8.3144422677296104e-01
  -9.1694575923782418e-01
  -1.0088402565297252e+00
  -1.1071299643579953e+00
  -1.2109653889521586e+00
  -1.3193502544067717e+00
  -1.4315475859783846e+00
  -1.5469423760941259e+00
  -1.6648403822352666e+00
  -1.7845364133145836e+00
  -1.9055376961718087e+00
  -2.0276965182518207e+00
