   2.7947949347649165e-01
   2.7838761842120358e-01
   2.7734044155692833e-01
   2.7633835515430499e-01
   2.7538172866024485e-01
   2.7447090936765411e-01
   2.7360622306021010e-01
   2.7278797463099941e-01
   2.7201644867393221e-01
   2.7129191004693909e-01
   2.7061460440604945e-01
   2.6998475870953276e-01
   2.6940258169136289e-01
   2.6886826430334060e-01
   2.6838198012527553e-01
   2.6794388574269490e-01
   2.6755412109160454e-01
   2.6721280976988593e-01
   2.6692005931496082e-01
   2.6667596144740929e-01
   2.6648059228026827e-01
   2.6633401249378463e-01
   2.6623626747543605e-01
   2.6618738742507297e-01
   2.6618738742507297e-01
   2.6623626747543611e-01
   2.6633401249378463e-01
   2.6648059228026827e-01
   2.6667596144740929e-01
   2.6692005931496088e-01
   2.6721280976988598e-01
   2.6755412109160459e-01
   2.6794388574269490e-01
   2.6838198012527559e-01
   2.6886826430334065e-01
   2.6940258169136294e-01
   2.6998475870953281e-01
   2.7061460440604956e-01
   2.7129191004693920e-01
   2.7201644867393232e-01
   2.7278797463099952e-01
   2.7360622306021021e-01
   2.7447090936765423e-01
   2.7538172866024496e-01
   2.7633835515430510e-01
   2.7734044155692844e-01
   2.7838761842120369e-01
   2.7947949347649176e-01
   2.8042329261894439e-01
   2.8121795812381073e-01
   2.8205554186508547e-01
   2.8293571690846964e-01
   2.8385813532267296e-01
   2.8482242765422922e-01
   2.8582820238310452e-01
   2.8687504536036701e-01
   2.8796251922928712e-01
   2.8909016283133993e-01
   2.9025749059869049e-01
   2.9146399193485806e-01
   2.9270913058537051e-01
   2.9399234400034491e-01
   2.9531304269105507e-01
   2.9667060958267694e-01
   2.9806439936553875e-01
   2.9949373784733735e-01
   3.0095792130892324e-01
   3.0245621586640026e-01
   3.0398785684242757e-01
   3.0555204814975845e-01
   3.0714796169019576e-01
   3.0877473677228906e-01
   3.1043147955124178e-01
   3.1211726249463900e-01
   3.1383112387774531e-01
   3.1557206731225534e-01
   3.1733906131250789e-01
   3.1913103890329692e-01
   3.2094689727352449e-01
   3.2278549748004459e-01
   3.2464566420613805e-01
   3.2652618557913865e-01
   3.2842581305179203e-01
   3.3034326135197989e-01
   3.3227720850546838e-01
   3.3422629593635145e-01
   3.3618912864984452e-01
   3.3816427550205097e-01
   3.4015026956125899e-01
   3.4214560856523990e-01
   3.4414875547889862e-01
   3.4615813915648058e-01
   3.4817215511235661e-01
   3.5018916640419229e-01
   3.5220750463206135e-01
   3.5422547105677338e-01
   3.5624133784036638e-01
   3.5825334941135228e-01
   3.6025972395690781e-01
   3.6225865504376331e-01
   3.6424831336907226e-01
   3.6622684864202859e-01
   3.6819239159645434e-01
   3.7014305613399556e-01
   3.7207694159694843e-01
   3.7399213516909252e-01
   3.7588671440222865e-01
   3.7775874986542168e-01
   3.7960630791322347e-01
   3.8142745356841118e-01
   3.8322025351402100e-01
   3.8498277918869650e-01
   3.8671310997860076e-01
   3.8840933649838155e-01
   3.9006956395291847e-01
   3.9169191557084121e-01
   3.9327453610008717e-01
   3.9481559535507033e-01
   3.9631329180437708e-01
   3.9776585618728150e-01
   3.9917155514680547e-01
   4.0052869486652976e-01
   4.0183562469790579e-01
   4.0309074076443063e-01
   2.8042329261894444e-01
   2.8121795812381073e-01
   2.8205554186508547e-01
   2.8293571690846964e-01
   2.8385813532267290e-01
   2.8482242765422927e-01
   2.8582820238310458e-01
   2.8687504536036701e-01
   2.8796251922928712e-01
   2.8909016283133998e-01
   2.9025749059869049e-01
   2.9146399193485806e-01
   2.9270913058537046e-01
   2.9399234400034491e-01
   2.9531304269105507e-01
   2.9667060958267694e-01
   2.9806439936553880e-01
   2.9949373784733729e-01
   3.0095792130892318e-01
   3.0245621586640026e-01
   3.0398785684242757e-01
   3.0555204814975845e-01
   3.0714796169019576e-01
   3.0877473677228906e-01
   3.1043147955124178e-01
   3.1211726249463895e-01
   3.1383112387774531e-01
   3.1557206731225534e-01
   3.1733906131250789e-01
   3.1913103890329692e-01
   3.2094689727352449e-01
   3.2278549748004448e-01
   3.2464566420613800e-01
   3.2652618557913859e-01
   3.2842581305179203e-01
   3.3034326135197978e-01
   3.3227720850546832e-01
   3.3422629593635139e-01
   3.3618912864984452e-01
   3.3816427550205097e-01
   3.4015026956125899e-01
   3.4214560856523984e-01
   3.4414875547889856e-01
   3.4615813915648053e-01
   3.4817215511235655e-01
   3.5018916640419223e-01
   3.5220750463206130e-01
   3.5422547105677332e-01
   3.5624133784036632e-01
   3.5825334941135228e-01
   3.6025972395690775e-01
   3.6225865504376326e-01
   3.6424831336907221e-01
   3.6622684864202848e-01
   3.6819239159645428e-01
   3.7014305613399545e-01
   3.7207694159694837e-01
   3.7399213516909247e-01
   3.7588671440222859e-01
   3.7775874986542163e-01
   3.7960630791322342e-01
   3.8142745356841112e-01
   3.8322025351402095e-01
   3.8498277918869644e-01
   3.8671310997860070e-01
   3.8840933649838150e-01
   3.9006956395291842e-01
   3.9169191557084115e-01
   3.9327453610008706e-01
   3.9481559535507027e-01
   3.9631329180437708e-01
   3.9776585618728139e-01
   3.9917155514680541e-01
   4.0052869486652970e-01
   4.0183562469790574e-01
   4.0309074076443058e-01
   2.8042329261894444e-01
   2.8121795812381073e-01
   2.8205554186508552e-01
   2.8293571690846964e-01
   2.8385813532267296e-01
   2.8482242765422927e-01
   2.8582820238310458e-01
   2.8687504536036701e-01
   2.8796251922928717e-01
   2.8909016283133998e-01
   2.9025749059869055e-01
   2.9146399193485806e-01
   2.9270913058537051e-01
   2.9399234400034496e-01
   2.9531304269105507e-01
   2.9667060958267699e-01
   2.9806439936553880e-01
   2.9949373784733729e-01
   3.0095792130892324e-01
   3.0245621586640031e-01
   3.0398785684242757e-01
   3.0555204814975845e-01
   3.0714796169019576e-01
   3.0877473677228912e-01
   3.1043147955124178e-01
   3.1211726249463900e-01
   3.1383112387774531e-01
   3.1557206731225534e-01
   3.1733906131250789e-01
   3.1913103890329692e-01
   3.2094689727352449e-01
   3.2278549748004459e-01
   3.2464566420613805e-01
   3.2652618557913865e-01
   3.2842581305179203e-01
   3.3034326135197989e-01
   3.3227720850546838e-01
   3.3422629593635145e-01
   3.3618912864984452e-01
   3.3816427550205097e-01
   3.4015026956125899e-01
   3.4214560856523990e-01
   3.4414875547889862e-01
   3.4615813915648064e-01
   3.4817215511235661e-01
   3.5018916640419229e-01
   3.5220750463206135e-01
   3.5422547105677338e-01
   3.5624133784036632e-01
   3.5825334941135228e-01
   3.6025972395690781e-01
   3.6225865504376331e-01
   3.6424831336907221e-01
   3.6622684864202859e-01
   3.6819239159645434e-01
   3.7014305613399551e-01
   3.7207694159694837e-01
   3.7399213516909252e-01
   3.7588671440222865e-01
   3.7775874986542163e-01
   3.7960630791322347e-01
   3.8142745356841118e-01
   3.8322025351402100e-01
   3.8498277918869644e-01
   3.8671310997860076e-01
   3.8840933649838161e-01
   3.9006956395291842e-01
   3.9169191557084121e-01
   3.9327453610008717e-01
   3.9481559535507033e-01
   3.9631329180437708e-01
   3.9776585618728144e-01
   3.9917155514680541e-01
   4.0052869486652970e-01
   4.0183562469790579e-01
   4.0309074076443058e-01
   4.0460012036349491e-01
   4.0636099249295543e-01
   4.0806346712528258e-01
   4.0970533503425377e-01
   4.1128444230122607e-01
   4.1279869563554189e-01
   4.1424606765122479e-01
   4.1562460207637120e-01
   4.1693241887128035e-01
   4.1816771923116586e-01
   4.1932879044926047e-01
   4.2041401061627309e-01
   4.2142185313248554e-01
   4.2235089100928869e-01
   4.2319980093765341e-01
   4.2396736710191502e-01
   4.2465248471830891e-01
   4.2525416327892979e-01
   4.2577152948319136e-01
   4.2620382984042027e-01
   4.2655043292892342e-01
   4.2681083129870367e-01
   4.2698464300695149e-01
   4.2707161277749062e-01
   4.2707161277749062e-01
   4.2698464300695149e-01
   4.2681083129870367e-01
   4.2655043292892336e-01
   4.2620382984042021e-01
   4.2577152948319136e-01
   4.2525416327892973e-01
   4.2465248471830891e-01
   4.2396736710191502e-01
   4.2319980093765336e-01
   4.2235089100928869e-01
   4.2142185313248554e-01
   4.2041401061627304e-01
   4.1932879044926041e-01
   4.1816771923116580e-01
   4.1693241887128030e-01
   4.1562460207637114e-01
   4.1424606765122474e-01
   4.1279869563554183e-01
   4.1128444230122596e-01
   4.0970533503425371e-01
   4.0806346712528252e-01
   4.0636099249295538e-01
   4.0460012036349485e-01
