   5.9935292719915279e-01
   6.4500622495691629e-01
   6.9114742293957521e-01
   7.3747852958427673e-01
   7.8363091939666152e-01
   8.2916361809291561e-01
   8.7356491915037859e-01
   9.1625826455804316e-01
   9.5661319359727737e-01
   9.9396186780323381e-01
   1.0276212002542766e+00
   1.0569199696626681e+00
   1.0812295473967499e+00
   1.0999961205286031e+00
   1.1127717043617342e+00
   1.1192409574453950e+00
   1.1192409574453950e+00
   1.1127717043617344e+00
   1.0999961205286035e+00
   1.0812295473967504e+00
   1.0569199696626688e+00
   1.0276212002542773e+00
   9.9396186780323459e-01
   9.5661319359727814e-01
   9.1625826455804382e-01
   8.7356491915037915e-01
   8.2916361809291617e-01
   7.8363091939666196e-01
   7.3747852958427706e-01
   6.9114742293957554e-01
   6.4500622495691651e-01
   5.9935292719915290e-01
   5.6212370667811640e-01
   5.3343905064809072e-01
   5.0567861858120877e-01
   4.7890501526850660e-01
   4.5316179939955797e-01
   4.2847610192089741e-01
   4.0486108559815631e-01
   3.8231820600183686e-01
   3.6083925297157876e-01
   3.4040816587416972e-01
   3.2100262628449727e-01
   3.0259543877408956e-01
   2.8515571495754033e-01
   2.6864987842680199e-01
   2.5304250921453425e-01
   2.3829704639608024e-01
   2.2437636670345606e-01
   2.1124325584447015e-01
   1.9886078779029703e-01
   1.8719262575625140e-01
   1.7620325705126474e-01
   1.6585817247696899e-01
   1.5612399955804565e-01
   1.4696859760432737e-01
   1.3836112145203056e-01
   1.3027205970768660e-01
   1.2267325241935034e-01
   1.1553789231749967e-01
   1.0884051309277533e-01
   1.0255696759860367e-01
   9.6664398372965463e-02
   9.1141202454705611e-02
   8.5966992116086882e-02
   8.1122552835894229e-02
   7.6589799588319213e-02
   7.2351732315031267e-02
   6.8392391275081496e-02
   6.4696812824200409e-02
   6.1250986056999634e-02
   5.8041810648584102e-02
   5.5057056152721454e-02
   5.2285322949113214e-02
   4.9716004980016403e-02
   4.7339254374412040e-02
   4.5145948024370816e-02
   4.3127656151767370e-02
   4.1276612882824346e-02
   3.9585688832104310e-02
   3.8048365685664901e-02
   3.6658712764440167e-02
   3.5411365542925247e-02
   5.6212370667811640e-01
   5.3343905064809072e-01
   5.0567861858120888e-01
   4.7890501526850660e-01
   4.5316179939955797e-01
   4.2847610192089741e-01
   4.0486108559815631e-01
   3.8231820600183686e-01
   3.6083925297157876e-01
   3.4040816587416978e-01
   3.2100262628449733e-01
   3.0259543877408956e-01
   2.8515571495754038e-01
   2.6864987842680205e-01
   2.5304250921453425e-01
   2.3829704639608024e-01
   2.2437636670345606e-01
   2.1124325584447015e-01
   1.9886078779029703e-01
   1.8719262575625142e-01
   1.7620325705126474e-01
   1.6585817247696899e-01
   1.5612399955804565e-01
   1.4696859760432737e-01
   1.3836112145203056e-01
   1.3027205970768660e-01
   1.2267325241935036e-01
   1.1553789231749967e-01
   1.0884051309277533e-01
   1.0255696759860367e-01
   9.6664398372965463e-02
   9.1141202454705611e-02
   8.5966992116086882e-02
   8.1122552835894229e-02
   7.6589799588319213e-02
   7.2351732315031267e-02
   6.8392391275081496e-02
   6.4696812824200409e-02
   6.1250986056999634e-02
   5.8041810648584102e-02
   5.5057056152721454e-02
   5.2285322949113207e-02
   4.9716004980016396e-02
   4.7339254374412047e-02
   4.5145948024370809e-02
   4.3127656151767370e-02
   4.1276612882824339e-02
   3.9585688832104310e-02
   3.8048365685664894e-02
   3.6658712764440160e-02
   3.5411365542925240e-02
   5.6212370667811640e-01
   5.3343905064809072e-01
   5.0567861858120877e-01
   4.7890501526850660e-01
   4.5316179939955797e-01
   4.2847610192089741e-01
   4.0486108559815631e-01
   3.8231820600183680e-01
   3.6083925297157876e-01
   3.4040816587416972e-01
   3.2100262628449727e-01
   3.0259543877408956e-01
   2.8515571495754033e-01
   2.6864987842680199e-01
   2.5304250921453425e-01
   2.3829704639608024e-01
   2.2437636670345606e-01
   2.1124325584447015e-01
   1.9886078779029703e-01
   1.8719262575625140e-01
   1.7620325705126474e-01
   1.6585817247696899e-01
   1.5612399955804565e-01
   1.4696859760432737e-01
   1.3836112145203056e-01
   1.3027205970768660e-01
   1.2267325241935036e-01
   1.1553789231749967e-01
   1.0884051309277533e-01
   1.0255696759860367e-01
   9.6664398372965463e-02
   9.1141202454705611e-02
   8.5966992116086882e-02
   8.1122552835894229e-02
   7.6589799588319213e-02
   7.2351732315031267e-02
   6.8392391275081496e-02
   6.4696812824200395e-02
   6.1250986056999641e-02
   5.8041810648584102e-02
   5.5057056152721454e-02
   5.2285322949113214e-02
   4.9716004980016403e-02
   4.7339254374412040e-02
   4.5145948024370816e-02
   4.3127656151767370e-02
   4.1276612882824339e-02
   3.9585688832104310e-02
   3.8048365685664901e-02
   3.6658712764440167e-02
   3.5411365542925247e-02
   3.4011877648153846e-02
   3.2458728809666500e-02
   3.1035364711622056e-02
   2.9736116010585036e-02
   2.8555805145622601e-02
   2.7489726485680349e-02
   2.6533628212592895e-02
   2.5683695893230135e-02
   2.4936537696450062e-02
   2.4289171213289176e-02
   2.3739011842047058e-02
   2.3283862703511217e-02
   2.2921906055440755e-02
   2.2651696179517133e-02
   2.2472153718225637e-02
   2.2382561443509853e-02
   2.2382561443509853e-02
   2.2472153718225637e-02
   2.2651696179517129e-02
   2.2921906055440755e-02
   2.3283862703511213e-02
   2.3739011842047054e-02
   2.4289171213289173e-02
   2.4936537696450059e-02
   2.5683695893230132e-02
   2.6533628212592891e-02
   2.7489726485680342e-02
   2.8555805145622594e-02
   2.9736116010585033e-02
   3.1035364711622049e-02
   3.2458728809666493e-02
   3.4011877648153846e-02
