   4.4707208071396398e-01
   4.5217913714692132e-01
   4.5704645286568785e-01
   4.6165564528846276e-01
   4.6598883889475906e-01
   4.7002880936800723e-01
   4.7375912857333785e-01
   4.7716430829709516e-01
   4.8022994056561780e-01
   4.8294283229947993e-01
   4.8529113205119451e-01
   4.8726444662319185e-01
   4.8885394547059002e-01
   4.9005245095956018e-01
   4.9085451277434583e-01
   4.9125646503927578e-01
   4.9125646503927578e-01
   4.9085451277434583e-01
   4.9005245095956013e-01
   4.8885394547058997e-01
   4.8726444662319179e-01
   4.8529113205119451e-01
   4.8294283229947993e-01
   4.8022994056561774e-01
   4.7716430829709511e-01
   4.7375912857333780e-01
   4.7002880936800717e-01
   4.6598883889475901e-01
   4.6165564528846270e-01
   4.5704645286568779e-01
   4.5217913714692126e-01
   4.4707208071396393e-01
   4.4265761870197645e-01
   4.3895738509363974e-01
   4.3507032673204710e-01
   4.3100931546416293e-01
   4.2678747950086809e-01
   4.2241812385533589e-01
   4.1791465373928488e-01
   4.1329050157621977e-01
   4.0855905818984189e-01
   4.0373360862306257e-01
   3.9882727294100395e-01
   3.9385295227224298e-01
   3.8882328024826146e-01
   3.8375057991315115e-01
   3.7864682609530276e-01
   3.7352361316093663e-01
   3.6839212800644000e-01
   3.6326312809280836e-01
   3.5814692428101025e-01
   3.5305336819156441e-01
   3.4799184378459741e-01
   3.4297126283756840e-01
   3.3800006398601623e-01
   3.3308621498736124e-01
   3.2823721786817878e-01
   3.2346011662066476e-01
   3.1876150712344026e-01
   3.1414754897463809e-01
   3.0962397894066590e-01
   3.0519612574149280e-01
   3.0086892591216885e-01
   2.9664694050001938e-01
   2.9253437237711677e-01
   2.8853508396780708e-01
   2.8465261521094454e-01
   2.8089020159577915e-01
   2.7725079212894599e-01
   2.7373706710754825e-01
   2.7035145558979201e-01
   2.6709615246993523e-01
   2.6397313507841197e-01
   2.6098417924086059e-01
   2.5813087474143048e-01
   2.5541464014618842e-01
   2.5283673695172409e-01
   2.5039828303222689e-01
   2.4810026536541899e-01
   2.4594355202385665e-01
   2.4392890342331125e-01
   2.4205698282429514e-01
   2.4032836608636263e-01
   4.4265761870197651e-01
   4.3895738509363980e-01
   4.3507032673204715e-01
   4.3100931546416299e-01
   4.2678747950086815e-01
   4.2241812385533595e-01
   4.1791465373928488e-01
   4.1329050157621983e-01
   4.0855905818984189e-01
   4.0373360862306262e-01
   3.9882727294100401e-01
   3.9385295227224304e-01
   3.8882328024826152e-01
   3.8375057991315120e-01
   3.7864682609530281e-01
   3.7352361316093668e-01
   3.6839212800644006e-01
   3.6326312809280842e-01
   3.5814692428101030e-01
   3.5305336819156447e-01
   3.4799184378459747e-01
   3.4297126283756840e-01
   3.3800006398601629e-01
   3.3308621498736130e-01
   3.2823721786817883e-01
   3.2346011662066476e-01
   3.1876150712344026e-01
   3.1414754897463815e-01
   3.0962397894066590e-01
   3.0519612574149285e-01
   3.0086892591216885e-01
   2.9664694050001944e-01
   2.9253437237711682e-01
   2.8853508396780714e-01
   2.8465261521094459e-01
   2.8089020159577915e-01
   2.7725079212894599e-01
   2.7373706710754830e-01
   2.7035145558979201e-01
   2.6709615246993523e-01
   2.6397313507841202e-01
   2.6098417924086059e-01
   2.5813087474143048e-01
   2.5541464014618842e-01
   2.5283673695172415e-01
   2.5039828303222689e-01
   2.4810026536541901e-01
   2.4594355202385665e-01
   2.4392890342331128e-01
   2.4205698282429516e-01
   2.4032836608636265e-01
   4.4265761870197651e-01
   4.3895738509363980e-01
   4.3507032673204715e-01
   4.3100931546416299e-01
   4.2678747950086815e-01
   4.2241812385533595e-01
   4.1791465373928494e-01
   4.1329050157621983e-01
   4.0855905818984195e-01
   4.0373360862306262e-01
   3.9882727294100401e-01
   3.9385295227224304e-01
   3.8882328024826157e-01
   3.8375057991315120e-01
   3.7864682609530281e-01
   3.7352361316093668e-01
   3.6839212800644011e-01
   3.6326312809280842e-01
   3.5814692428101030e-01
   3.5305336819156452e-01
   3.4799184378459752e-01
   3.4297126283756846e-01
   3.3800006398601629e-01
   3.3308621498736135e-01
   3.2823721786817889e-01
   3.2346011662066482e-01
   3.1876150712344031e-01
   3.1414754897463820e-01
   3.0962397894066596e-01
   3.0519612574149291e-01
   3.0086892591216891e-01
   2.9664694050001944e-01
   2.9253437237711682e-01
   2.8853508396780714e-01
   2.8465261521094465e-01
   2.8089020159577921e-01
   2.7725079212894604e-01
   2.7373706710754836e-01
   2.7035145558979207e-01
   2.6709615246993529e-01
   2.6397313507841208e-01
   2.6098417924086065e-01
   2.5813087474143054e-01
   2.5541464014618848e-01
   2.5283673695172421e-01
   2.5039828303222694e-01
   2.4810026536541904e-01
   2.4594355202385668e-01
   2.4392890342331128e-01
   2.4205698282429522e-01
   2.4032836608636271e-01
   2.3832997792746188e-01
   2.3606660182108322e-01
   2.3395237969772234e-01
   2.3198779201117400e-01
   2.3017324126332692e-01
   2.2850906192332077e-01
   2.2699552950503446e-01
   2.2563286881775263e-01
   2.2442126140537352e-01
   2.2336085218953453e-01
   2.2245175533161063e-01
   2.2169405932774172e-01
   2.2108783134992574e-01
   2.2063312084482317e-01
   2.2032996240030475e-01
   2.2017837788797595e-01
   2.2017837788797595e-01
   2.2032996240030475e-01
   2.2063312084482320e-01
   2.2108783134992574e-01
   2.2169405932774175e-01
   2.2245175533161066e-01
   2.2336085218953455e-01
   2.2442126140537355e-01
   2.2563286881775269e-01
   2.2699552950503449e-01
   2.2850906192332082e-01
   2.3017324126332697e-01
   2.3198779201117406e-01
   2.3395237969772242e-01
   2.3606660182108330e-01
   2.3832997792746197e-01
