   3.7641335193619585e-01
   3.7769199927902303e-01
   3.7890034830684338e-01
   3.8003546785532755e-01
   3.8109458077567737e-01
   3.8207507517644634e-01
   3.8297451518728515e-01
   3.8379065116295114e-01
   3.8452142924836880e-01
   3.8516500022894945e-01
   3.8571972759474604e-01
   3.8618419475230487e-01
   3.8655721132422949e-01
   3.8683781848342330e-01
   3.8702529327664820e-01
   3.8711915190032758e-01
   3.8711915190032758e-01
   3.8702529327664820e-01
   3.8683781848342330e-01
   3.8655721132422949e-01
   3.8618419475230487e-01
   3.8571972759474604e-01
   3.8516500022894951e-01
   3.8452142924836880e-01
   3.8379065116295119e-01
   3.8297451518728515e-01
   3.8207507517644634e-01
   3.8109458077567743e-01
   3.8003546785532760e-01
   3.7890034830684344e-01
   3.7769199927902303e-01
   3.7641335193619585e-01
   3.7529825306071479e-01
   3.7435120597494598e-01
   3.7334361267952249e-01
   3.7227777069592938e-01
   3.7115609158107543e-01
   3.6998109243220184e-01
   3.6875538719646134e-01
   3.6748167783831814e-01
   3.6616274541700267e-01
   3.6480144112487978e-01
   3.6340067733578968e-01
   3.6196341871023779e-01
   3.6049267340179209e-01
   3.5899148440623124e-01
   3.5746292109193739e-01
   3.5591007094677163e-01
   3.5433603157327703e-01
   3.5274390296055336e-01
   3.5113678005759436e-01
   3.4951774566931282e-01
   3.4788986369293418e-01
   3.4625617270896697e-01
   3.4461967993756915e-01
   3.4298335556787640e-01
   3.4135012746474613e-01
   3.3972287625443254e-01
   3.3810443078795666e-01
   3.3649756397838432e-01
   3.3490498900588317e-01
   3.3332935588230794e-01
   3.3177324836515598e-01
   3.3023918120905271e-01
   3.2872959774145943e-01
   3.2724686774803885e-01
   3.2579328565207066e-01
   3.2437106897145329e-01
   3.2298235703617106e-01
   3.2162920994861705e-01
   3.2031360776884532e-01
   3.1903744990666100e-01
   3.1780255470243102e-01
   3.1661065917860637e-01
   3.1546341894416569e-01
   3.1436240823451889e-01
   3.1330912006982592e-01
   3.1230496651518908e-01
   3.1135127902674592e-01
   3.1044930886832495e-01
   3.0960022758400757e-01
   3.0880512751267108e-01
   3.0806502233134575e-01
   3.7529825306071485e-01
   3.7435120597494603e-01
   3.7334361267952249e-01
   3.7227777069592938e-01
   3.7115609158107543e-01
   3.6998109243220184e-01
   3.6875538719646134e-01
   3.6748167783831814e-01
   3.6616274541700267e-01
   3.6480144112487978e-01
   3.6340067733578968e-01
   3.6196341871023779e-01
   3.6049267340179203e-01
   3.5899148440623124e-01
   3.5746292109193739e-01
   3.5591007094677163e-01
   3.5433603157327703e-01
   3.5274390296055330e-01
   3.5113678005759436e-01
   3.4951774566931276e-01
   3.4788986369293412e-01
   3.4625617270896697e-01
   3.4461967993756915e-01
   3.4298335556787635e-01
   3.4135012746474613e-01
   3.3972287625443248e-01
   3.3810443078795660e-01
   3.3649756397838426e-01
   3.3490498900588311e-01
   3.3332935588230789e-01
   3.3177324836515593e-01
   3.3023918120905266e-01
   3.2872959774145938e-01
   3.2724686774803879e-01
   3.2579328565207061e-01
   3.2437106897145324e-01
   3.2298235703617101e-01
   3.2162920994861699e-01
   3.2031360776884527e-01
   3.1903744990666094e-01
   3.1780255470243096e-01
   3.1661065917860631e-01
   3.1546341894416563e-01
   3.1436240823451878e-01
   3.1330912006982586e-01
   3.1230496651518896e-01
   3.1135127902674586e-01
   3.1044930886832484e-01
   3.0960022758400751e-01
   3.0880512751267097e-01
   3.0806502233134564e-01
   3.7529825306071479e-01
   3.7435120597494598e-01
   3.7334361267952243e-01
   3.7227777069592938e-01
   3.7115609158107538e-01
   3.6998109243220179e-01
   3.6875538719646128e-01
   3.6748167783831809e-01
   3.6616274541700267e-01
   3.6480144112487978e-01
   3.6340067733578962e-01
   3.6196341871023779e-01
   3.6049267340179203e-01
   3.5899148440623124e-01
   3.5746292109193734e-01
   3.5591007094677163e-01
   3.5433603157327703e-01
   3.5274390296055330e-01
   3.5113678005759436e-01
   3.4951774566931276e-01
   3.4788986369293412e-01
   3.4625617270896697e-01
   3.4461967993756915e-01
   3.4298335556787635e-01
   3.4135012746474613e-01
   3.3972287625443248e-01
   3.3810443078795666e-01
   3.3649756397838426e-01
   3.3490498900588317e-01
   3.3332935588230794e-01
   3.3177324836515593e-01
   3.3023918120905271e-01
   3.2872959774145938e-01
   3.2724686774803885e-01
   3.2579328565207061e-01
   3.2437106897145324e-01
   3.2298235703617101e-01
   3.2162920994861705e-01
   3.2031360776884527e-01
   3.1903744990666094e-01
   3.1780255470243096e-01
   3.1661065917860631e-01
   3.1546341894416569e-01
   3.1436240823451883e-01
   3.1330912006982586e-01
   3.1230496651518902e-01
   3.1135127902674592e-01
   3.1044930886832489e-01
   3.0960022758400757e-01
   3.0880512751267103e-01
   3.0806502233134569e-01
   3.0720230567410467e-01
   3.0621973677319392e-01
   3.0529711178863200e-01
   3.0443559580650131e-01
   3.0363626574569325e-01
   3.0290011131787831e-01
   3.0222803596745318e-01
   3.0162085777842856e-01
   3.0107931033634600e-01
   3.0060404353443310e-01
   3.0019562431432395e-01
   2.9985453733277662e-01
   2.9958118554692081e-01
   2.9937589071165749e-01
   2.9923889378391072e-01
   2.9917035522950503e-01
   2.9917035522950503e-01
   2.9923889378391072e-01
   2.9937589071165749e-01
   2.9958118554692081e-01
   2.9985453733277662e-01
   3.0019562431432401e-01
   3.0060404353443310e-01
   3.0107931033634600e-01
   3.0162085777842862e-01
   3.0222803596745318e-01
   3.0290011131787831e-01
   3.0363626574569325e-01
   3.0443559580650131e-01
   3.0529711178863200e-01
   3.0621973677319397e-01
   3.0720230567410473e-01
