   5.6239387957495401e-01
   6.2888067246162027e-01
   6.9814331839781352e-01
   7.6998622277031725e-01
   8.4404042396581203e-01
   9.1973043697532386e-01
   9.9624370560636066e-01
   1.0725077268165535e+00
   1.1471814598423828e+00
   1.2186686477285877e+00
   1.2851604774740744e+00
   1.3447128433262021e+00
   1.3953588495948668e+00
   1.4352502500659323e+00
   1.4628134595174711e+00
   1.4768988353637207e+00
   1.4768988353637209e+00
   1.4628134595174715e+00
   1.4352502500659328e+00
   1.3953588495948674e+00
   1.3447128433262028e+00
   1.2851604774740750e+00
   1.2186686477285886e+00
   1.1471814598423837e+00
   1.0725077268165544e+00
   9.9624370560636144e-01
   9.1973043697532464e-01
   8.4404042396581258e-01
   7.6998622277031770e-01
   6.9814331839781385e-01
   6.2888067246162038e-01
   5.6239387957495413e-01
   5.0965247019142113e-01
   4.7053635017625656e-01
   4.3405941595929698e-01
   4.0012576796502802e-01
   3.6862253516353111e-01
   3.3942611307859638e-01
   3.1240704375770140e-01
   2.8743376092730316e-01
   2.6437540467335591e-01
   2.4310388542893305e-01
   2.2349535095534884e-01
   2.0543118484319853e-01
   1.8879864216531289e-01
   1.7349120786802266e-01
   1.5940874641209168e-01
   1.4645749692678961e-01
   1.3454995644078668e-01
   1.2360468426881956e-01
   1.1354605302507591e-01
   1.0430396568624917e-01
   9.5813553357006226e-02
   8.8014864654925237e-02
   8.0852554725966044e-02
   7.4275579655763813e-02
   6.8236900318141794e-02
   6.2693198388472399e-02
   5.7604606256370164e-02
   5.2934451828488521e-02
   4.8649018661616923e-02
   4.4717321464543540e-02
   4.1110896719558317e-02
   3.7803607973942117e-02
   3.4771465217263042e-02
   3.1992457675465782e-02
   2.9446399304995270e-02
   2.7114786249848706e-02
   2.4980665524071230e-02
   2.3028514196130227e-02
   2.1244128375516553e-02
   1.9614521332577829e-02
   1.8127830117553471e-02
   1.6773230082244028e-02
   1.5540856746380369e-02
   1.4421734489600482e-02
   1.3407711588313501e-02
   1.2491401154164673e-02
   1.1666127567006076e-02
   1.0925878030040944e-02
   1.0265258908050613e-02
   9.6794565413054843e-03
   9.1642022579272401e-03
   5.0965247019142113e-01
   4.7053635017625661e-01
   4.3405941595929703e-01
   4.0012576796502802e-01
   3.6862253516353116e-01
   3.3942611307859644e-01
   3.1240704375770140e-01
   2.8743376092730316e-01
   2.6437540467335591e-01
   2.4310388542893302e-01
   2.2349535095534886e-01
   2.0543118484319853e-01
   1.8879864216531292e-01
   1.7349120786802269e-01
   1.5940874641209171e-01
   1.4645749692678961e-01
   1.3454995644078671e-01
   1.2360468426881958e-01
   1.1354605302507591e-01
   1.0430396568624917e-01
   9.5813553357006226e-02
   8.8014864654925237e-02
   8.0852554725966058e-02
   7.4275579655763813e-02
   6.8236900318141794e-02
   6.2693198388472413e-02
   5.7604606256370164e-02
   5.2934451828488521e-02
   4.8649018661616923e-02
   4.4717321464543540e-02
   4.1110896719558317e-02
   3.7803607973942117e-02
   3.4771465217263042e-02
   3.1992457675465782e-02
   2.9446399304995270e-02
   2.7114786249848706e-02
   2.4980665524071230e-02
   2.3028514196130227e-02
   2.1244128375516553e-02
   1.9614521332577829e-02
   1.8127830117553471e-02
   1.6773230082244028e-02
   1.5540856746380369e-02
   1.4421734489600482e-02
   1.3407711588313501e-02
   1.2491401154164673e-02
   1.1666127567006076e-02
   1.0925878030040944e-02
   1.0265258908050611e-02
   9.6794565413054843e-03
   9.1642022579272384e-03
   5.0965247019142113e-01
   4.7053635017625656e-01
   4.3405941595929703e-01
   4.0012576796502797e-01
   3.6862253516353111e-01
   3.3942611307859638e-01
   3.1240704375770140e-01
   2.8743376092730316e-01
   2.6437540467335591e-01
   2.4310388542893302e-01
   2.2349535095534884e-01
   2.0543118484319853e-01
   1.8879864216531289e-01
   1.7349120786802266e-01
   1.5940874641209168e-01
   1.4645749692678961e-01
   1.3454995644078668e-01
   1.2360468426881956e-01
   1.1354605302507591e-01
   1.0430396568624917e-01
   9.5813553357006226e-02
   8.8014864654925237e-02
   8.0852554725966044e-02
   7.4275579655763813e-02
   6.8236900318141794e-02
   6.2693198388472399e-02
   5.7604606256370164e-02
   5.2934451828488521e-02
   4.8649018661616923e-02
   4.4717321464543540e-02
   4.1110896719558317e-02
   3.7803607973942117e-02
   3.4771465217263042e-02
   3.1992457675465782e-02
   2.9446399304995270e-02
   2.7114786249848706e-02
   2.4980665524071230e-02
   2.3028514196130227e-02
   2.1244128375516553e-02
   1.9614521332577829e-02
   1.8127830117553471e-02
   1.6773230082244031e-02
   1.5540856746380369e-02
   1.4421734489600484e-02
   1.3407711588313503e-02
   1.2491401154164675e-02
   1.1666127567006078e-02
   1.0925878030040945e-02
   1.0265258908050615e-02
   9.6794565413054878e-03
   9.1642022579272418e-03
   8.5987111661192956e-03
   7.9807073522871214e-03
   7.4225846479658523e-03
   6.9201558267973293e-03
   6.4696514039472141e-03
   6.0676913888791711e-03
   5.7112599521278356e-03
   5.3976828179449444e-03
   5.1246072146952639e-03
   4.8899842337224338e-03
   4.6920534652072059e-03
   4.5293297964170672e-03
   4.4005922738094413e-03
   4.3048749458098595e-03
   4.2414596178485496e-03
   4.2098704655075571e-03
   4.2098704655075571e-03
   4.2414596178485496e-03
   4.3048749458098595e-03
   4.4005922738094422e-03
   4.5293297964170681e-03
   4.6920534652072059e-03
   4.8899842337224346e-03
   5.1246072146952639e-03
   5.3976828179449453e-03
   5.7112599521278364e-03
   6.0676913888791720e-03
   6.4696514039472158e-03
   6.9201558267973310e-03
   7.4225846479658540e-03
   7.9807073522871232e-03
   8.5987111661192973e-03
