   5.8893863145558556e-01
   6.1757118426226620e-01
   6.4587220856390393e-01
   6.7364608751436061e-01
   7.0067727870237573e-01
   7.2673262209284950e-01
   7.5156467057849075e-01
   7.7491608344618157e-01
   7.9652505787196637e-01
   8.1613169414574949e-01
   8.3348510206367787e-01
   8.4835096702176727e-01
   8.6051921526871333e-01
   8.6981136003017356e-01
   8.7608708453950046e-01
   8.7924963229977471e-01
   8.7924963229977471e-01
   8.7608708453950046e-01
   8.6981136003017356e-01
   8.6051921526871333e-01
   8.4835096702176727e-01
   8.3348510206367787e-01
   8.1613169414574949e-01
   7.9652505787196637e-01
   7.7491608344618157e-01
   7.5156467057849075e-01
   7.2673262209284950e-01
   7.0067727870237573e-01
   6.7364608751436061e-01
   6.4587220856390393e-01
   6.1757118426226620e-01
   5.8893863145558556e-01
   5.6508537436636241e-01
   5.4614014409273381e-01
   5.2725464452700166e-01
   5.0850792454735205e-01
   4.8996998271140568e-01
   4.7170203489446572e-01
   4.5375690357366638e-01
   4.3617949724127175e-01
   4.1900735190946897e-01
   4.0227121049641468e-01
   3.8599561978308566e-01
   3.7019952839793546e-01
   3.5489687278079424e-01
   3.4009714121244866e-01
   3.2580590872890447e-01
   3.1202533805941707e-01
   2.9875464364842796e-01
   2.8599051737254960e-01
   2.7372751578281013e-01
   2.6195840963183425e-01
   2.5067449712852130e-01
   2.3986588284034427e-01
   2.2952172447363847e-01
   2.1963044993905706e-01
   2.1017994718218871e-01
   2.0115772925318562e-01
   1.9255107702496607e-01
   1.8434716186417474e-01
   1.7653315042626577e-01
   1.6909629359658587e-01
   1.6202400144148507e-01
   1.5530390587354051e-01
   1.4892391257754883e-01
   1.4287224359228809e-01
   1.3713747179937388e-01
   1.3170854843621663e-01
   1.2657482462586853e-01
   1.2172606780270645e-01
   1.1715247380935387e-01
   1.1284467534668173e-01
   1.0879374737465922e-01
   1.0499120998665858e-01
   1.0142902921290303e-01
   9.8099616149406321e-02
   9.4995824756312103e-02
   9.2110948623340919e-02
   8.9438716959464426e-02
   8.6973290028358727e-02
   8.4709254220088834e-02
   8.2641616922340191e-02
   8.0765801330872564e-02
   5.6508537436636241e-01
   5.4614014409273381e-01
   5.2725464452700166e-01
   5.0850792454735205e-01
   4.8996998271140574e-01
   4.7170203489446572e-01
   4.5375690357366638e-01
   4.3617949724127175e-01
   4.1900735190946897e-01
   4.0227121049641473e-01
   3.8599561978308572e-01
   3.7019952839793546e-01
   3.5489687278079424e-01
   3.4009714121244866e-01
   3.2580590872890447e-01
   3.1202533805941707e-01
   2.9875464364842796e-01
   2.8599051737254960e-01
   2.7372751578281013e-01
   2.6195840963183431e-01
   2.5067449712852130e-01
   2.3986588284034427e-01
   2.2952172447363847e-01
   2.1963044993905706e-01
   2.1017994718218871e-01
   2.0115772925318565e-01
   1.9255107702496610e-01
   1.8434716186417474e-01
   1.7653315042626577e-01
   1.6909629359658587e-01
   1.6202400144148507e-01
   1.5530390587354051e-01
   1.4892391257754883e-01
   1.4287224359228809e-01
   1.3713747179937388e-01
   1.3170854843621663e-01
   1.2657482462586853e-01
   1.2172606780270645e-01
   1.1715247380935387e-01
   1.1284467534668173e-01
   1.0879374737465922e-01
   1.0499120998665858e-01
   1.0142902921290303e-01
   9.8099616149406321e-02
   9.4995824756312103e-02
   9.2110948623340919e-02
   8.9438716959464426e-02
   8.6973290028358727e-02
   8.4709254220088834e-02
   8.2641616922340191e-02
   8.0765801330872564e-02
   5.6508537436636241e-01
   5.4614014409273381e-01
   5.2725464452700166e-01
   5.0850792454735205e-01
   4.8996998271140579e-01
   4.7170203489446572e-01
   4.5375690357366644e-01
   4.3617949724127175e-01
   4.1900735190946897e-01
   4.0227121049641473e-01
   3.8599561978308572e-01
   3.7019952839793546e-01
   3.5489687278079424e-01
   3.4009714121244872e-01
   3.2580590872890447e-01
   3.1202533805941707e-01
   2.9875464364842796e-01
   2.8599051737254960e-01
   2.7372751578281013e-01
   2.6195840963183431e-01
   2.5067449712852136e-01
   2.3986588284034427e-01
   2.2952172447363850e-01
   2.1963044993905709e-01
   2.1017994718218874e-01
   2.0115772925318565e-01
   1.9255107702496610e-01
   1.8434716186417474e-01
   1.7653315042626580e-01
   1.6909629359658590e-01
   1.6202400144148510e-01
   1.5530390587354054e-01
   1.4892391257754886e-01
   1.4287224359228812e-01
   1.3713747179937391e-01
   1.3170854843621665e-01
   1.2657482462586853e-01
   1.2172606780270646e-01
   1.1715247380935390e-01
   1.1284467534668176e-01
   1.0879374737465924e-01
   1.0499120998665860e-01
   1.0142902921290306e-01
   9.8099616149406349e-02
   9.4995824756312131e-02
   9.2110948623340932e-02
   8.9438716959464454e-02
   8.6973290028358755e-02
   8.4709254220088862e-02
   8.2641616922340219e-02
   8.0765801330872591e-02
   7.8637099804537910e-02
   7.6256153666777404e-02
   7.4058022953296679e-02
   7.2037629064790304e-02
   7.0190289242549678e-02
   6.8511709749957919e-02
   6.6997979352507411e-02
   6.5645563162601880e-02
   6.4451296904596792e-02
   6.3412381646273108e-02
   6.2526379035009308e-02
   6.1791207070118571e-02
   6.1205136436977829e-02
   6.0766787423535619e-02
   6.0475127435404410e-02
   6.0329469121892604e-02
   6.0329469121892604e-02
   6.0475127435404410e-02
   6.0766787423535626e-02
   6.1205136436977836e-02
   6.1791207070118571e-02
   6.2526379035009322e-02
   6.3412381646273108e-02
   6.4451296904596792e-02
   6.5645563162601894e-02
   6.6997979352507411e-02
   6.8511709749957919e-02
   7.0190289242549692e-02
   7.2037629064790304e-02
   7.4058022953296679e-02
   7.6256153666777418e-02
   7.8637099804537924e-02
