   1.2203024212514558e-02
   1.1659608416434143e-02
   1.1150062661408579e-02
   1.0672907216000074e-02
   1.0226756356165708e-02
   9.8103143535369936e-03
   9.4223717230390303e-03
   9.0618017192633602e-03
   8.7275570716841624e-03
   8.4186669494609161e-03
   8.1342341472035052e-03
   7.8734324836884015e-03
   7.6355044061083835e-03
   7.4197587930141156e-03
   7.2255689496650583e-03
   7.0523707900506834e-03
   6.8996612003719825e-03
   6.7669965792891236e-03
   6.6539915507448011e-03
   6.5603178456657123e-03
   6.4857033493278989e-03
   6.4299313116464212e-03
   6.3928397181175203e-03
   6.3743208196029508e-03
   6.3743208196029516e-03
   6.3928397181175212e-03
   6.4299313116464221e-03
   6.4857033493279006e-03
   6.5603178456657149e-03
   6.6539915507448037e-03
   6.7669965792891270e-03
   6.8996612003719869e-03
   7.0523707900506868e-03
   7.2255689496650627e-03
   7.4197587930141190e-03
   7.6355044061083869e-03
   7.8734324836884050e-03
   8.1342341472035087e-03
   8.4186669494609196e-03
   8.7275570716841659e-03
   9.0618017192633637e-03
   9.4223717230390337e-03
   9.8103143535369971e-03
   1.0226756356165710e-02
   1.0672907216000078e-02
   1.1150062661408581e-02
   1.1659608416434146e-02
   1.2203024212514560e-02
   1.2683882925323051e-02
   1.3102999689111685e-02
   1.3559577419434360e-02
   1.4054920890153422e-02
   1.4590445591366255e-02
   1.5167681755153513e-02
   1.5788278705607894e-02
   1.6454009544928670e-02
   1.7166776188213401e-02
   1.7928614760440813e-02
   1.8741701370016857e-02
   1.9608358274147839e-02
   2.0531060452207782e-02
   2.1512442604179505e-02
   2.2555306592165585e-02
   2.3662629343881979e-02
   2.4837571237956890e-02
   2.6083484991752705e-02
   2.7403925073299855e-02
   2.8802657659765665e-02
   3.0283671165665157e-02
   3.1851187364735349e-02
   3.3509673130019929e-02
   3.5263852817220664e-02
   3.7118721316735714e-02
   3.9079557799986210e-02
   4.1151940185588307e-02
   4.3341760350606037e-02
   4.5655240111460639e-02
   4.8098947998001899e-02
   5.0679816842681004e-02
   5.3405162204602820e-02
   5.6282701645359041e-02
   5.9320574869813937e-02
   6.2527364740267835e-02
   6.5912119166468566e-02
   6.9484373866553428e-02
   7.3254175984922065e-02
   7.7232108541957459e-02
   8.1429315677071235e-02
   8.5857528630335203e-02
   9.0529092388491383e-02
   9.5456992897847343e-02
   1.0065488471881545e-01
   1.0613711896389601e-01
   1.1191877132187349e-01
   1.1801566992490542e-01
   1.2444442276090187e-01
   1.3122244426983251e-01
   1.3836798068789297e-01
   1.4590013361616136e-01
   1.5383888118862529e-01
   1.6220509609618883e-01
   1.7102055958620052e-01
   1.8030797039867211e-01
   1.9009094741799301e-01
   2.0039402460972375e-01
   2.1124263657299511e-01
   2.2266309276715712e-01
   2.3468253816370813e-01
   2.4732889772858221e-01
   2.6063080175350894e-01
   2.7461748862718277e-01
   2.8931868116752901e-01
   3.0476443212749471e-01
   3.2098493394326921e-01
   3.3801028722404797e-01
   3.5587022189962980e-01
   3.7459376436580216e-01
   3.9420884342516005e-01
   4.1474182735030352e-01
   4.3621698404711412e-01
   4.5865585613263826e-01
   4.8207654284680040e-01
   5.0649288119106639e-01
   5.3191351965279887e-01
   1.2683882925323057e-02
   1.3102999689111692e-02
   1.3559577419434369e-02
   1.4054920890153427e-02
   1.4590445591366265e-02
   1.5167681755153524e-02
   1.5788278705607905e-02
   1.6454009544928684e-02
   1.7166776188213415e-02
   1.7928614760440824e-02
   1.8741701370016874e-02
   1.9608358274147857e-02
   2.0531060452207803e-02
   2.1512442604179522e-02
   2.2555306592165605e-02
   2.3662629343882004e-02
   2.4837571237956914e-02
   2.6083484991752733e-02
   2.7403925073299879e-02
   2.8802657659765696e-02
   3.0283671165665188e-02
   3.1851187364735377e-02
   3.3509673130019957e-02
   3.5263852817220699e-02
   3.7118721316735749e-02
   3.9079557799986252e-02
   4.1151940185588355e-02
   4.3341760350606079e-02
   4.5655240111460681e-02
   4.8098947998001948e-02
   5.0679816842681059e-02
   5.3405162204602875e-02
   5.6282701645359104e-02
   5.9320574869813979e-02
   6.2527364740267863e-02
   6.5912119166468594e-02
   6.9484373866553456e-02
   7.3254175984922079e-02
   7.7232108541957459e-02
   8.1429315677071235e-02
   8.5857528630335189e-02
   9.0529092388491370e-02
   9.5456992897847301e-02
   1.0065488471881541e-01
   1.0613711896389597e-01
   1.1191877132187344e-01
   1.1801566992490535e-01
   1.2444442276090180e-01
   1.3122244426983246e-01
   1.3836798068789288e-01
   1.4590013361616125e-01
   1.5383888118862515e-01
   1.6220509609618869e-01
   1.7102055958620041e-01
   1.8030797039867197e-01
   1.9009094741799287e-01
   2.0039402460972358e-01
   2.1124263657299489e-01
   2.2266309276715696e-01
   2.3468253816370802e-01
   2.4732889772858208e-01
   2.6063080175350878e-01
   2.7461748862718266e-01
   2.8931868116752885e-01
   3.0476443212749460e-01
   3.2098493394326916e-01
   3.3801028722404786e-01
   3.5587022189962975e-01
   3.7459376436580205e-01
   3.9420884342515999e-01
   4.1474182735030340e-01
   4.3621698404711412e-01
   4.5865585613263826e-01
   4.8207654284680035e-01
   5.0649288119106639e-01
   5.3191351965279887e-01
   1.2683882925323055e-02
   1.3102999689111687e-02
   1.3559577419434360e-02
   1.4054920890153415e-02
   1.4590445591366248e-02
   1.5167681755153505e-02
   1.5788278705607880e-02
   1.6454009544928656e-02
   1.7166776188213387e-02
   1.7928614760440789e-02
   1.8741701370016836e-02
   1.9608358274147815e-02
   2.0531060452207754e-02
   2.1512442604179473e-02
   2.2555306592165550e-02
   2.3662629343881945e-02
   2.4837571237956848e-02
   2.6083484991752660e-02
   2.7403925073299803e-02
   2.8802657659765616e-02
   3.0283671165665105e-02
   3.1851187364735301e-02
   3.3509673130019874e-02
   3.5263852817220609e-02
   3.7118721316735659e-02
   3.9079557799986162e-02
   4.1151940185588258e-02
   4.3341760350605975e-02
   4.5655240111460577e-02
   4.8098947998001837e-02
   5.0679816842680941e-02
   5.3405162204602750e-02
   5.6282701645358965e-02
   5.9320574869813854e-02
   6.2527364740267738e-02
   6.5912119166468483e-02
   6.9484373866553317e-02
   7.3254175984921940e-02
   7.7232108541957320e-02
   8.1429315677071096e-02
   8.5857528630335050e-02
   9.0529092388491231e-02
   9.5456992897847162e-02
   1.0065488471881527e-01
   1.0613711896389581e-01
   1.1191877132187329e-01
   1.1801566992490521e-01
   1.2444442276090167e-01
   1.3122244426983232e-01
   1.3836798068789274e-01
   1.4590013361616114e-01
   1.5383888118862504e-01
   1.6220509609618861e-01
   1.7102055958620030e-01
   1.8030797039867186e-01
   1.9009094741799279e-01
   2.0039402460972350e-01
   2.1124263657299480e-01
   2.2266309276715687e-01
   2.3468253816370790e-01
   2.4732889772858194e-01
   2.6063080175350872e-01
   2.7461748862718255e-01
   2.8931868116752879e-01
   3.0476443212749449e-01
   3.2098493394326910e-01
   3.3801028722404780e-01
   3.5587022189962964e-01
   3.7459376436580200e-01
   3.9420884342515994e-01
   4.1474182735030335e-01
   4.3621698404711401e-01
   4.5865585613263810e-01
   4.8207654284680029e-01
   5.0649288119106628e-01
   5.3191351965279876e-01
   5.6510591307063562e-01
   6.0607857552764421e-01
   6.4803909767657053e-01
   6.9093746195175920e-01
   7.3469794745385120e-01
   7.7921600647216827e-01
   8.2435519443098226e-01
   8.6994430503796194e-01
   9.1577490116898108e-01
   9.6159947028541359e-01
   1.0071304667764556e+00
   1.0520405270151267e+00
   1.0959641494052952e+00
   1.1385011139266823e+00
   1.1792218666022898e+00
   1.2176750085344592e+00
   1.2533969046651057e+00
   1.2859232673311736e+00
   1.3148023836843905e+00
   1.3396094609064617e+00
   1.3599613819179912e+00
   1.3755310236955365e+00
   1.3860602166355342e+00
   1.3913704372077005e+00
   1.3913704372077005e+00
   1.3860602166355342e+00
   1.3755310236955365e+00
   1.3599613819179908e+00
   1.3396094609064615e+00
   1.3148023836843901e+00
   1.2859232673311729e+00
   1.2533969046651052e+00
   1.2176750085344583e+00
   1.1792218666022891e+00
   1.1385011139266814e+00
   1.0959641494052943e+00
   1.0520405270151261e+00
   1.0071304667764547e+00
   9.6159947028541271e-01
   9.1577490116898008e-01
   8.6994430503796116e-01
   8.2435519443098160e-01
   7.7921600647216760e-01
   7.3469794745385075e-01
   6.9093746195175887e-01
   6.4803909767657020e-01
   6.0607857552764410e-01
   5.6510591307063573e-01
