   1.0358447880369123e-02
   9.2750706475783831e-03
   8.3555183724562318e-03
   7.5835517733922921e-03
   6.9455372714681820e-03
   6.4302065826429633e-03
   6.0284579521489327e-03
   5.7331955650534736e-03
   5.5392043261987224e-03
   5.4430578172148117e-03
   5.4430578172148117e-03
   5.5392043261987232e-03
   5.7331955650534745e-03
   6.0284579521489327e-03
   6.4302065826429651e-03
   6.9455372714681838e-03
   7.5835517733922921e-03
   8.3555183724562318e-03
   9.2750706475783849e-03
   1.0358447880369125e-02
   1.1406021219828940e-02
   1.2429001364581057e-02
   1.3663556923102307e-02
   1.5130694904958858e-02
   1.6855376757076896e-02
   1.8866940856667163e-02
   2.1199598336524007e-02
   2.3893010119163956e-02
   2.6992954148405426e-02
   3.0552092943113427e-02
   3.4630852715726843e-02
   3.9298426326109741e-02
   4.4633913162952253e-02
   5.0727609477444327e-02
   5.7682462455067030e-02
   6.5615699972025279e-02
   7.4660644897891815e-02
   8.4968717014160672e-02
   9.6711615699323059e-02
   1.1008366040365083e-01
   1.2530424057907344e-01
   1.4262028779924357e-01
   1.6230862414519326e-01
   1.8467795396318887e-01
   2.1007013915077233e-01
   2.3886021585603012e-01
   2.7145435378476401e-01
   3.0828460652143252e-01
   3.4979883211428925e-01
   3.9644356832943572e-01
   4.4863694759668693e-01
   5.0672802031529296e-01
   1.1406021219828940e-02
   1.2429001364581064e-02
   1.3663556923102319e-02
   1.5130694904958872e-02
   1.6855376757076917e-02
   1.8866940856667187e-02
   2.1199598336524045e-02
   2.3893010119163994e-02
   2.6992954148405475e-02
   3.0552092943113486e-02
   3.4630852715726912e-02
   3.9298426326109817e-02
   4.4633913162952329e-02
   5.0727609477444424e-02
   5.7682462455067127e-02
   6.5615699972025376e-02
   7.4660644897891940e-02
   8.4968717014160811e-02
   9.6711615699323197e-02
   1.1008366040365096e-01
   1.2530424057907358e-01
   1.4262028779924374e-01
   1.6230862414519340e-01
   1.8467795396318903e-01
   2.1007013915077252e-01
   2.3886021585603032e-01
   2.7145435378476424e-01
   3.0828460652143275e-01
   3.4979883211428942e-01
   3.9644356832943584e-01
   4.4863694759668704e-01
   5.0672802031529285e-01
   1.1406021219828940e-02
   1.2429001364581058e-02
   1.3663556923102308e-02
   1.5130694904958858e-02
   1.6855376757076899e-02
   1.8866940856667166e-02
   2.1199598336524017e-02
   2.3893010119163963e-02
   2.6992954148405433e-02
   3.0552092943113437e-02
   3.4630852715726856e-02
   3.9298426326109762e-02
   4.4633913162952260e-02
   5.0727609477444334e-02
   5.7682462455067036e-02
   6.5615699972025279e-02
   7.4660644897891829e-02
   8.4968717014160686e-02
   9.6711615699323045e-02
   1.1008366040365081e-01
   1.2530424057907341e-01
   1.4262028779924354e-01
   1.6230862414519320e-01
   1.8467795396318884e-01
   2.1007013915077230e-01
   2.3886021585603009e-01
   2.7145435378476401e-01
   3.0828460652143252e-01
   3.4979883211428925e-01
   3.9644356832943561e-01
   4.4863694759668687e-01
   5.0672802031529274e-01
   5.8788624520276478e-01
   6.9231359708597207e-01
   8.0233393720324497e-01
   9.1619734397273334e-01
   1.0308636169947651e+00
   1.1418301805697062e+00
   1.2431929600612170e+00
   1.3280885044297153e+00
   1.3895941162287395e+00
   1.4219810863307256e+00
   1.4219810863307261e+00
   1.3895941162287404e+00
   1.3280885044297164e+00
   1.2431929600612184e+00
   1.1418301805697073e+00
   1.0308636169947663e+00
   9.1619734397273422e-01
   8.0233393720324564e-01
   6.9231359708597262e-01
   5.8788624520276500e-01
