   1.3606437429901164e-01
   1.3179545618870764e-01
   1.2803527955360308e-01
   1.2477183163123465e-01
   1.2199451026372372e-01
   1.1969416683940257e-01
   1.1786313832380547e-01
   1.1649527069316164e-01
   1.1558593560716106e-01
   1.1513204173117682e-01
   1.1513204173117682e-01
   1.1558593560716104e-01
   1.1649527069316164e-01
   1.1786313832380547e-01
   1.1969416683940258e-01
   1.2199451026372374e-01
   1.2477183163123466e-01
   1.2803527955360311e-01
   1.3179545618870767e-01
   1.3606437429901164e-01
   1.4002774709880583e-01
   1.4367839370987473e-01
   1.4785452365782698e-01
   1.5256794057308504e-01
   1.5783160800555740e-01
   1.6365953898300209e-01
   1.7006665802027904e-01
   1.7706863004997972e-01
   1.8468164989956973e-01
   1.9292218504898961e-01
   2.0180666349065440e-01
   2.1135109762085977e-01
   2.2157063427723417e-01
   2.3247902038579266e-01
   2.4408797330963408e-01
   2.5640644505401483e-01
   2.6943977017885512e-01
   2.8318868884895437e-01
   2.9764823921518629e-01
   3.1280651761510664e-01
   3.2864331129113161e-01
   3.4512861683763640e-01
   3.6222106875378829e-01
   3.7986631653434288e-01
   3.9799540570327252e-01
   4.1652323777375605e-01
   4.3534720550226663e-01
   4.5434612154740583e-01
   4.7337957851952017e-01
   4.9228789334757422e-01
   5.1089279505809082e-01
   5.2899900812425094e-01
   1.4002774709880578e-01
   1.4367839370987462e-01
   1.4785452365782684e-01
   1.5256794057308484e-01
   1.5783160800555715e-01
   1.6365953898300184e-01
   1.7006665802027879e-01
   1.7706863004997944e-01
   1.8468164989956945e-01
   1.9292218504898931e-01
   2.0180666349065413e-01
   2.1135109762085943e-01
   2.2157063427723384e-01
   2.3247902038579230e-01
   2.4408797330963369e-01
   2.5640644505401444e-01
   2.6943977017885473e-01
   2.8318868884895393e-01
   2.9764823921518585e-01
   3.1280651761510625e-01
   3.2864331129113117e-01
   3.4512861683763602e-01
   3.6222106875378790e-01
   3.7986631653434255e-01
   3.9799540570327219e-01
   4.1652323777375577e-01
   4.3534720550226635e-01
   4.5434612154740556e-01
   4.7337957851951995e-01
   4.9228789334757400e-01
   5.1089279505809060e-01
   5.2899900812425082e-01
   1.4002774709880580e-01
   1.4367839370987467e-01
   1.4785452365782692e-01
   1.5256794057308495e-01
   1.5783160800555729e-01
   1.6365953898300201e-01
   1.7006665802027893e-01
   1.7706863004997961e-01
   1.8468164989956962e-01
   1.9292218504898950e-01
   2.0180666349065429e-01
   2.1135109762085966e-01
   2.2157063427723406e-01
   2.3247902038579255e-01
   2.4408797330963394e-01
   2.5640644505401466e-01
   2.6943977017885495e-01
   2.8318868884895426e-01
   2.9764823921518613e-01
   3.1280651761510653e-01
   3.2864331129113150e-01
   3.4512861683763624e-01
   3.6222106875378812e-01
   3.7986631653434272e-01
   3.9799540570327241e-01
   4.1652323777375588e-01
   4.3534720550226641e-01
   4.5434612154740567e-01
   4.7337957851952006e-01
   4.9228789334757400e-01
   5.1089279505809060e-01
   5.2899900812425082e-01
   5.5098891286216678e-01
   5.7654366745871444e-01
   6.0069132826448679e-01
   6.2303143857039966e-01
   6.4315612443500547e-01
   6.6066605162072090e-01
   6.7518837542465704e-01
   6.8639545514606248e-01
   6.9402278351405244e-01
   6.9788443582525583e-01
   6.9788443582525572e-01
   6.9402278351405244e-01
   6.8639545514606248e-01
   6.7518837542465715e-01
   6.6066605162072090e-01
   6.4315612443500558e-01
   6.2303143857039978e-01
   6.0069132826448679e-01
   5.7654366745871444e-01
   5.5098891286216689e-01
