   9.2830214513147005e-02
   9.1098574428518472e-02
   8.9453048946271332e-02
   8.7892174847293544e-02
   8.6414559520457832e-02
   8.5018880526243221e-02
   8.3703885145767792e-02
   8.2468389921510760e-02
   8.1311280195395935e-02
   8.0231509649353758e-02
   7.9228099852970871e-02
   7.8300139822369830e-02
   7.7446785594035311e-02
   7.6667259816911068e-02
   7.5960851365732482e-02
   7.5326914978228854e-02
   7.4764870918524948e-02
   7.4274204668790131e-02
   7.3854466650922046e-02
   7.3505271979810341e-02
   7.3226300249498069e-02
   7.3017295353346598e-02
   7.2878065339107331e-02
   7.2808482299612592e-02
   7.2808482299612592e-02
   7.2878065339107331e-02
   7.3017295353346584e-02
   7.3226300249498083e-02
   7.3505271979810341e-02
   7.3854466650922046e-02
   7.4274204668790131e-02
   7.4764870918524962e-02
   7.5326914978228854e-02
   7.5960851365732496e-02
   7.6667259816911082e-02
   7.7446785594035311e-02
   7.8300139822369830e-02
   7.9228099852970885e-02
   8.0231509649353772e-02
   8.1311280195395935e-02
   8.2468389921510774e-02
   8.3703885145767806e-02
   8.5018880526243235e-02
   8.6414559520457845e-02
   8.7892174847293558e-02
   8.9453048946271346e-02
   9.1098574428518472e-02
   9.2830214513147033e-02
   9.4341486844359182e-02
   9.5632322104819117e-02
   9.7011855062306265e-02
   9.8481277107151460e-02
   1.0004185309457511e-01
   1.0169492156794900e-01
   1.0344189495326797e-01
   1.0528425971659974e-01
   1.0722357647544198e-01
   1.0926148005400618e-01
   1.1139967947146132e-01
   1.1363995785110151e-01
   1.1598417223724480e-01
   1.1843425330541736e-01
   1.2099220495002398e-01
   1.2366010373224338e-01
   1.2644009816931057e-01
   1.2933440784464884e-01
   1.3234532231648846e-01
   1.3547519980064565e-01
   1.3872646560103355e-01
   1.4210161025922663e-01
   1.4560318739199687e-01
   1.4923381118318360e-01
   1.5299615349353901e-01
   1.5689294054931441e-01
   1.6092694916731087e-01
   1.6510100247092149e-01
   1.6941796504833959e-01
   1.7388073750061273e-01
   1.7849225032359281e-01
   1.8325545706409077e-01
   1.8817332668670814e-01
   1.9324883508392030e-01
   1.9848495565806248e-01
   2.0388464889996491e-01
   2.0945085088515566e-01
   2.1518646060486307e-01
   2.2109432604558743e-01
   2.2717722892786635e-01
   2.3343786801214053e-01
   2.3987884087747133e-01
   2.4650262407740908e-01
   2.5331155157674151e-01
   2.6030779137335286e-01
   2.6749332021122413e-01
   2.7486989629393754e-01
   2.8243902991320574e-01
   2.9020195191421183e-01
   2.9815957992926501e-01
   3.0631248232379832e-01
   3.1466083981443999e-01
   3.2320440473818929e-01
   3.3194245797502869e-01
   3.4087376355403970e-01
   3.4999652100568657e-01
   3.5930831556079462e-01
   3.6880606634026325e-01
   3.7848597272905171e-01
   3.8834345918371521e-01
   3.9837311878491199e-01
   4.0856865591488623e-01
   4.1892282851481466e-01
   4.2942739045776607e-01
   4.4007303465926828e-01
   4.5084933763825363e-01
   4.6174470633526088e-01
   4.7274632809063849e-01
   4.8384012478114691e-01
   4.9501071220637916e-01
   5.0624136590392710e-01
   5.1751399465088099e-01
   5.2880912297526894e-01
   5.4010588405023163e-01
   5.5138202437155637e-01
   5.6261392162088908e-01
   9.4341486844359196e-02
   9.5632322104819131e-02
   9.7011855062306293e-02
   9.8481277107151502e-02
   1.0004185309457515e-01
   1.0169492156794904e-01
   1.0344189495326803e-01
   1.0528425971659980e-01
   1.0722357647544205e-01
   1.0926148005400627e-01
   1.1139967947146140e-01
   1.1363995785110156e-01
   1.1598417223724486e-01
   1.1843425330541743e-01
   1.2099220495002402e-01
   1.2366010373224344e-01
   1.2644009816931062e-01
   1.2933440784464889e-01
   1.3234532231648852e-01
   1.3547519980064568e-01
   1.3872646560103358e-01
   1.4210161025922666e-01
   1.4560318739199690e-01
   1.4923381118318363e-01
   1.5299615349353901e-01
   1.5689294054931441e-01
   1.6092694916731087e-01
   1.6510100247092149e-01
   1.6941796504833959e-01
   1.7388073750061273e-01
   1.7849225032359278e-01
   1.8325545706409077e-01
   1.8817332668670811e-01
   1.9324883508392027e-01
   1.9848495565806243e-01
   2.0388464889996488e-01
   2.0945085088515564e-01
   2.1518646060486302e-01
   2.2109432604558746e-01
   2.2717722892786635e-01
   2.3343786801214053e-01
   2.3987884087747136e-01
   2.4650262407740919e-01
   2.5331155157674157e-01
   2.6030779137335303e-01
   2.6749332021122429e-01
   2.7486989629393771e-01
   2.8243902991320591e-01
   2.9020195191421194e-01
   2.9815957992926523e-01
   3.0631248232379860e-01
   3.1466083981444021e-01
   3.2320440473818957e-01
   3.3194245797502897e-01
   3.4087376355403998e-01
   3.4999652100568690e-01
   3.5930831556079496e-01
   3.6880606634026358e-01
   3.7848597272905210e-01
   3.8834345918371560e-01
   3.9837311878491244e-01
   4.0856865591488667e-01
   4.1892282851481510e-01
   4.2942739045776657e-01
   4.4007303465926878e-01
   4.5084933763825408e-01
   4.6174470633526132e-01
   4.7274632809063899e-01
   4.8384012478114730e-01
   4.9501071220637949e-01
   5.0624136590392743e-01
   5.1751399465088133e-01
   5.2880912297526916e-01
   5.4010588405023185e-01
   5.5138202437155648e-01
   5.6261392162088919e-01
   9.4341486844359196e-02
   9.5632322104819104e-02
   9.7011855062306251e-02
   9.8481277107151419e-02
   1.0004185309457506e-01
   1.0169492156794893e-01
   1.0344189495326787e-01
   1.0528425971659963e-01
   1.0722357647544185e-01
   1.0926148005400603e-01
   1.1139967947146115e-01
   1.1363995785110131e-01
   1.1598417223724460e-01
   1.1843425330541714e-01
   1.2099220495002373e-01
   1.2366010373224313e-01
   1.2644009816931029e-01
   1.2933440784464859e-01
   1.3234532231648816e-01
   1.3547519980064529e-01
   1.3872646560103322e-01
   1.4210161025922627e-01
   1.4560318739199649e-01
   1.4923381118318318e-01
   1.5299615349353859e-01
   1.5689294054931396e-01
   1.6092694916731040e-01
   1.6510100247092099e-01
   1.6941796504833906e-01
   1.7388073750061217e-01
   1.7849225032359223e-01
   1.8325545706409019e-01
   1.8817332668670750e-01
   1.9324883508391966e-01
   1.9848495565806179e-01
   2.0388464889996424e-01
   2.0945085088515494e-01
   2.1518646060486232e-01
   2.2109432604558674e-01
   2.2717722892786563e-01
   2.3343786801213981e-01
   2.3987884087747066e-01
   2.4650262407740844e-01
   2.5331155157674090e-01
   2.6030779137335230e-01
   2.6749332021122357e-01
   2.7486989629393704e-01
   2.8243902991320519e-01
   2.9020195191421128e-01
   2.9815957992926456e-01
   3.0631248232379782e-01
   3.1466083981443954e-01
   3.2320440473818890e-01
   3.3194245797502830e-01
   3.4087376355403926e-01
   3.4999652100568618e-01
   3.5930831556079423e-01
   3.6880606634026286e-01
   3.7848597272905138e-01
   3.8834345918371488e-01
   3.9837311878491172e-01
   4.0856865591488595e-01
   4.1892282851481444e-01
   4.2942739045776585e-01
   4.4007303465926806e-01
   4.5084933763825341e-01
   4.6174470633526077e-01
   4.7274632809063849e-01
   4.8384012478114685e-01
   4.9501071220637899e-01
   5.0624136590392699e-01
   5.1751399465088099e-01
   5.2880912297526894e-01
   5.4010588405023163e-01
   5.5138202437155637e-01
   5.6261392162088919e-01
   5.7663411062268444e-01
   5.9340775008704250e-01
   6.1003388200483044e-01
   6.2646599186472629e-01
   6.4265465645108077e-01
   6.5854773908107100e-01
   6.7409064225152615e-01
   6.8922662024671844e-01
   7.0389715305697287e-01
   7.1804238151465039e-01
   7.3160160188833612e-01
   7.4451381632302893e-01
   7.5671833352560536e-01
   7.6815541203919047e-01
   7.7876693641083139e-01
   7.8849711462975558e-01
   7.9729318350196976e-01
   8.0510610723638998e-01
   8.1189125354835345e-01
   8.1760903112585703e-01
   8.2222547241949484e-01
   8.2571274644898729e-01
   8.2804958767500170e-01
   8.2922162893648699e-01
   8.2922162893648699e-01
   8.2804958767500170e-01
   8.2571274644898729e-01
   8.2222547241949484e-01
   8.1760903112585703e-01
   8.1189125354835345e-01
   8.0510610723638998e-01
   7.9729318350196987e-01
   7.8849711462975569e-01
   7.7876693641083150e-01
   7.6815541203919058e-01
   7.5671833352560547e-01
   7.4451381632302893e-01
   7.3160160188833612e-01
   7.1804238151465050e-01
   7.0389715305697298e-01
   6.8922662024671855e-01
   6.7409064225152626e-01
   6.5854773908107112e-01
   6.4265465645108089e-01
   6.2646599186472640e-01
   6.1003388200483066e-01
   5.9340775008704261e-01
   5.7663411062268455e-01
