   1.1960216324703171e-01
   1.1542543770102458e-01
   1.1175306462666690e-01
   1.0857086223366257e-01
   1.0586639517717776e-01
   1.0362899113568759e-01
   1.0184975056679743e-01
   1.0052155182712740e-01
   9.9639053368204139e-02
   9.9198694307358518e-02
   9.9198694307358518e-02
   9.9639053368204139e-02
   1.0052155182712738e-01
   1.0184975056679745e-01
   1.0362899113568760e-01
   1.0586639517717777e-01
   1.0857086223366258e-01
   1.1175306462666691e-01
   1.1542543770102461e-01
   1.1960216324703174e-01
   1.2348773645503756e-01
   1.2707738095496068e-01
   1.3119528472470626e-01
   1.3585587615218048e-01
   1.4107517427022248e-01
   1.4687071277143912e-01
   1.5326143965633804e-01
   1.6026758648228168e-01
   1.6791050007837233e-01
   1.7621242836114395e-01
   1.8519625053532682e-01
   1.9488514051387648e-01
   2.0530215088215353e-01
   2.1646970322976383e-01
   2.2840896928372040e-01
   2.4113912614980770e-01
   2.5467646831805146e-01
   2.6903335920124422e-01
   2.8421700623000518e-01
   3.0022804640117079e-01
   3.1705893424860404e-01
   3.3469213214903626e-01
   3.5309811442110695e-01
   3.7223321254542102e-01
   3.9203734962698816e-01
   4.1243173824473478e-01
   4.3331664686131188e-01
   4.5456937494835509e-01
   4.7604261370688722e-01
   4.9756340404967447e-01
   5.1893293101977644e-01
   5.3992740710333875e-01
   1.2348773645503756e-01
   1.2707738095496071e-01
   1.3119528472470632e-01
   1.3585587615218053e-01
   1.4107517427022256e-01
   1.4687071277143923e-01
   1.5326143965633818e-01
   1.6026758648228182e-01
   1.6791050007837247e-01
   1.7621242836114406e-01
   1.8519625053532687e-01
   1.9488514051387656e-01
   2.0530215088215364e-01
   2.1646970322976389e-01
   2.2840896928372048e-01
   2.4113912614980776e-01
   2.5467646831805152e-01
   2.6903335920124422e-01
   2.8421700623000518e-01
   3.0022804640117079e-01
   3.1705893424860404e-01
   3.3469213214903626e-01
   3.5309811442110695e-01
   3.7223321254542102e-01
   3.9203734962698816e-01
   4.1243173824473472e-01
   4.3331664686131177e-01
   4.5456937494835509e-01
   4.7604261370688711e-01
   4.9756340404967436e-01
   5.1893293101977633e-01
   5.3992740710333864e-01
   1.2348773645503758e-01
   1.2707738095496071e-01
   1.3119528472470632e-01
   1.3585587615218056e-01
   1.4107517427022256e-01
   1.4687071277143923e-01
   1.5326143965633821e-01
   1.6026758648228184e-01
   1.6791050007837247e-01
   1.7621242836114412e-01
   1.8519625053532696e-01
   1.9488514051387665e-01
   2.0530215088215376e-01
   2.1646970322976403e-01
   2.2840896928372062e-01
   2.4113912614980790e-01
   2.5467646831805169e-01
   2.6903335920124438e-01
   2.8421700623000540e-01
   3.0022804640117101e-01
   3.1705893424860426e-01
   3.3469213214903648e-01
   3.5309811442110717e-01
   3.7223321254542119e-01
   3.9203734962698833e-01
   4.1243173824473484e-01
   4.3331664686131199e-01
   4.5456937494835514e-01
   4.7604261370688722e-01
   4.9756340404967442e-01
   5.1893293101977633e-01
   5.3992740710333875e-01
   5.6567758196523077e-01
   5.9580727877860773e-01
   6.2446905136653330e-01
   6.5115546446054062e-01
   6.7533877129352415e-01
   6.9649272475270718e-01
   7.1411819534381749e-01
   7.2777079328735372e-01
   7.3708803363899078e-01
   7.4181321119043708e-01
   7.4181321119043708e-01
   7.3708803363899078e-01
   7.2777079328735372e-01
   7.1411819534381749e-01
   6.9649272475270718e-01
   6.7533877129352415e-01
   6.5115546446054051e-01
   6.2446905136653319e-01
   5.9580727877860762e-01
   5.6567758196523066e-01
