   1.2769245019150113e-01
   1.2346237267905597e-01
   1.1973975050546011e-01
   1.1651145106691482e-01
   1.1376592418605980e-01
   1.1149323212962785e-01
   1.0968507068448297e-01
   1.0833478356070943e-01
   1.0743737191089167e-01
   1.0698950033128631e-01
   1.0698950033128631e-01
   1.0743737191089167e-01
   1.0833478356070943e-01
   1.0968507068448297e-01
   1.1149323212962786e-01
   1.1376592418605981e-01
   1.1651145106691485e-01
   1.1973975050546014e-01
   1.2346237267905598e-01
   1.2769245019150116e-01
   1.3162370905576445e-01
   1.3525016984204818e-01
   1.3940447736476189e-01
   1.4409977868020712e-01
   1.4935059750666599e-01
   1.5517274014883109e-01
   1.6158317522495122e-01
   1.6859988136591386e-01
   1.7624165607470238e-01
   1.8452787786761032e-01
   1.9347821268233900e-01
   2.0311225436423846e-01
   2.1344908788202574e-01
   2.2450676285653101e-01
   2.3630166412329401e-01
   2.4884776554895699e-01
   2.6215575339292219e-01
   2.7623200642344831e-01
   2.9107742210564475e-01
   3.0668608189521063e-01
   3.2304375448040124e-01
   3.4012624424536020e-01
   3.5789760381335334e-01
   3.7630824473189245e-01
   3.9529299946709945e-01
   4.1476921083325263e-01
   4.3463495121871981e-01
   4.5476750215189887e-01
   4.7502225257334407e-01
   4.9523219818856584e-01
   5.1520823983368202e-01
   5.3474048027683752e-01
   1.3162370905576445e-01
   1.3525016984204818e-01
   1.3940447736476186e-01
   1.4409977868020712e-01
   1.4935059750666596e-01
   1.5517274014883115e-01
   1.6158317522495122e-01
   1.6859988136591389e-01
   1.7624165607470246e-01
   1.8452787786761041e-01
   1.9347821268233906e-01
   2.0311225436423855e-01
   2.1344908788202588e-01
   2.2450676285653112e-01
   2.3630166412329418e-01
   2.4884776554895716e-01
   2.6215575339292241e-01
   2.7623200642344853e-01
   2.9107742210564497e-01
   3.0668608189521085e-01
   3.2304375448040151e-01
   3.4012624424536048e-01
   3.5789760381335356e-01
   3.7630824473189267e-01
   3.9529299946709967e-01
   4.1476921083325280e-01
   4.3463495121871992e-01
   4.5476750215189898e-01
   4.7502225257334413e-01
   4.9523219818856584e-01
   5.1520823983368202e-01
   5.3474048027683740e-01
   1.3162370905576451e-01
   1.3525016984204827e-01
   1.3940447736476197e-01
   1.4409977868020726e-01
   1.4935059750666610e-01
   1.5517274014883128e-01
   1.6158317522495139e-01
   1.6859988136591400e-01
   1.7624165607470255e-01
   1.8452787786761049e-01
   1.9347821268233914e-01
   2.0311225436423863e-01
   2.1344908788202593e-01
   2.2450676285653121e-01
   2.3630166412329423e-01
   2.4884776554895721e-01
   2.6215575339292241e-01
   2.7623200642344853e-01
   2.9107742210564497e-01
   3.0668608189521085e-01
   3.2304375448040151e-01
   3.4012624424536048e-01
   3.5789760381335356e-01
   3.7630824473189267e-01
   3.9529299946709956e-01
   4.1476921083325280e-01
   4.3463495121871987e-01
   4.5476750215189893e-01
   4.7502225257334407e-01
   4.9523219818856573e-01
   5.1520823983368191e-01
   5.3474048027683740e-01
   5.5857873699799421e-01
   5.8637554463475972e-01
   6.1272889267297448e-01
   6.3718665825808662e-01
   6.5928359934949099e-01
   6.7856010163256386e-01
   6.9458371252930762e-01
   7.0697196316914801e-01
   7.1541451448818882e-01
   7.1969242542970402e-01
   7.1969242542970402e-01
   7.1541451448818882e-01
   7.0697196316914812e-01
   6.9458371252930762e-01
   6.7856010163256386e-01
   6.5928359934949110e-01
   6.3718665825808662e-01
   6.1272889267297448e-01
   5.8637554463475972e-01
   5.5857873699799432e-01
