   2.4271841038103903e-01
   2.3934413918081762e-01
   2.3633973965254232e-01
   2.3370732420466639e-01
   2.3144853317660158e-01
   2.2956461908537842e-01
   2.2805651813695041e-01
   2.2692490927922468e-01
   2.2617026106674462e-01
   2.2579286657768463e-01
   2.2579286657768463e-01
   2.2617026106674462e-01
   2.2692490927922471e-01
   2.2805651813695044e-01
   2.2956461908537845e-01
   2.3144853317660161e-01
   2.3370732420466642e-01
   2.3633973965254237e-01
   2.3934413918081768e-01
   2.4271841038103908e-01
   2.4581353125950089e-01
   2.4861356819204830e-01
   2.5176222789173075e-01
   2.5525627947991059e-01
   2.5909179959066075e-01
   2.6326406626519699e-01
   2.6776744215659282e-01
   2.7259524747545455e-01
   2.7773962334752555e-01
   2.8319138655181086e-01
   2.8893987696724965e-01
   2.9497279948024674e-01
   3.0127606259534068e-01
   3.0783361654471386e-01
   3.1462729430287040e-01
   3.2163665956922011e-01
   3.2883886646586574e-01
   3.3620853638566767e-01
   3.4371765808357435e-01
   3.5133551769057630e-01
   3.5902866579421006e-01
   3.6676092901443980e-01
   3.7449347354532025e-01
   3.8218492786487807e-01
   3.8979157117380386e-01
   3.9726759305128728e-01
   4.0456542827197028e-01
   4.1163616869259639e-01
   4.1843005160228269e-01
   4.2489702098616361e-01
   4.3098735487139123e-01
   4.3665234844536110e-01
   2.4581353125950092e-01
   2.4861356819204838e-01
   2.5176222789173092e-01
   2.5525627947991081e-01
   2.5909179959066114e-01
   2.6326406626519738e-01
   2.6776744215659337e-01
   2.7259524747545516e-01
   2.7773962334752622e-01
   2.8319138655181159e-01
   2.8893987696725049e-01
   2.9497279948024763e-01
   3.0127606259534168e-01
   3.0783361654471492e-01
   3.1462729430287151e-01
   3.2163665956922116e-01
   3.2883886646586680e-01
   3.3620853638566855e-01
   3.4371765808357529e-01
   3.5133551769057714e-01
   3.5902866579421089e-01
   3.6676092901444057e-01
   3.7449347354532092e-01
   3.8218492786487862e-01
   3.8979157117380436e-01
   3.9726759305128778e-01
   4.0456542827197067e-01
   4.1163616869259667e-01
   4.1843005160228292e-01
   4.2489702098616378e-01
   4.3098735487139134e-01
   4.3665234844536105e-01
   2.4581353125950092e-01
   2.4861356819204838e-01
   2.5176222789173086e-01
   2.5525627947991075e-01
   2.5909179959066103e-01
   2.6326406626519727e-01
   2.6776744215659315e-01
   2.7259524747545499e-01
   2.7773962334752600e-01
   2.8319138655181136e-01
   2.8893987696725021e-01
   2.9497279948024729e-01
   3.0127606259534134e-01
   3.0783361654471453e-01
   3.1462729430287106e-01
   3.2163665956922072e-01
   3.2883886646586635e-01
   3.3620853638566817e-01
   3.4371765808357491e-01
   3.5133551769057680e-01
   3.5902866579421050e-01
   3.6676092901444024e-01
   3.7449347354532064e-01
   3.8218492786487834e-01
   3.8979157117380409e-01
   3.9726759305128750e-01
   4.0456542827197051e-01
   4.1163616869259645e-01
   4.1843005160228275e-01
   4.2489702098616366e-01
   4.3098735487139123e-01
   4.3665234844536105e-01
   4.4321561727407527e-01
   4.5060088107054469e-01
   4.5736893174150728e-01
   4.6345428637058828e-01
   4.6879592194189812e-01
   4.7333857692760356e-01
   4.7703399335458624e-01
   4.7984204963868193e-01
   4.8173173599743080e-01
   4.8268192892589867e-01
   4.8268192892589867e-01
   4.8173173599743080e-01
   4.7984204963868193e-01
   4.7703399335458624e-01
   4.7333857692760350e-01
   4.6879592194189812e-01
   4.6345428637058828e-01
   4.5736893174150728e-01
   4.5060088107054475e-01
   4.4321561727407527e-01
