   3.5232285321567018e-02
   3.2804986720709320e-02
   3.0704573277988759e-02
   2.8910197349659571e-02
   2.7404035947976257e-02
   2.6171120180353086e-02
   2.5199191218010713e-02
   2.4478581836625799e-02
   2.4002122694540554e-02
   2.3765072659990023e-02
   2.3765072659990023e-02
   2.4002122694540554e-02
   2.4478581836625803e-02
   2.5199191218010713e-02
   2.6171120180353086e-02
   2.7404035947976257e-02
   2.8910197349659571e-02
   3.0704573277988763e-02
   3.2804986720709320e-02
   3.5232285321567018e-02
   3.7530593979284196e-02
   3.9709162928131397e-02
   4.2268718062653129e-02
   4.5233645850734271e-02
   4.8632154830417162e-02
   5.2496521911039970e-02
   5.6863369244776259e-02
   6.1773971459583590e-02
   6.7274592363659277e-02
   7.3416849219823888e-02
   8.0258101231062653e-02
   8.7861856824339682e-02
   9.6298191470245750e-02
   1.0564416387276195e-01
   1.1598421307350568e-01
   1.2741051191420846e-01
   1.4002324285783488e-01
   1.5393074972864132e-01
   1.6924950271275041e-01
   1.8610379306629760e-01
   2.0462504744254018e-01
   2.2495061864736365e-01
   2.4722186928962350e-01
   2.7158131715569772e-01
   2.9816855738920506e-01
   3.2711462007426129e-01
   3.5853436958787777e-01
   3.9251651663571757e-01
   4.2911081571695836e-01
   4.6831209091968490e-01
   5.1004091483480740e-01
   5.5412111403421627e-01
   3.7530593979284189e-02
   3.9709162928131390e-02
   4.2268718062653116e-02
   4.5233645850734264e-02
   4.8632154830417156e-02
   5.2496521911039963e-02
   5.6863369244776245e-02
   6.1773971459583583e-02
   6.7274592363659264e-02
   7.3416849219823874e-02
   8.0258101231062653e-02
   8.7861856824339668e-02
   9.6298191470245750e-02
   1.0564416387276193e-01
   1.1598421307350566e-01
   1.2741051191420846e-01
   1.4002324285783488e-01
   1.5393074972864129e-01
   1.6924950271275044e-01
   1.8610379306629768e-01
   2.0462504744254026e-01
   2.2495061864736379e-01
   2.4722186928962367e-01
   2.7158131715569789e-01
   2.9816855738920528e-01
   3.2711462007426151e-01
   3.5853436958787793e-01
   3.9251651663571774e-01
   4.2911081571695847e-01
   4.6831209091968506e-01
   5.1004091483480751e-01
   5.5412111403421627e-01
   3.7530593979284183e-02
   3.9709162928131383e-02
   4.2268718062653088e-02
   4.5233645850734222e-02
   4.8632154830417114e-02
   5.2496521911039908e-02
   5.6863369244776182e-02
   6.1773971459583514e-02
   6.7274592363659166e-02
   7.3416849219823777e-02
   8.0258101231062542e-02
   8.7861856824339543e-02
   9.6298191470245625e-02
   1.0564416387276179e-01
   1.1598421307350552e-01
   1.2741051191420830e-01
   1.4002324285783471e-01
   1.5393074972864110e-01
   1.6924950271275022e-01
   1.8610379306629743e-01
   2.0462504744253998e-01
   2.2495061864736349e-01
   2.4722186928962336e-01
   2.7158131715569755e-01
   2.9816855738920495e-01
   3.2711462007426112e-01
   3.5853436958787760e-01
   3.9251651663571741e-01
   4.2911081571695825e-01
   4.6831209091968484e-01
   5.1004091483480729e-01
   5.5412111403421616e-01
   6.1243156055371617e-01
   6.8444034703937240e-01
   7.5687132887274933e-01
   8.2818890389722177e-01
   8.9641574593267614e-01
   9.5918771486123677e-01
   1.0138883089648842e+00
   1.0578686860857733e+00
   1.0887360362913945e+00
   1.1046649440616620e+00
   1.1046649440616620e+00
   1.0887360362913945e+00
   1.0578686860857733e+00
   1.0138883089648840e+00
   9.5918771486123666e-01
   8.9641574593267603e-01
   8.2818890389722166e-01
   7.5687132887274922e-01
   6.8444034703937229e-01
   6.1243156055371617e-01
