   3.2208250485159885e-02
   3.1181470188932008e-02
   3.0211982797282211e-02
   2.9298013215690207e-02
   2.8437887458555699e-02
   2.7630029692221978e-02
   2.6872959443641761e-02
   2.6165288971328603e-02
   2.5505720795318917e-02
   2.4893045382971435e-02
   2.4326138987548672e-02
   2.3803961636657760e-02
   2.3325555267771917e-02
   2.2890042008208478e-02
   2.2496622597102028e-02
   2.2144574947081167e-02
   2.1833252843533175e-02
   2.1562084779521391e-02
   2.1330572924604801e-02
   2.1138292225997109e-02
   2.0984889640693116e-02
   2.0870083497382917e-02
   2.0793662987168608e-02
   2.0755487782293955e-02
   2.0755487782293955e-02
   2.0793662987168608e-02
   2.0870083497382914e-02
   2.0984889640693113e-02
   2.1138292225997106e-02
   2.1330572924604801e-02
   2.1562084779521387e-02
   2.1833252843533171e-02
   2.2144574947081164e-02
   2.2496622597102025e-02
   2.2890042008208475e-02
   2.3325555267771910e-02
   2.3803961636657753e-02
   2.4326138987548665e-02
   2.4893045382971428e-02
   2.5505720795318914e-02
   2.6165288971328592e-02
   2.6872959443641757e-02
   2.7630029692221968e-02
   2.8437887458555692e-02
   2.9298013215690203e-02
   3.0211982797282214e-02
   3.1181470188932012e-02
   3.2208250485159885e-02
   3.3110344696750213e-02
   3.3888443966311160e-02
   3.4727807375552117e-02
   3.5629945505479897e-02
   3.6596481351465947e-02
   3.7629153103697507e-02
   3.8729817114190997e-02
   3.9900451052839021e-02
   4.1143157254903556e-02
   4.2460166262260353e-02
   4.3853840560536102e-02
   4.5326678514052074e-02
   4.6881318500185919e-02
   4.8520543244376449e-02
   5.0247284356511927e-02
   5.2064627068846445e-02
   5.3975815174865792e-02
   5.5984256167654747e-02
   5.8093526575282529e-02
   6.0307377489497903e-02
   6.2629740282584070e-02
   6.5064732505536890e-02
   6.7616663958763062e-02
   7.0290042924211538e-02
   7.3089582545207490e-02
   7.6020207337206436e-02
   7.9087059809173230e-02
   8.2295507171253834e-02
   8.5651148099784039e-02
   8.9159819525387485e-02
   9.2827603403876191e-02
   9.6660833422783851e-02
   1.0066610158853262e-01
   1.0485026463034218e-01
   1.0922045014691076e-01
   1.1378406241048841e-01
   1.1854878773007479e-01
   1.2352259926093716e-01
   1.2871376113128036e-01
   1.3413083173851534e-01
   1.3978266604695719e-01
   1.4567841669571704e-01
   1.5182753369980648e-01
   1.5823976249880498e-01
   1.6492514007560882e-01
   1.7189398883254398e-01
   1.7915690787324773e-01
   1.8672476129599125e-01
   1.9460866305734478e-01
   2.0281995791413512e-01
   2.1137019789644554e-01
   2.2027111370497712e-01
   2.2953458036257285e-01
   2.3917257638240291e-01
   2.4919713564473314e-01
   2.5962029110111512e-01
   2.7045400935034442e-01
   2.8171011505612531e-01
   2.9340020410403983e-01
   3.0553554432771446e-01
   3.1812696257426687e-01
   3.3118471683128609e-01
   3.4471835210674923e-01
   3.5873653874551620e-01
   3.7324689188862931e-01
   3.8825577084316920e-01
   4.0376805724084580e-01
   4.1978691103421739e-01
   4.3631350362319610e-01
   4.5334672773533513e-01
   4.7088288411629026e-01
   4.8891534563732980e-01
   5.0743420011021190e-01
   5.2642587393046059e-01
   5.4587273965999372e-01
   5.6575271181717968e-01
   3.3110344696750213e-02
   3.3888443966311146e-02
   3.4727807375552096e-02
   3.5629945505479862e-02
   3.6596481351465898e-02
   3.7629153103697452e-02
   3.8729817114190934e-02
   3.9900451052838945e-02
   4.1143157254903466e-02
   4.2460166262260256e-02
   4.3853840560535991e-02
   4.5326678514051949e-02
   4.6881318500185787e-02
   4.8520543244376310e-02
   5.0247284356511761e-02
   5.2064627068846278e-02
   5.3975815174865611e-02
   5.5984256167654553e-02
   5.8093526575282328e-02
   6.0307377489497695e-02
   6.2629740282583848e-02
   6.5064732505536654e-02
   6.7616663958762827e-02
   7.0290042924211302e-02
   7.3089582545207227e-02
   7.6020207337206172e-02
   7.9087059809172952e-02
   8.2295507171253543e-02
   8.5651148099783733e-02
   8.9159819525387166e-02
   9.2827603403875858e-02
   9.6660833422783518e-02
   1.0066610158853226e-01
   1.0485026463034182e-01
   1.0922045014691037e-01
   1.1378406241048804e-01
   1.1854878773007442e-01
   1.2352259926093680e-01
   1.2871376113127997e-01
   1.3413083173851498e-01
   1.3978266604695685e-01
   1.4567841669571668e-01
   1.5182753369980614e-01
   1.5823976249880464e-01
   1.6492514007560849e-01
   1.7189398883254367e-01
   1.7915690787324742e-01
   1.8672476129599094e-01
   1.9460866305734448e-01
   2.0281995791413482e-01
   2.1137019789644521e-01
   2.2027111370497682e-01
   2.2953458036257252e-01
   2.3917257638240261e-01
   2.4919713564473284e-01
   2.5962029110111479e-01
   2.7045400935034403e-01
   2.8171011505612492e-01
   2.9340020410403955e-01
   3.0553554432771407e-01
   3.1812696257426654e-01
   3.3118471683128575e-01
   3.4471835210674884e-01
   3.5873653874551581e-01
   3.7324689188862897e-01
   3.8825577084316881e-01
   4.0376805724084541e-01
   4.1978691103421700e-01
   4.3631350362319571e-01
   4.5334672773533474e-01
   4.7088288411628992e-01
   4.8891534563732941e-01
   5.0743420011021168e-01
   5.2642587393046048e-01
   5.4587273965999361e-01
   5.6575271181717957e-01
   3.3110344696750213e-02
   3.3888443966311153e-02
   3.4727807375552103e-02
   3.5629945505479876e-02
   3.6596481351465919e-02
   3.7629153103697473e-02
   3.8729817114190962e-02
   3.9900451052838980e-02
   4.1143157254903508e-02
   4.2460166262260290e-02
   4.3853840560536032e-02
   4.5326678514051998e-02
   4.6881318500185835e-02
   4.8520543244376366e-02
   5.0247284356511830e-02
   5.2064627068846348e-02
   5.3975815174865688e-02
   5.5984256167654629e-02
   5.8093526575282411e-02
   6.0307377489497778e-02
   6.2629740282583946e-02
   6.5064732505536765e-02
   6.7616663958762938e-02
   7.0290042924211413e-02
   7.3089582545207338e-02
   7.6020207337206297e-02
   7.9087059809173077e-02
   8.2295507171253682e-02
   8.5651148099783886e-02
   8.9159819525387332e-02
   9.2827603403876011e-02
   9.6660833422783698e-02
   1.0066610158853244e-01
   1.0485026463034200e-01
   1.0922045014691058e-01
   1.1378406241048820e-01
   1.1854878773007461e-01
   1.2352259926093696e-01
   1.2871376113128014e-01
   1.3413083173851514e-01
   1.3978266604695697e-01
   1.4567841669571677e-01
   1.5182753369980623e-01
   1.5823976249880473e-01
   1.6492514007560855e-01
   1.7189398883254370e-01
   1.7915690787324745e-01
   1.8672476129599094e-01
   1.9460866305734448e-01
   2.0281995791413479e-01
   2.1137019789644521e-01
   2.2027111370497682e-01
   2.2953458036257254e-01
   2.3917257638240258e-01
   2.4919713564473284e-01
   2.5962029110111484e-01
   2.7045400935034414e-01
   2.8171011505612498e-01
   2.9340020410403961e-01
   3.0553554432771418e-01
   3.1812696257426665e-01
   3.3118471683128586e-01
   3.4471835210674895e-01
   3.5873653874551592e-01
   3.7324689188862914e-01
   3.8825577084316898e-01
   4.0376805724084558e-01
   4.1978691103421722e-01
   4.3631350362319593e-01
   4.5334672773533491e-01
   4.7088288411629009e-01
   4.8891534563732958e-01
   5.0743420011021168e-01
   5.2642587393046048e-01
   5.4587273965999350e-01
   5.6575271181717957e-01
   5.9123179996169428e-01
   6.2227458083245146e-01
   6.5362616219753067e-01
   6.8521131728537188e-01
   7.1694072266206121e-01
   7.4871030694619289e-01
   7.8040080095309328e-01
   8.1187754841597781e-01
   8.4299063954239772e-01
   8.7357542996831494e-01
   9.0345350427259974e-01
   9.3243413525881225e-01
   9.6031627700481614e-01
   9.8689111082763548e-01
   1.0119451388610436e+00
   1.0352637905318465e+00
   1.0566354741681243e+00
   1.0758559713152225e+00
   1.0927330377572537e+00
   1.1070910458895822e+00
   1.1187754812651067e+00
   1.1276570949059870e+00
   1.1336355147075239e+00
   1.1366421352303981e+00
   1.1366421352303981e+00
   1.1336355147075239e+00
   1.1276570949059870e+00
   1.1187754812651067e+00
   1.1070910458895824e+00
   1.0927330377572535e+00
   1.0758559713152227e+00
   1.0566354741681243e+00
   1.0352637905318465e+00
   1.0119451388610434e+00
   9.8689111082763536e-01
   9.6031627700481614e-01
   9.3243413525881214e-01
   9.0345350427259974e-01
   8.7357542996831494e-01
   8.4299063954239783e-01
   8.1187754841597781e-01
   7.8040080095309339e-01
   7.4871030694619289e-01
   7.1694072266206132e-01
   6.8521131728537188e-01
   6.5362616219753067e-01
   6.2227458083245146e-01
   5.9123179996169428e-01
