   1.8560581195923600e+00
   1.8691127231602735e+00
   1.8822538794288151e+00
   1.9114879450327205e+00
   1.9478073983837274e+00
   1.9763291356607193e+00
   1.9984212488287607e+00
   2.0199304385301784e+00
   2.0439157921604587e+00
   2.0692680467551581e+00
   2.0937345115675194e+00
   2.1169275114021389e+00
   2.1397751270645200e+00
   2.1629914502060972e+00
   2.1865368063962807e+00
   2.2100749761587095e+00
   2.2335105447019679e+00
   2.2570140948497937e+00
   2.2807693450224300e+00
   2.3048344207509337e+00
   2.3291981517485927e+00
   2.3538799748584633e+00
   2.3789512336426633e+00
   2.4044951325282904e+00
   2.4305759251305137e+00
   2.4572438139207753e+00
   2.4845530206482849e+00
   2.5125679527393698e+00
   2.5413564840495000e+00
   2.5709827676825237e+00
   2.6015062976840033e+00
   2.6329841788699935e+00
   2.6654716231453870e+00
   2.6990198099237666e+00
   2.7336733456800406e+00
   2.7694689809363964e+00
   2.8064353501437047e+00
   2.8445928522016795e+00
   2.8839534367400788e+00
   2.9245206887195065e+00
   2.9662905327437663e+00
   3.0092524667689107e+00
   3.0533910255265990e+00
   3.0986872580507958e+00
   3.1451201471214931e+00
   3.1926679365763784e+00
   3.2413093006174938e+00
   3.2910242839606232e+00
   3.3417949860769323e+00
   3.3936060135013548e+00
   3.4464447451190106e+00
   3.5003014505598884e+00
   3.5551692931369039e+00
   3.6110442466860695e+00
   3.6679249559589051e+00
   3.7258125667674316e+00
   3.7847105450797542e+00
   3.8446244976463637e+00
   3.9055620027383422e+00
   3.9675324574210578e+00
   4.0305469459171244e+00
