   2.9486856220580993e-01
   3.0016264745719640e-01
   3.0588016475875979e-01
   3.1200874856455513e-01
   3.1853385950479324e-01
   3.2543852707975945e-01
   3.3270308484133942e-01
   3.4030490335446723e-01
   3.4821812751128051e-01
   3.5641342616214150e-01
   3.6485776348668536e-01
   3.7351420299150923e-01
   3.8234175640331580e-01
   3.9129529091785054e-01
   4.0032550913325066e-01
   4.0937901638923846e-01
   4.1839848998603835e-01
   4.2732296370259826e-01
   4.3608823902052479e-01
   4.4462743137007310e-01
   4.5287165548664771e-01
   4.6075084862072130e-01
   4.6819472400395812e-01
   4.7513383988153152e-01
   4.8150076194126845e-01
   4.8723128958563311e-01
   4.9226570977276995e-01
   4.9655003671229148e-01
   5.0003719213889475e-01
   5.0268807971507057e-01
   5.0447250868905980e-01
   5.0536992639354295e-01
   5.0536992639354295e-01
   5.0447250868905991e-01
   5.0268807971507057e-01
   5.0003719213889475e-01
   4.9655003671229142e-01
   4.9226570977276995e-01
   4.8723128958563316e-01
   4.8150076194126856e-01
   4.7513383988153163e-01
   4.6819472400395817e-01
   4.6075084862072135e-01
   4.5287165548664771e-01
   4.4462743137007321e-01
   4.3608823902052490e-01
   4.2732296370259837e-01
   4.1839848998603846e-01
   4.0937901638923851e-01
   4.0032550913325071e-01
   3.9129529091785065e-01
   3.8234175640331586e-01
   3.7351420299150928e-01
   3.6485776348668547e-01
   3.5641342616214156e-01
   3.4821812751128062e-01
   3.4030490335446728e-01
   3.3270308484133948e-01
   3.2543852707975945e-01
   3.1853385950479335e-01
   3.1200874856455518e-01
   3.0588016475875984e-01
   3.0016264745719640e-01
   2.9486856220580998e-01
   2.8748787909127327e-01
   2.7805032681147490e-01
   2.6909083454848998e-01
   2.6062038022787681e-01
   2.5264695741338722e-01
   2.4517603905842020e-01
   2.3821100296187597e-01
   2.3175351808058159e-01
   2.2580389204576626e-01
   2.2036138109446332e-01
   2.1542446421406405e-01
   2.1099108366122923e-01
   2.0705885420090683e-01
   2.0362524345683894e-01
   2.0068772570475585e-01
   1.9824391130046434e-01
   1.9629165373875701e-01
   1.9482913610224523e-01
   1.9385493839452805e-01
   1.9336808696891541e-01
   1.9336808696891547e-01
   1.9385493839452805e-01
   1.9482913610224531e-01
   1.9629165373875712e-01
   1.9824391130046445e-01
   2.0068772570475601e-01
   2.0362524345683911e-01
   2.0705885420090706e-01
   2.1099108366122946e-01
   2.1542446421406430e-01
   2.2036138109446360e-01
   2.2580389204576654e-01
   2.3175351808058189e-01
   2.3821100296187633e-01
   2.4517603905842056e-01
   2.5264695741338761e-01
   2.6062038022787726e-01
   2.6909083454849042e-01
   2.7805032681147535e-01
   2.8748787909127382e-01
   2.9486856220581048e-01
   3.0016264745719695e-01
   3.0588016475876040e-01
   3.1200874856455574e-01
   3.1853385950479385e-01
   3.2543852707975995e-01
   3.3270308484133992e-01
   3.4030490335446767e-01
   3.4821812751128101e-01
   3.5641342616214194e-01
   3.6485776348668580e-01
   3.7351420299150956e-01
   3.8234175640331608e-01
   3.9129529091785081e-01
   4.0032550913325093e-01
   4.0937901638923868e-01
   4.1839848998603857e-01
   4.2732296370259842e-01
   4.3608823902052496e-01
   4.4462743137007316e-01
   4.5287165548664771e-01
   4.6075084862072130e-01
   4.6819472400395801e-01
   4.7513383988153141e-01
   4.8150076194126834e-01
   4.8723128958563294e-01
   4.9226570977276968e-01
   4.9655003671229114e-01
   5.0003719213889442e-01
   5.0268807971507024e-01
   5.0447250868905946e-01
   5.0536992639354261e-01
   5.0536992639354261e-01
   5.0447250868905946e-01
   5.0268807971507012e-01
   5.0003719213889430e-01
   4.9655003671229103e-01
   4.9226570977276957e-01
   4.8723128958563283e-01
   4.8150076194126823e-01
   4.7513383988153124e-01
   4.6819472400395784e-01
   4.6075084862072102e-01
   4.5287165548664748e-01
   4.4462743137007293e-01
   4.3608823902052474e-01
   4.2732296370259815e-01
   4.1839848998603824e-01
   4.0937901638923840e-01
   4.0032550913325066e-01
   3.9129529091785059e-01
   3.8234175640331586e-01
   3.7351420299150934e-01
   3.6485776348668553e-01
   3.5641342616214167e-01
   3.4821812751128078e-01
   3.4030490335446750e-01
   3.3270308484133970e-01
   3.2543852707975973e-01
   3.1853385950479363e-01
   3.1200874856455552e-01
   3.0588016475876023e-01
   3.0016264745719684e-01
   2.9486856220581042e-01
