   3.1707732327048938e-01
   3.2055647303430779e-01
   3.2423778296711409e-01
   3.2810873869691309e-01
   3.3215563289285999e-01
   3.3636352711263373e-01
   3.4071622128974055e-01
   3.4519623297919200e-01
   3.4978478859185030e-01
   3.5446182891957601e-01
   3.5920603127304213e-01
   3.6399485050906294e-01
   3.6880458110192654e-01
   3.7361044220178397e-01
   3.7838668731265063e-01
   3.8310673980586707e-01
   3.8774335495877688e-01
   3.9226880857483803e-01
   3.9665511150849236e-01
   4.0087424860094140e-01
   4.0489843965404920e-01
   4.0870041915887068e-01
   4.1225373058960679e-01
   4.1553303021548738e-01
   4.1851439461816370e-01
   4.2117562547763943e-01
   4.2349654475045934e-01
   4.2545927314914772e-01
   4.2704848487215324e-01
   4.2825163184713444e-01
   4.2905913134114354e-01
   4.2946451164695137e-01
   4.2946451164695137e-01
   4.2905913134114354e-01
   4.2825163184713444e-01
   4.2704848487215330e-01
   4.2545927314914772e-01
   4.2349654475045934e-01
   4.2117562547763948e-01
   4.1851439461816370e-01
   4.1553303021548738e-01
   4.1225373058960674e-01
   4.0870041915887068e-01
   4.0489843965404920e-01
   4.0087424860094140e-01
   3.9665511150849242e-01
   3.9226880857483809e-01
   3.8774335495877693e-01
   3.8310673980586707e-01
   3.7838668731265068e-01
   3.7361044220178402e-01
   3.6880458110192660e-01
   3.6399485050906299e-01
   3.5920603127304207e-01
   3.5446182891957606e-01
   3.4978478859185036e-01
   3.4519623297919205e-01
   3.4071622128974061e-01
   3.3636352711263373e-01
   3.3215563289285999e-01
   3.2810873869691315e-01
   3.2423778296711414e-01
   3.2055647303430779e-01
   3.1707732327048943e-01
   3.1211817342135761e-01
   3.0570304984497076e-01
   2.9954482796782461e-01
   2.9366066221826792e-01
   2.8806566968761377e-01
   2.8277309254128302e-01
   2.7779446088512877e-01
   2.7313975295755133e-01
   2.6881755010971187e-01
   2.6483518456344129e-01
   2.6119887839563694e-01
   2.5791387258893889e-01
   2.5498454531380532e-01
   2.5241451887109567e-01
   2.5020675493239936e-01
   2.4836363787372667e-01
   2.4688704611316128e-01
   2.4577841144098783e-01
   2.4503876637778996e-01
   2.4466877961790118e-01
   2.4466877961790121e-01
   2.4503876637778998e-01
   2.4577841144098789e-01
   2.4688704611316134e-01
   2.4836363787372678e-01
   2.5020675493239952e-01
   2.5241451887109584e-01
   2.5498454531380549e-01
   2.5791387258893905e-01
   2.6119887839563716e-01
   2.6483518456344152e-01
   2.6881755010971214e-01
   2.7313975295755161e-01
   2.7779446088512905e-01
   2.8277309254128336e-01
   2.8806566968761410e-01
   2.9366066221826831e-01
   2.9954482796782494e-01
   3.0570304984497115e-01
   3.1211817342135800e-01
   3.1707732327048987e-01
   3.2055647303430829e-01
   3.2423778296711453e-01
   3.2810873869691359e-01
   3.3215563289286032e-01
   3.3636352711263406e-01
   3.4071622128974088e-01
   3.4519623297919222e-01
   3.4978478859185058e-01
   3.5446182891957617e-01
   3.5920603127304224e-01
   3.6399485050906299e-01
   3.6880458110192660e-01
   3.7361044220178402e-01
   3.7838668731265063e-01
   3.8310673980586696e-01
   3.8774335495877671e-01
   3.9226880857483798e-01
   3.9665511150849220e-01
   4.0087424860094117e-01
   4.0489843965404893e-01
   4.0870041915887034e-01
   4.1225373058960640e-01
   4.1553303021548699e-01
   4.1851439461816325e-01
   4.2117562547763904e-01
   4.2349654475045884e-01
   4.2545927314914728e-01
   4.2704848487215280e-01
   4.2825163184713388e-01
   4.2905913134114304e-01
   4.2946451164695087e-01
   4.2946451164695093e-01
   4.2905913134114304e-01
   4.2825163184713394e-01
   4.2704848487215280e-01
   4.2545927314914728e-01
   4.2349654475045895e-01
   4.2117562547763904e-01
   4.1851439461816331e-01
   4.1553303021548699e-01
   4.1225373058960640e-01
   4.0870041915887040e-01
   4.0489843965404893e-01
   4.0087424860094117e-01
   3.9665511150849220e-01
   3.9226880857483798e-01
   3.8774335495877676e-01
   3.8310673980586696e-01
   3.7838668731265063e-01
   3.7361044220178402e-01
   3.6880458110192660e-01
   3.6399485050906305e-01
   3.5920603127304224e-01
   3.5446182891957617e-01
   3.4978478859185058e-01
   3.4519623297919227e-01
   3.4071622128974094e-01
   3.3636352711263412e-01
   3.3215563289286038e-01
   3.2810873869691359e-01
   3.2423778296711453e-01
   3.2055647303430834e-01
   3.1707732327048987e-01
