   2.3411682851038124e-01
   2.4128663892722371e-01
   2.4930139090180900e-01
   2.5817025498938073e-01
   2.6790121777893222e-01
   2.7850033696092025e-01
   2.8997086869063071e-01
   3.0231225543615770e-01
   3.1551896448268080e-01
   3.2957917080902072e-01
   3.4447328361655738e-01
   3.6017232387527559e-01
   3.7663617135949906e-01
   3.9381171421243266e-01
   4.1163095236868985e-01
   4.3000912812712516e-01
   4.4884298225326513e-01
   4.6800926094197914e-01
   4.8736362560619945e-01
   5.0674014051475191e-01
   5.2595152840415138e-01
   5.4479038602732988e-01
   5.6303153444025023e-01
   5.8043563738910964e-01
   5.9675415189938452e-01
   6.1173557778186349e-01
   6.2513285167331523e-01
   6.3671159652069709e-01
   6.4625880483853249e-01
   6.5359142350502242e-01
   6.5856424027661831e-01
   6.6107646536519771e-01
   6.6107646536519760e-01
   6.5856424027661775e-01
   6.5359142350502142e-01
   6.4625880483853126e-01
   6.3671159652069553e-01
   6.2513285167331345e-01
   6.1173557778186127e-01
   5.9675415189938230e-01
   5.8043563738910731e-01
   5.6303153444024778e-01
   5.4479038602732743e-01
   5.2595152840414872e-01
   5.0674014051474936e-01
   4.8736362560619695e-01
   4.6800926094197670e-01
   4.4884298225326280e-01
   4.3000912812712289e-01
   4.1163095236868769e-01
   3.9381171421243072e-01
   3.7663617135949717e-01
   3.6017232387527387e-01
   3.4447328361655583e-01
   3.2957917080901933e-01
   3.1551896448267946e-01
   3.0231225543615653e-01
   2.8997086869062971e-01
   2.7850033696091941e-01
   2.6790121777893150e-01
   2.5817025498938023e-01
   2.4930139090180858e-01
   2.4128663892722346e-01
   2.3411682851038115e-01
   2.2449716776708853e-01
   2.1244320353830257e-01
   2.0121670102943462e-01
   1.9079262207596873e-01
   1.8114498979088650e-01
   1.7224754243490989e-01
   1.6407426448776463e-01
   1.5659981387191033e-01
   1.4979986227059283e-01
   1.4365136343594612e-01
   1.3813276240657180e-01
   1.3322415671119306e-01
   1.2890741895878102e-01
   1.2516628871814842e-01
   1.2198644026959174e-01
   1.1935553165711640e-01
   1.1726323946625675e-01
   1.1570128288091758e-01
   1.1466343981328506e-01
   1.1414555723378553e-01
   1.1414555723378551e-01
   1.1466343981328503e-01
   1.1570128288091754e-01
   1.1726323946625668e-01
   1.1935553165711632e-01
   1.2198644026959164e-01
   1.2516628871814831e-01
   1.2890741895878088e-01
   1.3322415671119286e-01
   1.3813276240657163e-01
   1.4365136343594592e-01
   1.4979986227059261e-01
   1.5659981387191005e-01
   1.6407426448776435e-01
   1.7224754243490961e-01
   1.8114498979088622e-01
   1.9079262207596842e-01
   2.0121670102943431e-01
   2.1244320353830221e-01
   2.2449716776708820e-01
   2.3411682851038079e-01
   2.4128663892722310e-01
   2.4930139090180820e-01
   2.5817025498937979e-01
   2.6790121777893106e-01
   2.7850033696091891e-01
   2.8997086869062927e-01
   3.0231225543615603e-01
   3.1551896448267897e-01
   3.2957917080901872e-01
   3.4447328361655521e-01
   3.6017232387527326e-01
   3.7663617135949662e-01
   3.9381171421243005e-01
   4.1163095236868708e-01
   4.3000912812712228e-01
   4.4884298225326213e-01
   4.6800926094197604e-01
   4.8736362560619634e-01
   5.0674014051474869e-01
   5.2595152840414816e-01
   5.4479038602732677e-01
   5.6303153444024723e-01
   5.8043563738910675e-01
   5.9675415189938175e-01
   6.1173557778186083e-01
   6.2513285167331323e-01
   6.3671159652069542e-01
   6.4625880483853138e-01
   6.5359142350502186e-01
   6.5856424027661820e-01
   6.6107646536519826e-01
   6.6107646536519871e-01
   6.5856424027661919e-01
   6.5359142350502353e-01
   6.4625880483853371e-01
   6.3671159652069842e-01
   6.2513285167331678e-01
   6.1173557778186494e-01
   5.9675415189938608e-01
   5.8043563738911130e-01
   5.6303153444025178e-01
   5.4479038602733143e-01
   5.2595152840415293e-01
   5.0674014051475347e-01
   4.8736362560620089e-01
   4.6800926094198059e-01
   4.4884298225326652e-01
   4.3000912812712644e-01
   4.1163095236869107e-01
   3.9381171421243377e-01
   3.7663617135950006e-01
   3.6017232387527648e-01
   3.4447328361655821e-01
   3.2957917080902138e-01
   3.1551896448268141e-01
   3.0231225543615814e-01
   2.8997086869063105e-01
   2.7850033696092047e-01
   2.6790121777893233e-01
   2.5817025498938079e-01
   2.4930139090180889e-01
   2.4128663892722352e-01
   2.3411682851038093e-01
