   2.2897630887588061e-01
   2.3621416489321356e-01
   2.4432470502059703e-01
   2.5331953744442576e-01
   2.6320935944669904e-01
   2.7400319346404844e-01
   2.8570748451771061e-01
   2.9832504412638811e-01
   3.1185382735664552e-01
   3.2628553284200745e-01
   3.4160402094884307e-01
   3.5778355339300771e-01
   3.7478686915874021e-01
   3.9256312714722291e-01
   4.1104576604468096e-01
   4.3015035659431394e-01
   4.4977255039624425e-01
   4.6978626136111112e-01
   4.9004224874036106e-01
   5.1036730065557001e-01
   5.3056423920748963e-01
   5.5041297619922258e-01
   5.6967283508403144e-01
   5.8808631297335079e-01
   6.0538438117717785e-01
   6.2129331223359452e-01
   6.3554287982245405e-01
   6.4787561660700410e-01
   6.5805665257383250e-01
   6.6588351732488171e-01
   6.7119520058321558e-01
   6.7387974911011517e-01
   6.7387974911011517e-01
   6.7119520058321558e-01
   6.6588351732488171e-01
   6.5805665257383250e-01
   6.4787561660700421e-01
   6.3554287982245417e-01
   6.2129331223359441e-01
   6.0538438117717785e-01
   5.8808631297335079e-01
   5.6967283508403144e-01
   5.5041297619922269e-01
   5.3056423920748952e-01
   5.1036730065557001e-01
   4.9004224874036112e-01
   4.6978626136111118e-01
   4.4977255039624425e-01
   4.3015035659431400e-01
   4.1104576604468102e-01
   3.9256312714722291e-01
   3.7478686915874027e-01
   3.5778355339300771e-01
   3.4160402094884312e-01
   3.2628553284200756e-01
   3.1185382735664557e-01
   2.9832504412638811e-01
   2.8570748451771066e-01
   2.7400319346404850e-01
   2.6320935944669910e-01
   2.5331953744442581e-01
   2.4432470502059705e-01
   2.3621416489321356e-01
   2.2897630887588061e-01
   2.1929217341642462e-01
   2.0717533048426981e-01
   1.9590596327073900e-01
   1.8545577101136287e-01
   1.7579583848872229e-01
   1.6689727240307389e-01
   1.5873171232383340e-01
   1.5127173661614049e-01
   1.4449118133366917e-01
   1.3836538771422704e-01
   1.3287139170149981e-01
   1.2798806689536688e-01
   1.2369623052619062e-01
   1.1997872045757997e-01
   1.1682044983724120e-01
   1.1420844481923947e-01
   1.1213186975203791e-01
   1.1058204334218323e-01
   1.0955244854041210e-01
   1.0903873823279270e-01
   1.0903873823279271e-01
   1.0955244854041213e-01
   1.1058204334218329e-01
   1.1213186975203801e-01
   1.1420844481923960e-01
   1.1682044983724134e-01
   1.1997872045758014e-01
   1.2369623052619082e-01
   1.2798806689536710e-01
   1.3287139170150006e-01
   1.3836538771422732e-01
   1.4449118133366948e-01
   1.5127173661614082e-01
   1.5873171232383376e-01
   1.6689727240307428e-01
   1.7579583848872268e-01
   1.8545577101136329e-01
   1.9590596327073942e-01
   2.0717533048427023e-01
   2.1929217341642504e-01
   2.2897630887588102e-01
   2.3621416489321390e-01
   2.4432470502059725e-01
   2.5331953744442592e-01
   2.6320935944669915e-01
   2.7400319346404839e-01
   2.8570748451771044e-01
   2.9832504412638783e-01
   3.1185382735664524e-01
   3.2628553284200706e-01
   3.4160402094884257e-01
   3.5778355339300710e-01
   3.7478686915873954e-01
   3.9256312714722214e-01
   4.1104576604468013e-01
   4.3015035659431305e-01
   4.4977255039624320e-01
   4.6978626136111001e-01
   4.9004224874035990e-01
   5.1036730065556879e-01
   5.3056423920748830e-01
   5.5041297619922136e-01
   5.6967283508403010e-01
   5.8808631297334946e-01
   6.0538438117717663e-01
   6.2129331223359330e-01
   6.3554287982245306e-01
   6.4787561660700332e-01
   6.5805665257383172e-01
   6.6588351732488127e-01
   6.7119520058321525e-01
   6.7387974911011517e-01
   6.7387974911011528e-01
   6.7119520058321591e-01
   6.6588351732488227e-01
   6.5805665257383328e-01
   6.4787561660700510e-01
   6.3554287982245516e-01
   6.2129331223359574e-01
   6.0538438117717919e-01
   5.8808631297335223e-01
   5.6967283508403288e-01
   5.5041297619922414e-01
   5.3056423920749118e-01
   5.1036730065557168e-01
   4.9004224874036267e-01
   4.6978626136111273e-01
   4.4977255039624581e-01
   4.3015035659431550e-01
   4.1104576604468246e-01
   3.9256312714722436e-01
   3.7478686915874160e-01
   3.5778355339300905e-01
   3.4160402094884434e-01
   3.2628553284200867e-01
   3.1185382735664663e-01
   2.9832504412638911e-01
   2.8570748451771155e-01
   2.7400319346404933e-01
   2.6320935944669988e-01
   2.5331953744442653e-01
   2.4432470502059769e-01
   2.3621416489321415e-01
   2.2897630887588111e-01
