   3.1360897783827740e-01
   3.1748426340756691e-01
   3.2160135132527606e-01
   3.2594706563756681e-01
   3.3050681457203146e-01
   3.3526452210390789e-01
   3.4020256682964056e-01
   3.4530173098185518e-01
   3.5054116266037394e-01
   3.5589835455376845e-01
   3.6134914256625500e-01
   3.6686772782458144e-01
   3.7242672549677258e-01
   3.7799724368682958e-01
   3.8354899535558623e-01
   3.8905044573978903e-01
   3.9446899708598832e-01
   3.9977121167718327e-01
   4.0492307311200715e-01
   4.0989028461373533e-01
   4.1463860182779116e-01
   4.1913419615382491e-01
   4.2334404320762831e-01
   4.2723632958708080e-01
   4.3078086980227598e-01
   4.3394952410523902e-01
   4.3671660710104687e-01
   4.3905927651462995e-01
   4.4095789138739777e-01
   4.4239632932636563e-01
   4.4336225324153211e-01
   4.4384731927173865e-01
   4.4384731927173865e-01
   4.4336225324153211e-01
   4.4239632932636563e-01
   4.4095789138739772e-01
   4.3905927651462989e-01
   4.3671660710104682e-01
   4.3394952410523890e-01
   4.3078086980227587e-01
   4.2723632958708074e-01
   4.2334404320762825e-01
   4.1913419615382486e-01
   4.1463860182779105e-01
   4.0989028461373517e-01
   4.0492307311200704e-01
   3.9977121167718310e-01
   3.9446899708598815e-01
   3.8905044573978886e-01
   3.8354899535558606e-01
   3.7799724368682941e-01
   3.7242672549677242e-01
   3.6686772782458127e-01
   3.6134914256625483e-01
   3.5589835455376834e-01
   3.5054116266037383e-01
   3.4530173098185507e-01
   3.4020256682964040e-01
   3.3526452210390784e-01
   3.3050681457203135e-01
   3.2594706563756670e-01
   3.2160135132527595e-01
   3.1748426340756680e-01
   3.1360897783827735e-01
   3.0810917057156884e-01
   3.0101081584176959e-01
   2.9421165913484115e-01
   2.8772875579671664e-01
   2.8157684731403337e-01
   2.7576858013062333e-01
   2.7031472015831676e-01
   2.6522435966566843e-01
   2.6050511400136067e-01
   2.5616330627347911e-01
   2.5220413866337255e-01
   2.4863184950901232e-01
   2.4544985565581454e-01
   2.4266087985230503e-01
   2.4026706317392885e-01
   2.3827006260084344e-01
   2.3667113396438832e-01
   2.3547120052115436e-01
   2.3467090742146007e-01
   2.3427066231808744e-01
   2.3427066231808744e-01
   2.3467090742146016e-01
   2.3547120052115444e-01
   2.3667113396438846e-01
   2.3827006260084360e-01
   2.4026706317392904e-01
   2.4266087985230525e-01
   2.4544985565581481e-01
   2.4863184950901260e-01
   2.5220413866337288e-01
   2.5616330627347950e-01
   2.6050511400136106e-01
   2.6522435966566887e-01
   2.7031472015831720e-01
   2.7576858013062383e-01
   2.8157684731403387e-01
   2.8772875579671719e-01
   2.9421165913484176e-01
   3.0101081584177020e-01
   3.0810917057156945e-01
   3.1360897783827812e-01
   3.1748426340756747e-01
   3.2160135132527662e-01
   3.2594706563756731e-01
   3.3050681457203196e-01
   3.3526452210390834e-01
   3.4020256682964095e-01
   3.4530173098185546e-01
   3.5054116266037416e-01
   3.5589835455376861e-01
   3.6134914256625511e-01
   3.6686772782458149e-01
   3.7242672549677258e-01
   3.7799724368682946e-01
   3.8354899535558606e-01
   3.8905044573978881e-01
   3.9446899708598804e-01
   3.9977121167718294e-01
   4.0492307311200676e-01
   4.0989028461373495e-01
   4.1463860182779066e-01
   4.1913419615382441e-01
   4.2334404320762770e-01
   4.2723632958708024e-01
   4.3078086980227531e-01
   4.3394952410523835e-01
   4.3671660710104621e-01
   4.3905927651462928e-01
   4.4095789138739705e-01
   4.4239632932636491e-01
   4.4336225324153139e-01
   4.4384731927173787e-01
   4.4384731927173793e-01
   4.4336225324153145e-01
   4.4239632932636497e-01
   4.4095789138739711e-01
   4.3905927651462934e-01
   4.3671660710104632e-01
   4.3394952410523846e-01
   4.3078086980227542e-01
   4.2723632958708035e-01
   4.2334404320762786e-01
   4.1913419615382458e-01
   4.1463860182779078e-01
   4.0989028461373506e-01
   4.0492307311200693e-01
   3.9977121167718310e-01
   3.9446899708598820e-01
   3.8905044573978897e-01
   3.8354899535558623e-01
   3.7799724368682963e-01
   3.7242672549677275e-01
   3.6686772782458160e-01
   3.6134914256625528e-01
   3.5589835455376873e-01
   3.5054116266037433e-01
   3.4530173098185563e-01
   3.4020256682964106e-01
   3.3526452210390845e-01
   3.3050681457203213e-01
   3.2594706563756748e-01
   3.2160135132527673e-01
   3.1748426340756758e-01
   3.1360897783827818e-01
