   3.1540048899077511e-01
   3.1908006811891232e-01
   3.2298134232754017e-01
   3.2709142702513616e-01
   3.3139613284248365e-01
   3.3587991319447269e-01
   3.4052581943533261e-01
   3.4531546607735547e-01
   3.5022900871328388e-01
   3.5524513741131114e-01
   3.6034108842375007e-01
   3.6549267704938082e-01
   3.7067435439831103e-01
   3.7585929061036605e-01
   3.8101948675866365e-01
   3.8612591721724787e-01
   3.9114870367814031e-01
   3.9605732126778631e-01
   4.0082083634223925e-01
   4.0540817455021932e-01
   4.0978841666906796e-01
   4.1393111857654319e-01
   4.1780665056712057e-01
   4.2138655010909593e-01
   4.2464388112843143e-01
   4.2755359205961707e-01
   4.3009286428392274e-01
   4.3224144223606092e-01
   4.3398193644508892e-01
   4.3530009111228124e-01
   4.3618500852632219e-01
   4.3662932366141766e-01
   4.3662932366141766e-01
   4.3618500852632225e-01
   4.3530009111228124e-01
   4.3398193644508898e-01
   4.3224144223606098e-01
   4.3009286428392279e-01
   4.2755359205961713e-01
   4.2464388112843149e-01
   4.2138655010909604e-01
   4.1780665056712074e-01
   4.1393111857654330e-01
   4.0978841666906801e-01
   4.0540817455021938e-01
   4.0082083634223936e-01
   3.9605732126778642e-01
   3.9114870367814042e-01
   3.8612591721724798e-01
   3.8101948675866376e-01
   3.7585929061036616e-01
   3.7067435439831120e-01
   3.6549267704938099e-01
   3.6034108842375023e-01
   3.5524513741131125e-01
   3.5022900871328400e-01
   3.4531546607735558e-01
   3.4052581943533267e-01
   3.3587991319447280e-01
   3.3139613284248376e-01
   3.2709142702513622e-01
   3.2298134232754028e-01
   3.1908006811891237e-01
   3.1540048899077516e-01
   3.1016704791975475e-01
   3.0340479357593442e-01
   2.9692046464423533e-01
   2.9073123782194787e-01
   2.8485211021335499e-01
   2.7929608941463169e-01
   2.7407438186981187e-01
   2.6919657624385351e-01
   2.6467081924175057e-01
   2.6050398190015867e-01
   2.5670181488875488e-01
   2.5326909178498191e-01
   2.5020973963301096e-01
   2.4752695637243841e-01
   2.4522331493209454e-01
   2.4330085393740256e-01
   2.4176115508398438e-01
   2.4060540729333504e-01
   2.3983445779560444e-01
   2.3944885028653023e-01
   2.3944885028653018e-01
   2.3983445779560439e-01
   2.4060540729333488e-01
   2.4176115508398421e-01
   2.4330085393740231e-01
   2.4522331493209426e-01
   2.4752695637243805e-01
   2.5020973963301052e-01
   2.5326909178498147e-01
   2.5670181488875432e-01
   2.6050398190015811e-01
   2.6467081924174995e-01
   2.6919657624385285e-01
   2.7407438186981115e-01
   2.7929608941463091e-01
   2.8485211021335416e-01
   2.9073123782194704e-01
   2.9692046464423444e-01
   3.0340479357593353e-01
   3.1016704791975375e-01
   3.1540048899077416e-01
   3.1908006811891143e-01
   3.2298134232753939e-01
   3.2709142702513538e-01
   3.3139613284248298e-01
   3.3587991319447208e-01
   3.4052581943533206e-01
   3.4531546607735497e-01
   3.5022900871328355e-01
   3.5524513741131075e-01
   3.6034108842374984e-01
   3.6549267704938071e-01
   3.7067435439831098e-01
   3.7585929061036605e-01
   3.8101948675866371e-01
   3.8612591721724804e-01
   3.9114870367814053e-01
   3.9605732126778664e-01
   4.0082083634223964e-01
   4.0540817455021977e-01
   4.0978841666906846e-01
   4.1393111857654380e-01
   4.1780665056712130e-01
   4.2138655010909670e-01
   4.2464388112843215e-01
   4.2755359205961790e-01
   4.3009286428392363e-01
   4.3224144223606192e-01
   4.3398193644508987e-01
   4.3530009111228218e-01
   4.3618500852632319e-01
   4.3662932366141860e-01
   4.3662932366141854e-01
   4.3618500852632314e-01
   4.3530009111228213e-01
   4.3398193644508987e-01
   4.3224144223606187e-01
   4.3009286428392363e-01
   4.2755359205961790e-01
   4.2464388112843210e-01
   4.2138655010909665e-01
   4.1780665056712124e-01
   4.1393111857654374e-01
   4.0978841666906840e-01
   4.0540817455021971e-01
   4.0082083634223958e-01
   3.9605732126778664e-01
   3.9114870367814047e-01
   3.8612591721724793e-01
   3.8101948675866365e-01
   3.7585929061036599e-01
   3.7067435439831092e-01
   3.6549267704938065e-01
   3.6034108842374979e-01
   3.5524513741131075e-01
   3.5022900871328350e-01
   3.4531546607735492e-01
   3.4052581943533200e-01
   3.3587991319447202e-01
   3.3139613284248293e-01
   3.2709142702513533e-01
   3.2298134232753933e-01
   3.1908006811891138e-01
   3.1540048899077416e-01
