   2.8878940306620182e-01
   2.9440224179757701e-01
   3.0049005533354683e-01
   3.0704168768530871e-01
   3.1404369317727676e-01
   3.2148001592162812e-01
   3.2933165330665187e-01
   3.3757630888196932e-01
   3.4618804167835160e-01
   3.5513692087036991e-01
   3.6438869673788277e-01
   3.7390450104141454e-01
   3.8364059209785428e-01
   3.9354816189012903e-01
   4.0357322429123543e-01
   4.1365660471423576e-01
   4.2373405196822433e-01
   4.3373649253915753e-01
   4.4359044565855610e-01
   4.5321861413753090e-01
   4.6254066086013967e-01
   4.7147417398837671e-01
   4.7993581542000807e-01
   4.8784263713344805e-01
   4.9511353923007667e-01
   5.0167083242751187e-01
   5.0744185732505365e-01
   5.1236060392304672e-01
   5.1636926861539201e-01
   5.1941968307126618e-01
   5.2147455073315652e-01
   5.2250843239695854e-01
   5.2250843239695854e-01
   5.2147455073315652e-01
   5.1941968307126618e-01
   5.1636926861539201e-01
   5.1236060392304672e-01
   5.0744185732505365e-01
   5.0167083242751187e-01
   4.9511353923007673e-01
   4.8784263713344805e-01
   4.7993581542000807e-01
   4.7147417398837677e-01
   4.6254066086013973e-01
   4.5321861413753090e-01
   4.4359044565855615e-01
   4.3373649253915753e-01
   4.2373405196822439e-01
   4.1365660471423582e-01
   4.0357322429123543e-01
   3.9354816189012898e-01
   3.8364059209785428e-01
   3.7390450104141459e-01
   3.6438869673788277e-01
   3.5513692087036991e-01
   3.4618804167835165e-01
   3.3757630888196938e-01
   3.2933165330665187e-01
   3.2148001592162817e-01
   3.1404369317727682e-01
   3.0704168768530871e-01
   3.0049005533354683e-01
   2.9440224179757707e-01
   2.8878940306620182e-01
   2.8100100662848243e-01
   2.7106661517750258e-01
   2.6165749987334475e-01
   2.5278165858798279e-01
   2.4444408624011454e-01
   2.3664729656587966e-01
   2.2939179388896372e-01
   2.2267649565568481e-01
   2.1649910763361624e-01
   2.1085645442746848e-01
   2.0574476841862613e-01
   2.0115994045104194e-01
   1.9709773562233196e-01
   1.9355397744132161e-01
   1.9052470341929698e-01
   1.8800629490109413e-01
   1.8599558363621718e-01
   1.8448993725590496e-01
   1.8348732547118926e-01
   1.8298636844741775e-01
   1.8298636844741775e-01
   1.8348732547118923e-01
   1.8448993725590496e-01
   1.8599558363621713e-01
   1.8800629490109408e-01
   1.9052470341929689e-01
   1.9355397744132152e-01
   1.9709773562233190e-01
   2.0115994045104182e-01
   2.0574476841862599e-01
   2.1085645442746836e-01
   2.1649910763361613e-01
   2.2267649565568465e-01
   2.2939179388896355e-01
   2.3664729656587949e-01
   2.4444408624011432e-01
   2.5278165858798257e-01
   2.6165749987334452e-01
   2.7106661517750230e-01
   2.8100100662848215e-01
   2.8878940306620154e-01
   2.9440224179757679e-01
   3.0049005533354661e-01
   3.0704168768530848e-01
   3.1404369317727659e-01
   3.2148001592162795e-01
   3.2933165330665171e-01
   3.3757630888196921e-01
   3.4618804167835149e-01
   3.5513692087036980e-01
   3.6438869673788266e-01
   3.7390450104141448e-01
   3.8364059209785423e-01
   3.9354816189012903e-01
   4.0357322429123543e-01
   4.1365660471423576e-01
   4.2373405196822439e-01
   4.3373649253915764e-01
   4.4359044565855626e-01
   4.5321861413753101e-01
   4.6254066086013979e-01
   4.7147417398837688e-01
   4.7993581542000818e-01
   4.8784263713344822e-01
   4.9511353923007684e-01
   5.0167083242751209e-01
   5.0744185732505387e-01
   5.1236060392304683e-01
   5.1636926861539223e-01
   5.1941968307126629e-01
   5.2147455073315674e-01
   5.2250843239695866e-01
   5.2250843239695866e-01
   5.2147455073315674e-01
   5.1941968307126629e-01
   5.1636926861539212e-01
   5.1236060392304683e-01
   5.0744185732505387e-01
   5.0167083242751198e-01
   4.9511353923007678e-01
   4.8784263713344816e-01
   4.7993581542000813e-01
   4.7147417398837677e-01
   4.6254066086013973e-01
   4.5321861413753090e-01
   4.4359044565855610e-01
   4.3373649253915753e-01
   4.2373405196822428e-01
   4.1365660471423571e-01
   4.0357322429123532e-01
   3.9354816189012887e-01
   3.8364059209785412e-01
   3.7390450104141432e-01
   3.6438869673788254e-01
   3.5513692087036974e-01
   3.4618804167835143e-01
   3.3757630888196904e-01
   3.2933165330665154e-01
   3.2148001592162789e-01
   3.1404369317727654e-01
   3.0704168768530843e-01
   3.0049005533354656e-01
   2.9440224179757674e-01
   2.8878940306620154e-01
