  -4.4930521324191453e-01
  -4.4638237531225161e-01
  -4.4375416146786806e-01
  -4.3662635038278330e-01
  -4.3380019134208320e-01
  -4.3380241259751295e-01
  -4.3629068135218896e-01
  -4.4199917911036207e-01
  -4.5039700002201277e-01
  -4.6220915282631519e-01
  -4.7766117253248142e-01
  -4.9601284278467594e-01
  -5.1664191769008416e-01
  -5.3968496026468604e-01
  -5.6558485915225765e-01
  -5.9450081240576147e-01
  -6.2628559035795162e-01
  -6.6084951275315362e-01
  -6.9835216046390891e-01
  -7.3907707339374151e-01
  -7.8325541424863221e-01
  -8.3104950743024786e-01
  -8.8264952148980480e-01
  -9.3833409338854334e-01
  -9.9844797255023210e-01
  -1.0633604937522056e+00
