   9.5512273456765318e-01
   9.3743803286345140e-01
   9.1256859011695557e-01
   8.8151435823738811e-01
   8.4543252439851579e-01
   8.0554436818404096e-01
   7.6305207108509343e-01
   7.1907340571052225e-01
   6.7459754310226783e-01
   6.3046128049427441e-01
   5.8734242467226705e-01
   5.4576591150327025e-01
   5.0611819021281201e-01
   4.6866602316319617e-01
   4.3357676314781762e-01
   4.0093810030888283e-01
   3.7077606971517135e-01
   3.4307072136024197e-01
   3.1776927785047954e-01
   2.9479687101505925e-01
   2.7406509569476395e-01
   2.5547868364387566e-01
   2.3894061265942559e-01
   2.2435594783012586e-01
   2.1163467832530516e-01
   2.0069377410067765e-01
   1.9145864799424833e-01
   1.8386417294048438e-01
   1.7785537273860849e-01
   1.7338787822768392e-01
   1.7042821852176163e-01
   1.6895399852372775e-01
   1.6895399852372778e-01
   1.7042821852176171e-01
   1.7338787822768403e-01
   1.7785537273860866e-01
   1.8386417294048460e-01
   1.9145864799424858e-01
   2.0069377410067799e-01
   2.1163467832530553e-01
   2.2435594783012627e-01
   2.3894061265942609e-01
   2.5547868364387621e-01
   2.7406509569476456e-01
   2.9479687101505997e-01
   3.1776927785048031e-01
   3.4307072136024286e-01
   3.7077606971517230e-01
   4.0093810030888394e-01
   4.3357676314781879e-01
   4.6866602316319750e-01
   5.0611819021281346e-01
   5.4576591150327181e-01
   5.8734242467226871e-01
   6.3046128049427608e-01
   6.7459754310226960e-01
   7.1907340571052369e-01
   7.6305207108509487e-01
   8.0554436818404240e-01
   8.4543252439851702e-01
   8.8151435823738911e-01
   9.1256859011695635e-01
   9.3743803286345184e-01
   9.5512273456765351e-01
   9.6992626950774152e-01
   9.8087035433042724e-01
   9.8238023937153729e-01
   9.7438316121121915e-01
   9.5726146194932782e-01
   9.3180866881435542e-01
   8.9914236528613856e-01
   8.6059099585446253e-01
   8.1757453902858501e-01
   7.7149657468607047e-01
   7.2365944489623579e-01
   6.7520740778346111e-01
   6.2709691743426710e-01
   5.8008944652114558e-01
   5.3476067634371127e-01
   4.9151991186177163e-01
   4.5063456199954421e-01
   4.1225587160958438e-01
   3.7644340911998231e-01
   3.4318690245457312e-01
   3.1242481397662697e-01
   2.8405957223936057e-01
   2.5796968853327357e-01
   2.3401914060303169e-01
   2.1206445802307297e-01
   1.9195993476732268e-01
   1.7356135336958223e-01
   1.5672855047595688e-01
   1.4132709675349833e-01
   1.2722931111538321e-01
   1.1431478284141093e-01
   1.0247053623901244e-01
   9.1590940750725020e-02
   8.1577444094296112e-02
   7.2338186156865922e-02
   6.3787535985177238e-02
   5.5845582435773235e-02
   4.8437600112238154e-02
   4.1493505490201608e-02
   3.4947313105703655e-02
   3.0317616695068685e-02
   2.7549622872818449e-02
   2.5036771569408339e-02
   2.2755854545453046e-02
   2.0685789784392117e-02
   1.8807432241700818e-02
   1.7103400982269385e-02
   1.5557921497875689e-02
   1.4156682038557199e-02
   1.2886702847472398e-02
   1.1736217252881844e-02
   1.0694563639136663e-02
   9.7520873881916138e-03
   8.9000519521954778e-03
   8.1305582848341280e-03
   7.4364719234635054e-03
   6.8113570751657266e-03
   6.2494171174311509e-03
   5.7454409781269155e-03
   5.2947549097939455e-03
   4.8931792202386850e-03
   4.5369895650271518e-03
   4.2228824480563696e-03
   3.9479446141016186e-03
   3.7096260523569939e-03
   3.5057163627451125e-03
   3.3343242674112820e-03
   3.1938600785759393e-03
   3.0830209610285711e-03
   3.0007788532318007e-03
   2.9463709354842359e-03
   2.9192925570769119e-03
   2.9192925570769115e-03
   2.9463709354842355e-03
   3.0007788532317998e-03
   3.0830209610285698e-03
   3.1938600785759380e-03
   3.3343242674112807e-03
   3.5057163627451107e-03
   3.7096260523569913e-03
   3.9479446141016160e-03
   4.2228824480563662e-03
   4.5369895650271474e-03
   4.8931792202386816e-03
   5.2947549097939403e-03
   5.7454409781269103e-03
   6.2494171174311457e-03
   6.8113570751657205e-03
   7.4364719234634976e-03
   8.1305582848341194e-03
   8.9000519521954691e-03
   9.7520873881916052e-03
   1.0694563639136657e-02
   1.1736217252881837e-02
   1.2886702847472394e-02
   1.4156682038557194e-02
   1.5557921497875686e-02
   1.7103400982269382e-02
   1.8807432241700815e-02
   2.0685789784392113e-02
   2.2755854545453043e-02
   2.5036771569408336e-02
   2.7549622872818449e-02
   3.0317616695068685e-02
