   8.9072660532746484e-01
   8.7414323320309706e-01
   8.5187258204535266e-01
   8.2469076931559981e-01
   7.9347897002886236e-01
   7.5916222282860402e-01
   7.2265453718501260e-01
   6.8481487138065811e-01
   6.4641602548840038e-01
   6.0812631568291420e-01
   5.7050238448345980e-01
   5.3399071377782958e-01
   4.9893522506026317e-01
   4.6558857915814811e-01
   4.3412523154789479e-01
   4.0465480753234451e-01
   3.7723483687687226e-01
   3.5188228085852297e-01
   3.2858358138363752e-01
   3.0730316774719929e-01
   2.8799048732876104e-01
   2.7058570023567746e-01
   2.5502421147482446e-01
   2.4124022148500868e-01
   2.2916946722418594e-01
   2.1875130883760269e-01
   2.0993029611351086e-01
   2.0265732748241044e-01
   1.9689049394056568e-01
   1.9259568180243616e-01
   1.8974699186719240e-01
   1.8832701833410756e-01
   1.8832701833410759e-01
   1.8974699186719246e-01
   1.9259568180243622e-01
   1.9689049394056576e-01
   2.0265732748241058e-01
   2.0993029611351105e-01
   2.1875130883760285e-01
   2.2916946722418616e-01
   2.4124022148500893e-01
   2.5502421147482479e-01
   2.7058570023567774e-01
   2.8799048732876137e-01
   3.0730316774719968e-01
   3.2858358138363808e-01
   3.5188228085852347e-01
   3.7723483687687281e-01
   4.0465480753234512e-01
   4.3412523154789540e-01
   4.6558857915814872e-01
   4.9893522506026383e-01
   5.3399071377783025e-01
   5.7050238448346058e-01
   6.0812631568291498e-01
   6.4641602548840116e-01
   6.8481487138065888e-01
   7.2265453718501338e-01
   7.5916222282860468e-01
   7.9347897002886314e-01
   8.2469076931560037e-01
   8.5187258204535310e-01
   8.7414323320309750e-01
   8.9072660532746495e-01
   9.0634634129104608e-01
   9.2014269522972891e-01
   9.2620892178728076e-01
   9.2428658056640767e-01
   9.1445801078627231e-01
   8.9713781067017051e-01
   8.7303086817907494e-01
   8.4306465262236163e-01
   8.0830736984094098e-01
   7.6988443428597175e-01
   7.2890378974419923e-01
   6.8639698653085224e-01
   6.4327889585974996e-01
   6.0032554086630974e-01
   5.5816727331599703e-01
   5.1729347600572817e-01
   4.7806487443881490e-01
   4.4073004166337892e-01
   4.0544345012700933e-01
   3.7228322882984261e-01
   3.4126748781428884e-01
   3.1236861956644879e-01
   2.8552537397222472e-01
   2.6065275240352137e-01
   2.3764990904440819e-01
   2.1640631492299930e-01
   1.9680645842160660e-01
   1.7873334506592367e-01
   1.6207103299810668e-01
   1.4670640778458999e-01
   1.3253036661577464e-01
   1.1943855058273543e-01
   1.0733173602310445e-01
   9.6115972386020113e-02
   8.5702534583542017e-02
   7.6007741994500999e-02
   6.6952683669461013e-02
   5.8462879335754073e-02
   5.0467898035829427e-02
   4.2900950224100509e-02
   3.7531951432459104e-02
   3.4304068857322498e-02
   3.1357511708771713e-02
   2.8668232413505502e-02
   2.6214255546077120e-02
   2.3975507471038528e-02
   2.1933659163609801e-02
   2.0071981500475351e-02
   1.8375212276399194e-02
   1.6829434193057623e-02
   1.5421963076023148e-02
   1.4141245598369838e-02
   1.2976765820575600e-02
   1.1918959893071382e-02
   1.0959138307593085e-02
   1.0089415124739111e-02
   9.3026436466249456e-03
   8.5923580444216587e-03
   7.9527204903075879e-03
   7.3784733815947237e-03
   6.8648962813058047e-03
   6.4077672341777752e-03
   6.0033281499337308e-03
   5.6482539767379056e-03
   5.3396254171056727e-03
   5.0749049662898943e-03
   4.8519160794316205e-03
   4.6688252986847919e-03
   4.5241271952460886e-03
   4.4166320038913224e-03
   4.3454558493898725e-03
   4.3100134851898151e-03
   4.3100134851898151e-03
   4.3454558493898733e-03
   4.4166320038913232e-03
   4.5241271952460903e-03
   4.6688252986847936e-03
   4.8519160794316223e-03
   5.0749049662898969e-03
   5.3396254171056753e-03
   5.6482539767379073e-03
   6.0033281499337326e-03
   6.4077672341777770e-03
   6.8648962813058073e-03
   7.3784733815947254e-03
   7.9527204903075896e-03
   8.5923580444216604e-03
   9.3026436466249491e-03
   1.0089415124739114e-02
   1.0959138307593087e-02
   1.1918959893071386e-02
   1.2976765820575602e-02
   1.4141245598369840e-02
   1.5421963076023152e-02
   1.6829434193057630e-02
   1.8375212276399197e-02
   2.0071981500475355e-02
   2.1933659163609797e-02
   2.3975507471038531e-02
   2.6214255546077120e-02
   2.8668232413505506e-02
   3.1357511708771720e-02
   3.4304068857322498e-02
   3.7531951432459111e-02
