   2.4867705968542095e-01
   2.3370522803889845e-01
   2.2206230564935395e-01
   2.1360516499051710e-01
   2.0822764824219694e-01
   2.0586133099275439e-01
   2.0647588210949921e-01
   2.1007919170314795e-01
   2.1671733966480602e-01
   2.2647438613920259e-01
   2.3947187202572415e-01
   2.5586781158548916e-01
   2.7585482941943429e-01
   2.9965692888477269e-01
   3.2752416702799481e-01
   3.5972424325911773e-01
   3.9652968329372984e-01
   4.3819893055199588e-01
   4.8494929035945727e-01
   5.3691941074361815e-01
   5.9411902117843696e-01
   6.5636431066237988e-01
   7.2319908505683173e-01
   7.9380529122914090e-01
   8.6691215616296224e-01
   9.4072109100391699e-01
   1.0128724574900239e+00
   1.0804870291956359e+00
   1.1403139105846070e+00
   1.1890013748461379e+00
   1.2234745003687175e+00
   1.2413597561187011e+00
   1.2413597561187037e+00
   1.2234745003687251e+00
   1.1890013748461501e+00
   1.1403139105846225e+00
   1.0804870291956545e+00
   1.0128724574900443e+00
   9.4072109100393819e-01
   8.6691215616298356e-01
   7.9380529122916177e-01
   7.2319908505685160e-01
   6.5636431066239864e-01
   5.9411902117845439e-01
   5.3691941074363425e-01
   4.8494929035947193e-01
   4.3819893055200915e-01
   3.9652968329374177e-01
   3.5972424325912838e-01
   3.2752416702800424e-01
   2.9965692888478113e-01
   2.7585482941944178e-01
   2.5586781158549576e-01
   2.3947187202572995e-01
   2.2647438613920765e-01
   2.1671733966481038e-01
   2.1007919170315167e-01
   2.0647588210950232e-01
   2.0586133099275700e-01
   2.0822764824219903e-01
   2.1360516499051868e-01
   2.2206230564935511e-01
   2.3370522803889915e-01
   2.4867705968542120e-01
   2.7673969168556012e-01
   3.1835382374167998e-01
   3.6437524444575647e-01
   4.1521209952020027e-01
   4.7120711627419992e-01
   5.3258815048320163e-01
   5.9940050537824507e-01
   6.7141886856126420e-01
   7.4803974893531633e-01
   8.2816123729578950e-01
   9.1006654946690235e-01
   9.9134078085870037e-01
   1.0688636270248153e+00
   1.1389275032594430e+00
   1.1975199430128871e+00
   1.2407720296242040e+00
   1.2655126329030841e+00
   1.2698032270068507e+00
   1.2532982195466862e+00
   1.2173117556865953e+00
   1.1645678020924914e+00
   1.0987185181112664e+00
   1.0237798986254316e+00
   9.4362867534840933e-01
   8.6164896042409744e-01
   7.8055002239485982e-01
   7.0232804429491114e-01
   6.2832402663641496e-01
   5.5933099122878416e-01
   4.9571533862463357e-01
   4.3753089391875699e-01
   3.8461533282458304e-01
   3.3666607827509198e-01
   2.9329686166883395e-01
   2.5407794724816241e-01
   2.1856345519456022e-01
   1.8630896344001840e-01
   1.5688203759573030e-01
   1.2986775956185465e-01
   1.0487080381753533e-01
   8.7460661729537634e-02
   7.7320978988518030e-02
   6.8355156752301777e-02
   6.0428799986900594e-02
   5.3422562981356371e-02
   4.7230586637311008e-02
   4.1759060978519044e-02
   3.6924915843114178e-02
   3.2654637029341078e-02
   2.8883201766922072e-02
   2.5553125522138131e-02
   2.2613611290981096e-02
   2.0019792332209529e-02
   1.7732059496630623e-02
   1.5715464755980655e-02
   1.3939193114916848e-02
   1.2376095731118886e-02
   1.1002277725310525e-02
   9.7967348065639438e-03
   8.7410334516667323e-03
   7.8190299515262622e-03
   7.0166241685783136e-03
   6.3215443362602316e-03
   5.7231596761640035e-03
   5.2123180130950082e-03
   4.7812059362123387e-03
   4.4232293893388007e-03
   4.1329128791405276e-03
   3.9058157699050906e-03
   3.7384643917142651e-03
   3.6282989284018657e-03
   3.5736342761535905e-03
   3.5736342761535909e-03
   3.6282989284018665e-03
   3.7384643917142660e-03
   3.9058157699050919e-03
   4.1329128791405285e-03
   4.4232293893388024e-03
   4.7812059362123405e-03
   5.2123180130950108e-03
   5.7231596761640078e-03
   6.3215443362602368e-03
   7.0166241685783179e-03
   7.8190299515262674e-03
   8.7410334516667375e-03
   9.7967348065639490e-03
   1.1002277725310528e-02
   1.2376095731118888e-02
   1.3939193114916849e-02
   1.5715464755980655e-02
   1.7732059496630623e-02
   2.0019792332209529e-02
   2.2613611290981096e-02
   2.5553125522138127e-02
   2.8883201766922075e-02
   3.2654637029341078e-02
   3.6924915843114185e-02
   4.1759060978519044e-02
   4.7230586637311008e-02
   5.3422562981356378e-02
   6.0428799986900594e-02
   6.8355156752301791e-02
   7.7320978988518044e-02
   8.7460661729537634e-02
