  -1.8432934582721927e-01
  -1.9372487821959108e-01
  -2.0330124852823556e-01
  -2.1305249596154280e-01
  -2.2297033444561415e-01
  -2.3304393224925801e-01
  -2.4325969019504462e-01
  -2.5360102325887185e-01
  -2.6404815142682669e-01
  -2.7457790679923838e-01
  -2.8516356506580043e-01
  -2.9577471056532184e-01
  -3.0637714511549308e-01
  -3.1693285156211537e-01
  -3.2740002344897534e-01
  -3.3773317223360333e-01
  -3.4788332295086860e-01
  -3.5779830804119550e-01
  -3.6742316711593831e-01
  -3.7670065766399674e-01
  -3.8557187809405902e-01
  -3.9397700010275377e-01
  -4.0185610228441526e-01
  -4.0915009136215330e-01
  -4.1580169171669140e-01
  -4.2175647838808328e-01
  -4.2696392384794613e-01
  -4.3137842502763241e-01
  -4.3496027475865578e-01
  -4.3767654128197275e-01
  -4.3950182103998159e-01
  -4.4041883364909074e-01
  -4.4041883364909074e-01
  -4.3950182103998170e-01
  -4.3767654128197286e-01
  -4.3496027475865590e-01
  -4.3137842502763263e-01
  -4.2696392384794635e-01
  -4.2175647838808350e-01
  -4.1580169171669168e-01
  -4.0915009136215363e-01
  -4.0185610228441559e-01
  -3.9397700010275416e-01
  -3.8557187809405941e-01
  -3.7670065766399724e-01
  -3.6742316711593881e-01
  -3.5779830804119600e-01
  -3.4788332295086904e-01
  -3.3773317223360388e-01
  -3.2740002344897590e-01
  -3.1693285156211587e-01
  -3.0637714511549358e-01
  -2.9577471056532229e-01
  -2.8516356506580082e-01
  -2.7457790679923877e-01
  -2.6404815142682703e-01
  -2.5360102325887213e-01
  -2.4325969019504487e-01
  -2.3304393224925821e-01
  -2.2297033444561434e-01
  -2.1305249596154296e-01
  -2.0330124852823567e-01
  -1.9372487821959114e-01
  -1.8432934582721927e-01
  -1.7034183543592288e-01
  -1.5177163868373203e-01
  -1.3339243203065090e-01
  -1.1519506943520699e-01
  -9.7165165789357494e-02
  -7.9283951628333030e-02
  -6.1529066780650905e-02
  -4.3875297601060584e-02
  -2.6295265078982326e-02
  -8.7600730361154268e-03
   8.7600730361160478e-03
   2.6295265078982950e-02
   4.3875297601061208e-02
   6.1529066780651544e-02
   7.9283951628333682e-02
   9.7165165789358146e-02
   1.1519506943520763e-01
   1.3339243203065154e-01
   1.5177163868373270e-01
   1.7034183543592354e-01
   1.8432934582721988e-01
   1.9372487821959164e-01
   2.0330124852823608e-01
   2.1305249596154330e-01
   2.2297033444561462e-01
   2.3304393224925840e-01
   2.4325969019504498e-01
   2.5360102325887218e-01
   2.6404815142682697e-01
   2.7457790679923860e-01
   2.8516356506580065e-01
   2.9577471056532195e-01
   3.0637714511549319e-01
   3.1693285156211543e-01
   3.2740002344897540e-01
   3.3773317223360333e-01
   3.4788332295086855e-01
   3.5779830804119545e-01
   3.6742316711593814e-01
   3.7670065766399657e-01
   3.8557187809405874e-01
   3.9397700010275344e-01
   4.0185610228441487e-01
   4.0915009136215297e-01
   4.1580169171669096e-01
   4.2175647838808278e-01
   4.2696392384794568e-01
   4.3137842502763191e-01
   4.3496027475865523e-01
   4.3767654128197220e-01
   4.3950182103998109e-01
   4.4041883364909018e-01
   4.4041883364909024e-01
   4.3950182103998114e-01
   4.3767654128197236e-01
   4.3496027475865540e-01
   4.3137842502763213e-01
   4.2696392384794590e-01
   4.2175647838808306e-01
   4.1580169171669129e-01
   4.0915009136215330e-01
   4.0185610228441532e-01
   3.9397700010275383e-01
   3.8557187809405918e-01
   3.7670065766399707e-01
   3.6742316711593859e-01
   3.5779830804119589e-01
   3.4788332295086904e-01
   3.3773317223360383e-01
   3.2740002344897590e-01
   3.1693285156211598e-01
   3.0637714511549374e-01
   2.9577471056532245e-01
   2.8516356506580109e-01
   2.7457790679923905e-01
   2.6404815142682736e-01
   2.5360102325887252e-01
   2.4325969019504529e-01
   2.3304393224925868e-01
   2.2297033444561484e-01
   2.1305249596154349e-01
   2.0330124852823625e-01
   1.9372487821959178e-01
   1.8432934582721994e-01
