  -1.7065435840368406e-01
  -1.8077772373613527e-01
  -1.9166725823213313e-01
  -2.0335412899884997e-01
  -2.1586885665422501e-01
  -2.2924055715657463e-01
  -2.4349601336925866e-01
  -2.5865855049236225e-01
  -2.7474668913338213e-01
  -2.9177255108792494e-01
  -3.0973999663904062e-01
  -3.2864247933039398e-01
  -3.4846061587298499e-01
  -3.6915948638145968e-01
  -3.9068570478494818e-01
  -4.1296433209726646e-01
  -4.3589574681243964e-01
  -4.5935263657729375e-01
  -4.8317733147912983e-01
  -5.0717975755511535e-01
  -5.3113634246640873e-01
  -5.5479024357368456e-01
  -5.7785327898648209e-01
  -6.0000991004786097e-01
  -6.2092353554738233e-01
  -6.4024520470161217e-01
  -6.5762463768827162e-01
  -6.7272317277974225e-01
  -6.8522796730440660e-01
  -6.9486650989258569e-01
  -7.0142030643591147e-01
  -7.0473653222915511e-01
  -7.0473653222915511e-01
  -7.0142030643591124e-01
  -6.9486650989258547e-01
  -6.8522796730440605e-01
  -6.7272317277974170e-01
  -6.5762463768827095e-01
  -6.4024520470161139e-01
  -6.2092353554738156e-01
  -6.0000991004786008e-01
  -5.7785327898648120e-01
  -5.5479024357368367e-01
  -5.3113634246640773e-01
  -5.0717975755511446e-01
  -4.8317733147912889e-01
  -4.5935263657729281e-01
  -4.3589574681243876e-01
  -4.1296433209726552e-01
  -3.9068570478494735e-01
  -3.6915948638145890e-01
  -3.4846061587298416e-01
  -3.2864247933039326e-01
  -3.0973999663903989e-01
  -2.9177255108792427e-01
  -2.7474668913338157e-01
  -2.5865855049236175e-01
  -2.4349601336925825e-01
  -2.2924055715657429e-01
  -2.1586885665422473e-01
  -2.0335412899884978e-01
  -1.9166725823213301e-01
  -1.8077772373613518e-01
  -1.7065435840368406e-01
  -1.5639721662340367e-01
  -1.3798475950116210e-01
  -1.2021669862509032e-01
  -1.0302108665280532e-01
  -8.6323950734332217e-02
  -7.0049958693303618e-02
  -5.4122903763007262e-02
  -3.8466044649805707e-02
  -2.3002333429265800e-02
  -7.6545601223152945e-03
   7.6545601223148314e-03
   2.3002333429265331e-02
   3.8466044649805235e-02
   5.4122903763006776e-02
   7.0049958693303147e-02
   8.6323950734331731e-02
   1.0302108665280484e-01
   1.2021669862508982e-01
   1.3798475950116160e-01
   1.5639721662340314e-01
   1.7065435840368362e-01
   1.8077772373613493e-01
   1.9166725823213296e-01
   2.0335412899884991e-01
   2.1586885665422506e-01
   2.2924055715657479e-01
   2.4349601336925900e-01
   2.5865855049236269e-01
   2.7474668913338274e-01
   2.9177255108792566e-01
   3.0973999663904145e-01
   3.2864247933039498e-01
   3.4846061587298610e-01
   3.6915948638146096e-01
   3.9068570478494963e-01
   4.1296433209726802e-01
   4.3589574681244136e-01
   4.5935263657729564e-01
   4.8317733147913183e-01
   5.0717975755511746e-01
   5.3113634246641084e-01
   5.5479024357368689e-01
   5.7785327898648431e-01
   6.0000991004786319e-01
   6.2092353554738455e-01
   6.4024520470161417e-01
   6.5762463768827328e-01
   6.7272317277974369e-01
   6.8522796730440749e-01
   6.9486650989258647e-01
   7.0142030643591180e-01
   7.0473653222915511e-01
   7.0473653222915478e-01
   7.0142030643591047e-01
   6.9486650989258447e-01
   6.8522796730440472e-01
   6.7272317277974003e-01
   6.5762463768826906e-01
   6.4024520470160928e-01
   6.2092353554737933e-01
   6.0000991004785764e-01
   5.7785327898647865e-01
   5.5479024357368112e-01
   5.3113634246640518e-01
   5.0717975755511180e-01
   4.8317733147912628e-01
   4.5935263657729031e-01
   4.3589574681243626e-01
   4.1296433209726319e-01
   3.9068570478494502e-01
   3.6915948638145674e-01
   3.4846061587298205e-01
   3.2864247933039131e-01
   3.0973999663903812e-01
   2.9177255108792260e-01
   2.7474668913338002e-01
   2.5865855049236025e-01
   2.4349601336925691e-01
   2.2924055715657307e-01
   2.1586885665422365e-01
   2.0335412899884878e-01
   1.9166725823213213e-01
   1.8077772373613443e-01
   1.7065435840368343e-01
