  -1.9009430327446172e-01
  -2.0024135192185125e-01
  -2.1075879460757027e-01
  -2.2164852410188887e-01
  -2.3290965722652965e-01
  -2.4453808155727791e-01
  -2.5652596359218943e-01
  -2.6886122210658081e-01
  -2.8152697286043393e-01
  -2.9450095379655161e-01
  -3.0775494337835152e-01
  -3.2125418873376704e-01
  -3.3495686470900171e-01
  -3.4881358963155129e-01
  -3.6276702828376223e-01
  -3.7675161693957326e-01
  -3.9069344885078944e-01
  -4.0451036071390184e-01
  -4.1811226075291369e-01
  -4.3140173643440283e-01
  -4.4427497384626946e-01
  -4.5662301092081647e-01
  -4.6833333272652267e-01
  -4.7929179913844827e-01
  -4.8938487396970953e-01
  -4.9850210131717082e-01
  -5.0653875121774661e-01
  -5.1339853496542776e-01
  -5.1899627309786123e-01
  -5.2326038857139334e-01
  -5.2613509603620212e-01
  -5.2758216664513302e-01
  -5.2758216664513302e-01
  -5.2613509603620212e-01
  -5.2326038857139312e-01
  -5.1899627309786101e-01
  -5.1339853496542753e-01
  -5.0653875121774627e-01
  -4.9850210131717054e-01
  -4.8938487396970920e-01
  -4.7929179913844788e-01
  -4.6833333272652222e-01
  -4.5662301092081603e-01
  -4.4427497384626907e-01
  -4.3140173643440238e-01
  -4.1811226075291319e-01
  -4.0451036071390140e-01
  -3.9069344885078888e-01
  -3.7675161693957276e-01
  -3.6276702828376173e-01
  -3.4881358963155079e-01
  -3.3495686470900121e-01
  -3.2125418873376649e-01
  -3.0775494337835102e-01
  -2.9450095379655117e-01
  -2.8152697286043354e-01
  -2.6886122210658048e-01
  -2.5652596359218915e-01
  -2.4453808155727763e-01
  -2.3290965722652943e-01
  -2.2164852410188871e-01
  -2.1075879460757013e-01
  -2.0024135192185116e-01
  -1.9009430327446170e-01
  -1.7524109465140503e-01
  -1.5568480317115754e-01
  -1.3647667483084158e-01
  -1.1758907165092440e-01
  -9.8988920231460512e-02
  -8.0638726974486985e-02
  -6.2497471607869511e-02
  -4.4521395182176238e-02
  -2.6664700453954287e-02
  -8.8801835642093024e-03
   8.8801835642092451e-03
   2.6664700453954231e-02
   4.4521395182176189e-02
   6.2497471607869455e-02
   8.0638726974486943e-02
   9.8988920231460470e-02
   1.1758907165092436e-01
   1.3647667483084153e-01
   1.5568480317115749e-01
   1.7524109465140500e-01
   1.9009430327446170e-01
   2.0024135192185122e-01
   2.1075879460757024e-01
   2.2164852410188887e-01
   2.3290965722652962e-01
   2.4453808155727785e-01
   2.5652596359218943e-01
   2.6886122210658076e-01
   2.8152697286043388e-01
   2.9450095379655161e-01
   3.0775494337835146e-01
   3.2125418873376699e-01
   3.3495686470900171e-01
   3.4881358963155124e-01
   3.6276702828376223e-01
   3.7675161693957326e-01
   3.9069344885078944e-01
   4.0451036071390184e-01
   4.1811226075291369e-01
   4.3140173643440283e-01
   4.4427497384626946e-01
   4.5662301092081647e-01
   4.6833333272652267e-01
   4.7929179913844822e-01
   4.8938487396970953e-01
   4.9850210131717082e-01
   5.0653875121774661e-01
   5.1339853496542776e-01
   5.1899627309786123e-01
   5.2326038857139323e-01
   5.2613509603620223e-01
   5.2758216664513313e-01
   5.2758216664513313e-01
   5.2613509603620212e-01
   5.2326038857139323e-01
   5.1899627309786112e-01
   5.1339853496542753e-01
   5.0653875121774627e-01
   4.9850210131717054e-01
   4.8938487396970926e-01
   4.7929179913844794e-01
   4.6833333272652228e-01
   4.5662301092081603e-01
   4.4427497384626907e-01
   4.3140173643440244e-01
   4.1811226075291325e-01
   4.0451036071390140e-01
   3.9069344885078888e-01
   3.7675161693957276e-01
   3.6276702828376173e-01
   3.4881358963155074e-01
   3.3495686470900121e-01
   3.2125418873376654e-01
   3.0775494337835102e-01
   2.9450095379655117e-01
   2.8152697286043349e-01
   2.6886122210658048e-01
   2.5652596359218910e-01
   2.4453808155727760e-01
   2.3290965722652943e-01
   2.2164852410188873e-01
   2.1075879460757010e-01
   2.0024135192185116e-01
   1.9009430327446170e-01
