  -1.8010821010073000e-01
  -1.9042947368211618e-01
  -2.0140107245621691e-01
  -2.1304378536908869e-01
  -2.2537659242129057e-01
  -2.3841595175233987e-01
  -2.5217494794093293e-01
  -2.6666229886778992e-01
  -2.8188121050084947e-01
  -2.9782807253324706e-01
  -3.1449099340498166e-01
  -3.3184818138741218e-01
  -3.4986618962935673e-01
  -3.6849805781491929e-01
  -3.8768140165785808e-01
  -4.0733652383116048e-01
  -4.2736464557483711e-01
  -4.4764638588790223e-01
  -4.6804064269624274e-01
  -4.8838405438553284e-01
  -5.0849123612592717e-01
  -5.2815598803958763e-01
  -5.4715365554337869e-01
  -5.6524478063741401e-01
  -5.8218011274128945e-01
  -5.9770694844765526e-01
  -6.1157664565662384e-01
  -6.2355301924542716e-01
  -6.3342118885771315e-01
  -6.4099633506486076e-01
  -6.4613174975674736e-01
  -6.4872555863689663e-01
  -6.4872555863689663e-01
  -6.4613174975674736e-01
  -6.4099633506486076e-01
  -6.3342118885771315e-01
  -6.2355301924542705e-01
  -6.1157664565662384e-01
  -5.9770694844765526e-01
  -5.8218011274128945e-01
  -5.6524478063741390e-01
  -5.4715365554337869e-01
  -5.2815598803958774e-01
  -5.0849123612592717e-01
  -4.8838405438553290e-01
  -4.6804064269624268e-01
  -4.4764638588790223e-01
  -4.2736464557483711e-01
  -4.0733652383116054e-01
  -3.8768140165785808e-01
  -3.6849805781491923e-01
  -3.4986618962935673e-01
  -3.3184818138741218e-01
  -3.1449099340498166e-01
  -2.9782807253324706e-01
  -2.8188121050084952e-01
  -2.6666229886778992e-01
  -2.5217494794093293e-01
  -2.3841595175233987e-01
  -2.2537659242129057e-01
  -2.1304378536908866e-01
  -2.0140107245621694e-01
  -1.9042947368211618e-01
  -1.8010821010073000e-01
  -1.6538865530771546e-01
  -1.4625793192237024e-01
  -1.2768894171439174e-01
  -1.0962335758063753e-01
  -9.1999356540836005e-02
  -7.4752484078015061e-02
  -5.7816340594721002e-02
  -4.1123122606310805e-02
  -2.4604049023548871e-02
  -8.1897006755559144e-03
   8.1897006755548771e-03
   2.4604049023547830e-02
   4.1123122606309750e-02
   5.7816340594719927e-02
   7.4752484078013978e-02
   9.1999356540834881e-02
   1.0962335758063640e-01
   1.2768894171439057e-01
   1.4625793192236905e-01
   1.6538865530771424e-01
   1.8010821010072872e-01
   1.9042947368211491e-01
   2.0140107245621572e-01
   2.1304378536908750e-01
   2.2537659242128941e-01
   2.3841595175233873e-01
   2.5217494794093182e-01
   2.6666229886778875e-01
   2.8188121050084836e-01
   2.9782807253324595e-01
   3.1449099340498060e-01
   3.3184818138741118e-01
   3.4986618962935573e-01
   3.6849805781491834e-01
   3.8768140165785731e-01
   4.0733652383115976e-01
   4.2736464557483639e-01
   4.4764638588790157e-01
   4.6804064269624218e-01
   4.8838405438553245e-01
   5.0849123612592684e-01
   5.2815598803958741e-01
   5.4715365554337858e-01
   5.6524478063741390e-01
   5.8218011274128945e-01
   5.9770694844765537e-01
   6.1157664565662406e-01
   6.2355301924542750e-01
   6.3342118885771359e-01
   6.4099633506486131e-01
   6.4613174975674792e-01
   6.4872555863689729e-01
   6.4872555863689729e-01
   6.4613174975674803e-01
   6.4099633506486153e-01
   6.3342118885771392e-01
   6.2355301924542783e-01
   6.1157664565662451e-01
   5.9770694844765582e-01
   5.8218011274129000e-01
   5.6524478063741446e-01
   5.4715365554337914e-01
   5.2815598803958808e-01
   5.0849123612592750e-01
   4.8838405438553312e-01
   4.6804064269624285e-01
   4.4764638588790229e-01
   4.2736464557483711e-01
   4.0733652383116042e-01
   3.8768140165785797e-01
   3.6849805781491901e-01
   3.4986618962935639e-01
   3.3184818138741179e-01
   3.1449099340498121e-01
   2.9782807253324650e-01
   2.8188121050084886e-01
   2.6666229886778919e-01
   2.5217494794093215e-01
   2.3841595175233901e-01
   2.2537659242128966e-01
   2.1304378536908766e-01
   2.0140107245621580e-01
   1.9042947368211496e-01
   1.8010821010072875e-01
