  -1.5318915417361817e-01
  -1.6278088381233138e-01
  -1.7328399812715661e-01
  -1.8474551198507003e-01
  -1.9721420290903374e-01
  -2.1073994113070474e-01
  -2.2537280765074003e-01
  -2.4116195242124722e-01
  -2.5815413812400850e-01
  -2.7639190909440953e-01
  -2.9591132077917204e-01
  -3.1673916424776838e-01
  -3.3888962484394630e-01
  -3.6236032691782466e-01
  -3.8712774132169703e-01
  -4.1314197323237006e-01
  -4.4032100943009855e-01
  -4.6854459054628128e-01
  -4.9764798744020911e-01
  -5.2741610066458178e-01
  -5.5757846074524398e-01
  -5.8780586865163098e-01
  -6.1770955297649444e-01
  -6.4684379354626265e-01
  -6.7471292172756014e-01
  -7.0078340561745267e-01
  -7.2450132666719536e-01
  -7.4531494832848666e-01
  -7.6270131359488524e-01
  -7.7619499543966675e-01
  -7.8541642523674526e-01
  -7.9009682500393619e-01
  -7.9009682500393608e-01
  -7.8541642523674515e-01
  -7.7619499543966664e-01
  -7.6270131359488502e-01
  -7.4531494832848644e-01
  -7.2450132666719524e-01
  -7.0078340561745256e-01
  -6.7471292172756003e-01
  -6.4684379354626231e-01
  -6.1770955297649421e-01
  -5.8780586865163076e-01
  -5.5757846074524364e-01
  -5.2741610066458156e-01
  -4.9764798744020888e-01
  -4.6854459054628106e-01
  -4.4032100943009833e-01
  -4.1314197323236979e-01
  -3.8712774132169686e-01
  -3.6236032691782449e-01
  -3.3888962484394614e-01
  -3.1673916424776827e-01
  -2.9591132077917187e-01
  -2.7639190909440942e-01
  -2.5815413812400839e-01
  -2.4116195242124711e-01
  -2.2537280765073991e-01
  -2.1073994113070468e-01
  -1.9721420290903371e-01
  -1.8474551198507000e-01
  -1.7328399812715656e-01
  -1.6278088381233133e-01
  -1.5318915417361817e-01
  -1.3993929330452340e-01
  -1.2299692412553101e-01
  -1.0679700735557733e-01
  -9.1249705978508538e-02
  -7.6265632834764133e-02
  -6.1756129099154677e-02
  -4.7633381636740212e-02
  -3.3810416551931087e-02
  -2.0200999795265417e-02
  -6.7194705717509452e-03
   6.7194705717508298e-03
   2.0200999795265299e-02
   3.3810416551930969e-02
   4.7633381636740087e-02
   6.1756129099154553e-02
   7.6265632834764008e-02
   9.1249705978508400e-02
   1.0679700735557718e-01
   1.2299692412553084e-01
   1.3993929330452323e-01
   1.5318915417361809e-01
   1.6278088381233136e-01
   1.7328399812715670e-01
   1.8474551198507025e-01
   1.9721420290903410e-01
   2.1073994113070524e-01
   2.2537280765074058e-01
   2.4116195242124788e-01
   2.5815413812400934e-01
   2.7639190909441047e-01
   2.9591132077917309e-01
   3.1673916424776954e-01
   3.3888962484394747e-01
   3.6236032691782594e-01
   3.8712774132169830e-01
   4.1314197323237140e-01
   4.4032100943009994e-01
   4.6854459054628272e-01
   4.9764798744021060e-01
   5.2741610066458322e-01
   5.5757846074524542e-01
   5.8780586865163242e-01
   6.1770955297649588e-01
   6.4684379354626398e-01
   6.7471292172756148e-01
   7.0078340561745389e-01
   7.2450132666719647e-01
   7.4531494832848755e-01
   7.6270131359488591e-01
   7.7619499543966719e-01
   7.8541642523674560e-01
   7.9009682500393630e-01
   7.9009682500393585e-01
   7.8541642523674471e-01
   7.7619499543966597e-01
   7.6270131359488424e-01
   7.4531494832848544e-01
   7.2450132666719402e-01
   7.0078340561745134e-01
   6.7471292172755870e-01
   6.4684379354626087e-01
   6.1770955297649277e-01
   5.8780586865162920e-01
   5.5757846074524220e-01
   5.2741610066458011e-01
   4.9764798744020750e-01
   4.6854459054627973e-01
   4.4032100943009705e-01
   4.1314197323236862e-01
   3.8712774132169570e-01
   3.6236032691782338e-01
   3.3888962484394514e-01
   3.1673916424776732e-01
   2.9591132077917104e-01
   2.7639190909440864e-01
   2.5815413812400767e-01
   2.4116195242124647e-01
   2.2537280765073939e-01
   2.1073994113070421e-01
   1.9721420290903324e-01
   1.8474551198506958e-01
   1.7328399812715625e-01
   1.6278088381233111e-01
   1.5318915417361798e-01
