  -1.8737547554005052e-01
  -1.9705387751491032e-01
  -2.0696639637296563e-01
  -2.1710883124194394e-01
  -2.2747444838293546e-01
  -2.3805369597078033e-01
  -2.4883390956066337e-01
  -2.5979901335296257e-01
  -2.7092922383883411e-01
  -2.8220076402730032e-01
  -2.9358559817868174e-01
  -3.0505119873393988e-01
  -3.1656035884301126e-01
  -3.2807106543643633e-01
  -3.3953644900286667e-01
  -3.5090482695289810e-01
  -3.6211985746983189e-01
  -3.7312081986539924e-01
  -3.8384303547842774e-01
  -3.9421843991583094e-01
  -4.0417631283908972e-01
  -4.1364416553883193e-01
  -4.2254877932992041e-01
  -4.3081737959848537e-01
  -4.3837892155433833e-01
  -4.4516545494896315e-01
  -4.5111352689195278e-01
  -4.5616557518572776e-01
  -4.6027126004194513e-01
  -4.6338868029172109e-01
  -4.6548542171943375e-01
  -4.6653939013536955e-01
  -4.6653939013536960e-01
  -4.6548542171943375e-01
  -4.6338868029172114e-01
  -4.6027126004194518e-01
  -4.5616557518572781e-01
  -4.5111352689195278e-01
  -4.4516545494896315e-01
  -4.3837892155433839e-01
  -4.3081737959848548e-01
  -4.2254877932992047e-01
  -4.1364416553883204e-01
  -4.0417631283908972e-01
  -3.9421843991583094e-01
  -3.8384303547842774e-01
  -3.7312081986539924e-01
  -3.6211985746983194e-01
  -3.5090482695289815e-01
  -3.3953644900286667e-01
  -3.2807106543643638e-01
  -3.1656035884301131e-01
  -3.0505119873393993e-01
  -2.9358559817868179e-01
  -2.8220076402730038e-01
  -2.7092922383883417e-01
  -2.5979901335296263e-01
  -2.4883390956066337e-01
  -2.3805369597078038e-01
  -2.2747444838293551e-01
  -2.1710883124194399e-01
  -2.0696639637296566e-01
  -1.9705387751491032e-01
  -1.8737547554005055e-01
  -1.7303640941167353e-01
  -1.5404468063334589e-01
  -1.3528936153940185e-01
  -1.1675635176465675e-01
  -9.8426105380585882e-02
  -8.0274553939805079e-02
  -6.2273950589597518e-02
  -4.4393642884122703e-02
  -2.6600784525218468e-02
  -8.8609980776875163e-03
   8.8609980776871537e-03
   2.6600784525218107e-02
   4.4393642884122335e-02
   6.2273950589597150e-02
   8.0274553939804705e-02
   9.8426105380585535e-02
   1.1675635176465636e-01
   1.3528936153940149e-01
   1.5404468063334550e-01
   1.7303640941167314e-01
   1.8737547554005016e-01
   1.9705387751490996e-01
   2.0696639637296532e-01
   2.1710883124194363e-01
   2.2747444838293521e-01
   2.3805369597078010e-01
   2.4883390956066312e-01
   2.5979901335296240e-01
   2.7092922383883400e-01
   2.8220076402730021e-01
   2.9358559817868163e-01
   3.0505119873393982e-01
   3.1656035884301115e-01
   3.2807106543643627e-01
   3.3953644900286661e-01
   3.5090482695289810e-01
   3.6211985746983194e-01
   3.7312081986539924e-01
   3.8384303547842785e-01
   3.9421843991583111e-01
   4.0417631283908984e-01
   4.1364416553883210e-01
   4.2254877932992058e-01
   4.3081737959848559e-01
   4.3837892155433861e-01
   4.4516545494896331e-01
   4.5111352689195300e-01
   4.5616557518572803e-01
   4.6027126004194541e-01
   4.6338868029172142e-01
   4.6548542171943408e-01
   4.6653939013536988e-01
   4.6653939013536988e-01
   4.6548542171943408e-01
   4.6338868029172142e-01
   4.6027126004194546e-01
   4.5616557518572803e-01
   4.5111352689195300e-01
   4.4516545494896337e-01
   4.3837892155433861e-01
   4.3081737959848565e-01
   4.2254877932992063e-01
   4.1364416553883210e-01
   4.0417631283908989e-01
   3.9421843991583105e-01
   3.8384303547842780e-01
   3.7312081986539930e-01
   3.6211985746983194e-01
   3.5090482695289815e-01
   3.3953644900286661e-01
   3.2807106543643633e-01
   3.1656035884301120e-01
   3.0505119873393982e-01
   2.9358559817868163e-01
   2.8220076402730021e-01
   2.7092922383883400e-01
   2.5979901335296240e-01
   2.4883390956066312e-01
   2.3805369597078010e-01
   2.2747444838293518e-01
   2.1710883124194366e-01
   2.0696639637296529e-01
   1.9705387751490994e-01
   1.8737547554005016e-01
