  -1.8823024762307311e-01
  -1.9800323424080590e-01
  -2.0803151072175446e-01
  -2.1831167816074246e-01
  -2.2883773962720036e-01
  -2.3960078876031146e-01
  -2.5058868533581657e-01
  -2.6178572292087066e-01
  -2.7317229536676207e-01
  -2.8472457071662888e-01
  -2.9641418308699136e-01
  -3.0820795515216509e-01
  -3.2006766592230246e-01
  -3.3194988042655438e-01
  -3.4380585952325365e-01
  -3.5558156915437544e-01
  -3.6721780870837845e-01
  -3.7865047750450698e-01
  -3.8981099651748763e-01
  -4.0062689911068938e-01
  -4.1102259959030202e-01
  -4.2092034178885424e-01
  -4.3024132173101792e-01
  -4.3890696899903864e-01
  -4.4684036116147707e-01
  -4.5396773520772171e-01
  -4.6022005015044837e-01
  -4.6553454672501088e-01
  -4.6985624434376921e-01
  -4.7313931296959794e-01
  -4.7534825895552274e-01
  -4.7645886943597959e-01
  -4.7645886943597954e-01
  -4.7534825895552274e-01
  -4.7313931296959783e-01
  -4.6985624434376910e-01
  -4.6553454672501066e-01
  -4.6022005015044815e-01
  -4.5396773520772149e-01
  -4.4684036116147680e-01
  -4.3890696899903830e-01
  -4.3024132173101759e-01
  -4.2092034178885385e-01
  -4.1102259959030168e-01
  -4.0062689911068894e-01
  -3.8981099651748718e-01
  -3.7865047750450648e-01
  -3.6721780870837806e-01
  -3.5558156915437500e-01
  -3.4380585952325315e-01
  -3.3194988042655388e-01
  -3.2006766592230201e-01
  -3.0820795515216470e-01
  -2.9641418308699091e-01
  -2.8472457071662849e-01
  -2.7317229536676169e-01
  -2.6178572292087032e-01
  -2.5058868533581630e-01
  -2.3960078876031124e-01
  -2.2883773962720022e-01
  -2.1831167816074229e-01
  -2.0803151072175433e-01
  -1.9800323424080582e-01
  -1.8823024762307308e-01
  -1.7377841664912311e-01
  -1.5465512292533992e-01
  -1.3578599716463038e-01
  -1.1715491205226694e-01
  -9.8740248225959476e-02
  -8.0515839224650235e-02
  -6.2451830508015449e-02
  -4.4515461437531767e-02
  -2.6671781642802470e-02
  -8.8843149342113896e-03
   8.8843149342113688e-03
   2.6671781642802449e-02
   4.4515461437531746e-02
   6.2451830508015421e-02
   8.0515839224650193e-02
   9.8740248225959448e-02
   1.1715491205226690e-01
   1.3578599716463030e-01
   1.5465512292533987e-01
   1.7377841664912305e-01
   1.8823024762307308e-01
   1.9800323424080590e-01
   2.0803151072175449e-01
   2.1831167816074254e-01
   2.2883773962720047e-01
   2.3960078876031157e-01
   2.5058868533581674e-01
   2.6178572292087082e-01
   2.7317229536676224e-01
   2.8472457071662910e-01
   2.9641418308699163e-01
   3.0820795515216542e-01
   3.2006766592230279e-01
   3.3194988042655471e-01
   3.4380585952325393e-01
   3.5558156915437572e-01
   3.6721780870837878e-01
   3.7865047750450725e-01
   3.8981099651748791e-01
   4.0062689911068955e-01
   4.1102259959030224e-01
   4.2092034178885435e-01
   4.3024132173101809e-01
   4.3890696899903875e-01
   4.4684036116147718e-01
   4.5396773520772182e-01
   4.6022005015044842e-01
   4.6553454672501088e-01
   4.6985624434376921e-01
   4.7313931296959783e-01
   4.7534825895552274e-01
   4.7645886943597943e-01
   4.7645886943597937e-01
   4.7534825895552257e-01
   4.7313931296959760e-01
   4.6985624434376888e-01
   4.6553454672501043e-01
   4.6022005015044792e-01
   4.5396773520772121e-01
   4.4684036116147652e-01
   4.3890696899903803e-01
   4.3024132173101731e-01
   4.2092034178885357e-01
   4.1102259959030135e-01
   4.0062689911068866e-01
   3.8981099651748696e-01
   3.7865047750450626e-01
   3.6721780870837778e-01
   3.5558156915437472e-01
   3.4380585952325299e-01
   3.3194988042655371e-01
   3.2006766592230179e-01
   3.0820795515216448e-01
   2.9641418308699075e-01
   2.8472457071662832e-01
   2.7317229536676157e-01
   2.6178572292087016e-01
   2.5058868533581619e-01
   2.3960078876031113e-01
   2.2883773962720011e-01
   2.1831167816074223e-01
   2.0803151072175427e-01
   1.9800323424080576e-01
   1.8823024762307303e-01
