  -1.6274748103040146e-01
  -1.7264901038990016e-01
  -1.8339029382959807e-01
  -1.9501005679784975e-01
  -2.0754743191321121e-01
  -2.2104122119199984e-01
  -2.3552896423339151e-01
  -2.5104577605001438e-01
  -2.6762291525044712e-01
  -2.8528604169633631e-01
  -3.0405312352653691e-01
  -3.2393195784651246e-01
  -3.4491727907072151e-01
  -3.6698744588844479e-01
  -3.9010072439302951e-01
  -4.1419122344638393e-01
  -4.3916459091726029e-01
  -4.6489364717433107e-01
  -4.9121421443008839e-01
  -5.1792149349152272e-01
  -5.4476743510502268e-01
  -5.7145963780368425e-01
  -5.9766235839630444e-01
  -6.2300022031200386e-01
  -6.4706512226949109e-01
  -6.6942666232535353e-01
  -6.8964608956053686e-01
  -7.0729338829947475e-01
  -7.2196662762800723e-01
  -7.3331224240728909e-01
  -7.4104454366778294e-01
  -7.4496258222989864e-01
  -7.4496258222989875e-01
  -7.4104454366778305e-01
  -7.3331224240728943e-01
  -7.2196662762800778e-01
  -7.0729338829947541e-01
  -6.8964608956053763e-01
  -6.6942666232535442e-01
  -6.4706512226949198e-01
  -6.2300022031200497e-01
  -5.9766235839630555e-01
  -5.7145963780368547e-01
  -5.4476743510502390e-01
  -5.1792149349152383e-01
  -4.9121421443008950e-01
  -4.6489364717433224e-01
  -4.3916459091726140e-01
  -4.1419122344638504e-01
  -3.9010072439303062e-01
  -3.6698744588844584e-01
  -3.4491727907072245e-01
  -3.2393195784651341e-01
  -3.0405312352653774e-01
  -2.8528604169633703e-01
  -2.6762291525044779e-01
  -2.5104577605001499e-01
  -2.3552896423339201e-01
  -2.2104122119200026e-01
  -2.0754743191321159e-01
  -1.9501005679785002e-01
  -1.8339029382959823e-01
  -1.7264901038990027e-01
  -1.6274748103040151e-01
  -1.4892903030211824e-01
  -1.3116593297487172e-01
  -1.1409782357782706e-01
  -9.7643818752451303e-02
  -8.1722162523596611e-02
  -6.6250718567609918e-02
  -5.1147287203089947e-02
  -3.6329784980894800e-02
  -2.1716319291637504e-02
  -7.2251859282425682e-03
   7.2251859282433124e-03
   2.1716319291638253e-02
   3.6329784980895563e-02
   5.1147287203090717e-02
   6.6250718567610695e-02
   8.1722162523597430e-02
   9.7643818752452122e-02
   1.1409782357782787e-01
   1.3116593297487256e-01
   1.4892903030211910e-01
   1.6274748103040226e-01
   1.7264901038990088e-01
   1.8339029382959868e-01
   1.9501005679785030e-01
   2.0754743191321171e-01
   2.2104122119200023e-01
   2.3552896423339181e-01
   2.5104577605001460e-01
   2.6762291525044724e-01
   2.8528604169633637e-01
   3.0405312352653691e-01
   3.2393195784651241e-01
   3.4491727907072128e-01
   3.6698744588844451e-01
   3.9010072439302912e-01
   4.1419122344638343e-01
   4.3916459091725968e-01
   4.6489364717433035e-01
   4.9121421443008756e-01
   5.1792149349152172e-01
   5.4476743510502157e-01
   5.7145963780368314e-01
   5.9766235839630322e-01
   6.2300022031200275e-01
   6.4706512226948998e-01
   6.6942666232535253e-01
   6.8964608956053586e-01
   7.0729338829947397e-01
   7.2196662762800656e-01
   7.3331224240728854e-01
   7.4104454366778250e-01
   7.4496258222989831e-01
   7.4496258222989875e-01
   7.4104454366778316e-01
   7.3331224240728976e-01
   7.2196662762800823e-01
   7.0729338829947608e-01
   6.8964608956053841e-01
   6.6942666232535541e-01
   6.4706512226949309e-01
   6.2300022031200597e-01
   5.9766235839630666e-01
   5.7145963780368669e-01
   5.4476743510502512e-01
   5.1792149349152516e-01
   4.9121421443009078e-01
   4.6489364717433357e-01
   4.3916459091726268e-01
   4.1419122344638631e-01
   3.9010072439303178e-01
   3.6698744588844701e-01
   3.4491727907072356e-01
   3.2393195784651452e-01
   3.0405312352653885e-01
   2.8528604169633809e-01
   2.6762291525044879e-01
   2.5104577605001593e-01
   2.3552896423339295e-01
   2.2104122119200120e-01
   2.0754743191321248e-01
   1.9501005679785088e-01
   1.8339029382959909e-01
   1.7264901038990113e-01
   1.6274748103040235e-01
