  -1.5966646938390441e-01
  -1.6742018597225236e-01
  -1.7518546664408211e-01
  -1.8295386356187615e-01
  -1.9071570297398846e-01
  -1.9846004394238606e-01
  -2.0617464581177744e-01
  -2.1384594627178374e-01
  -2.2145905196195731e-01
  -2.2899774362835029e-01
  -2.3644449784915550e-01
  -2.4378052729454405e-01
  -2.5098584136132407e-01
  -2.5803932881649722e-01
  -2.6491886378703888e-01
  -2.7160143604082299e-01
  -2.7806330601378859e-01
  -2.8428018445411185e-01
  -2.9022743588369954e-01
  -2.9588030433534046e-01
  -3.0121415903138649e-01
  -3.0620475685432985e-01
  -3.1082851765430719e-01
  -3.1506280768118089e-01
  -3.1888622576001308e-01
  -3.2227888628955931e-01
  -3.2522269277275678e-01
  -3.2770159541980554e-01
  -3.2970182642405071e-01
  -3.3121210681346935e-01
  -3.3222381932847078e-01
  -3.3273114255834080e-01
  -3.3273114255834080e-01
  -3.3222381932847078e-01
  -3.3121210681346935e-01
  -3.2970182642405071e-01
  -3.2770159541980554e-01
  -3.2522269277275678e-01
  -3.2227888628955936e-01
  -3.1888622576001308e-01
  -3.1506280768118100e-01
  -3.1082851765430719e-01
  -3.0620475685432985e-01
  -3.0121415903138649e-01
  -2.9588030433534040e-01
  -2.9022743588369948e-01
  -2.8428018445411185e-01
  -2.7806330601378859e-01
  -2.7160143604082299e-01
  -2.6491886378703888e-01
  -2.5803932881649716e-01
  -2.5098584136132407e-01
  -2.4378052729454402e-01
  -2.3644449784915550e-01
  -2.2899774362835032e-01
  -2.2145905196195731e-01
  -2.1384594627178374e-01
  -2.0617464581177744e-01
  -1.9846004394238606e-01
  -1.9071570297398849e-01
  -1.8295386356187615e-01
  -1.7518546664408211e-01
  -1.6742018597225236e-01
  -1.5966646938390441e-01
  -1.4792034183117472e-01
  -1.3219176115715581e-01
  -1.1650055923203341e-01
  -1.0085139154638420e-01
  -8.5245472440304837e-02
  -6.9681060973153769e-02
  -5.4153939032523010e-02
  -3.8657879889573636e-02
  -2.3185106945403787e-02
  -7.7267436336027470e-03
   7.7267436336026984e-03
   2.3185106945403738e-02
   3.8657879889573581e-02
   5.4153939032522955e-02
   6.9681060973153700e-02
   8.5245472440304768e-02
   1.0085139154638412e-01
   1.1650055923203331e-01
   1.3219176115715567e-01
   1.4792034183117458e-01
   1.5966646938390427e-01
   1.6742018597225222e-01
   1.7518546664408197e-01
   1.8295386356187598e-01
   1.9071570297398832e-01
   1.9846004394238592e-01
   2.0617464581177730e-01
   2.1384594627178360e-01
   2.2145905196195714e-01
   2.2899774362835015e-01
   2.3644449784915536e-01
   2.4378052729454389e-01
   2.5098584136132396e-01
   2.5803932881649705e-01
   2.6491886378703872e-01
   2.7160143604082282e-01
   2.7806330601378848e-01
   2.8428018445411168e-01
   2.9022743588369931e-01
   2.9588030433534024e-01
   3.0121415903138632e-01
   3.0620475685432968e-01
   3.1082851765430702e-01
   3.1506280768118072e-01
   3.1888622576001274e-01
   3.2227888628955897e-01
   3.2522269277275639e-01
   3.2770159541980509e-01
   3.2970182642405022e-01
   3.3121210681346880e-01
   3.3222381932847012e-01
   3.3273114255834019e-01
   3.3273114255834013e-01
   3.3222381932847006e-01
   3.3121210681346863e-01
   3.2970182642404988e-01
   3.2770159541980470e-01
   3.2522269277275595e-01
   3.2227888628955853e-01
   3.1888622576001219e-01
   3.1506280768118011e-01
   3.1082851765430636e-01
   3.0620475685432896e-01
   3.0121415903138565e-01
   2.9588030433533957e-01
   2.9022743588369870e-01
   2.8428018445411107e-01
   2.7806330601378781e-01
   2.7160143604082226e-01
   2.6491886378703816e-01
   2.5803932881649649e-01
   2.5098584136132346e-01
   2.4378052729454341e-01
   2.3644449784915489e-01
   2.2899774362834976e-01
   2.2145905196195681e-01
   2.1384594627178327e-01
   2.0617464581177705e-01
   1.9846004394238567e-01
   1.9071570297398813e-01
   1.8295386356187585e-01
   1.7518546664408186e-01
   1.6742018597225211e-01
   1.5966646938390425e-01
