  -1.5465999180886691e-01
  -1.6430181480709272e-01
  -1.7484501087140386e-01
  -1.8633536927503508e-01
  -1.9882022831373386e-01
  -2.1234779224964798e-01
  -2.2696623830342227e-01
  -2.4272256750123058e-01
  -2.5966114713103844e-01
  -2.7782188735605162e-01
  -2.9723799121364830e-01
  -3.1793321729953433e-01
  -3.3991859997546348e-01
  -3.6318858567555184e-01
  -3.8771656922117154e-01
  -4.1344985493320646e-01
  -4.4030412788319462e-01
  -4.6815760444496451e-01
  -4.9684514024286935e-01
  -5.2615270596068942e-01
  -5.5581278976124548e-01
  -5.8550143339450622e-01
  -6.1483773116397689e-01
  -6.4338667973926733e-01
  -6.7066621746680044e-01
  -6.9615908938527005e-01
  -7.1932978685142945e-01
  -7.3964623734838186e-01
  -7.5660520692882516e-01
  -7.6975962720923718e-01
  -7.7874542137325864e-01
  -7.8330504812708823e-01
  -7.8330504812708790e-01
  -7.7874542137325786e-01
  -7.6975962720923596e-01
  -7.5660520692882338e-01
  -7.3964623734837975e-01
  -7.1932978685142690e-01
  -6.9615908938526738e-01
  -6.7066621746679744e-01
  -6.4338667973926411e-01
  -6.1483773116397356e-01
  -5.8550143339450289e-01
  -5.5581278976124215e-01
  -5.2615270596068631e-01
  -4.9684514024286630e-01
  -4.6815760444496168e-01
  -4.4030412788319190e-01
  -4.1344985493320391e-01
  -3.8771656922116915e-01
  -3.6318858567554968e-01
  -3.3991859997546153e-01
  -3.1793321729953256e-01
  -2.9723799121364675e-01
  -2.7782188735605018e-01
  -2.5966114713103716e-01
  -2.4272256750122945e-01
  -2.2696623830342130e-01
  -2.1234779224964720e-01
  -1.9882022831373322e-01
  -1.8633536927503458e-01
  -1.7484501087140350e-01
  -1.6430181480709247e-01
  -1.5465999180886683e-01
  -1.4132041393788988e-01
  -1.2424967816565634e-01
  -1.0791488687786571e-01
  -9.2227472353807891e-02
  -7.7099117830341429e-02
  -6.2442068977148234e-02
  -4.8169281697562745e-02
  -3.4194443768156307e-02
  -2.0431901503813295e-02
  -6.7965175908529501e-03
   6.7965175908531227e-03
   2.0431901503813472e-02
   3.4194443768156481e-02
   4.8169281697562925e-02
   6.2442068977148414e-02
   7.7099117830341624e-02
   9.2227472353808057e-02
   1.0791488687786591e-01
   1.2424967816565655e-01
   1.4132041393789010e-01
   1.5465999180886697e-01
   1.6430181480709255e-01
   1.7484501087140344e-01
   1.8633536927503444e-01
   1.9882022831373300e-01
   2.1234779224964687e-01
   2.2696623830342089e-01
   2.4272256750122895e-01
   2.5966114713103655e-01
   2.7782188735604946e-01
   2.9723799121364591e-01
   3.1793321729953161e-01
   3.3991859997546053e-01
   3.6318858567554868e-01
   3.8771656922116804e-01
   4.1344985493320274e-01
   4.4030412788319062e-01
   4.6815760444496041e-01
   4.9684514024286502e-01
   5.2615270596068497e-01
   5.5581278976124082e-01
   5.8550143339450145e-01
   6.1483773116397222e-01
   6.4338667973926289e-01
   6.7066621746679633e-01
   6.9615908938526638e-01
   7.1932978685142612e-01
   7.3964623734837909e-01
   7.5660520692882294e-01
   7.6975962720923574e-01
   7.7874542137325786e-01
   7.8330504812708823e-01
   7.8330504812708868e-01
   7.7874542137325931e-01
   7.6975962720923796e-01
   7.5660520692882616e-01
   7.3964623734838308e-01
   7.1932978685143079e-01
   6.9615908938527138e-01
   6.7066621746680188e-01
   6.4338667973926877e-01
   6.1483773116397822e-01
   5.8550143339450755e-01
   5.5581278976124682e-01
   5.2615270596069086e-01
   4.9684514024287069e-01
   4.6815760444496590e-01
   4.4030412788319595e-01
   4.1344985493320768e-01
   3.8771656922117281e-01
   3.6318858567555301e-01
   3.3991859997546464e-01
   3.1793321729953544e-01
   2.9723799121364930e-01
   2.7782188735605251e-01
   2.5966114713103927e-01
   2.4272256750123131e-01
   2.2696623830342294e-01
   2.1234779224964856e-01
   1.9882022831373439e-01
   1.8633536927503547e-01
   1.7484501087140419e-01
   1.6430181480709299e-01
   1.5465999180886711e-01
