  -1.8175004788490753e-01
  -1.9093785755851245e-01
  -2.0027434813514666e-01
  -2.0975268878149433e-01
  -2.1936387897220974e-01
  -2.2909656604222492e-01
  -2.3893686505473935e-01
  -2.4886818541940819e-01
  -2.5887106953063188e-01
  -2.6892304954555746e-01
  -2.7899852924713214e-01
  -2.8906869868996227e-01
  -2.9910148994528390e-01
  -3.0906158267514472e-01
  -3.1891046839580239e-01
  -3.2860658205275706e-01
  -3.3810550884224433e-01
  -3.4736027300238953e-01
  -3.5632171350519842e-01
  -3.6493894917963793e-01
  -3.7315993279635051e-01
  -3.8093209010438905e-01
  -3.8820303584366622e-01
  -3.9492135453614063e-01
  -4.0103742961262928e-01
  -4.0650430043529134e-01
  -4.1127852333194609e-01
  -4.1532101017570222e-01
  -4.1859781660509576e-01
  -4.2108085191226274e-01
  -4.2274848406863419e-01
  -4.2358601633689208e-01
  -4.2358601633689208e-01
  -4.2274848406863419e-01
  -4.2108085191226274e-01
  -4.1859781660509582e-01
  -4.1532101017570222e-01
  -4.1127852333194614e-01
  -4.0650430043529134e-01
  -4.0103742961262928e-01
  -3.9492135453614063e-01
  -3.8820303584366622e-01
  -3.8093209010438905e-01
  -3.7315993279635051e-01
  -3.6493894917963793e-01
  -3.5632171350519837e-01
  -3.4736027300238947e-01
  -3.3810550884224427e-01
  -3.2860658205275706e-01
  -3.1891046839580234e-01
  -3.0906158267514477e-01
  -2.9910148994528390e-01
  -2.8906869868996227e-01
  -2.7899852924713214e-01
  -2.6892304954555746e-01
  -2.5887106953063188e-01
  -2.4886818541940819e-01
  -2.3893686505473935e-01
  -2.2909656604222492e-01
  -2.1936387897220974e-01
  -2.0975268878149433e-01
  -2.0027434813514669e-01
  -1.9093785755851247e-01
  -1.8175004788490753e-01
  -1.6803065595940050e-01
  -1.4978954658057955e-01
  -1.3171145583704996e-01
  -1.1379011461393226e-01
  -9.6014207648545846e-02
  -7.8368177319876234e-02
  -6.0832977193677577e-02
  -4.3386778327695670e-02
  -2.6005633933442240e-02
  -8.6641099063494605e-03
   8.6641099063501977e-03
   2.6005633933442972e-02
   4.3386778327696406e-02
   6.0832977193678327e-02
   7.8368177319876983e-02
   9.6014207648546609e-02
   1.1379011461393305e-01
   1.3171145583705077e-01
   1.4978954658058038e-01
   1.6803065595940136e-01
   1.8175004788490842e-01
   1.9093785755851331e-01
   2.0027434813514747e-01
   2.0975268878149503e-01
   2.1936387897221041e-01
   2.2909656604222553e-01
   2.3893686505473988e-01
   2.4886818541940869e-01
   2.5887106953063233e-01
   2.6892304954555785e-01
   2.7899852924713242e-01
   2.8906869868996249e-01
   2.9910148994528402e-01
   3.0906158267514483e-01
   3.1891046839580234e-01
   3.2860658205275706e-01
   3.3810550884224416e-01
   3.4736027300238936e-01
   3.5632171350519815e-01
   3.6493894917963760e-01
   3.7315993279635018e-01
   3.8093209010438861e-01
   3.8820303584366578e-01
   3.9492135453614013e-01
   4.0103742961262867e-01
   4.0650430043529073e-01
   4.1127852333194548e-01
   4.1532101017570155e-01
   4.1859781660509510e-01
   4.2108085191226202e-01
   4.2274848406863341e-01
   4.2358601633689130e-01
   4.2358601633689136e-01
   4.2274848406863341e-01
   4.2108085191226197e-01
   4.1859781660509510e-01
   4.1532101017570150e-01
   4.1127852333194542e-01
   4.0650430043529068e-01
   4.0103742961262867e-01
   3.9492135453614008e-01
   3.8820303584366567e-01
   3.8093209010438867e-01
   3.7315993279635018e-01
   3.6493894917963760e-01
   3.5632171350519815e-01
   3.4736027300238931e-01
   3.3810550884224416e-01
   3.2860658205275695e-01
   3.1891046839580234e-01
   3.0906158267514477e-01
   2.9910148994528402e-01
   2.8906869868996249e-01
   2.7899852924713237e-01
   2.6892304954555779e-01
   2.5887106953063227e-01
   2.4886818541940864e-01
   2.3893686505473985e-01
   2.2909656604222550e-01
   2.1936387897221035e-01
   2.0975268878149497e-01
   2.0027434813514741e-01
   1.9093785755851328e-01
   1.8175004788490842e-01
