  -1.3838443803840206e-01
  -1.4743177804342275e-01
  -1.5747444123521320e-01
  -1.6857093127866013e-01
  -1.8078374999285032e-01
  -1.9417890577413291e-01
  -2.0882520335878677e-01
  -2.2479325219939589e-01
  -2.4215411790786731e-01
  -2.6097752738796332e-01
  -2.8132952431189123e-01
  -3.0326945902766461e-01
  -3.2684618830695178e-01
  -3.5209335933521169e-01
  -3.7902366442479796e-01
  -4.0762198543482969e-01
  -4.3783740911232394e-01
  -4.6957419734062883e-01
  -5.0268195056933007e-01
  -5.3694541691941788e-01
  -5.7207467490148900e-01
  -6.0769674195675638e-01
  -6.4335000006818766e-01
  -6.7848312036928971e-01
  -7.1246031594128179e-01
  -7.4457463627276954e-01
  -7.7407051793742010e-01
  -8.0017584603178804e-01
  -8.2214238037722653e-01
  -8.3929172862292711e-01
  -8.5106243658505498e-01
  -8.5705265508530826e-01
  -8.5705265508530870e-01
  -8.5106243658505643e-01
  -8.3929172862292911e-01
  -8.2214238037722931e-01
  -8.0017584603179148e-01
  -7.7407051793742410e-01
  -7.4457463627277409e-01
  -7.1246031594128656e-01
  -6.7848312036929470e-01
  -6.4335000006819276e-01
  -6.0769674195676149e-01
  -5.7207467490149388e-01
  -5.3694541691942266e-01
  -5.0268195056933462e-01
  -4.6957419734063316e-01
  -4.3783740911232799e-01
  -4.0762198543483341e-01
  -3.7902366442480134e-01
  -3.5209335933521480e-01
  -3.2684618830695472e-01
  -3.0326945902766728e-01
  -2.8132952431189356e-01
  -2.6097752738796542e-01
  -2.4215411790786920e-01
  -2.2479325219939750e-01
  -2.0882520335878815e-01
  -1.9417890577413405e-01
  -1.8078374999285124e-01
  -1.6857093127866082e-01
  -1.5747444123521370e-01
  -1.4743177804342308e-01
  -1.3838443803840217e-01
  -1.2607443344310629e-01
  -1.1045843168525790e-01
  -9.5637193610496676e-02
  -8.1509921015102668e-02
  -6.7978182902628012e-02
  -5.4945862747538043e-02
  -4.2318975946551825e-02
  -3.0005390980829629e-02
  -1.7914480613863776e-02
  -5.9567239404864124e-03
   5.9567239404862554e-03
   1.7914480613863616e-02
   3.0005390980829473e-02
   4.2318975946551658e-02
   5.4945862747537863e-02
   6.7978182902627818e-02
   8.1509921015102474e-02
   9.5637193610496454e-02
   1.1045843168525765e-01
   1.2607443344310601e-01
   1.3838443803840186e-01
   1.4743177804342283e-01
   1.5747444123521356e-01
   1.6857093127866071e-01
   1.8078374999285118e-01
   1.9417890577413402e-01
   2.0882520335878818e-01
   2.2479325219939758e-01
   2.4215411790786931e-01
   2.6097752738796565e-01
   2.8132952431189384e-01
   3.0326945902766755e-01
   3.2684618830695505e-01
   3.5209335933521518e-01
   3.7902366442480179e-01
   4.0762198543483402e-01
   4.3783740911232855e-01
   4.6957419734063377e-01
   5.0268195056933529e-01
   5.3694541691942332e-01
   5.7207467490149466e-01
   6.0769674195676227e-01
   6.4335000006819343e-01
   6.7848312036929537e-01
   7.1246031594128723e-01
   7.4457463627277454e-01
   7.7407051793742454e-01
   8.0017584603179182e-01
   8.2214238037722942e-01
   8.3929172862292933e-01
   8.5106243658505631e-01
   8.5705265508530848e-01
   8.5705265508530792e-01
   8.5106243658505465e-01
   8.3929172862292656e-01
   8.2214238037722587e-01
   8.0017584603178737e-01
   7.7407051793741943e-01
   7.4457463627276887e-01
   7.1246031594128101e-01
   6.7848312036928893e-01
   6.4335000006818710e-01
   6.0769674195675560e-01
   5.7207467490148811e-01
   5.3694541691941711e-01
   5.0268195056932929e-01
   4.6957419734062811e-01
   4.3783740911232322e-01
   4.0762198543482892e-01
   3.7902366442479712e-01
   3.5209335933521091e-01
   3.2684618830695106e-01
   3.0326945902766395e-01
   2.8132952431189057e-01
   2.6097752738796276e-01
   2.4215411790786678e-01
   2.2479325219939536e-01
   2.0882520335878627e-01
   1.9417890577413244e-01
   1.8078374999284988e-01
   1.6857093127865971e-01
   1.5747444123521284e-01
   1.4743177804342245e-01
   1.3838443803840175e-01
