  -1.4191037017276131e-01
  -1.5109347413568347e-01
  -1.6125447445893323e-01
  -1.7244926899591390e-01
  -1.8473720852629982e-01
  -1.9818055554718375e-01
  -2.1284372374525926e-01
  -2.2879223856464087e-01
  -2.4609134795698709e-01
  -2.6480420054020376e-01
  -2.8498949694781689e-01
  -3.0669851070783627e-01
  -3.2997137001210763e-01
  -3.5483249484393536e-01
  -3.8128510016014244e-01
  -4.0930471179278710e-01
  -4.3883170555864737e-01
  -4.6976298077000339e-01
  -5.0194302547657210e-01
  -5.3515482781445545e-01
  -5.6911133411391135e-01
  -6.0344843550533533e-01
  -6.3772074714646609e-01
  -6.7140167001159190e-01
  -7.0388931147748823e-01
  -7.3451968802269918e-01
  -7.6258814665647678e-01
  -7.8737906816728231e-01
  -8.0820268814680141e-01
  -8.2443644728459076e-01
  -8.3556694483293059e-01
  -8.4122768187320429e-01
  -8.4122768187320485e-01
  -8.3556694483293270e-01
  -8.2443644728459409e-01
  -8.0820268814680585e-01
  -7.8737906816728775e-01
  -7.6258814665648311e-01
  -7.3451968802270617e-01
  -7.0388931147749578e-01
  -6.7140167001159978e-01
  -6.3772074714647420e-01
  -6.0344843550534355e-01
  -5.6911133411391945e-01
  -5.3515482781446333e-01
  -5.0194302547657976e-01
  -4.6976298077001066e-01
  -4.3883170555865425e-01
  -4.0930471179279360e-01
  -3.8128510016014849e-01
  -3.5483249484394097e-01
  -3.2997137001211274e-01
  -3.0669851070784099e-01
  -2.8498949694782116e-01
  -2.6480420054020753e-01
  -2.4609134795699045e-01
  -2.2879223856464379e-01
  -2.1284372374526178e-01
  -1.9818055554718583e-01
  -1.8473720852630152e-01
  -1.7244926899591520e-01
  -1.6125447445893412e-01
  -1.5109347413568400e-01
  -1.4191037017276151e-01
  -1.2937093179533304e-01
  -1.1343382841070393e-01
  -9.8281036059547314e-02
  -8.3814090240580036e-02
  -6.9936450432879160e-02
  -5.6553525897692657e-02
  -4.3572563414008385e-02
  -3.0902431639395139e-02
  -1.8453329689806768e-02
  -6.1364420573354452e-03
   6.1364420573353029e-03
   1.8453329689806626e-02
   3.0902431639394993e-02
   4.3572563414008232e-02
   5.6553525897692504e-02
   6.9936450432879008e-02
   8.3814090240579883e-02
   9.8281036059547161e-02
   1.1343382841070379e-01
   1.2937093179533291e-01
   1.4191037017276148e-01
   1.5109347413568411e-01
   1.6125447445893437e-01
   1.7244926899591553e-01
   1.8473720852630196e-01
   1.9818055554718639e-01
   2.1284372374526245e-01
   2.2879223856464462e-01
   2.4609134795699136e-01
   2.6480420054020859e-01
   2.8498949694782233e-01
   3.0669851070784226e-01
   3.2997137001211418e-01
   3.5483249484394253e-01
   3.8128510016015021e-01
   4.0930471179279543e-01
   4.3883170555865619e-01
   4.6976298077001277e-01
   5.0194302547658187e-01
   5.3515482781446555e-01
   5.6911133411392179e-01
   6.0344843550534588e-01
   6.3772074714647642e-01
   6.7140167001160189e-01
   7.0388931147749778e-01
   7.3451968802270795e-01
   7.6258814665648444e-01
   7.8737906816728875e-01
   8.0820268814680662e-01
   8.2443644728459442e-01
   8.3556694483293259e-01
   8.4122768187320451e-01
   8.4122768187320340e-01
   8.3556694483292937e-01
   8.2443644728458931e-01
   8.0820268814679963e-01
   7.8737906816728020e-01
   7.6258814665647467e-01
   7.3451968802269696e-01
   7.0388931147748612e-01
   6.7140167001158968e-01
   6.3772074714646387e-01
   6.0344843550533334e-01
   5.6911133411390935e-01
   5.3515482781445345e-01
   5.0194302547657033e-01
   4.6976298077000167e-01
   4.3883170555864576e-01
   4.0930471179278566e-01
   3.8128510016014111e-01
   3.5483249484393409e-01
   3.2997137001210652e-01
   3.0669851070783521e-01
   2.8498949694781595e-01
   2.6480420054020293e-01
   2.4609134795698637e-01
   2.2879223856464023e-01
   2.1284372374525870e-01
   1.9818055554718322e-01
   1.8473720852629943e-01
   1.7244926899591356e-01
   1.6125447445893296e-01
   1.5109347413568328e-01
   1.4191037017276120e-01
