  -1.8545975962528352e-01
  -1.9582452975974363e-01
  -2.0674585768453035e-01
  -2.1823726117069575e-01
  -2.3030988143834130e-01
  -2.4297182972375134e-01
  -2.5622743838561718e-01
  -2.7007641171533520e-01
  -2.8451287439729339e-01
  -2.9952431959384507e-01
  -3.1509046416586450e-01
  -3.3118202582783679e-01
  -3.4775944626704541e-01
  -3.6477159551175475e-01
  -3.8215450601481316e-01
  -3.9983019965979039e-01
  -4.1770568646416190e-01
  -4.3567222895763097e-01
  -4.5360497933851124e-01
  -4.7136310530915970e-01
  -4.8879052226863678e-01
  -5.0571734137891633e-01
  -5.2196212216294835e-01
  -5.3733498269270663e-01
  -5.5164156941884901e-01
  -5.6468782368608028e-01
  -5.7628540698344988e-01
  -5.8625756880303126e-01
  -5.9444516885509413e-01
  -6.0071250993332326e-01
  -6.0495260928616834e-01
  -6.0709154295942014e-01
  -6.0709154295942014e-01
  -6.0495260928616845e-01
  -6.0071250993332337e-01
  -5.9444516885509435e-01
  -5.8625756880303159e-01
  -5.7628540698345032e-01
  -5.6468782368608073e-01
  -5.5164156941884945e-01
  -5.3733498269270707e-01
  -5.2196212216294890e-01
  -5.0571734137891688e-01
  -4.8879052226863734e-01
  -4.7136310530916031e-01
  -4.5360497933851185e-01
  -4.3567222895763158e-01
  -4.1770568646416256e-01
  -3.9983019965979094e-01
  -3.8215450601481377e-01
  -3.6477159551175536e-01
  -3.4775944626704602e-01
  -3.3118202582783735e-01
  -3.1509046416586500e-01
  -2.9952431959384562e-01
  -2.8451287439729389e-01
  -2.7007641171533558e-01
  -2.5622743838561757e-01
  -2.4297182972375164e-01
  -2.3030988143834155e-01
  -2.1823726117069595e-01
  -2.0674585768453049e-01
  -1.9582452975974374e-01
  -1.8545975962528355e-01
  -1.7054181079422270e-01
  -1.5106394034162185e-01
  -1.3207843644551337e-01
  -1.1353761918716709e-01
  -9.5389405477208061e-02
  -7.7578273986494181e-02
  -6.0046064631845343e-02
  -4.2732640391730976e-02
  -2.5576438519480570e-02
  -8.5149372146060866e-03
   8.5149372146065983e-03
   2.5576438519481083e-02
   4.2732640391731490e-02
   6.0046064631845877e-02
   7.7578273986494722e-02
   9.5389405477208644e-02
   1.1353761918716766e-01
   1.3207843644551395e-01
   1.5106394034162246e-01
   1.7054181079422334e-01
   1.8545975962528416e-01
   1.9582452975974426e-01
   2.0674585768453091e-01
   2.1823726117069628e-01
   2.3030988143834183e-01
   2.4297182972375181e-01
   2.5622743838561768e-01
   2.7007641171533564e-01
   2.8451287439729384e-01
   2.9952431959384546e-01
   3.1509046416586478e-01
   3.3118202582783712e-01
   3.4775944626704569e-01
   3.6477159551175503e-01
   3.8215450601481343e-01
   3.9983019965979050e-01
   4.1770568646416212e-01
   4.3567222895763102e-01
   4.5360497933851135e-01
   4.7136310530915976e-01
   4.8879052226863673e-01
   5.0571734137891633e-01
   5.2196212216294824e-01
   5.3733498269270652e-01
   5.5164156941884879e-01
   5.6468782368608006e-01
   5.7628540698344977e-01
   5.8625756880303104e-01
   5.9444516885509380e-01
   6.0071250993332292e-01
   6.0495260928616801e-01
   6.0709154295941981e-01
   6.0709154295941981e-01
   6.0495260928616812e-01
   6.0071250993332315e-01
   5.9444516885509413e-01
   5.8625756880303137e-01
   5.7628540698345010e-01
   5.6468782368608050e-01
   5.5164156941884923e-01
   5.3733498269270696e-01
   5.2196212216294879e-01
   5.0571734137891688e-01
   4.8879052226863734e-01
   4.7136310530916031e-01
   4.5360497933851190e-01
   4.3567222895763164e-01
   4.1770568646416267e-01
   3.9983019965979111e-01
   3.8215450601481399e-01
   3.6477159551175559e-01
   3.4775944626704625e-01
   3.3118202582783762e-01
   3.1509046416586534e-01
   2.9952431959384596e-01
   2.8451287439729428e-01
   2.7007641171533603e-01
   2.5622743838561801e-01
   2.4297182972375211e-01
   2.3030988143834205e-01
   2.1823726117069647e-01
   2.0674585768453102e-01
   1.9582452975974435e-01
   1.8545975962528419e-01
