  -1.8991502088501103e-01
  -2.0012860530712015e-01
  -2.1074367568685243e-01
  -2.2176380936540380e-01
  -2.3318981261312988e-01
  -2.4501923028418551e-01
  -2.5724580863011548e-01
  -2.6985891415021124e-01
  -2.8284291397039812e-01
  -2.9617652649575815e-01
  -3.0983215500984468e-01
  -3.2377522149010918e-01
  -3.3796352310456934e-01
  -3.5234663949725431e-01
  -3.6686542479772766e-01
  -3.8145162391251974e-01
  -3.9602765753963987e-01
  -4.1050662381398323e-01
  -4.2479256574129198e-01
  -4.3878105173873239e-01
  -4.5236011081083022e-01
  -4.6541155342427754e-01
  -4.7781269356500106e-01
  -4.8943846678341252e-01
  -5.0016391389220294e-01
  -5.0986697173708184e-01
  -5.1843148322945032e-01
  -5.2575031137891670e-01
  -5.3172841956628747e-01
  -5.3628576594602573e-01
  -5.3935985638692574e-01
  -5.4090780950755091e-01
  -5.4090780950755091e-01
  -5.3935985638692563e-01
  -5.3628576594602562e-01
  -5.3172841956628725e-01
  -5.2575031137891648e-01
  -5.1843148322945010e-01
  -5.0986697173708151e-01
  -5.0016391389220261e-01
  -4.8943846678341218e-01
  -4.7781269356500067e-01
  -4.6541155342427715e-01
  -4.5236011081082977e-01
  -4.3878105173873189e-01
  -4.2479256574129154e-01
  -4.1050662381398284e-01
  -3.9602765753963931e-01
  -3.8145162391251924e-01
  -3.6686542479772727e-01
  -3.5234663949725376e-01
  -3.3796352310456884e-01
  -3.2377522149010868e-01
  -3.0983215500984429e-01
  -2.9617652649575776e-01
  -2.8284291397039774e-01
  -2.6985891415021090e-01
  -2.5724580863011520e-01
  -2.4501923028418529e-01
  -2.3318981261312971e-01
  -2.2176380936540363e-01
  -2.1074367568685229e-01
  -2.0012860530712009e-01
  -1.8991502088501103e-01
  -1.7500548180469655e-01
  -1.5540165610017387e-01
  -1.3617071103249248e-01
  -1.1728177340791451e-01
  -9.8698631228386180e-02
  -8.0380754335104498e-02
  -6.2284184620927406e-02
  -4.4362313999222941e-02
  -2.6566569735935641e-02
  -8.8470274689481220e-03
   8.8470274689470066e-03
   2.6566569735934523e-02
   4.4362313999221824e-02
   6.2284184620926268e-02
   8.0380754335103347e-02
   9.8698631228385000e-02
   1.1728177340791329e-01
   1.3617071103249126e-01
   1.5540165610017262e-01
   1.7500548180469527e-01
   1.8991502088500981e-01
   2.0012860530711893e-01
   2.1074367568685121e-01
   2.2176380936540263e-01
   2.3318981261312877e-01
   2.4501923028418443e-01
   2.5724580863011443e-01
   2.6985891415021024e-01
   2.8284291397039713e-01
   2.9617652649575721e-01
   3.0983215500984385e-01
   3.2377522149010829e-01
   3.3796352310456856e-01
   3.5234663949725359e-01
   3.6686542479772710e-01
   3.8145162391251924e-01
   3.9602765753963942e-01
   4.1050662381398290e-01
   4.2479256574129182e-01
   4.3878105173873222e-01
   4.5236011081083016e-01
   4.6541155342427759e-01
   4.7781269356500122e-01
   4.8943846678341280e-01
   5.0016391389220327e-01
   5.0986697173708229e-01
   5.1843148322945076e-01
   5.2575031137891726e-01
   5.3172841956628814e-01
   5.3628576594602650e-01
   5.3935985638692641e-01
   5.4090780950755168e-01
   5.4090780950755168e-01
   5.3935985638692641e-01
   5.3628576594602650e-01
   5.3172841956628814e-01
   5.2575031137891737e-01
   5.1843148322945087e-01
   5.0986697173708229e-01
   5.0016391389220327e-01
   4.8943846678341285e-01
   4.7781269356500122e-01
   4.6541155342427765e-01
   4.5236011081083027e-01
   4.3878105173873228e-01
   4.2479256574129187e-01
   4.1050662381398301e-01
   3.9602765753963948e-01
   3.8145162391251930e-01
   3.6686542479772716e-01
   3.5234663949725370e-01
   3.3796352310456862e-01
   3.2377522149010834e-01
   3.0983215500984390e-01
   2.9617652649575726e-01
   2.8284291397039718e-01
   2.6985891415021029e-01
   2.5724580863011448e-01
   2.4501923028418449e-01
   2.3318981261312882e-01
   2.2176380936540269e-01
   2.1074367568685126e-01
   2.0012860530711898e-01
   1.8991502088500981e-01
