  -1.8637711177664551e-01
  -1.9673803261156669e-01
  -2.0763478992407194e-01
  -2.1907942579741752e-01
  -2.3108151490207296e-01
  -2.4364752999040729e-01
  -2.5678011900097253e-01
  -2.7047729033065576e-01
  -2.8473150567853289e-01
  -2.9952868387827541e-01
  -3.1484712453648378e-01
  -3.3065636727916253e-01
  -3.4691601111465376e-01
  -3.6357452887524117e-01
  -3.8056812375293136e-01
  -3.9781968819808083e-01
  -4.1523793917096025e-01
  -4.3271681678940677e-01
  -4.5013524421387752e-01
  -4.6735735312817461e-01
  -4.8423327904078417e-01
  -5.0060062135056116e-01
  -5.1628664241616540e-01
  -5.3111124617031469e-01
  -5.4489072982957287e-01
  -5.5744224350429206e-01
  -5.6858882579478365e-01
  -5.7816481489464477e-01
  -5.8602137240270336e-01
  -5.9203181010199024e-01
  -5.9609638713783808e-01
  -5.9814625295619450e-01
  -5.9814625295619450e-01
  -5.9609638713783808e-01
  -5.9203181010199024e-01
  -5.8602137240270336e-01
  -5.7816481489464477e-01
  -5.6858882579478376e-01
  -5.5744224350429206e-01
  -5.4489072982957287e-01
  -5.3111124617031458e-01
  -5.1628664241616540e-01
  -5.0060062135056116e-01
  -4.8423327904078423e-01
  -4.6735735312817467e-01
  -4.5013524421387757e-01
  -4.3271681678940677e-01
  -4.1523793917096025e-01
  -3.9781968819808083e-01
  -3.8056812375293136e-01
  -3.6357452887524122e-01
  -3.4691601111465376e-01
  -3.3065636727916248e-01
  -3.1484712453648378e-01
  -2.9952868387827547e-01
  -2.8473150567853295e-01
  -2.7047729033065582e-01
  -2.5678011900097253e-01
  -2.4364752999040731e-01
  -2.3108151490207299e-01
  -2.1907942579741757e-01
  -2.0763478992407197e-01
  -1.9673803261156672e-01
  -1.8637711177664554e-01
  -1.7143562428368320e-01
  -1.5190807833221467e-01
  -1.3285728276325839e-01
  -1.1423786333339574e-01
  -9.5999876032032014e-02
  -7.8089787384152468e-02
  -6.0451293034140569e-02
  -4.3026001189854356e-02
  -2.5754007122906077e-02
  -8.5743841686014254e-03
   8.5743841686016162e-03
   2.5754007122906267e-02
   4.3026001189854550e-02
   6.0451293034140770e-02
   7.8089787384152676e-02
   9.5999876032032236e-02
   1.1423786333339599e-01
   1.3285728276325864e-01
   1.5190807833221492e-01
   1.7143562428368347e-01
   1.8637711177664576e-01
   1.9673803261156694e-01
   2.0763478992407219e-01
   2.1907942579741777e-01
   2.3108151490207321e-01
   2.4364752999040751e-01
   2.5678011900097270e-01
   2.7047729033065598e-01
   2.8473150567853306e-01
   2.9952868387827564e-01
   3.1484712453648389e-01
   3.3065636727916264e-01
   3.4691601111465387e-01
   3.6357452887524133e-01
   3.8056812375293148e-01
   3.9781968819808089e-01
   4.1523793917096030e-01
   4.3271681678940682e-01
   4.5013524421387757e-01
   4.6735735312817467e-01
   4.8423327904078423e-01
   5.0060062135056116e-01
   5.1628664241616540e-01
   5.3111124617031458e-01
   5.4489072982957287e-01
   5.5744224350429195e-01
   5.6858882579478354e-01
   5.7816481489464466e-01
   5.8602137240270324e-01
   5.9203181010199013e-01
   5.9609638713783797e-01
   5.9814625295619439e-01
   5.9814625295619439e-01
   5.9609638713783797e-01
   5.9203181010199013e-01
   5.8602137240270324e-01
   5.7816481489464466e-01
   5.6858882579478365e-01
   5.5744224350429183e-01
   5.4489072982957276e-01
   5.3111124617031458e-01
   5.1628664241616529e-01
   5.0060062135056105e-01
   4.8423327904078411e-01
   4.6735735312817461e-01
   4.5013524421387752e-01
   4.3271681678940671e-01
   4.1523793917096019e-01
   3.9781968819808083e-01
   3.8056812375293136e-01
   3.6357452887524122e-01
   3.4691601111465376e-01
   3.3065636727916253e-01
   3.1484712453648384e-01
   2.9952868387827558e-01
   2.8473150567853306e-01
   2.7047729033065593e-01
   2.5678011900097264e-01
   2.4364752999040745e-01
   2.3108151490207313e-01
   2.1907942579741774e-01
   2.0763478992407217e-01
   1.9673803261156692e-01
   1.8637711177664573e-01
