  -1.5609540109975040e-01
  -1.6578531817767447e-01
  -1.7636650650614935e-01
  -1.8788354282032721e-01
  -2.0038234606705260e-01
  -2.1390948244737987e-01
  -2.2851126274699482e-01
  -2.4423258744576018e-01
  -2.6111548961187453e-01
  -2.7919732106406209e-01
  -2.9850852475994488e-01
  -3.1906993731393091e-01
  -3.4088957197188496e-01
  -3.6395884688111790e-01
  -3.8824824929591589e-01
  -4.1370246710496544e-01
  -4.4023507849009558e-01
  -4.6772297172354627e-01
  -4.9600077138325793e-01
  -5.2485567243926967e-01
  -5.5402322197500042e-01
  -5.8318472415086509e-01
  -6.1196705224825887e-01
  -6.3994569751382735e-01
  -6.6665182677003076e-01
  -6.9158391899438532e-01
  -7.1422417817735839e-01
  -7.3405937760171103e-01
  -7.5060512487021758e-01
  -7.6343184392495889e-01
  -7.7219018878662460e-01
  -7.7663328738369952e-01
  -7.7663328738369930e-01
  -7.7219018878662360e-01
  -7.6343184392495733e-01
  -7.5060512487021536e-01
  -7.3405937760170847e-01
  -7.1422417817735551e-01
  -6.9158391899438199e-01
  -6.6665182677002710e-01
  -6.3994569751382346e-01
  -6.1196705224825476e-01
  -5.8318472415086098e-01
  -5.5402322197499643e-01
  -5.2485567243926567e-01
  -4.9600077138325410e-01
  -4.6772297172354260e-01
  -4.4023507849009214e-01
  -4.1370246710496211e-01
  -3.8824824929591278e-01
  -3.6395884688111502e-01
  -3.4088957197188230e-01
  -3.1906993731392852e-01
  -2.9850852475994266e-01
  -2.7919732106406014e-01
  -2.6111548961187275e-01
  -2.4423258744575868e-01
  -2.2851126274699352e-01
  -2.1390948244737878e-01
  -2.0038234606705174e-01
  -1.8788354282032654e-01
  -1.7636650650614891e-01
  -1.6578531817767420e-01
  -1.5609540109975031e-01
  -1.4266899432565788e-01
  -1.2547366181257527e-01
  -1.0900766212578510e-01
  -9.3183701894240009e-02
  -7.7914543033210173e-02
  -6.3113346404716136e-02
  -4.8693849432170033e-02
  -3.4570415339215642e-02
  -2.0657985487122707e-02
  -6.8719613228205518e-03
   6.8719613228202057e-03
   2.0657985487122360e-02
   3.4570415339215295e-02
   4.8693849432169672e-02
   6.3113346404715776e-02
   7.7914543033209799e-02
   9.3183701894239621e-02
   1.0900766212578469e-01
   1.2547366181257483e-01
   1.4266899432565741e-01
   1.5609540109974984e-01
   1.6578531817767361e-01
   1.7636650650614824e-01
   1.8788354282032577e-01
   2.0038234606705088e-01
   2.1390948244737781e-01
   2.2851126274699246e-01
   2.4423258744575752e-01
   2.6111548961187148e-01
   2.7919732106405876e-01
   2.9850852475994116e-01
   3.1906993731392702e-01
   3.4088957197188058e-01
   3.6395884688111318e-01
   3.8824824929591090e-01
   4.1370246710496011e-01
   4.4023507849009003e-01
   4.6772297172354044e-01
   4.9600077138325183e-01
   5.2485567243926334e-01
   5.5402322197499410e-01
   5.8318472415085865e-01
   6.1196705224825243e-01
   6.3994569751382124e-01
   6.6665182677002521e-01
   6.9158391899438032e-01
   7.1422417817735417e-01
   7.3405937760170747e-01
   7.5060512487021480e-01
   7.6343184392495711e-01
   7.7219018878662382e-01
   7.7663328738369986e-01
   7.7663328738370052e-01
   7.7219018878662582e-01
   7.6343184392496055e-01
   7.5060512487021935e-01
   7.3405937760171314e-01
   7.1422417817736072e-01
   6.9158391899438776e-01
   6.6665182677003321e-01
   6.3994569751382979e-01
   6.1196705224826131e-01
   5.8318472415086742e-01
   5.5402322197500276e-01
   5.2485567243927189e-01
   4.9600077138326010e-01
   4.6772297172354838e-01
   4.4023507849009758e-01
   4.1370246710496728e-01
   3.8824824929591756e-01
   3.6395884688111940e-01
   3.4088957197188635e-01
   3.1906993731393224e-01
   2.9850852475994599e-01
   2.7919732106406303e-01
   2.6111548961187531e-01
   2.4423258744576085e-01
   2.2851126274699532e-01
   2.1390948244738023e-01
   2.0038234606705282e-01
   1.8788354282032727e-01
   1.7636650650614932e-01
   1.6578531817767425e-01
   1.5609540109975004e-01
