  -1.4016331958544392e-01
  -1.4927959969985924e-01
  -1.5938259802927426e-01
  -1.7052951318502871e-01
  -1.8278126594555669e-01
  -1.9620198211546216e-01
  -2.1085825621900808e-01
  -2.2681813485330010e-01
  -2.4414974645866211e-01
  -2.6291949143204635e-01
  -2.8318969382670500e-01
  -3.0501560491368740e-01
  -3.2844164211031579e-01
  -3.5349674791134594e-01
  -3.8018876772116345e-01
  -4.0849777985852170e-01
  -4.3836837418978031e-01
  -4.6970097774263603e-01
  -5.0234247598113790e-01
  -5.3607658406373626e-01
  -5.7061468306994956e-01
  -6.0558813834572622e-01
  -6.4054342688953336e-01
  -6.7494165755213009e-01
  -7.0816418285941096e-01
  -7.3952586521709407e-01
  -7.6829706634918726e-01
  -7.9373451240136084e-01
  -8.1511987581591305e-01
  -8.3180337177610653e-01
  -8.4324819873543355e-01
  -8.4907065950756544e-01
  -8.4907065950756544e-01
  -8.4324819873543366e-01
  -8.3180337177610686e-01
  -8.1511987581591328e-01
  -7.9373451240136106e-01
  -7.6829706634918760e-01
  -7.3952586521709440e-01
  -7.0816418285941141e-01
  -6.7494165755213054e-01
  -6.4054342688953370e-01
  -6.0558813834572656e-01
  -5.7061468306994989e-01
  -5.3607658406373659e-01
  -5.0234247598113824e-01
  -4.6970097774263636e-01
  -4.3836837418978059e-01
  -4.0849777985852204e-01
  -3.8018876772116372e-01
  -3.5349674791134622e-01
  -3.2844164211031607e-01
  -3.0501560491368757e-01
  -2.8318969382670522e-01
  -2.6291949143204646e-01
  -2.4414974645866225e-01
  -2.2681813485330021e-01
  -2.1085825621900822e-01
  -1.9620198211546225e-01
  -1.8278126594555680e-01
  -1.7052951318502876e-01
  -1.5938259802927435e-01
  -1.4927959969985929e-01
  -1.4016331958544395e-01
  -1.2773715494998106e-01
  -1.1195877359712934e-01
  -9.6970028542564146e-02
  -8.2671278752299987e-02
  -6.8965027796226472e-02
  -5.5755910695447233e-02
  -4.2950546739604009e-02
  -3.0457292405331376e-02
  -1.8185921353713157e-02
  -6.0472529885185252e-03
   6.0472529885185079e-03
   1.8185921353713139e-02
   3.0457292405331359e-02
   4.2950546739603981e-02
   5.5755910695447206e-02
   6.8965027796226430e-02
   8.2671278752299945e-02
   9.6970028542564091e-02
   1.1195877359712930e-01
   1.2773715494998100e-01
   1.4016331958544390e-01
   1.4927959969985927e-01
   1.5938259802927440e-01
   1.7052951318502887e-01
   1.8278126594555696e-01
   1.9620198211546244e-01
   2.1085825621900850e-01
   2.2681813485330052e-01
   2.4414974645866264e-01
   2.6291949143204690e-01
   2.8318969382670567e-01
   3.0501560491368812e-01
   3.2844164211031662e-01
   3.5349674791134683e-01
   3.8018876772116439e-01
   4.0849777985852276e-01
   4.3836837418978136e-01
   4.6970097774263714e-01
   5.0234247598113901e-01
   5.3607658406373737e-01
   5.7061468306995078e-01
   6.0558813834572733e-01
   6.4054342688953447e-01
   6.7494165755213120e-01
   7.0816418285941218e-01
   7.3952586521709507e-01
   7.6829706634918826e-01
   7.9373451240136150e-01
   8.1511987581591372e-01
   8.3180337177610708e-01
   8.4324819873543377e-01
   8.4907065950756533e-01
   8.4907065950756522e-01
   8.4324819873543333e-01
   8.3180337177610630e-01
   8.1511987581591272e-01
   7.9373451240136017e-01
   7.6829706634918671e-01
   7.3952586521709351e-01
   7.0816418285941041e-01
   6.7494165755212943e-01
   6.4054342688953259e-01
   6.0558813834572545e-01
   5.7061468306994878e-01
   5.3607658406373548e-01
   5.0234247598113724e-01
   4.6970097774263536e-01
   4.3836837418977964e-01
   4.0849777985852115e-01
   3.8018876772116289e-01
   3.5349674791134539e-01
   3.2844164211031535e-01
   3.0501560491368690e-01
   2.8318969382670461e-01
   2.6291949143204596e-01
   2.4414974645866178e-01
   2.2681813485329980e-01
   2.1085825621900783e-01
   1.9620198211546191e-01
   1.8278126594555649e-01
   1.7052951318502854e-01
   1.5938259802927415e-01
   1.4927959969985913e-01
   1.4016331958544384e-01
