  -1.8571785152556375e-01
  -1.9523517733122714e-01
  -2.0495470872507576e-01
  -2.1487114489654455e-01
  -2.2497676900925417e-01
  -2.3526120205837284e-01
  -2.4571115239909361e-01
  -2.5631016592107442e-01
  -2.6703838306993627e-01
  -2.7787231023134179e-01
  -2.8878461435280622e-01
  -2.9974395102195872e-01
  -3.1071483746588974e-01
  -3.2165758298184266e-01
  -3.3252829003218792e-01
  -3.4327893949738203e-01
  -3.5385757323104294e-01
  -3.6420858595413225e-01
  -3.7427313652897570e-01
  -3.8398968567064967e-01
  -3.9329466313942685e-01
  -4.0212326244487889e-01
  -4.1041035520487507e-01
  -4.1809151077250511e-01
  -4.2510409991194104e-01
  -4.3138845461141256e-01
  -4.3688905008370221e-01
  -4.4155567017222486e-01
  -4.4534451428484723e-01
  -4.4821920306803564e-01
  -4.5015164161753402e-01
  -4.5112270320955644e-01
  -4.5112270320955644e-01
  -4.5015164161753413e-01
  -4.4821920306803575e-01
  -4.4534451428484734e-01
  -4.4155567017222502e-01
  -4.3688905008370238e-01
  -4.3138845461141284e-01
  -4.2510409991194131e-01
  -4.1809151077250539e-01
  -4.1041035520487540e-01
  -4.0212326244487923e-01
  -3.9329466313942729e-01
  -3.8398968567065012e-01
  -3.7427313652897604e-01
  -3.6420858595413258e-01
  -3.5385757323104328e-01
  -3.4327893949738242e-01
  -3.3252829003218837e-01
  -3.2165758298184305e-01
  -3.1071483746589018e-01
  -2.9974395102195911e-01
  -2.8878461435280661e-01
  -2.7787231023134218e-01
  -2.6703838306993660e-01
  -2.5631016592107470e-01
  -2.4571115239909386e-01
  -2.3526120205837300e-01
  -2.2497676900925434e-01
  -2.1487114489654466e-01
  -2.0495470872507585e-01
  -1.9523517733122717e-01
  -1.8571785152556378e-01
  -1.7157673003531287e-01
  -1.5282063553590217e-01
  -1.3427387841018787e-01
  -1.1592535215301542e-01
  -9.7758612287402208e-02
  -7.9752760809016748e-02
  -6.1883262376331065e-02
  -4.4122698050812932e-02
  -2.6441465042695386e-02
  -8.8084328133614734e-03
   8.8084328133613155e-03
   2.6441465042695234e-02
   4.4122698050812786e-02
   6.1883262376330912e-02
   7.9752760809016596e-02
   9.7758612287402041e-02
   1.1592535215301526e-01
   1.3427387841018770e-01
   1.5282063553590203e-01
   1.7157673003531274e-01
   1.8571785152556361e-01
   1.9523517733122700e-01
   2.0495470872507565e-01
   2.1487114489654441e-01
   2.2497676900925406e-01
   2.3526120205837273e-01
   2.4571115239909352e-01
   2.5631016592107436e-01
   2.6703838306993621e-01
   2.7787231023134173e-01
   2.8878461435280617e-01
   2.9974395102195867e-01
   3.1071483746588968e-01
   3.2165758298184266e-01
   3.3252829003218787e-01
   3.4327893949738197e-01
   3.5385757323104289e-01
   3.6420858595413219e-01
   3.7427313652897570e-01
   3.8398968567064973e-01
   3.9329466313942696e-01
   4.0212326244487895e-01
   4.1041035520487518e-01
   4.1809151077250517e-01
   4.2510409991194115e-01
   4.3138845461141273e-01
   4.3688905008370227e-01
   4.4155567017222497e-01
   4.4534451428484734e-01
   4.4821920306803570e-01
   4.5015164161753418e-01
   4.5112270320955650e-01
   4.5112270320955655e-01
   4.5015164161753424e-01
   4.4821920306803581e-01
   4.4534451428484745e-01
   4.4155567017222513e-01
   4.3688905008370249e-01
   4.3138845461141295e-01
   4.2510409991194142e-01
   4.1809151077250550e-01
   4.1041035520487551e-01
   4.0212326244487928e-01
   3.9329466313942735e-01
   3.8398968567065017e-01
   3.7427313652897615e-01
   3.6420858595413264e-01
   3.5385757323104333e-01
   3.4327893949738242e-01
   3.3252829003218837e-01
   3.2165758298184310e-01
   3.1071483746589013e-01
   2.9974395102195911e-01
   2.8878461435280656e-01
   2.7787231023134212e-01
   2.6703838306993655e-01
   2.5631016592107464e-01
   2.4571115239909377e-01
   2.3526120205837292e-01
   2.2497676900925423e-01
   2.1487114489654452e-01
   2.0495470872507573e-01
   1.9523517733122703e-01
   1.8571785152556361e-01
