   5.2409690703161060e-01
   4.9977058952355097e-01
   4.7866149000664959e-01
   4.6082429279543174e-01
   4.4628593265051097e-01
   4.3505578953772750e-01
   4.2713362195709947e-01
   4.2251543252717572e-01
   4.2119745677694692e-01
   4.2317842870952038e-01
   4.2846021909606469e-01
   4.3704687469559605e-01
   4.4894201615464852e-01
   4.6414448596232000e-01
   4.8264208337018438e-01
   5.0440319143297940e-01
   5.2936610780032078e-01
   5.5742595723389410e-01
   5.8841921822515431e-01
   6.2210617153740277e-01
   6.5815200711370070e-01
   6.9610792700105040e-01
   7.3539434263957326e-01
   7.7528911192513950e-01
   8.1492453205733051e-01
   8.5329722813525544e-01
   8.8929479545629819e-01
   9.2174169925265736e-01
   9.4946429592201020e-01
   9.7137106356004543e-01
   9.8653989260772434e-01
   9.9430077095878711e-01
   9.9430077095878722e-01
   9.8653989260772434e-01
   9.7137106356004543e-01
   9.4946429592201020e-01
   9.2174169925265736e-01
   8.8929479545629808e-01
   8.5329722813525544e-01
   8.1492453205733051e-01
   7.7528911192513938e-01
   7.3539434263957326e-01
   6.9610792700105029e-01
   6.5815200711370070e-01
   6.2210617153740277e-01
   5.8841921822515431e-01
   5.5742595723389410e-01
   5.2936610780032078e-01
   5.0440319143297940e-01
   4.8264208337018438e-01
   4.6414448596232000e-01
   4.4894201615464852e-01
   4.3704687469559605e-01
   4.2846021909606469e-01
   4.2317842870952038e-01
   4.2119745677694692e-01
   4.2251543252717566e-01
   4.2713362195709947e-01
   4.3505578953772756e-01
   4.4628593265051097e-01
   4.6082429279543180e-01
   4.7866149000664959e-01
   4.9977058952355097e-01
   5.2409690703161060e-01
   5.6577997563495375e-01
   6.2468054293140352e-01
   6.8599854590792786e-01
   7.4886862787783892e-01
   8.1208192104309918e-01
   8.7406478811279020e-01
   9.3289630692550940e-01
   9.8638091220248192e-01
   1.0321869806600417e+00
   1.0680491573642183e+00
   1.0920130642371912e+00
   1.1026812098007737e+00
   1.0994073559601232e+00
   1.0823914159303436e+00
   1.0526497644898558e+00
   1.0118689330559958e+00
   9.6218043318323521e-01
   9.0590924033983944e-01
   8.4534490708214038e-01
   7.8256765569126951e-01
   7.1934132628769432e-01
   6.5706837723643297e-01
   5.9679266220642091e-01
   5.3923304671557404e-01
   4.8483276806493519e-01
   4.3381329349517272e-01
   3.8622550386162952e-01
   3.4199439541659260e-01
   3.0095586873802660e-01
   2.6288564030463590e-01
   2.2752108701239812e-01
   1.9457714735960102e-01
   1.6375744249743859e-01
   1.3476167797272645e-01
   1.0729022657566684e-01
   8.1046622434245708e-02
   5.5738541045444713e-02
   3.1077709809574208e-02
   6.7790915886144906e-03
  -1.7440391099244723e-02
  -3.5646184123077289e-02
  -4.8035009354138486e-02
  -6.0962193346122878e-02
  -7.4570963427504453e-02
  -8.9010820738592983e-02
  -1.0443864335434355e-01
  -1.2101966214661256e-01
  -1.3892824135467877e-01
  -1.5834836718489445e-01
  -1.7947370959586251e-01
  -2.0250707239080651e-01
  -2.2765898236909865e-01
  -2.5514508745275566e-01
  -2.8518193546731369e-01
  -3.1798059142261093e-01
  -3.5373742880030506e-01
  -3.9262131585268073e-01
  -4.3475634251312967e-01
  -4.8019925067676750e-01
  -5.2891092371279691e-01
  -5.8072177819262383e-01
  -6.3529182942515239e-01
  -6.9206772173856146e-01
  -7.5024120908457548e-01
  -8.0871634159482586e-01
  -8.6609550755447995e-01
  -9.2069653540964436e-01
  -9.7061278922147631e-01
  -1.0138239158908198e+00
  -1.0483555955224706e+00
  -1.0724731268202137e+00
  -1.0848794938404283e+00
  -1.0848794938404269e+00
  -1.0724731268202099e+00
  -1.0483555955224646e+00
  -1.0138239158908120e+00
  -9.7061278922146699e-01
  -9.2069653540963381e-01
  -8.6609550755446874e-01
  -8.0871634159481420e-01
  -7.5024120908456382e-01
  -6.9206772173854991e-01
  -6.3529182942514117e-01
  -5.8072177819261328e-01
  -5.2891092371278703e-01
  -4.8019925067675828e-01
  -4.3475634251312117e-01
  -3.9262131585267301e-01
  -3.5373742880029807e-01
  -3.1798059142260465e-01
  -2.8518193546730802e-01
  -2.5514508745275055e-01
  -2.2765898236909410e-01
  -2.0250707239080243e-01
  -1.7947370959585895e-01
  -1.5834836718489129e-01
  -1.3892824135467605e-01
  -1.2101966214661025e-01
  -1.0443864335434164e-01
  -8.9010820738591442e-02
  -7.4570963427503259e-02
  -6.0962193346122039e-02
  -4.8035009354137986e-02
  -3.5646184123077122e-02
