  -2.9283986344095150e-02
  -2.9294866865972814e-02
  -2.9383320743455121e-02
  -3.0407721592164198e-02
  -3.1774964916643229e-02
  -3.3073301045302768e-02
  -3.4702108628819180e-02
  -3.7147985122653965e-02
  -4.0428263025695722e-02
  -4.4210402368295779e-02
  -4.8444629772492559e-02
  -5.3426737925762080e-02
  -5.9457630776039473e-02
  -6.6609354526281944e-02
  -7.4806871321789106e-02
  -8.3999087699255140e-02
  -9.4136416400209547e-02
  -1.0503141937914394e-01
  -1.1633146540272672e-01
  -1.2765652530986454e-01
  -1.3874891957434043e-01
  -1.4950498786873995e-01
  -1.5991337480362236e-01
  -1.6998945802584647e-01
  -1.7975115048342563e-01
  -1.8922366302812782e-01
  -1.9844488403880392e-01
  -2.0746051241213093e-01
  -2.1631577248589609e-01
  -2.2505188778678786e-01
  -2.3370776101909643e-01
  -2.4232258849372015e-01
  -2.5093661712588056e-01
  -2.5959059276389213e-01
  -2.6832557049077099e-01
  -2.7718367771343388e-01
  -2.8620927236093585e-01
  -2.9544988990819077e-01
  -3.0495695429151748e-01
  -3.1478656896755708e-01
  -3.2500058119648506e-01
  -3.3566786377927110e-01
  -3.4686568428933767e-01
  -3.5868111075979886e-01
  -3.7121245843241402e-01
  -3.8457072688822197e-01
  -3.9888085401758516e-01
  -4.1428248994969091e-01
  -4.3092988505819174e-01
  -4.4899038100926886e-01
  -4.6864092615979103e-01
  -4.9006211676041422e-01
  -5.1342964868195351e-01
  -5.3890385624902926e-01
  -5.6661911722799452e-01
  -5.9667586734598432e-01
  -6.2913805657033384e-01
  -6.6403754378775448e-01
  -7.0138449115484403e-01
  -7.4118061417518621e-01
  -7.8343157322260193e-01
  -8.2815608561636778e-01
  -8.7539136495513048e-01
  -9.2519588048140733e-01
  -9.7765068678353406e-01
  -1.0328601637251262e+00
  -1.0909525853255280e+00
  -1.1520807651826317e+00
  -1.2164229912112887e+00
  -1.2841844073701012e+00
  -1.3555989106459305e+00
  -1.4309315751152523e+00
  -1.5104816204976850e+00
  -1.5945859783298264e+00
  -1.6836235362016452e+00
  -1.7780201539897140e+00
  -1.8782545628856495e+00
  -1.9848652901766306e+00
  -2.0984587979827927e+00
  -2.2197190768436532e+00
  -2.3494189964730698e+00
  -2.4884337935892820e+00
  -2.6377571792185268e+00
  -2.7985206811565959e+00
  -2.9720170095791194e+00
  -3.1597284567225956e+00
  -3.3633616329397480e+00
  -3.5848902254230159e+00
  -3.8266079751778039e+00
  -4.0911947482331117e+00
