   7.9094897104278056e-03
   7.3854438443777615e-03
   6.8979376842448993e-03
   6.4445602045068518e-03
   6.0230689970530472e-03
   5.6313792258385490e-03
   5.2675533515328310e-03
   4.9297915771709354e-03
   4.6164229690295391e-03
   4.3258972100061492e-03
   4.0567769456781198e-03
   3.8077306859637459e-03
   3.5775262279052538e-03
   3.3650245675494288e-03
   3.1691742712223465e-03
   2.9890062786874128e-03
   2.8236291127477745e-03
   2.6722244718126119e-03
   2.5340431837990811e-03
   2.4084015014950661e-03
   2.2946777211694989e-03
   2.1923091077938528e-03
   2.1007891117371907e-03
   2.0196648632245504e-03
   1.9485349322108003e-03
   1.8870473426256169e-03
   1.8348978311959528e-03
   1.7918283422560680e-03
   1.7576257511175821e-03
   1.7321208096985675e-03
   1.7151873092068257e-03
   1.7067414557434166e-03
   1.7067414557434166e-03
   1.7151873092068255e-03
   1.7321208096985671e-03
   1.7576257511175816e-03
   1.7918283422560675e-03
   1.8348978311959520e-03
   1.8870473426256162e-03
   1.9485349322107997e-03
   2.0196648632245496e-03
   2.1007891117371894e-03
   2.1923091077938515e-03
   2.2946777211694980e-03
   2.4084015014950648e-03
   2.5340431837990798e-03
   2.6722244718126102e-03
   2.8236291127477736e-03
   2.9890062786874119e-03
   3.1691742712223452e-03
   3.3650245675494270e-03
   3.5775262279052530e-03
   3.8077306859637446e-03
   4.0567769456781189e-03
   4.3258972100061483e-03
   4.6164229690295383e-03
   4.9297915771709345e-03
   5.2675533515328310e-03
   5.6313792258385481e-03
   6.0230689970530472e-03
   6.4445602045068518e-03
   6.8979376842448984e-03
   7.3854438443777615e-03
   7.9094897104278056e-03
   8.7647257175465874e-03
   9.9570078834363002e-03
   1.1200392536766541e-02
   1.2501255224634886e-02
   1.3866263989015073e-02
   1.5302412941639112e-02
   1.6817057353833275e-02
   1.8417950402728516e-02
   2.0113281714597839e-02
   2.1911717843923408e-02
   2.3822444822635132e-02
   2.5855212907128923e-02
   2.8020383640340287e-02
   3.0328979331291032e-02
   3.2792735033866038e-02
   3.5424153078531327e-02
   3.8236560173316690e-02
   4.1244167041239441e-02
   4.4462130497465856e-02
   4.7906617787238995e-02
   5.1594872900471725e-02
   5.5545284445446562e-02
   5.9777454495633722e-02
   6.4312267612182880e-02
   6.9171958980452891e-02
   7.4380180270379348e-02
   7.9962061423683978e-02
   8.5944266069540740e-02
   9.2355037655204725e-02
   9.9224232627218523e-02
   1.0658333608708856e-01
   1.1446545424497054e-01
   1.2290527667595588e-01
   1.3193899981514021e-01
   1.4160420128011722e-01
   1.5193965245789445e-01
   1.6298505432246257e-01
   1.7478067866216040e-01
   1.8736689382437705e-01
   2.0078355080536972e-01
   2.1143260284309576e-01
   2.1930914817816705e-01
   2.2806763339094169e-01
   2.3772605380224029e-01
   2.4830190461698073e-01
   2.5981139716459783e-01
   2.7226851935665203e-01
   2.8568391960485928e-01
   3.0006359404143218e-01
   3.1540735917111573e-01
   3.3170709673303000e-01
   3.4894476536547697e-01
   3.6709018555881512e-01
   3.8609862130101574e-01
   4.0590820463770838e-01
   4.2643727867954079e-01
   4.4758177043643860e-01
   4.6921274635974958e-01
   4.9117434838944574e-01
   5.1328235259424670e-01
   5.3532362998278515e-01
   5.5705681139136831e-01
   5.7821445541778627e-01
   5.9850697950606591e-01
   6.1762853030143894e-01
   6.3526483539395484e-01
   6.5110289716206593e-01
   6.6484217349073904e-01
   6.7620666399918594e-01
   6.8495711828286876e-01
   6.9090244364760645e-01
   6.9390934976744501e-01
   6.9390934976744501e-01
   6.9090244364760645e-01
   6.8495711828286876e-01
   6.7620666399918583e-01
   6.6484217349073882e-01
   6.5110289716206571e-01
   6.3526483539395462e-01
   6.1762853030143861e-01
   5.9850697950606568e-01
   5.7821445541778604e-01
   5.5705681139136809e-01
   5.3532362998278482e-01
   5.1328235259424637e-01
   4.9117434838944546e-01
   4.6921274635974936e-01
   4.4758177043643843e-01
   4.2643727867954051e-01
   4.0590820463770821e-01
   3.8609862130101552e-01
   3.6709018555881495e-01
   3.4894476536547681e-01
   3.3170709673302984e-01
   3.1540735917111556e-01
   3.0006359404143207e-01
   2.8568391960485917e-01
   2.7226851935665192e-01
   2.5981139716459772e-01
   2.4830190461698068e-01
   2.3772605380224024e-01
   2.2806763339094166e-01
   2.1930914817816705e-01
   2.1143260284309573e-01
