   8.2386713072140363e-02
   8.1561873667874568e-02
   8.0764658363641176e-02
   7.9994998624213026e-02
   7.9252822650070748e-02
   7.8538056014294921e-02
   7.7850622265288327e-02
   7.7190443496514216e-02
   7.6557440884419209e-02
   7.5951535195688064e-02
   7.5372647264951353e-02
   7.4820698444037256e-02
   7.4295611023825855e-02
   7.3797308629728664e-02
   7.3325716591778056e-02
   7.2880762290271073e-02
   7.2462375477870475e-02
   7.2070488579022429e-02
   7.1705036967505978e-02
   7.1365959222883885e-02
   7.1053197366578238e-02
   7.0766697078247551e-02
   7.0506407893094161e-02
   7.0272283380683712e-02
   7.0064281305809939e-02
   6.9882363771889874e-02
   6.9726497347326291e-02
   6.9596653175225634e-02
   6.9492807066811074e-02
   6.9414939578822166e-02
   6.9363036075143214e-02
   6.9337086772855022e-02
   6.9337086772855022e-02
   6.9363036075143214e-02
   6.9414939578822166e-02
   6.9492807066811074e-02
   6.9596653175225634e-02
   6.9726497347326291e-02
   6.9882363771889874e-02
   7.0064281305809939e-02
   7.0272283380683712e-02
   7.0506407893094161e-02
   7.0766697078247551e-02
   7.1053197366578238e-02
   7.1365959222883885e-02
   7.1705036967505978e-02
   7.2070488579022429e-02
   7.2462375477870475e-02
   7.2880762290271073e-02
   7.3325716591778056e-02
   7.3797308629728664e-02
   7.4295611023825855e-02
   7.4820698444037256e-02
   7.5372647264951353e-02
   7.5951535195688064e-02
   7.6557440884419209e-02
   7.7190443496514230e-02
   7.7850622265288341e-02
   7.8538056014294921e-02
   7.9252822650070762e-02
   7.9994998624213026e-02
   8.0764658363641176e-02
   8.1561873667874568e-02
   8.2386713072140363e-02
   8.3681355118589748e-02
   8.5446930541601018e-02
   8.7241423148880629e-02
   8.9064899536174302e-02
   9.0917392837654681e-02
   9.2798900320441288e-02
   9.4709380880090205e-02
   9.6648752437991661e-02
   9.8616889242315167e-02
   1.0061361907492533e-01
   1.0263872036756100e-01
   1.0469191923153033e-01
   1.0677288640622955e-01
   1.0888123413294473e-01
   1.1101651296164795e-01
   1.1317820849985363e-01
   1.1536573811405587e-01
   1.1757844759582567e-01
   1.1981560780630278e-01
   1.2207641131456859e-01
   1.2435996904722681e-01
   1.2666530696843986e-01
   1.2899136281166013e-01
   1.3133698288634268e-01
   1.3370091898501310e-01
   1.3608182541817199e-01
   1.3847825620662088e-01
   1.4088866246286860e-01
   1.4331138999528947e-01
   1.4574467717062189e-01
   1.4818665307217929e-01
   1.5063533599275250e-01
   1.5308863230256825e-01
   1.5554433573378337e-01
   1.5800012712378789e-01
   1.6045357466000634e-01
   1.6290213466887377e-01
   1.6534315299116156e-01
   1.6777386698478652e-01
   1.7019140819459949e-01
   1.7198149858893388e-01
   1.7314252781300077e-01
   1.7428434577765836e-01
   1.7540549304173222e-01
   1.7650451101466275e-01
   1.7757994514618444e-01
   1.7863034823096308e-01
   1.7965428381745296e-01
   1.8065032970902467e-01
   1.8161708154423353e-01
   1.8255315644196457e-01
   1.8345719669611588e-01
   1.8432787350348237e-01
   1.8516389070759379e-01
   1.8596398854045490e-01
   1.8672694734344944e-01
   1.8745159124811331e-01
   1.8813679179707041e-01
   1.8878147148516616e-01
   1.8938460720073891e-01
   1.8994523354704543e-01
   1.9046244602410925e-01
   1.9093540405169299e-01
   1.9136333381470969e-01
   1.9174553091318078e-01
   1.9208136279981927e-01
   1.9237027098945517e-01
   1.9261177302582180e-01
   1.9280546419267416e-01
   1.9295101895779815e-01
   1.9304819214018146e-01
   1.9309681979243207e-01
   1.9309681979243207e-01
   1.9304819214018146e-01
   1.9295101895779815e-01
   1.9280546419267416e-01
   1.9261177302582180e-01
   1.9237027098945517e-01
   1.9208136279981927e-01
   1.9174553091318075e-01
   1.9136333381470966e-01
   1.9093540405169296e-01
   1.9046244602410919e-01
   1.8994523354704540e-01
   1.8938460720073888e-01
   1.8878147148516611e-01
   1.8813679179707038e-01
   1.8745159124811328e-01
   1.8672694734344941e-01
   1.8596398854045487e-01
   1.8516389070759376e-01
   1.8432787350348231e-01
   1.8345719669611585e-01
   1.8255315644196451e-01
   1.8161708154423348e-01
   1.8065032970902462e-01
   1.7965428381745291e-01
   1.7863034823096302e-01
   1.7757994514618439e-01
   1.7650451101466269e-01
   1.7540549304173217e-01
   1.7428434577765831e-01
   1.7314252781300069e-01
   1.7198149858893386e-01
