   6.2427034401636106e-02
   6.1246868555690212e-02
   6.0111859862162477e-02
   5.9021331092199140e-02
   5.7974623117920940e-02
   5.6971095659829010e-02
   5.6010127952592630e-02
   5.5091119336441875e-02
   5.4213489780887934e-02
   5.3376680347019402e-02
   5.2580153594174242e-02
   5.1823393936362691e-02
   5.1105907953416858e-02
   5.0427224661465458e-02
   4.9786895746977686e-02
   4.9184495768286325e-02
   4.8619622328186715e-02
   4.8091896220913123e-02
   4.7600961556517156e-02
   4.7146485865412653e-02
   4.6728160185606028e-02
   4.6345699134901275e-02
   4.5998840970150986e-02
   4.5687347635420358e-02
   4.5411004800737058e-02
   4.5169621892916387e-02
   4.4963032119776786e-02
   4.4791092488894291e-02
   4.4653683821885691e-02
   4.4550710765056976e-02
   4.4482101797106682e-02
   4.4447809234429897e-02
   4.4447809234429904e-02
   4.4482101797106675e-02
   4.4550710765056976e-02
   4.4653683821885691e-02
   4.4791092488894298e-02
   4.4963032119776786e-02
   4.5169621892916394e-02
   4.5411004800737065e-02
   4.5687347635420365e-02
   4.5998840970150986e-02
   4.6345699134901275e-02
   4.6728160185606028e-02
   4.7146485865412660e-02
   4.7600961556517163e-02
   4.8091896220913123e-02
   4.8619622328186722e-02
   4.9184495768286332e-02
   4.9786895746977693e-02
   5.0427224661465479e-02
   5.1105907953416879e-02
   5.1823393936362705e-02
   5.2580153594174249e-02
   5.3376680347019416e-02
   5.4213489780887941e-02
   5.5091119336441896e-02
   5.6010127952592643e-02
   5.6971095659829024e-02
   5.7974623117920961e-02
   5.9021331092199154e-02
   6.0111859862162498e-02
   6.1246868555690233e-02
   6.2427034401636119e-02
   6.4288854309433929e-02
   6.6835164495009008e-02
   6.9431644636680293e-02
   7.2079752469852834e-02
   7.4780916843820405e-02
   7.7536532730497015e-02
   8.0347955738111071e-02
   8.3216496098532766e-02
   8.6143412096376826e-02
   8.9129902907758116e-02
   9.2177100816638088e-02
   9.5286062777148725e-02
   9.8457761291192811e-02
   1.0169307457207875e-01
   1.0499277596704229e-01
   1.0835752261433730e-01
   1.1178784331425216e-01
   1.1528412559803834e-01
   1.1884660198444939e-01
   1.2247533542050806e-01
   1.2617020391137629e-01
   1.2993088435393349e-01
   1.3375683559999890e-01
   1.3764728078819269e-01
   1.4160118899832744e-01
   1.4561725629905511e-01
   1.4969388627833544e-01
   1.5382917016717854e-01
   1.5802086669004670e-01
   1.6226638180021796e-01
   1.6656274848520403e-01
   1.7090660685577358e-01
   1.7529418476198119e-01
   1.7972127921045034e-01
   1.8418323888850463e-01
   1.8867494813196412e-01
   1.9319081270375524e-01
   1.9772474777903135e-01
   2.0227016855822505e-01
   2.0681998395117851e-01
   2.1020919481486883e-01
   2.1243213921358292e-01
   2.1464227509996694e-01
   2.1683556379625954e-01
   2.1900787753180445e-01
   2.2115500909648050e-01
   2.2327268259401817e-01
   2.2535656529103368e-01
   2.2740228054552794e-01
   2.2940542178561418e-01
   2.3136156749548567e-01
   2.3326629715128042e-01
   2.3511520803474073e-01
   2.3690393283762401e-01
   2.3862815795495512e-01
   2.4028364235069150e-01
   2.4186623686549619e-01
   2.4337190382338808e-01
   2.4479673678237013e-01
   2.4613698026403796e-01
   2.4738904928893463e-01
   2.4854954853831959e-01
   2.4961529095930610e-01
   2.5058331562919406e-01
   2.5145090469644760e-01
   2.5221559922023418e-01
   2.5287521373780342e-01
   2.5342784939921109e-01
   2.5387190552189182e-01
   2.5420608943320322e-01
   2.5442942448705935e-01
   2.5454125616087359e-01
   2.5454125616087359e-01
   2.5442942448705935e-01
   2.5420608943320322e-01
   2.5387190552189182e-01
   2.5342784939921109e-01
   2.5287521373780347e-01
   2.5221559922023412e-01
   2.5145090469644760e-01
   2.5058331562919406e-01
   2.4961529095930607e-01
   2.4854954853831959e-01
   2.4738904928893460e-01
   2.4613698026403796e-01
   2.4479673678237013e-01
   2.4337190382338808e-01
   2.4186623686549616e-01
   2.4028364235069150e-01
   2.3862815795495512e-01
   2.3690393283762401e-01
   2.3511520803474073e-01
   2.3326629715128042e-01
   2.3136156749548564e-01
   2.2940542178561418e-01
   2.2740228054552789e-01
   2.2535656529103368e-01
   2.2327268259401817e-01
   2.2115500909648050e-01
   2.1900787753180445e-01
   2.1683556379625954e-01
   2.1464227509996692e-01
   2.1243213921358292e-01
   2.1020919481486883e-01
