   9.5920017844321227e-03
   8.9871461955795783e-03
   8.4228706105369151e-03
   7.8966287293168857e-03
   7.4060455995015317e-03
   6.9489069700217117e-03
   6.5231493560093789e-03
   6.1268507725456165e-03
   5.7582220976564145e-03
   5.4155990273478281e-03
   5.0974345878172242e-03
   4.8022921722248894e-03
   4.5288390715596469e-03
   4.2758404711839906e-03
   4.0421538866005999e-03
   3.8267240138457549e-03
   3.6285779716896780e-03
   3.4468209145131538e-03
   3.2806319963383686e-03
   3.1292606680242306e-03
   2.9920232910973284e-03
   2.8683000530838783e-03
   2.7575321705404048e-03
   2.6592193672562328e-03
   2.5729176163240054e-03
   2.4982371359500107e-03
   2.4348406300088534e-03
   2.3824417654413786e-03
   2.3408038796553904e-03
   2.3097389121199104e-03
   2.2891065553498581e-03
   2.2788136214634512e-03
   2.2788136214634512e-03
   2.2891065553498581e-03
   2.3097389121199108e-03
   2.3408038796553909e-03
   2.3824417654413786e-03
   2.4348406300088539e-03
   2.4982371359500116e-03
   2.5729176163240058e-03
   2.6592193672562341e-03
   2.7575321705404052e-03
   2.8683000530838796e-03
   2.9920232910973297e-03
   3.1292606680242319e-03
   3.2806319963383699e-03
   3.4468209145131551e-03
   3.6285779716896793e-03
   3.8267240138457567e-03
   4.0421538866006017e-03
   4.2758404711839924e-03
   4.5288390715596495e-03
   4.8022921722248920e-03
   5.0974345878172260e-03
   5.4155990273478298e-03
   5.7582220976564163e-03
   6.1268507725456174e-03
   6.5231493560093797e-03
   6.9489069700217126e-03
   7.4060455995015326e-03
   7.8966287293168857e-03
   8.4228706105369151e-03
   8.9871461955795783e-03
   9.5920017844321227e-03
   1.0576299188840831e-02
   1.1946270560935801e-02
   1.3372192948176063e-02
   1.4860735081177377e-02
   1.6418855063372494e-02
   1.8053831996496052e-02
   1.9773298885468516e-02
   2.1585276924857923e-02
   2.3498211263893190e-02
   2.5521008339591863e-02
   2.7663074857322733e-02
   2.9934358484281779e-02
   3.2345390302973245e-02
   3.4907329047700969e-02
   3.7632007115871842e-02
   4.0531978305868466e-02
   4.3620567182258062e-02
   4.6911919904616579e-02
   5.0421056275167131e-02
   5.4163922659025802e-02
   5.8157445304620865e-02
   6.2419583435418272e-02
   6.6969381291024671e-02
   7.1827018058431710e-02
   7.7013854343641108e-02
   8.2552473479686889e-02
   8.8466715537025897e-02
   9.4781701382552916e-02
   1.0152384350854914e-01
   1.0872083960556715e-01
   1.1640164396528965e-01
   1.2459641075201622e-01
   1.3333640195665550e-01
   1.4265385142965167e-01
   1.5258177476950111e-01
   1.6315371302161435e-01
   1.7440339613426839e-01
   1.8636430996434064e-01
   1.9906914840046766e-01
   2.1254912999951089e-01
   2.2319697088413365e-01
   2.3100244756554661e-01
   2.3961371995718059e-01
   2.4904210768506052e-01
   2.5929764497322999e-01
   2.7038833579899452e-01
   2.8231928211923368e-01
   2.9509167310692719e-01
   3.0870162535465634e-01
   3.2313886757542476e-01
   3.3838526892082471e-01
   3.5441321814516669e-01
   3.7118387197647901e-01
   3.8864530564934924e-01
   4.0673061687767409e-01
   4.2535605654948416e-01
   4.4441928456373364e-01
   4.6379787624165425e-01
   4.8334823145136430e-01
   5.0290506171847860e-01
   5.2228164577270486e-01
   5.4127104588146135e-01
   5.5964846019504588e-01
   5.7717484488052462e-01
   5.9360187048964830e-01
   6.0867817947656944e-01
   6.2215679046559291e-01
   6.3380335988129988e-01
   6.4340487866514307e-01
   6.5077827094728624e-01
   6.5577829374005858e-01
   6.5830412979614117e-01
   6.5830412979614106e-01
   6.5577829374005836e-01
   6.5077827094728580e-01
   6.4340487866514229e-01
   6.3380335988129899e-01
   6.2215679046559180e-01
   6.0867817947656822e-01
   5.9360187048964708e-01
   5.7717484488052340e-01
   5.5964846019504455e-01
   5.4127104588146002e-01
   5.2228164577270353e-01
   5.0290506171847726e-01
   4.8334823145136302e-01
   4.6379787624165303e-01
   4.4441928456373253e-01
   4.2535605654948311e-01
   4.0673061687767315e-01
   3.8864530564934829e-01
   3.7118387197647817e-01
   3.5441321814516591e-01
   3.3838526892082404e-01
   3.2313886757542420e-01
   3.0870162535465584e-01
   2.9509167310692674e-01
   2.8231928211923329e-01
   2.7038833579899424e-01
   2.5929764497322971e-01
   2.4904210768506033e-01
   2.3961371995718042e-01
   2.3100244756554650e-01
   2.2319697088413359e-01
