   4.4757208178345776e-05
   3.8510875336995435e-05
   3.3136597049362264e-05
   2.8512676163584851e-05
   2.4534406899166849e-05
   2.1111703850473458e-05
   1.8167062059403725e-05
   1.5633801964373935e-05
   1.3454559483589942e-05
   1.1579987041496468e-05
   9.9676361239659106e-06
   8.5809960583927730e-06
   7.3886672524741329e-06
   6.3636501701887003e-06
   5.4827339442829195e-06
   4.7259707807785135e-06
   4.0762242537222004e-06
   3.5187812615962800e-06
   3.0410188583871125e-06
   2.6321184149105480e-06
   2.2828206377573036e-06
   1.9852158984163649e-06
   1.7325651247112704e-06
   1.5191471987484924e-06
   1.3401294058004166e-06
   1.1914580005193467e-06
   1.0697664124232688e-06
   9.7229901202432404e-07
   8.9684871133190777e-07
   8.4170698573302904e-07
   8.0562518552683993e-07
   7.8778626103736043e-07
   7.8778626103736054e-07
   8.0562518552684025e-07
   8.4170698573302957e-07
   8.9684871133190840e-07
   9.7229901202432489e-07
   1.0697664124232698e-06
   1.1914580005193479e-06
   1.3401294058004179e-06
   1.5191471987484941e-06
   1.7325651247112720e-06
   1.9852158984163666e-06
   2.2828206377573057e-06
   2.6321184149105505e-06
   3.0410188583871154e-06
   3.5187812615962839e-06
   4.0762242537222047e-06
   4.7259707807785186e-06
   5.4827339442829238e-06
   6.3636501701887054e-06
   7.3886672524741389e-06
   8.5809960583927797e-06
   9.9676361239659173e-06
   1.1579987041496475e-05
   1.3454559483589947e-05
   1.5633801964373941e-05
   1.8167062059403732e-05
   2.1111703850473468e-05
   2.4534406899166856e-05
   2.8512676163584857e-05
   3.3136597049362270e-05
   3.8510875336995442e-05
   4.4757208178345783e-05
   5.5781927835236776e-05
   7.1882086681020164e-05
   8.9671056918920317e-05
   1.0956677598799108e-04
   1.3203667767964006e-04
   1.5760867411296871e-04
   1.8688355859769525e-04
   2.2054912077886104e-04
   2.5939630568560103e-04
   3.0433779632519086e-04
   3.5642945640132777e-04
   4.1689513692955323e-04
   4.8715542955103365e-04
   5.6886104206449743e-04
   6.6393158028205763e-04
   7.7460064731705918e-04
   9.0346831981162796e-04
   1.0535622338897564e-03
   1.2284087158416148e-03
   1.4321156284447072e-03
   1.6694688789298403e-03
   1.9460448553363433e-03
   2.2683414318570424e-03
   2.6439306194534118e-03
   3.0816364456357683e-03
   3.5917422385799555e-03
   4.1862321792682051e-03
   4.8790727867767964e-03
   5.6865409342288396e-03
   6.6276060769470723e-03
   7.7243756334750497e-03
   9.0026139208461507e-03
   1.0492346737145396e-02
   1.2228565638952402e-02
   1.4252048212216772e-02
   1.6610313215794474e-02
   1.9358732416897183e-02
   2.2561824257106015e-02
   2.6294758186785606e-02
   3.0645102548941427e-02
   3.4424281876658178e-02
   3.7691619749374697e-02
   4.1811428448517152e-02
   4.6876621639817866e-02
   5.3001320818539428e-02
   6.0323331525194500e-02
   6.9007094724338677e-02
   7.9247145708411432e-02
   9.1272104893925163e-02
   1.0534920653647313e-01
   1.2178933628680196e-01
   1.4095248666146140e-01
   1.6325343557934496e-01
   1.8916728392928778e-01
   2.1923421928069464e-01
   2.5406245467145461e-01
   2.9432765510726311e-01
   3.4076622080366104e-01
   3.9415844310603543e-01
   4.5529569992436197e-01
   5.2492351596076448e-01
   6.0364973377178799e-01
   6.9180503501584412e-01
   7.8924347149168550e-01
   8.9507700686265668e-01
   1.0073557219451528e+00
   1.1227402868545573e+00
   1.2362671335266844e+00
   1.3413662233558969e+00
   1.4303162609827196e+00
   1.4952488187398456e+00
   1.5295981709582618e+00
   1.5295981709583146e+00
   1.4952488187399986e+00
   1.4303162609829565e+00
   1.3413662233561947e+00
   1.2362671335270190e+00
   1.1227402868549070e+00
   1.0073557219454996e+00
   8.9507700686298830e-01
   7.8924347149199392e-01
   6.9180503501612534e-01
   6.0364973377204056e-01
   5.2492351596098874e-01
   4.5529569992455932e-01
   3.9415844310620812e-01
   3.4076622080381130e-01
   2.9432765510739339e-01
   2.5406245467156718e-01
   2.1923421928079173e-01
   1.8916728392937124e-01
   1.6325343557941652e-01
   1.4095248666152257e-01
   1.2178933628685409e-01
   1.0534920653651735e-01
   9.1272104893962411e-02
   7.9247145708442546e-02
   6.9007094724364379e-02
   6.0323331525215323e-02
   5.3001320818555873e-02
   4.6876621639830279e-02
   4.1811428448525832e-02
   3.7691619749379832e-02
   3.4424281876659878e-02
