   7.1322848464099649e-04
   6.4023810876192677e-04
   5.7475402803369474e-04
   5.1600849329152642e-04
   4.6331275926058123e-04
   4.1604900965384927e-04
   3.7366311382820233e-04
   3.3565813008420167e-04
   3.0158847944680711e-04
   2.7105472162334968e-04
   2.4369887189400392e-04
   2.1920020403114743e-04
   1.9727149004168738e-04
   1.7765563264739766e-04
   1.6012265102253385e-04
   1.4446698444942898e-04
   1.3050508227994644e-04
   1.1807325194726015e-04
   1.0702573979778393e-04
   9.7233022242646495e-05
   8.8580287193896088e-05
   8.0966087981528256e-05
   7.4301153969610532e-05
   6.8507343926937453e-05
   6.3516729881323410e-05
   5.9270800716452405e-05
   5.5719776174086361e-05
   5.2822023218847380e-05
   5.0543567922907792e-05
   4.8857697147817464e-05
   4.7744645353498006e-05
   4.7191362862483078e-05
   4.7191362862483078e-05
   4.7744645353498006e-05
   4.8857697147817458e-05
   5.0543567922907785e-05
   5.2822023218847367e-05
   5.5719776174086340e-05
   5.9270800716452378e-05
   6.3516729881323396e-05
   6.8507343926937426e-05
   7.4301153969610505e-05
   8.0966087981528215e-05
   8.8580287193896061e-05
   9.7233022242646454e-05
   1.0702573979778390e-04
   1.1807325194726013e-04
   1.3050508227994642e-04
   1.4446698444942895e-04
   1.6012265102253382e-04
   1.7765563264739766e-04
   1.9727149004168741e-04
   2.1920020403114746e-04
   2.4369887189400400e-04
   2.7105472162334974e-04
   3.0158847944680722e-04
   3.3565813008420184e-04
   3.7366311382820239e-04
   4.1604900965384938e-04
   4.6331275926058145e-04
   5.1600849329152664e-04
   5.7475402803369496e-04
   6.4023810876192699e-04
   7.1322848464099660e-04
   8.3676959710910935e-04
   1.0126780428847675e-03
   1.2009049164307117e-03
   1.4037398388445225e-03
   1.6236501200739160e-03
   1.8633107690541725e-03
   2.1256370292414188e-03
   2.4138198348754351e-03
   2.7313646186636971e-03
   3.0821339421084281e-03
   3.4703944658673121e-03
   3.9008688298713696e-03
   4.3787930720060276e-03
   4.9099802806416935e-03
   5.5008912508882667e-03
   6.1587129979144397e-03
   6.8914460738417468e-03
   7.7080017384632228e-03
   8.6183101492395275e-03
   9.6334408635790191e-03
   1.0765737087148538e-02
   1.2028965256605347e-02
   1.3438481714184153e-02
   1.5011418415145902e-02
   1.6766889806750659e-02
   1.8726223227832958e-02
   2.0913215398612461e-02
   2.3354417796546324e-02
   2.6079453938565412e-02
   2.9121371801765883e-02
   3.2517034796830414e-02
   3.6307554836577841e-02
   4.0538771080544052e-02
   4.5261777834478975e-02
   5.0533504768833497e-02
   5.6417351990826911e-02
   6.2983881417811333e-02
   7.0311564156616727e-02
   7.8487580919133507e-02
   8.7608668519738961e-02
   9.5192245233159653e-02
   1.0128549568440694e-01
   1.0854621123223743e-01
   1.1705489453009688e-01
   1.2690503950066254e-01
   1.3820365131989087e-01
   1.5107170999834638e-01
   1.6564450558438687e-01
   1.8207174435175283e-01
   2.0051728691153770e-01
   2.2115832844196112e-01
   2.4418376541199754e-01
   2.6979140977537119e-01
   2.9818360919905024e-01
   3.2956071165565543e-01
   3.6411168106899761e-01
   4.0200104341159160e-01
   4.4335125081482296e-01
   4.8821954922941957e-01
   5.3656860934771811e-01
   5.8823065553012743e-01
   6.4286576269535234e-01
   6.9991655396552022e-01
   7.5856382979623938e-01
   8.1769061298215839e-01
   8.7586525342986765e-01
   9.3135659702919893e-01
   9.8219418484766907e-01
   1.0262821534630000e+00
   1.0615657358659432e+00
   1.0862347688836393e+00
   1.0989331588397491e+00
   1.0989331588397564e+00
   1.0862347688836609e+00
   1.0615657358659778e+00
   1.0262821534630460e+00
   9.8219418484772381e-01
   9.3135659702926032e-01
   8.7586525342993315e-01
   8.1769061298222601e-01
   7.5856382979630721e-01
   6.9991655396558672e-01
   6.4286576269541651e-01
   5.8823065553018838e-01
   5.3656860934777517e-01
   4.8821954922947258e-01
   4.4335125081487181e-01
   4.0200104341163634e-01
   3.6411168106903830e-01
   3.2956071165569223e-01
   2.9818360919908338e-01
   2.6979140977540078e-01
   2.4418376541202380e-01
   2.2115832844198435e-01
   2.0051728691155804e-01
   1.8207174435177051e-01
   1.6564450558440205e-01
   1.5107170999835923e-01
   1.3820365131990153e-01
   1.2690503950067109e-01
   1.1705489453010344e-01
   1.0854621123224205e-01
   1.0128549568440968e-01
   9.5192245233160569e-02
