   2.4379983856467426e-02
   2.3269587483926987e-02
   2.2219128000609694e-02
   2.1225920140569666e-02
   2.0287422378532545e-02
   1.9401230959978484e-02
   1.8565074202773327e-02
   1.7776807067515357e-02
   1.7034405992789766e-02
   1.6335963990771106e-02
   1.5679685998050794e-02
   1.5063884476163348e-02
   1.4486975256015926e-02
   1.3947473620269671e-02
   1.3443990617660185e-02
   1.2975229603262252e-02
   1.2539982998787768e-02
   1.2137129267144197e-02
   1.1765630095664630e-02
   1.1424527782641110e-02
   1.1112942822044091e-02
   1.0830071681586721e-02
   1.0575184769588320e-02
   1.0347624586403294e-02
   1.0146804056506217e-02
   9.9722050376583760e-03
   9.8233770039235623e-03
   9.6999358996493496e-03
   9.6015631618832954e-03
   9.5280049090500987e-03
   9.4790712940749870e-03
   9.4546360204996772e-03
   9.4546360204996772e-03
   9.4790712940749870e-03
   9.5280049090500987e-03
   9.6015631618832954e-03
   9.6999358996493496e-03
   9.8233770039235623e-03
   9.9722050376583760e-03
   1.0146804056506215e-02
   1.0347624586403292e-02
   1.0575184769588320e-02
   1.0830071681586721e-02
   1.1112942822044091e-02
   1.1424527782641110e-02
   1.1765630095664632e-02
   1.2137129267144197e-02
   1.2539982998787768e-02
   1.2975229603262254e-02
   1.3443990617660185e-02
   1.3947473620269671e-02
   1.4486975256015925e-02
   1.5063884476163346e-02
   1.5679685998050790e-02
   1.6335963990771109e-02
   1.7034405992789770e-02
   1.7776807067515353e-02
   1.8565074202773327e-02
   1.9401230959978488e-02
   2.0287422378532548e-02
   2.1225920140569666e-02
   2.2219128000609698e-02
   2.3269587483926990e-02
   2.4379983856467426e-02
   2.6161547745311590e-02
   2.8621347020622606e-02
   3.1157475767046149e-02
   3.3776603041815879e-02
   3.6485590892617312e-02
   3.9291507522165654e-02
   4.2201640131110045e-02
   4.5223507327477229e-02
   4.8364870966633278e-02
   5.1633747257576960e-02
   5.5038416938722676e-02
   5.8587434288562452e-02
   6.2289634693026820e-02
   6.6154140441242015e-02
   7.0190364363893726e-02
   7.4408010862691373e-02
   7.8817073804580140e-02
   8.3427830669454903e-02
   8.8250832244291810e-02
   9.3296887049000674e-02
   9.8577039559213389e-02
   1.0410254115818694e-01
   1.0988481260387532e-01
   1.1593539663837622e-01
   1.2226589919643499e-01
   1.2888791748949244e-01
   1.3581295305514515e-01
   1.4305230767374152e-01
   1.5061695987114793e-01
   1.5851741955910623e-01
   1.6676355822492683e-01
   1.7536441198730421e-01
   1.8432795480623076e-01
   1.9366083919908439e-01
   2.0336810200472086e-01
   2.1345283309195059e-01
   2.2391580547373416e-01
   2.3475506611538668e-01
   2.4596548787027406e-01
   2.5753828449828275e-01
   2.6642553871501756e-01
   2.7260231808856678e-01
   2.7909360351548218e-01
   2.8588761728034573e-01
   2.9297057507830876e-01
   3.0032648081260366e-01
   3.0793692193580086e-01
   3.1578087001429794e-01
   3.2383449212991350e-01
   3.3207097969971433e-01
   3.4046040225496677e-01
   3.4896959461904642e-01
   3.5756208669543632e-01
   3.6619808564073381e-01
   3.7483452046303400e-01
   3.8342515895515294e-01
   3.9192080624576930e-01
   4.0026959303783471e-01
   4.0841735972844118e-01
   4.1630814002372701e-01
   4.2388474437540025e-01
   4.3108943962650886e-01
   4.3786471678281330e-01
   4.4415413401245946e-01
   4.4990321707916753e-01
   4.5506039474990601e-01
   4.5957794264303853e-01
   4.6341290586377409e-01
   4.6652796895205201e-01
   4.6889224142158809e-01
   4.7048192867427324e-01
   4.7128086137630854e-01
   4.7128086137630854e-01
   4.7048192867427324e-01
   4.6889224142158803e-01
   4.6652796895205195e-01
   4.6341290586377409e-01
   4.5957794264303847e-01
   4.5506039474990595e-01
   4.4990321707916747e-01
   4.4415413401245940e-01
   4.3786471678281330e-01
   4.3108943962650886e-01
   4.2388474437540019e-01
   4.1630814002372696e-01
   4.0841735972844118e-01
   4.0026959303783466e-01
   3.9192080624576925e-01
   3.8342515895515289e-01
   3.7483452046303395e-01
   3.6619808564073375e-01
   3.5756208669543638e-01
   3.4896959461904636e-01
   3.4046040225496671e-01
   3.3207097969971427e-01
   3.2383449212991344e-01
   3.1578087001429794e-01
   3.0793692193580086e-01
   3.0032648081260360e-01
   2.9297057507830876e-01
   2.8588761728034567e-01
   2.7909360351548212e-01
   2.7260231808856672e-01
   2.6642553871501756e-01
