   5.8846110673208094e-04
   5.2665218454680683e-04
   4.7136181059664694e-04
   4.2190563814185292e-04
   3.7767153208906925e-04
   3.3811199245365196e-04
   3.0273737781427897e-04
   2.7110984488942547e-04
   2.4283792922749693e-04
   2.1757169993664646e-04
   1.9499842848463150e-04
   1.7483871796134892e-04
   1.5684304489560174e-04
   1.4078867082369830e-04
   1.2647688538382882e-04
   1.1373054681343046e-04
   1.0239188940770542e-04
   9.2320570801653418e-05
   8.3391934906303349e-05
   7.5495468999016023e-05
   6.8533435870814094e-05
   6.2419664100415190e-05
   5.7078481481817738e-05
   5.2443778404139830e-05
   4.8458189590865640e-05
   4.5072384070624464e-05
   4.2244454591240794e-05
   3.9939398919634689e-05
   3.8128686607451604e-05
   3.6789905860137548e-05
   3.5906486138641866e-05
   3.5467493060297226e-05
   3.5467493060297226e-05
   3.5906486138641873e-05
   3.6789905860137562e-05
   3.8128686607451624e-05
   3.9939398919634717e-05
   4.2244454591240828e-05
   4.5072384070624491e-05
   4.8458189590865681e-05
   5.2443778404139864e-05
   5.7078481481817793e-05
   6.2419664100415230e-05
   6.8533435870814162e-05
   7.5495468999016091e-05
   8.3391934906303431e-05
   9.2320570801653512e-05
   1.0239188940770551e-04
   1.1373054681343056e-04
   1.2647688538382896e-04
   1.4078867082369844e-04
   1.5684304489560187e-04
   1.7483871796134901e-04
   1.9499842848463158e-04
   2.1757169993664655e-04
   2.4283792922749701e-04
   2.7110984488942547e-04
   3.0273737781427902e-04
   3.3811199245365202e-04
   3.7767153208906931e-04
   4.2190563814185298e-04
   4.7136181059664694e-04
   5.2665218454680683e-04
   5.8846110673208094e-04
   6.9338439797115550e-04
   8.4304280899723542e-04
   1.0035274323405936e-03
   1.1768991782814115e-03
   1.3653844473579810e-03
   1.5714037196992102e-03
   1.7976026359800750e-03
   2.0468859688441746e-03
   2.3224549206384130e-03
   2.6278482258547801e-03
   2.9669875853003689e-03
   3.3442280143163540e-03
   3.7644137500115788e-03
   4.2329404332175618e-03
   4.7558243605420091e-03
   5.3397796914146827e-03
   5.9923045953834018e-03
   6.7217774372090727e-03
   7.5375642226754589e-03
   8.4501386676698268e-03
   9.4712164082191574e-03
   1.0613905040962690e-02
   1.1892871873070282e-02
   1.3324531468709126e-02
   1.4927255306241654e-02
   1.6721606106163939e-02
   1.8730599653092084e-02
   2.0979997213037692e-02
   2.3498631934629827e-02
   2.6318772911300234e-02
   2.9476530857310616e-02
   3.3012309593391118e-02
   3.6971307717174093e-02
   4.1404074904819087e-02
   4.6367127188433228e-02
   5.1923625186090144e-02
   5.8144118494987837e-02
   6.5107358106184288e-02
   7.2901176497976117e-02
   8.1623431646215036e-02
   8.8898578783886351e-02
   9.4776083263673913e-02
   1.0181025251186102e-01
   1.1008421896493796e-01
   1.1969501869343320e-01
   1.3075426730030545e-01
   1.4338881333470743e-01
   1.5774130116200508e-01
   1.7397054612869456e-01
   1.9225158512291687e-01
   2.1277521213332537e-01
   2.3574673757363934e-01
   2.6138361826766554e-01
   2.8991148902148961e-01
   3.2155798573682737e-01
   3.5654358799467589e-01
   3.9506853930105462e-01
   4.3729475547075908e-01
   4.8332156196438003e-01
   5.3315420394729640e-01
   5.8666449300078050e-01
   6.4354388933265017e-01
   7.0325099719873008e-01
   7.6495806449494463e-01
   8.2750462849490969e-01
   8.8937051682534596e-01
   9.4868387212830274e-01
   1.0032807516710702e+00
   1.0508286550486439e+00
   1.0890151026876762e+00
   1.1157845462760945e+00
   1.1295868818531647e+00
   1.1295868818531623e+00
   1.1157845462760874e+00
   1.0890151026876647e+00
   1.0508286550486288e+00
   1.0032807516710522e+00
   9.4868387212828253e-01
   8.8937051682532442e-01
   8.2750462849488760e-01
   7.6495806449492276e-01
   7.0325099719870854e-01
   6.4354388933262974e-01
   5.8666449300076107e-01
   5.3315420394727819e-01
   4.8332156196436321e-01
   4.3729475547074376e-01
   3.9506853930104074e-01
   3.5654358799466329e-01
   3.2155798573681610e-01
   2.8991148902147951e-01
   2.6138361826765655e-01
   2.3574673757363135e-01
   2.1277521213331838e-01
   1.9225158512291068e-01
   1.7397054612868923e-01
   1.5774130116200052e-01
   1.4338881333470360e-01
   1.3075426730030229e-01
   1.1969501869343065e-01
   1.1008421896493600e-01
   1.0181025251185964e-01
   9.4776083263673080e-02
   8.8898578783886087e-02
