   7.0400978226390673e-02
   6.9348100852059627e-02
   6.8333316103947259e-02
   6.7356250604680021e-02
   6.6416537163130743e-02
   6.5513815608047241e-02
   6.4647733557035500e-02
   6.3817947125118693e-02
   6.3024121576874592e-02
   6.2265931925939752e-02
   6.1543063485458405e-02
   6.0855212372850014e-02
   6.0202085972069372e-02
   5.9583403356340756e-02
   5.8998895674159578e-02
   5.8448306501174746e-02
   5.7931392160389367e-02
   5.7447922012949279e-02
   5.6997678721625887e-02
   5.6580458488943206e-02
   5.6196071271747618e-02
   5.5844340973873460e-02
   5.5525105618416788e-02
   5.5238217500994030e-02
   5.4983543325231247e-02
   5.4760964321602539e-02
   5.4570376350613452e-02
   5.4411689991205270e-02
   5.4284830615139897e-02
   5.4189738448011476e-02
   5.4126368617419221e-02
   5.4094691188726951e-02
   5.4094691188726951e-02
   5.4126368617419214e-02
   5.4189738448011476e-02
   5.4284830615139897e-02
   5.4411689991205270e-02
   5.4570376350613452e-02
   5.4760964321602539e-02
   5.4983543325231241e-02
   5.5238217500994037e-02
   5.5525105618416788e-02
   5.5844340973873467e-02
   5.6196071271747618e-02
   5.6580458488943206e-02
   5.6997678721625894e-02
   5.7447922012949279e-02
   5.7931392160389367e-02
   5.8448306501174746e-02
   5.8998895674159578e-02
   5.9583403356340756e-02
   6.0202085972069379e-02
   6.0855212372850014e-02
   6.1543063485458412e-02
   6.2265931925939759e-02
   6.3024121576874606e-02
   6.3817947125118693e-02
   6.4647733557035514e-02
   6.5513815608047254e-02
   6.6416537163130757e-02
   6.7356250604680021e-02
   6.8333316103947259e-02
   6.9348100852059627e-02
   7.0400978226390673e-02
   7.2058291175402023e-02
   7.4322082869036230e-02
   7.6627169257530367e-02
   7.8974297838510760e-02
   8.1364179530823533e-02
   8.3797484549491361e-02
   8.6274837982131064e-02
   8.8796815055185788e-02
   9.1363936078976082e-02
   9.3976661061440037e-02
   9.6635383981542131e-02
   9.9340426714715893e-02
   1.0209203260439643e-01
   1.0489035967573254e-01
   1.0773547348997753e-01
   1.1062733964087967e-01
   1.1356581589766593e-01
   1.1655064400296847e-01
   1.1958144113832278e-01
   1.2265769107469665e-01
   1.2577873503092382e-01
   1.2894376226893814e-01
   1.3215180046135103e-01
   1.3540170587419828e-01
   1.3869215341559835e-01
   1.4202162660960430e-01
   1.4538840756366017e-01
   1.4879056700775098e-01
   1.5222595449348916e-01
   1.5569218885192357e-01
   1.5918664901967089e-01
   1.6270646535390706e-01
   1.6624851156764442e-01
   1.6980939742734444e-01
   1.7338546236503599e-01
   1.7697277016644525e-01
   1.8056710490488304e-01
   1.8416396829743584e-01
   1.8775857866499565e-01
   1.9134587168044676e-01
   1.9401053392981132e-01
   1.9574901320232080e-01
   1.9746857657629960e-01
   1.9916648406010357e-01
   2.0083996390899286e-01
   2.0248621927521196e-01
   2.0410243533864442e-01
   2.0568578690068917e-01
   2.0723344641876543e-01
   2.0874259245347329e-01
   2.1021041849497590e-01
   2.1163414212970177e-01
   2.1301101450306978e-01
   2.1433833002869720e-01
   2.1561343628955287e-01
   2.1683374407184969e-01
   2.1799673746823003e-01
   2.1909998398306807e-01
   2.2014114456958575e-01
   2.2111798352603518e-01
   2.2202837817651194e-01
   2.2287032826109859e-01
   2.2364196496004649e-01
   2.2434155947762760e-01
   2.2496753111315149e-01
   2.2551845474945231e-01
   2.2599306769289906e-01
   2.2639027580364229e-01
   2.2670915886033513e-01
   2.2694897510989651e-01
   2.2710916495993599e-01
   2.2718935377914248e-01
   2.2718935377914248e-01
   2.2710916495993599e-01
   2.2694897510989651e-01
   2.2670915886033513e-01
   2.2639027580364227e-01
   2.2599306769289906e-01
   2.2551845474945231e-01
   2.2496753111315149e-01
   2.2434155947762760e-01
   2.2364196496004649e-01
   2.2287032826109859e-01
   2.2202837817651191e-01
   2.2111798352603515e-01
   2.2014114456958572e-01
   2.1909998398306804e-01
   2.1799673746823001e-01
   2.1683374407184969e-01
   2.1561343628955285e-01
   2.1433833002869718e-01
   2.1301101450306975e-01
   2.1163414212970177e-01
   2.1021041849497588e-01
   2.0874259245347329e-01
   2.0723344641876540e-01
   2.0568578690068914e-01
   2.0410243533864439e-01
   2.0248621927521196e-01
   2.0083996390899284e-01
   1.9916648406010351e-01
   1.9746857657629957e-01
   1.9574901320232080e-01
   1.9401053392981130e-01
