   4.8607020632177617e-02
   4.7290801249279903e-02
   4.6030729266952321e-02
   4.4825412968480943e-02
   4.3673513200083586e-02
   4.2573743114395747e-02
   4.1524867844096570e-02
   4.0525704117882110e-02
   3.9575119829755472e-02
   3.8672033571479435e-02
   3.7815414137017493e-02
   3.7004280006866050e-02
   3.6237698819344973e-02
   3.5514786835158421e-02
   3.4834708400856271e-02
   3.4196675416211117e-02
   3.3599946809971686e-02
   3.3043828027954150e-02
   3.2527670536983390e-02
   3.2050871347792234e-02
   3.1612872559622994e-02
   3.1213160928948686e-02
   3.0851267464437577e-02
   3.0526767050019575e-02
   3.0239278097674991e-02
   2.9988462231350550e-02
   2.9774024003213030e-02
   2.9595710643273689e-02
   2.9453311843255420e-02
   2.9346659575426266e-02
   2.9275627946985794e-02
   2.9240133090462916e-02
   2.9240133090462916e-02
   2.9275627946985790e-02
   2.9346659575426266e-02
   2.9453311843255420e-02
   2.9595710643273685e-02
   2.9774024003213027e-02
   2.9988462231350543e-02
   3.0239278097674984e-02
   3.0526767050019568e-02
   3.0851267464437566e-02
   3.1213160928948679e-02
   3.1612872559622980e-02
   3.2050871347792227e-02
   3.2527670536983376e-02
   3.3043828027954136e-02
   3.3599946809971672e-02
   3.4196675416211096e-02
   3.4834708400856257e-02
   3.5514786835158400e-02
   3.6237698819344952e-02
   3.7004280006866029e-02
   3.7815414137017465e-02
   3.8672033571479414e-02
   3.9575119829755451e-02
   4.0525704117882096e-02
   4.1524867844096564e-02
   4.2573743114395733e-02
   4.3673513200083572e-02
   4.4825412968480936e-02
   4.6030729266952314e-02
   4.7290801249279903e-02
   4.8607020632177624e-02
   5.0693278884620711e-02
   5.3554091991294128e-02
   5.6480198484581308e-02
   5.9474802185596226e-02
   6.2541121805143540e-02
   6.5682386790911387e-02
   6.8901832321948756e-02
   7.2202693360704243e-02
   7.5588197665589218e-02
   7.9061557659482015e-02
   8.2625961041891419e-02
   8.6284560024752752e-02
   9.0040459064175182e-02
   9.3896700953066056e-02
   9.7856251132636254e-02
   1.0192198007460483e-01
   1.0609664358077829e-01
   1.1038286084296060e-01
   1.1478309010429426e-01
   1.1929960176366036e-01
   1.2393444876827903e-01
   1.2868943414683776e-01
   1.3356607554711822e-01
   1.3856556665906244e-01
   1.4368873542748656e-01
   1.4893599898926094e-01
   1.5430731530885272e-01
   1.5980213153484382e-01
   1.6541932915958232e-01
   1.7115716613567419e-01
   1.7701321618766350e-01
   1.8298430565592552e-01
   1.8906644832321917e-01
   1.9525477880285955e-01
   2.0154348521097842e-01
   2.0792574200309816e-01
   2.1439364402575289e-01
   2.2093814301469777e-01
   2.2754898795878870e-01
   2.3421467093804313e-01
   2.3921484513315117e-01
   2.4253793927417483e-01
   2.4588442679530131e-01
   2.4924688325932667e-01
   2.5261752802441279e-01
   2.5598823437625096e-01
   2.5935054349459291e-01
   2.6269568250194480e-01
   2.6601458680910817e-01
   2.6929792693045945e-01
   2.7253613989112768e-01
   2.7571946528856822e-01
   2.7883798600271126e-01
   2.8188167347248622e-01
   2.8484043737303893e-01
   2.8770417943868121e-01
   2.9046285108323244e-01
   2.9310651437398799e-01
   2.9562540582045077e-01
   2.9801000234686670e-01
   3.0025108873136752e-01
   3.0233982571713480e-01
   3.0426781793544644e-01
   3.0602718072960916e-01
   3.0761060493524389e-01
   3.0901141865839399e-01
   3.1022364510019024e-01
   3.1124205550641126e-01
   3.1206221637259407e-01
   3.1268053010995139e-01
   3.1309426847301108e-01
   3.1330159816458214e-01
   3.1330159816458220e-01
   3.1309426847301114e-01
   3.1268053010995145e-01
   3.1206221637259418e-01
   3.1124205550641143e-01
   3.1022364510019051e-01
   3.0901141865839421e-01
   3.0761060493524411e-01
   3.0602718072960944e-01
   3.0426781793544672e-01
   3.0233982571713508e-01
   3.0025108873136774e-01
   2.9801000234686692e-01
   2.9562540582045099e-01
   2.9310651437398821e-01
   2.9046285108323266e-01
   2.8770417943868137e-01
   2.8484043737303916e-01
   2.8188167347248638e-01
   2.7883798600271142e-01
   2.7571946528856844e-01
   2.7253613989112785e-01
   2.6929792693045962e-01
   2.6601458680910828e-01
   2.6269568250194492e-01
   2.5935054349459302e-01
   2.5598823437625101e-01
   2.5261752802441290e-01
   2.4924688325932670e-01
   2.4588442679530134e-01
   2.4253793927417483e-01
   2.3921484513315117e-01
