   7.8504927495430948e-02
   7.7602882542156068e-02
   7.6731789859229405e-02
   7.5891500860668856e-02
   7.5081865832760206e-02
   7.4302734659900213e-02
   7.3553957506791515e-02
   7.2835385458941207e-02
   7.2146871123356854e-02
   7.1488269191271561e-02
   7.0859436964663958e-02
   7.0260234848270819e-02
   6.9690526808720135e-02
   6.9150180802339783e-02
   6.8639069173125025e-02
   6.8157069022273198e-02
   6.7704062550620780e-02
   6.7279937375242738e-02
   6.6884586821400388e-02
   6.6517910190949589e-02
   6.6179813008247254e-02
   6.5870207244521292e-02
   6.5589011521595991e-02
   6.5336151295793135e-02
   6.5111559022757656e-02
   6.4915174303885853e-02
   6.4746944014964294e-02
   6.4606822417558094e-02
   6.4494771253618369e-02
   6.4410759823710598e-02
   6.4354765049197793e-02
   6.4326771518645021e-02
   6.4326771518645021e-02
   6.4354765049197793e-02
   6.4410759823710598e-02
   6.4494771253618369e-02
   6.4606822417558094e-02
   6.4746944014964294e-02
   6.4915174303885853e-02
   6.5111559022757670e-02
   6.5336151295793149e-02
   6.5589011521596005e-02
   6.5870207244521306e-02
   6.6179813008247254e-02
   6.6517910190949589e-02
   6.6884586821400388e-02
   6.7279937375242752e-02
   6.7704062550620794e-02
   6.8157069022273212e-02
   6.8639069173125025e-02
   6.9150180802339797e-02
   6.9690526808720149e-02
   7.0260234848270833e-02
   7.0859436964663972e-02
   7.1488269191271589e-02
   7.2146871123356868e-02
   7.2835385458941221e-02
   7.3553957506791542e-02
   7.4302734659900227e-02
   7.5081865832760233e-02
   7.5891500860668870e-02
   7.6731789859229418e-02
   7.7602882542156096e-02
   7.8504927495430962e-02
   7.9921992032714856e-02
   8.1855466835994622e-02
   8.3821705192760818e-02
   8.5820947995071450e-02
   8.7853400301157694e-02
   8.9919228375853824e-02
   9.2018556580829136e-02
   9.4151464113197067e-02
   9.6317981591876892e-02
   9.8518087492006287e-02
   1.0075170442875375e-01
   1.0301869529307241e-01
   1.0531885924327783e-01
   1.0765192755783111e-01
   1.1001755935637340e-01
   1.1241533719789754e-01
   1.1484476256695965e-01
   1.1730525126103704e-01
   1.1979612869452733e-01
   1.2231662513746060e-01
   1.2486587090975729e-01
   1.2744289155480440e-01
   1.3004660301923146e-01
   1.3267580686903110e-01
   1.3532918557556914e-01
   1.3800529790853994e-01
   1.4070257447651338e-01
   1.4341931345935532e-01
   1.4615367658043577e-01
   1.4890368537011936e-01
   1.5166721777549921e-01
   1.5444200517462187e-01
   1.5722562985648050e-01
   1.6001552303074382e-01
   1.6280896343344872e-01
   1.6560307659661769e-01
   1.6839483485086590e-01
   1.7118105813043238e-01
   1.7395841564959469e-01
   1.7672342851800144e-01
   1.7877266805460715e-01
   1.8010402289256894e-01
   1.8141550490320230e-01
   1.8270531132396589e-01
   1.8397163398931429e-01
   1.8521266345653054e-01
   1.8642659332031367e-01
   1.8761162470253037e-01
   1.8876597090153582e-01
   1.8988786218348430e-01
   1.9097555069611011e-01
   1.9202731548358687e-01
   1.9304146757929683e-01
   1.9401635515168689e-01
   1.9495036867688151e-01
   1.9584194611039143e-01
   1.9668957802912418e-01
   1.9749181271399605e-01
   1.9824726114278166e-01
   1.9895460186244102e-01
   1.9961258571004825e-01
   2.0022004035162638e-01
   2.0077587460867496e-01
   2.0127908254297258e-01
   2.0172874727133661e-01
   2.0212404448343543e-01
   2.0246424563745372e-01
   2.0274872081040365e-01
   2.0297694118213586e-01
   2.0314848113460501e-01
   2.0326301995066839e-01
   2.0332034309960462e-01
   2.0332034309960462e-01
   2.0326301995066839e-01
   2.0314848113460501e-01
   2.0297694118213586e-01
   2.0274872081040365e-01
   2.0246424563745372e-01
   2.0212404448343546e-01
   2.0172874727133658e-01
   2.0127908254297261e-01
   2.0077587460867496e-01
   2.0022004035162635e-01
   1.9961258571004825e-01
   1.9895460186244102e-01
   1.9824726114278166e-01
   1.9749181271399605e-01
   1.9668957802912421e-01
   1.9584194611039143e-01
   1.9495036867688154e-01
   1.9401635515168691e-01
   1.9304146757929685e-01
   1.9202731548358687e-01
   1.9097555069611014e-01
   1.8988786218348433e-01
   1.8876597090153585e-01
   1.8761162470253040e-01
   1.8642659332031369e-01
   1.8521266345653056e-01
   1.8397163398931432e-01
   1.8270531132396589e-01
   1.8141550490320232e-01
   1.8010402289256897e-01
   1.7877266805460718e-01
