   5.9216733736273451e-05
   5.1167289486816605e-05
   4.4212532875193335e-05
   3.8203671848232253e-05
   3.3012151113383825e-05
   2.8526901790101734e-05
   2.4651965170488083e-05
   2.1304439751271755e-05
   1.8412707615343835e-05
   1.5914902217554827e-05
   1.3757584794148308e-05
   1.1894601078557980e-05
   1.0286093863820212e-05
   8.8976502860806374e-06
   7.6995655859347237e-06
   6.6662075963020907e-06
   5.7754683605064440e-06
   5.0082911483215715e-06
   4.3482627508293470e-06
   3.7812623315293024e-06
   3.2951593211199208e-06
   2.8795538926261356e-06
   2.5255544645236332e-06
   2.2255874716981177e-06
   1.9732353344249802e-06
   1.7630991588313432e-06
   1.5906832314148580e-06
   1.4522988364619267e-06
   1.3449853386076551e-06
   1.2664468421552327e-06
   1.2150030720260847e-06
   1.1895534254737815e-06
   1.1895534254737817e-06
   1.2150030720260849e-06
   1.2664468421552333e-06
   1.3449853386076557e-06
   1.4522988364619276e-06
   1.5906832314148589e-06
   1.7630991588313444e-06
   1.9732353344249819e-06
   2.2255874716981194e-06
   2.5255544645236349e-06
   2.8795538926261373e-06
   3.2951593211199224e-06
   3.7812623315293036e-06
   4.3482627508293479e-06
   5.0082911483215723e-06
   5.7754683605064448e-06
   6.6662075963020916e-06
   7.6995655859347254e-06
   8.8976502860806374e-06
   1.0286093863820214e-05
   1.1894601078557982e-05
   1.3757584794148308e-05
   1.5914902217554827e-05
   1.8412707615343835e-05
   2.1304439751271758e-05
   2.4651965170488086e-05
   2.8526901790101737e-05
   3.3012151113383825e-05
   3.8203671848232260e-05
   4.4212532875193342e-05
   5.1167289486816612e-05
   5.9216733736273457e-05
   7.3364455811845107e-05
   9.3972040775679763e-05
   1.1666554103891459e-04
   1.4194868854093475e-04
   1.7038269810462365e-04
   2.0259872482285678e-04
   2.3931187391910649e-04
   2.8133707405978201e-04
   3.2960716645823651e-04
   3.8519361129303213e-04
   4.4933027105742689e-04
   5.2344079875214170e-04
   6.0917023884438700e-04
   7.0842154241759509e-04
   8.2339780700173271e-04
   9.5665117862119020e-04
   1.1111395014411630e-03
   1.2902919723080256e-03
   1.4980852572682531e-03
   1.7391317592296064e-03
   2.0187819954191888e-03
   2.3432433561308324e-03
   2.7197178793102669e-03
   3.1565620967453408e-03
   3.6634724961818977e-03
   4.2517007101395858e-03
   4.9343031986941576e-03
   5.7264309539155024e-03
   6.6456656338193983e-03
   7.7124095514810231e-03
   8.9503381203642606e-03
   1.0386924711974615e-02
   1.2054049440380812e-02
   1.3988705174653617e-02
   1.6233816119011639e-02
   1.8839186612508659e-02
   2.1862600398985382e-02
   2.5371093502428953e-02
   2.9442426984755788e-02
   3.4166789188360885e-02
   3.8253252975148574e-02
   4.1761531325477379e-02
   4.6161863859375291e-02
   5.1547900343762193e-02
   5.8034127008758443e-02
   6.5758184668796238e-02
   7.4883610512923068e-02
   8.5603023257883187e-02
   9.8141759619565311e-02
   1.1276194708316616e-01
   1.2976695723445961e-01
   1.4950611554407164e-01
   1.7237943257896382e-01
   1.9884194613752099e-01
   2.2940699196708855e-01
   2.6464730807322834e-01
   3.0519226510590725e-01
   3.5171863094820738e-01
   4.0493104798810658e-01
   4.6552678470673009e-01
   5.3413738462293914e-01
   6.1123789937548911e-01
   6.9701330560766361e-01
   7.9117322222254538e-01
   8.9271321763608791e-01
   9.9963812675698482e-01
   1.1086939285149382e+00
   1.2151991601294512e+00
   1.3131109897228124e+00
   1.3954709324981778e+00
   1.4553027626710857e+00
   1.4868556126217916e+00
   1.4868556126219565e+00
   1.4553027626715636e+00
   1.3954709324989203e+00
   1.3131109897237518e+00
   1.2151991601305137e+00
   1.1086939285160555e+00
   9.9963812675810160e-01
   8.9271321763716360e-01
   7.9117322222355313e-01
   6.9701330560858865e-01
   6.1123789937632533e-01
   5.3413738462368621e-01
   4.6552678470739156e-01
   4.0493104798868845e-01
   3.5171863094871658e-01
   3.0519226510635089e-01
   2.6464730807361370e-01
   2.2940699196742226e-01
   1.9884194613780912e-01
   1.7237943257921190e-01
   1.4950611554428458e-01
   1.2976695723464171e-01
   1.1276194708332110e-01
   9.8141759619696303e-02
   8.5603023257992961e-02
   7.4883610513013926e-02
   6.5758184668870082e-02
   5.8034127008816841e-02
   5.1547900343806366e-02
   4.6161863859406196e-02
   4.1761531325495663e-02
   3.8253252975154625e-02
