   4.5812984674613638e-01
   4.5529521806931539e-01
   4.5217517147929848e-01
   4.4879634202862168e-01
   4.4518699984472254e-01
   4.4137668920634421e-01
   4.3739587168688143e-01
   4.3327558043124642e-01
   4.2904709166294985e-01
   4.2474161843045427e-01
   4.2039003045704687e-01
   4.1602260281201831e-01
   4.1166879502059911e-01
   4.0735706121427068e-01
   4.0311469102000685e-01
   3.9896768011497397e-01
   3.9494062874123920e-01
   3.9105666598412447e-01
   3.8733739726247307e-01
   3.8380287224886594e-01
   3.8047157031896472e-01
   3.7736040060600767e-01
   3.7448471379269810e-01
   3.7185832289228010e-01
   3.6949353043852934e-01
   3.6740115970733528e-01
   3.6559058781904541e-01
   3.6406977881136615e-01
   3.6284531502000644e-01
   3.6192242535300029e-01
   3.6130500929113590e-01
   3.6099565568910158e-01
   3.6099565568910158e-01
   3.6130500929113590e-01
   3.6192242535300034e-01
   3.6284531502000650e-01
   3.6406977881136615e-01
   3.6559058781904541e-01
   3.6740115970733533e-01
   3.6949353043852939e-01
   3.7185832289228016e-01
   3.7448471379269815e-01
   3.7736040060600773e-01
   3.8047157031896472e-01
   3.8380287224886594e-01
   3.8733739726247313e-01
   3.9105666598412459e-01
   3.9494062874123931e-01
   3.9896768011497402e-01
   4.0311469102000697e-01
   4.0735706121427073e-01
   4.1166879502059911e-01
   4.1602260281201831e-01
   4.2039003045704698e-01
   4.2474161843045438e-01
   4.2904709166294991e-01
   4.3327558043124648e-01
   4.3739587168688149e-01
   4.4137668920634421e-01
   4.4518699984472265e-01
   4.4879634202862179e-01
   4.5217517147929848e-01
   4.5529521806931544e-01
   4.5812984674613644e-01
   4.6196363447334926e-01
   4.6674966192591794e-01
   4.7113351829807310e-01
   4.7507268454064172e-01
   4.7852802815976508e-01
   4.8146449500029537e-01
   4.8385175616155163e-01
   4.8566478813937858e-01
   4.8688436556376136e-01
   4.8749744831983760e-01
   4.8749744831983766e-01
   4.8688436556376136e-01
   4.8566478813937863e-01
   4.8385175616155168e-01
   4.8146449500029548e-01
   4.7852802815976525e-01
   4.7507268454064189e-01
   4.7113351829807332e-01
   4.6674966192591816e-01
   4.6196363447334954e-01
   4.5812984674613672e-01
   4.5529521806931572e-01
   4.5217517147929870e-01
   4.4879634202862195e-01
   4.4518699984472276e-01
   4.4137668920634432e-01
   4.3739587168688154e-01
   4.3327558043124648e-01
   4.2904709166294991e-01
   4.2474161843045427e-01
   4.2039003045704681e-01
   4.1602260281201819e-01
   4.1166879502059894e-01
   4.0735706121427051e-01
   4.0311469102000674e-01
   3.9896768011497374e-01
   3.9494062874123892e-01
   3.9105666598412420e-01
   3.8733739726247268e-01
   3.8380287224886556e-01
   3.8047157031896439e-01
   3.7736040060600728e-01
   3.7448471379269765e-01
   3.7185832289227966e-01
   3.6949353043852884e-01
   3.6740115970733472e-01
   3.6559058781904485e-01
   3.6406977881136560e-01
   3.6284531502000589e-01
   3.6192242535299973e-01
   3.6130500929113535e-01
   3.6099565568910102e-01
   3.6099565568910102e-01
   3.6130500929113535e-01
   3.6192242535299979e-01
   3.6284531502000589e-01
   3.6406977881136565e-01
   3.6559058781904485e-01
   3.6740115970733483e-01
   3.6949353043852889e-01
   3.7185832289227966e-01
   3.7448471379269771e-01
   3.7736040060600728e-01
   3.8047157031896439e-01
   3.8380287224886556e-01
   3.8733739726247279e-01
   3.9105666598412420e-01
   3.9494062874123897e-01
   3.9896768011497380e-01
   4.0311469102000674e-01
   4.0735706121427051e-01
   4.1166879502059900e-01
   4.1602260281201819e-01
   4.2039003045704687e-01
   4.2474161843045433e-01
   4.2904709166294991e-01
   4.3327558043124653e-01
   4.3739587168688160e-01
   4.4137668920634432e-01
   4.4518699984472276e-01
   4.4879634202862195e-01
   4.5217517147929870e-01
   4.5529521806931572e-01
   4.5812984674613672e-01
