   6.2282344367732734e-01
   6.1917678084095940e-01
   6.1580315520251427e-01
   6.1005926227258045e-01
   6.0566234930137353e-01
   5.9866713107935998e-01
   5.9680300406184184e-01
   5.9837451923039320e-01
   6.0246470396250473e-01
   6.0930572288102935e-01
   6.1898194401705697e-01
   6.3091944704680625e-01
   6.4456298950297741e-01
   6.5983502590879284e-01
   6.7684874339085033e-01
   6.9552772558930953e-01
   7.1560576147591592e-01
   7.3686231417794024e-01
   7.5923232431041021e-01
   7.8272292006167965e-01
   8.0731184630373609e-01
   8.3294330746388789e-01
   8.5958201836124759e-01
   8.8724174495777330e-01
   9.1596938055495603e-01
   9.4582109757129440e-01
   9.7685868548995403e-01
   1.0091603755250349e+00
   1.0428282047501460e+00
   1.0779861377284774e+00
   1.1147757377130747e+00
   1.1533558115658951e+00
   1.1939055356460730e+00
   1.2366273907968361e+00
   1.2817484369954475e+00
   1.3295213054193022e+00
   1.3802265730395209e+00
   1.4341769124091543e+00
   1.4917227892109863e+00
