   8.1863495045024570e-01
   8.1724264140952685e-01
   8.1446969827621374e-01
   8.1033923154080645e-01
   8.0488531751153514e-01
   7.9815231589362867e-01
   7.9019399977808003e-01
   7.8107252916422354e-01
   7.7085730340760195e-01
   7.5962373035384867e-01
   7.4745195038813317e-01
   7.3442555232750639e-01
   7.2063031524826204e-01
   7.0615300628752531e-01
   6.9108025954591235e-01
   6.7549755581364834e-01
   6.5948831729308477e-01
   6.4313312610017326e-01
   6.2650907034189884e-01
   6.0968921716623914e-01
   5.9274220847998915e-01
   5.7573197208091753e-01
   5.5871753875493679e-01
   5.4175295440570603e-01
   5.2488727544290681e-01
   5.0816463536713707e-01
   4.9162437065572490e-01
   4.7530119457546927e-01
   4.5922540833101239e-01
   4.4342313991601645e-01
   4.2791660209486815e-01
   4.1272436204424423e-01
   3.9786161627815325e-01
   3.8334046553050610e-01
   3.6917018524997836e-01
   3.5535748825613106e-01
   3.4190677690418964e-01
   3.2882038280522774e-01
   3.1609879274997832e-01
   3.0374085999255940e-01
   2.9174400047174437e-01
   2.8010437389001591e-01
   2.6881704984319105e-01
   2.5787615940467923e-01
   2.4727503272699730e-01
   2.3700632333707489e-01
   2.2706211987855709e-01
   2.1743404610040579e-01
   2.0811334991252167e-01
   1.9909098233097161e-01
   1.9035766712211630e-01
   1.8190396193020553e-01
   1.7372031163994681e-01
   1.6579709468672096e-01
   1.5812466298458622e-01
   1.5069337609765185e-01
   1.4349363023511813e-01
   1.3651588260528860e-01
   1.2975067161992526e-01
   1.2318863339799775e-01
   1.1841254458267390e-01
   1.1541556998646144e-01
   1.1260134936962025e-01
   1.0996578784989321e-01
   1.0750502623352426e-01
   1.0521544058543937e-01
   1.0309364151122047e-01
   1.0113647321955202e-01
   9.9341012425681885e-02
   9.7704567149131158e-02
   9.6224675452329225e-02
   9.4899104160961006e-02
   9.3725847601519793e-02
   9.2703126386794274e-02
   9.1829386275717240e-02
   9.1103297130109506e-02
   9.0523751987307333e-02
   9.0089866264417257e-02
   8.9800977106947177e-02
   8.9656642891773358e-02
   1.1841254458267392e-01
   1.1541556998646144e-01
   1.1260134936962027e-01
   1.0996578784989321e-01
   1.0750502623352425e-01
   1.0521544058543937e-01
   1.0309364151122047e-01
   1.0113647321955202e-01
   9.9341012425681885e-02
   9.7704567149131158e-02
   9.6224675452329225e-02
   9.4899104160960993e-02
   9.3725847601519807e-02
   9.2703126386794260e-02
   9.1829386275717240e-02
   9.1103297130109520e-02
   9.0523751987307347e-02
   9.0089866264417257e-02
   8.9800977106947177e-02
   8.9656642891773344e-02
