   9.2211253760867318e-01
   9.0500969675165144e-01
   8.8151413407347889e-01
   8.5250508492824029e-01
   8.1899062397791533e-01
   7.8203226697748474e-01
   7.4267742523442160e-01
   7.0190574284859197e-01
   6.6059191276759444e-01
   6.1948463937278131e-01
   5.7919943834075793e-01
   5.4022199838879470e-01
   5.0291868255231398e-01
   4.6755112962222961e-01
   4.3429255487586432e-01
   4.0324403940143799e-01
   3.7444971667176141e-01
   3.4791025849261004e-01
   3.2359442024284069e-01
   3.0144864252238074e-01
   2.8140484805956584e-01
   2.6338664516072946e-01
   2.4731417481595422e-01
   2.3310783549875114e-01
   2.2069110046014240e-01
   2.0999261550182083e-01
   2.0094773621715942e-01
   1.9349963563809594e-01
   1.8760008771260969e-01
   1.8321000967368409e-01
   1.8029982716571719e-01
   1.7884970965246533e-01
   1.7884970965246527e-01
   1.8029982716571702e-01
   1.8321000967368387e-01
   1.8760008771260933e-01
   1.9349963563809550e-01
   2.0094773621715883e-01
   2.0999261550182013e-01
   2.2069110046014159e-01
   2.3310783549875022e-01
   2.4731417481595319e-01
   2.6338664516072829e-01
   2.8140484805956456e-01
   3.0144864252237930e-01
   3.2359442024283913e-01
   3.4791025849260843e-01
   3.7444971667175975e-01
   4.0324403940143622e-01
   4.3429255487586244e-01
   4.6755112962222761e-01
   5.0291868255231187e-01
   5.4022199838879259e-01
   5.7919943834075571e-01
   6.1948463937277909e-01
   6.6059191276759233e-01
   7.0190574284858986e-01
   7.4267742523441982e-01
   7.8203226697748307e-01
   8.1899062397791389e-01
   8.5250508492823918e-01
   8.8151413407347801e-01
   9.0500969675165088e-01
   9.2211253760867307e-01
   9.3734986395411890e-01
   9.4980402693043608e-01
   9.5371897553389251e-01
   9.4891736642355984e-01
   9.3561646491429262e-01
   9.1440444815712574e-01
   8.8617834811605845e-01
   8.5205545000272565e-01
   8.1327358311804931e-01
   7.7109530197949072e-01
   7.2672733623836050e-01
   6.8126157620560035e-01
   6.3563892555004009e-01
   5.9063368088750878e-01
   5.4685405400742992e-01
   5.0475385165208086e-01
   4.6465071974248562e-01
   4.2674726600613005e-01
   3.9115242445501724e-01
   3.5790138703492580e-01
   3.2697319561329197e-01
   2.9830563900582802e-01
   2.7180745866165612e-01
   2.4736807482495987e-01
   2.2486514595602058e-01
   2.0417030505742928e-01
   1.8515340559008656e-01
   1.6768557668282072e-01
   1.5164134523286202e-01
   1.3690003904377168e-01
   1.2334664461720443e-01
   1.1087225759712611e-01
   9.9374233774907422e-02
   8.8756123844696985e-02
   7.8927455210562880e-02
   6.9803408401371517e-02
   6.1304423342373293e-02
   5.3355761213929993e-02
   4.5887040331431907e-02
   3.8831758931220511e-02
   3.3833645062304768e-02
   3.0836802039608785e-02
   2.8108433354993901e-02
   2.5624872162174749e-02
   2.3364554060822464e-02
   2.1307837102023611e-02
   1.9436836579655874e-02
   1.7735273650524269e-02
   1.6188336828863600e-02
   1.4782555423897717e-02
   1.3505684025811761e-02
   1.2346597190792999e-02
   1.1295193526129376e-02
   1.0342308429136254e-02
   9.4796347870783650e-03
   8.6996509979968082e-03
   7.9955557235862808e-03
   7.3612088344487030e-03
   6.7910780548533440e-03
   6.2801908583999351e-03
   5.8240912076661412e-03
   5.4188007700626956e-03
   5.0607842788138587e-03
   4.7469187423618926e-03
   4.4744662377212341e-03
   4.2410500535557507e-03
   4.0446339772042244e-03
   3.8835045467223513e-03
   3.7562561144319131e-03
   3.6617785926560094e-03
   3.5992477754575054e-03
   3.5681181524672393e-03
   3.5681181524672397e-03
   3.5992477754575054e-03
   3.6617785926560099e-03
   3.7562561144319139e-03
   3.8835045467223526e-03
   4.0446339772042253e-03
   4.2410500535557515e-03
   4.4744662377212358e-03
   4.7469187423618952e-03
   5.0607842788138631e-03
   5.4188007700626990e-03
   5.8240912076661447e-03
   6.2801908583999403e-03
   6.7910780548533492e-03
   7.3612088344487091e-03
   7.9955557235862878e-03
   8.6996509979968169e-03
   9.4796347870783736e-03
   1.0342308429136264e-02
   1.1295193526129383e-02
   1.2346597190793005e-02
   1.3505684025811770e-02
   1.4782555423897724e-02
   1.6188336828863607e-02
   1.7735273650524276e-02
   1.9436836579655885e-02
   2.1307837102023625e-02
   2.3364554060822475e-02
   2.5624872162174760e-02
   2.8108433354993911e-02
   3.0836802039608795e-02
   3.3833645062304775e-02
