  -2.1717601e-01
  -2.1983158e-01
  -2.2748949e-01
  -2.3923980e-01
  -2.5363090e-01
  -2.6879545e-01
  -2.8266179e-01
  -2.9324463e-01
  -2.9897164e-01
  -2.9897164e-01
  -2.9324463e-01
  -2.8266179e-01
  -2.6879545e-01
  -2.5363090e-01
  -2.3923980e-01
  -2.2748949e-01
  -2.1983158e-01
  -2.1717601e-01
  -2.1717601e-01
  -2.1376423e-01
  -2.0356058e-01
  -1.8668342e-01
  -1.6340027e-01
  -1.3420916e-01
  -9.9910180e-02
  -6.1638143e-02
  -2.0835918e-02
   2.0835918e-02
   6.1638143e-02
   9.9910180e-02
   1.3420916e-01
   1.6340027e-01
   1.8668342e-01
   2.0356058e-01
   2.1376423e-01
   2.1717601e-01
   2.1717601e-01
   2.1983158e-01
   2.2748949e-01
   2.3923980e-01
   2.5363090e-01
   2.6879545e-01
   2.8266179e-01
   2.9324463e-01
   2.9897164e-01
   2.9897164e-01
   2.9324463e-01
   2.8266179e-01
   2.6879545e-01
   2.5363090e-01
   2.3923980e-01
   2.2748949e-01
   2.1983158e-01
   2.1717601e-01
