   1.2665841e-13
   2.6400792e-03
   1.0515201e-02
   2.3366474e-02
   4.0374429e-02
   5.9679209e-02
   7.7965642e-02
   9.0436196e-02
   9.1546243e-02
   7.6713385e-02
   4.4739304e-02
  -1.2643998e-13
  -4.7034262e-02
  -8.2137428e-02
  -9.2435950e-02
  -7.2362030e-02
  -2.7334721e-02
   2.7334721e-02
   7.2362030e-02
   9.2435950e-02
   8.2137428e-02
   4.7034262e-02
  -1.2301771e-13
  -4.4739304e-02
  -7.6713385e-02
  -9.1546243e-02
  -9.0436196e-02
  -7.7965642e-02
  -5.9679209e-02
  -4.0374429e-02
  -2.3366474e-02
  -1.0515201e-02
  -2.6400792e-03
   1.2249978e-13
   3.0054306e-14
   3.1893896e-14
   3.7823479e-14
   4.7672660e-14
   6.0120363e-14
   7.5466786e-14
   9.1067773e-14
   1.0523854e-13
   1.1434852e-13
   1.1620208e-13
   1.0813184e-13
   8.9292604e-14
   5.9176999e-14
   2.1809929e-14
  -2.0024411e-14
  -5.9983385e-14
  -9.0896840e-14
  -1.1062984e-13
  -1.1983451e-13
  -1.1713685e-13
  -1.0183400e-13
  -7.3838212e-14
  -3.8271333e-14
   1.0321097e-15
   3.8239216e-14
   6.9621312e-14
   9.2939858e-14
   1.0851033e-13
   1.1777828e-13
   1.2267671e-13
   1.2436313e-13
   1.2444611e-13
   1.2393429e-13
   1.2367441e-13
   2.5219348e-13
   2.0986469e-02
   8.3587241e-02
   1.8574435e-01
   3.2094367e-01
   4.7440087e-01
   6.1976305e-01
   7.1889375e-01
   7.2771772e-01
   6.0980863e-01
   3.5564086e-01
  -2.4995066e-13
  -3.7388390e-01
  -6.5292534e-01
  -7.3479016e-01
  -5.7521892e-01
  -2.1728867e-01
   2.1728867e-01
   5.7521892e-01
   7.3479016e-01
   6.5292534e-01
   3.7388390e-01
  -2.5075789e-13
  -3.5564086e-01
  -6.0980863e-01
  -7.2771772e-01
  -7.1889375e-01
  -6.1976305e-01
  -4.7440087e-01
  -3.2094367e-01
  -1.8574435e-01
  -8.3587241e-02
  -2.0986469e-02
   2.4672902e-13
