   5.4978734663386347e-04
   5.4085870051858137e-04
   5.1501225336063198e-04
   4.7489271955596362e-04
   4.2437583705522949e-04
   3.6791800169122584e-04
   3.0988801007824084e-04
   2.5402259136650954e-04
   2.0309291177141183e-04
   1.5880136576375189e-04
   1.2187092750418637e-04
   9.2257618105071623e-05
   6.9412162442365324e-05
   5.2532122671740988e-05
   4.0769544891407991e-05
   3.3381768488926572e-05
   2.9828890356364688e-05
   2.9828890356364688e-05
   3.3381768488926552e-05
   4.0769544891407957e-05
   5.2532122671740947e-05
   6.9412162442365269e-05
   9.2257618105071542e-05
   1.2187092750418624e-04
   1.5880136576375170e-04
   2.0309291177141159e-04
   2.5402259136650927e-04
   3.0988801007824057e-04
   3.6791800169122567e-04
   4.2437583705522944e-04
   4.7489271955596357e-04
   5.1501225336063198e-04
   5.4085870051858137e-04
   5.4978734663386347e-04
   5.4978734663386347e-04
   5.6127941086618453e-04
   5.9602156557706431e-04
   6.5487062231153281e-04
   7.3944805637330465e-04
   8.5242105091335493e-04
   9.9788161492604731e-04
   1.1818170094643761e-03
   1.4126700249070118e-03
   1.7019933604965789e-03
   2.0652048399426776e-03
   2.5224452597045481e-03
   3.0995240120251549e-03
   3.8289052536732994e-03
   4.7506361625313685e-03
   5.9130475224426389e-03
   7.3729681089486536e-03
   9.1950973356447058e-03
   1.1450094442056906e-02
   1.4210898593705895e-02
   1.7546836106284939e-02
   2.1515248363051815e-02
   2.6150729308109518e-02
   3.1452607868660908e-02
   3.7372005584854408e-02
   4.3800522423203932e-02
   5.0563152802906748e-02
   5.7418159421353435e-02
   6.4066110775548121e-02
   7.0169025270435101e-02
   7.5378689144063177e-02
   7.9371106062393684e-02
   8.1882244979907107e-02
   8.2739332747914118e-02
   8.2739332747914118e-02
   8.3427018099219069e-02
   8.5617020209984740e-02
   8.9696012116766394e-02
   9.6329772829229721e-02
   1.0650922431450852e-01
   1.2163104806690700e-01
   1.4364112923693900e-01
   1.7523752606241400e-01
   2.2015296856617630e-01
   2.8342618627406996e-01
   3.7146843997666168e-01
   4.9121991662945635e-01
   6.4687136943595724e-01
   8.3154573490934303e-01
   1.0139375091213736e+00
   1.1337155065806221e+00
   1.1337155065806586e+00
   1.0139375091214637e+00
   8.3154573490945038e-01
   6.4687136943605628e-01
   4.9121991662953762e-01
   3.7146843997672474e-01
   2.8342618627411764e-01
   2.2015296856621203e-01
   1.7523752606244042e-01
   1.4364112923695826e-01
   1.2163104806692067e-01
   1.0650922431451780e-01
   9.6329772829235577e-02
   8.9696012116769655e-02
   8.5617020209986183e-02
   8.3427018099219430e-02
   8.2739332747914118e-02
