   2.0536258588920442e-01
   2.0651322015317561e-01
   2.0990379905399675e-01
   2.1532246703019919e-01
   2.2233414463061577e-01
   2.3019939768044712e-01
   2.3785063542338342e-01
   2.4400553814182524e-01
   2.4745626699811990e-01
   2.4745626699811996e-01
   2.4400553814182538e-01
   2.3785063542338361e-01
   2.3019939768044734e-01
   2.2233414463061602e-01
   2.1532246703019944e-01
   2.0990379905399695e-01
   2.0651322015317566e-01
   2.0536258588920442e-01
   2.0536258588920442e-01
   2.0389512623876280e-01
   1.9953884744894912e-01
   1.9244616625159133e-01
   1.8290696219297795e-01
   1.7136983912832421e-01
   1.5842769400679491e-01
   1.4476012242964761e-01
   1.3104911274387543e-01
   1.1789790938426564e-01
   1.0577841579897290e-01
   9.5016257384050756e-02
   8.5806800821967150e-02
   7.8247762651335470e-02
   7.2374686324232079e-02
   6.8190560890100310e-02
   6.5686314895434222e-02
   6.4852765639441715e-02
   6.4852765639441715e-02
   6.4206792014086578e-02
   6.2367559335751693e-02
   5.9612039406569083e-02
   5.6343514684661311e-02
   5.3020906578661341e-02
   5.0087399041204704e-02
   4.7913257280023144e-02
   4.6759389781860533e-02
   4.6759389781860533e-02
   4.7913257280023151e-02
   5.0087399041204718e-02
   5.3020906578661368e-02
   5.6343514684661353e-02
   5.9612039406569131e-02
   6.2367559335751742e-02
   6.4206792014086592e-02
   6.4852765639441715e-02
