   1.9678205134853459e-02
   1.9529841013795044e-02
   1.9093548019428593e-02
   1.8394831742362429e-02
   1.7473368701813787e-02
   1.6379224452854738e-02
   1.5168391741863551e-02
   1.3898271712621289e-02
   1.2623661737639897e-02
   1.1393663396952676e-02
   1.0249725695279670e-02
   9.2248377752694628e-03
   8.3437196614777956e-03
   7.6237506113262304e-03
   7.0763269572749138e-03
   6.7083459940512936e-03
   6.5235535309653295e-03
   6.5235535309653312e-03
   6.7083459940512954e-03
   7.0763269572749130e-03
   7.6237506113262287e-03
   8.3437196614777939e-03
   9.2248377752694594e-03
   1.0249725695279668e-02
   1.1393663396952672e-02
   1.2623661737639897e-02
   1.3898271712621283e-02
   1.5168391741863551e-02
   1.6379224452854741e-02
   1.7473368701813798e-02
   1.8394831742362436e-02
   1.9093548019428603e-02
   1.9529841013795048e-02
   1.9678205134853459e-02
   1.9678205134853459e-02
   1.9868168614866216e-02
   2.0439447406422197e-02
   2.1396372947261735e-02
   2.2746697884395293e-02
   2.4502324868811907e-02
   2.6680190447859766e-02
   2.9303181696111912e-02
   3.2400944582844489e-02
   3.6010431374090331e-02
   4.0176027485348771e-02
   4.4949094198904395e-02
   5.0386762073974196e-02
   5.6549812922096689e-02
   6.3499501626900559e-02
   7.1293202302375527e-02
   7.9978828663062898e-02
   8.9588089050104888e-02
   1.0012880187832800e-01
   1.1157671718933497e-01
   1.2386754691703251e-01
   1.3689015834358922e-01
   1.5048206358286820e-01
   1.6442835681021725e-01
   1.7846503115841958e-01
   1.9228711409165483e-01
   2.0556134224303071e-01
   2.1794230261044772e-01
   2.2909031732240828e-01
   2.3868906096160511e-01
   2.4646108906690023e-01
   2.5218007159442968e-01
   2.5567934950846921e-01
   2.5685716967957800e-01
   2.5685716967957800e-01
   2.5778861501784378e-01
   2.6063221388713120e-01
   2.6553222252642533e-01
   2.7271688065854460e-01
   2.8247856136756955e-01
   2.9514243992299249e-01
   3.1101939375773918e-01
   3.3033718295368752e-01
   3.5314342913776414e-01
   3.7917699119134213e-01
   4.0771511199382970e-01
   4.3742659515917387e-01
   4.6629591473328347e-01
   4.9171451720722842e-01
   5.1082651624719955e-01
   5.2112424822893755e-01
   5.2112424822893788e-01
   5.1082651624720032e-01
   4.9171451720722931e-01
   4.6629591473328436e-01
   4.3742659515917465e-01
   4.0771511199383048e-01
   3.7917699119134285e-01
   3.5314342913776481e-01
   3.3033718295368802e-01
   3.1101939375773946e-01
   2.9514243992299266e-01
   2.8247856136756955e-01
   2.7271688065854455e-01
   2.6553222252642522e-01
   2.6063221388713120e-01
   2.5778861501784378e-01
   2.5685716967957800e-01
