   4.9584277428915561e-03
   4.9031131132025296e-03
   4.7414245882105967e-03
   4.4855485547012986e-03
   4.1539824976750232e-03
   3.7691994864180868e-03
   3.3550399027931070e-03
   2.9342797329550106e-03
   2.5267306346221964e-03
   2.1480710213645036e-03
   1.8094391388395470e-03
   1.5176813247277433e-03
   1.2760657708266740e-03
   1.0852475746063095e-03
   9.4429199482237377e-04
   8.5160931491420195e-04
   8.0570678601172565e-04
   8.0570678601172576e-04
   8.5160931491420205e-04
   9.4429199482237366e-04
   1.0852475746063093e-03
   1.2760657708266740e-03
   1.5176813247277429e-03
   1.8094391388395463e-03
   2.1480710213645027e-03
   2.5267306346221947e-03
   2.9342797329550085e-03
   3.3550399027931048e-03
   3.7691994864180846e-03
   4.1539824976750206e-03
   4.4855485547012968e-03
   4.7414245882105967e-03
   4.9031131132025304e-03
   4.9584277428915561e-03
   4.9584277428915561e-03
   5.0293934760584341e-03
   5.2432351766402187e-03
   5.6029410598884668e-03
   6.1139937274308116e-03
   6.7850784925053949e-03
   7.6289917230868611e-03
   8.6636792113850159e-03
   9.9133280641292270e-03
   1.1409431409205199e-02
   1.3191738312669513e-02
   1.5308986556426341e-02
   1.7819289607583531e-02
   2.0790010342457609e-02
   2.4296906122980307e-02
   2.8422281066265515e-02
   3.3251846051810703e-02
   3.8869985334778166e-02
   4.5353185470785325e-02
   5.2761523927626688e-02
   6.1128362578150811e-02
   7.0448751414000463e-02
   8.0667498250691874e-02
   9.1668337932437283e-02
   1.0326603012045425e-01
   1.1520338333369867e-01
   1.2715500016184875e-01
   1.3873887961385284e-01
   1.4953593496190393e-01
   1.5911618018306009e-01
   1.6706911362537663e-01
   1.7303500252937476e-01
   1.7673354287623588e-01
   1.7798672964040665e-01
   1.7798672964040665e-01
   1.7898464979313328e-01
   1.8209396876124967e-01
   1.8766136542987027e-01
   1.9626520307892892e-01
   2.0871770732403538e-01
   2.2606825568049005e-01
   2.4960196782093147e-01
   2.8081576571910660e-01
   3.2133153036233181e-01
   3.7266787165699383e-01
   4.3574069733290055e-01
   5.0992890253225776e-01
   5.9163776032928750e-01
   6.7274684952750108e-01
   7.4027536898862101e-01
   7.7927387678973858e-01
   7.7927387678973781e-01
   7.4027536898861857e-01
   6.7274684952749730e-01
   5.9163776032928328e-01
   5.0992890253225343e-01
   4.3574069733289666e-01
   3.7266787165699050e-01
   3.2133153036232903e-01
   2.8081576571910427e-01
   2.4960196782092958e-01
   2.2606825568048861e-01
   2.0871770732403436e-01
   1.9626520307892822e-01
   1.8766136542986986e-01
   1.8209396876124950e-01
   1.7898464979313322e-01
   1.7798672964040665e-01
