  -9.3863814635855219e-02
  -9.3863814635855261e-02
  -9.3863814635855400e-02
  -9.3863814635855636e-02
  -9.3863814635855941e-02
  -9.3863814635856274e-02
  -9.3863814635856635e-02
  -9.3863814635857024e-02
  -9.3863814635857398e-02
  -9.3863814635857787e-02
  -9.3863814635858148e-02
  -9.3863814635858508e-02
  -9.3863814635858828e-02
  -9.3863814635859119e-02
  -9.3863814635859341e-02
  -9.3863814635859480e-02
  -9.3863814635859577e-02
  -9.3863814635859577e-02
  -9.3863814635859466e-02
  -9.3863814635859286e-02
  -9.3863814635859036e-02
  -9.3863814635858689e-02
  -9.3863814635858328e-02
  -9.3863814635857939e-02
  -9.3863814635857537e-02
  -9.3863814635857135e-02
  -9.3863814635856760e-02
  -9.3863814635856385e-02
  -9.3863814635856080e-02
  -9.3863814635855788e-02
  -9.3863814635855539e-02
  -9.3863814635855344e-02
  -9.3863814635855247e-02
  -9.3863814635855219e-02
  -9.3863814635855219e-02
  -9.3863814635855247e-02
  -9.3863814635855330e-02
  -9.3863814635855483e-02
  -9.3863814635855677e-02
  -9.3863814635855913e-02
  -9.3863814635856177e-02
  -9.3863814635856496e-02
  -9.3863814635856815e-02
  -9.3863814635857176e-02
  -9.3863814635857537e-02
  -9.3863814635857898e-02
  -9.3863814635858273e-02
  -9.3863814635858633e-02
  -9.3863814635858966e-02
  -9.3863814635859272e-02
  -9.3863814635859563e-02
  -9.3863814635859827e-02
  -9.3863814635860049e-02
  -9.3863814635860229e-02
  -9.3863814635860382e-02
  -9.3863814635860493e-02
  -9.3863814635860562e-02
  -9.3863814635860646e-02
  -9.3863814635860701e-02
  -9.3863814635860757e-02
  -9.3863814635860798e-02
  -9.3863814635860854e-02
  -9.3863814635860895e-02
  -9.3863814635860937e-02
  -9.3863814635860965e-02
  -9.3863814635861006e-02
  -9.3863814635861034e-02
  -9.3863814635861034e-02
  -9.3863814635861034e-02
  -9.3863814635861104e-02
  -9.3863814635861270e-02
  -9.3863814635861575e-02
  -9.3863814635861964e-02
  -9.3863814635862394e-02
  -9.3863814635862838e-02
  -9.3863814635863338e-02
  -9.3863814635863824e-02
  -9.3863814635864323e-02
  -9.3863814635864809e-02
  -9.3863814635865309e-02
  -9.3863814635865780e-02
  -9.3863814635866197e-02
  -9.3863814635866502e-02
  -9.3863814635866738e-02
  -9.3863814635866863e-02
  -9.3863814635866891e-02
  -9.3863814635866780e-02
  -9.3863814635866544e-02
  -9.3863814635866225e-02
  -9.3863814635865794e-02
  -9.3863814635865322e-02
  -9.3863814635864823e-02
  -9.3863814635864296e-02
  -9.3863814635863740e-02
  -9.3863814635863213e-02
  -9.3863814635862713e-02
  -9.3863814635862255e-02
  -9.3863814635861867e-02
  -9.3863814635861506e-02
  -9.3863814635861242e-02
  -9.3863814635861090e-02
  -9.3863814635861034e-02
