   2.5799995293531584e-02
   2.5627827290064600e-02
   2.5120898136999640e-02
   2.4307041377425734e-02
   2.3229807765650527e-02
   2.1944642026218021e-02
   2.0514311566916889e-02
   1.9004185523597516e-02
   1.7477922023688579e-02
   1.5993994178303311e-02
   1.4603305575944598e-02
   1.3347954299194852e-02
   1.2261036364491960e-02
   1.1367258578942630e-02
   1.0684066085438610e-02
   1.0222977630405795e-02
   9.9908502228793997e-03
   9.9908502228794015e-03
   1.0222977630405795e-02
   1.0684066085438608e-02
   1.1367258578942626e-02
   1.2261036364491953e-02
   1.3347954299194841e-02
   1.4603305575944586e-02
   1.5993994178303297e-02
   1.7477922023688561e-02
   1.9004185523597499e-02
   2.0514311566916871e-02
   2.1944642026218004e-02
   2.3229807765650513e-02
   2.4307041377425724e-02
   2.5120898136999636e-02
   2.5627827290064600e-02
   2.5799995293531584e-02
   2.5799995293531584e-02
   2.6020344898927093e-02
   2.6682729013769120e-02
   2.7791295943949221e-02
   2.9353413709433642e-02
   3.1380281278986046e-02
   3.3887650333965874e-02
   3.6896536536111767e-02
   4.0433780289471803e-02
   4.4532305657342335e-02
   4.9230921382557961e-02
   5.4573509078757590e-02
   6.0607451123396244e-02
   6.7381167328424321e-02
   7.4940660584508850e-02
   8.3325025421237375e-02
   9.2560959122551925e-02
   1.0265644052785254e-01
   1.1359390886848575e-01
   1.2532347414525447e-01
   1.3775689426763543e-01
   1.5076321442189428e-01
   1.6416701615485918e-01
   1.7775010086450266e-01
   1.9125709283177170e-01
   2.0440490475339096e-01
   2.1689535559471962e-01
   2.2842962867859176e-01
   2.3872289474523212e-01
   2.4751743999833833e-01
   2.5459305639712237e-01
   2.5977415222009076e-01
   2.6293380122114135e-01
   2.6399552306747398e-01
   2.6399552306747398e-01
   2.6483369194392736e-01
   2.6737924686703124e-01
   2.7172196210147653e-01
   2.7799993298483811e-01
   2.8638123334334470e-01
   2.9703609005867454e-01
   3.1009748753680222e-01
   3.2560807230056787e-01
   3.4345250151697060e-01
   3.6327825561946941e-01
   3.8441583274202368e-01
   4.0582147837684546e-01
   4.2607893323579865e-01
   4.4350168185714267e-01
   4.5635951325662755e-01
   4.6320425137382804e-01
   4.6320425137382837e-01
   4.5635951325662810e-01
   4.4350168185714339e-01
   4.2607893323579948e-01
   4.0582147837684623e-01
   3.8441583274202440e-01
   3.6327825561946991e-01
   3.4345250151697093e-01
   3.2560807230056799e-01
   3.1009748753680216e-01
   2.9703609005867448e-01
   2.8638123334334459e-01
   2.7799993298483805e-01
   2.7172196210147648e-01
   2.6737924686703129e-01
   2.6483369194392736e-01
   2.6399552306747398e-01
