   2.3579010236696382e-01
   2.3965514108748462e-01
   2.5230520799135636e-01
   2.7673418540612932e-01
   3.1720971251360819e-01
   3.7752762262676159e-01
   4.5665506894476532e-01
   5.4088413390164047e-01
   5.9900617415196478e-01
   5.9900617415196500e-01
   5.4088413390164114e-01
   4.5665506894476598e-01
   3.7752762262676215e-01
   3.1720971251360869e-01
   2.7673418540612976e-01
   2.5230520799135664e-01
   2.3965514108748470e-01
   2.3579010236696382e-01
   2.3579010236696382e-01
   2.3103747572858022e-01
   2.1741500434680699e-01
   1.9670924977572835e-01
   1.7149794802715163e-01
   1.4460096721372773e-01
   1.1850526697049055e-01
   9.4968590223144550e-02
   7.4907866799778705e-02
   5.8527944869947932e-02
   4.5564588474047027e-02
   3.5527157515929150e-02
   2.7880643450365995e-02
   2.2154565112957197e-02
   1.7990851486840008e-02
   1.5149521421615679e-02
   1.3489972620579464e-02
   1.2943442998121899e-02
   1.2943442998121899e-02
   1.2524117623814460e-02
   1.1364676026490772e-02
   9.7216230623769287e-03
   7.9155048243273393e-03
   6.2340090011276010e-03
   4.8752863913627282e-03
   3.9425405540009532e-03
   3.4727109326219536e-03
   3.4727109326219549e-03
   3.9425405540009567e-03
   4.8752863913627343e-03
   6.2340090011276097e-03
   7.9155048243273497e-03
   9.7216230623769391e-03
   1.1364676026490781e-02
   1.2524117623814463e-02
   1.2943442998121899e-02
