   2.6226388485997681e-01
   2.6560038061053082e-01
   2.7612134986271919e-01
   2.9516148874092024e-01
   3.2420125223383933e-01
   3.6348588874029436e-01
   4.0976364274515342e-01
   4.5395437400303662e-01
   4.8193564333271094e-01
   4.8193564333271105e-01
   4.5395437400303690e-01
   4.0976364274515392e-01
   3.6348588874029492e-01
   3.2420125223383989e-01
   2.9516148874092074e-01
   2.7612134986271952e-01
   2.6560038061053093e-01
   2.6226388485997681e-01
   2.6226388485997681e-01
   2.5810667944480320e-01
   2.4604088585835757e-01
   2.2725712277010027e-01
   2.0360926677534055e-01
   1.7733846254752567e-01
   1.5067418234290553e-01
   1.2545092391261137e-01
   1.0288429872095570e-01
   8.3553579534476841e-02
   6.7535526657284864e-02
   5.4596284207659843e-02
   4.4368130727718724e-02
   3.6476204445262297e-02
   3.0609874116894167e-02
   2.6548522411441039e-02
   2.4156949415067564e-02
   2.3366555553620768e-02
   2.3366555553620768e-02
   2.2758123981939479e-02
   2.1059450150277725e-02
   1.8607209834310648e-02
   1.5841335144350509e-02
   1.3187102377873915e-02
   1.0974399793914990e-02
   9.4129680236187431e-03
   8.6112822184492479e-03
   8.6112822184492496e-03
   9.4129680236187483e-03
   1.0974399793914999e-02
   1.3187102377873929e-02
   1.5841335144350526e-02
   1.8607209834310665e-02
   2.1059450150277739e-02
   2.2758123981939483e-02
   2.3366555553620768e-02
