   2.4501930011012352e-02
   2.4334174382663040e-02
   2.3840358082845330e-02
   2.3047937535686461e-02
   2.1999823391633224e-02
   2.0750548621058369e-02
   1.9361699267598054e-02
   1.7897214173751293e-02
   1.6419115543404781e-02
   1.4984099648690371e-02
   1.3641232545673641e-02
   1.2430801016375571e-02
   1.1384200332047428e-02
   1.0524621191719950e-02
   9.8682364831676941e-03
   9.4255795960642326e-03
   9.2028373388925670e-03
   9.2028373388925670e-03
   9.4255795960642343e-03
   9.8682364831676923e-03
   1.0524621191719947e-02
   1.1384200332047421e-02
   1.2430801016375561e-02
   1.3641232545673629e-02
   1.4984099648690359e-02
   1.6419115543404771e-02
   1.7897214173751279e-02
   1.9361699267598047e-02
   2.0750548621058358e-02
   2.1999823391633217e-02
   2.3047937535686455e-02
   2.3840358082845330e-02
   2.4334174382663040e-02
   2.4501930011012352e-02
   2.4501930011012352e-02
   2.4716649940653115e-02
   2.5362163234427512e-02
   2.6442678575019602e-02
   2.7965683591284523e-02
   2.9942583866480476e-02
   3.2389462338352167e-02
   3.5327837086742378e-02
   3.8785276439122024e-02
   4.2795718802489918e-02
   4.7399339395042414e-02
   5.2641806088443398e-02
   5.8572772208010618e-02
   6.5243468033234386e-02
   7.2703280487637273e-02
   8.0995260519905729e-02
   9.0150580001234618e-02
   1.0018208359878465e-01
   1.1107724956618702e-01
   1.2279107879243448e-01
   1.3523964802805388e-01
   1.4829524345619458e-01
   1.6178406819838864e-01
   1.7548742041752091e-01
   1.8914691742717529e-01
   2.0247380058501147e-01
   2.1516168085266094e-01
   2.2690143841631114e-01
   2.3739656889170077e-01
   2.4637722988769065e-01
   2.5361162564615075e-01
   2.5891406499809300e-01
   2.6214981200018878e-01
   2.6323746049222668e-01
   2.6323746049222668e-01
   2.6409638895584608e-01
   2.6670764254037788e-01
   2.7117118545841667e-01
   2.7764183459073311e-01
   2.8631040645485706e-01
   2.9737488682644930e-01
   3.1099912941645225e-01
   3.2725631000698496e-01
   3.4605542969417713e-01
   3.6705308772911438e-01
   3.8956136877487191e-01
   4.1247684441970567e-01
   4.3427225050895552e-01
   4.5310067595222858e-01
   4.6704434527664740e-01
   4.7448375860143932e-01
   4.7448375860143938e-01
   4.6704434527664734e-01
   4.5310067595222830e-01
   4.3427225050895507e-01
   4.1247684441970500e-01
   3.8956136877487108e-01
   3.6705308772911355e-01
   3.4605542969417630e-01
   3.2725631000698419e-01
   3.1099912941645147e-01
   2.9737488682644869e-01
   2.8631040645485656e-01
   2.7764183459073272e-01
   2.7117118545841645e-01
   2.6670764254037777e-01
   2.6409638895584608e-01
   2.6323746049222668e-01
