   1.9712738734274671e+00
   1.9578863360524839e+00
   1.9445216183719418e+00
   1.9310815239340211e+00
   1.9173281946320415e+00
   1.9033326076270347e+00
   1.8892432570961906e+00
   1.8750875654266732e+00
   1.8607955458438741e+00
   1.8463099054057892e+00
   1.8316287091391148e+00
   1.8167710187295076e+00
   1.8108350192185343e+00
   1.8017381476541772e+00
   1.7865122355831236e+00
   1.7710752340224083e+00
   1.7554190360166801e+00
   1.7395410000447709e+00
   1.7234368303623113e+00
   1.7070996539855829e+00
   1.6905235270547034e+00
   1.6737060477476531e+00
   1.6566484116766931e+00
   1.6393548301057168e+00
   1.6218331153761909e+00
   1.6040963614284300e+00
   1.5861648010360803e+00
   1.5680674567261228e+00
   1.5498438615878225e+00
   1.5315461212335824e+00
   1.5132411741359377e+00
   1.4950127988482889e+00
   1.4930431433111364e+00
   1.4769628290014891e+00
   1.4592109906137920e+00
   1.4418926940577372e+00
   1.4251541551045559e+00
   1.4091446097997791e+00
   1.3940061843824822e+00
   1.3798629575133807e+00
   1.3668114375602005e+00
   1.3549145934891227e+00
   1.3442005984805616e+00
   1.3346659975671400e+00
   1.3262818311399678e+00
   1.3190008502727291e+00
   1.3127643185863236e+00
   1.3075075885011938e+00
   1.3031642465892177e+00
   1.2996689660821872e+00
   1.2969593244546307e+00
   1.2957943279609396e+00
   1.2949768489113986e+00
   1.2936675177893615e+00
   1.2929819004254373e+00
   1.2928750711336294e+00
   1.2933063911311107e+00
   1.2942392202992026e+00
   1.2956405988082575e+00
   1.2974809240301435e+00
   1.2997336380620905e+00
   1.3023749342378055e+00
   1.3053834865695157e+00
   1.3087402034556554e+00
   1.3124280054574671e+00
   1.3164316260047579e+00
   1.3207374333478354e+00
   1.3253332718504338e+00
   1.3302083207088591e+00
   1.3353529682688965e+00
   1.3407587002227546e+00
   1.3464180000962007e+00
   1.3523242605824171e+00
   1.3584717044338295e+00
   1.3648553137675117e+00
   1.3714707667697825e+00
   1.3783143808965321e+00
   1.3853830617714640e+00
   1.3926742570742023e+00
   1.4001859147971605e+00
   1.4079164453171316e+00
   1.4158646867932723e+00
   1.4240298734548296e+00
   1.4324116063909673e+00
   1.4410098264974645e+00
   1.4498247892729044e+00
   1.4588570411874133e+00
   1.4681073973784760e+00
   1.4775769204534384e+00
   1.4872669002022811e+00
   1.4971788340473655e+00
   1.5073144080754566e+00
   1.5176754785200333e+00
   1.5282640535774936e+00
   1.5390822754621833e+00
   1.5501324026231302e+00
   1.5614167920633646e+00
   1.5729378817234649e+00
   1.5846981729083844e+00
   1.5967002127592751e+00
   1.6089465767895406e+00
   1.6214398515286244e+00
   1.6341826173331937e+00
   1.6471774314508212e+00
   1.6604268114380323e+00
   1.6739332190550789e+00
   1.6876990447764690e+00
   1.7017265930735046e+00
   1.7160180686349373e+00
   1.7305755637044584e+00
   1.7454010467165926e+00
   1.7604963524155346e+00
   1.7758631736360027e+00
   1.7915030549175461e+00
   1.8074173881078344e+00
   1.8236074100912119e+00
   1.8400742027533832e+00
   1.8568186952634331e+00
   1.8738416687206827e+00
   1.8911437631761687e+00
   1.9087254870013106e+00
   1.9265872285356607e+00
   1.9447292699064631e+00
   1.9631518028767576e+00
   1.9818549465441109e+00
   2.0008387666830965e+00
   2.0201032964998742e+00
   2.0396485585494455e+00
   2.0594745875545568e+00
   2.0795814538609609e+00
   2.0999692872641544e+00
   2.1206383009522236e+00
   2.1415888153221165e+00
   2.1628212814464503e+00
   2.1843363039901069e+00
   2.2061346634017984e+00
   2.2282173372333993e+00
   2.2505855204693157e+00
   2.2732406447766169e+00
   2.2961843966148323e+00
   2.3194187341718049e+00
   2.3429459031160880e+00
   2.3667684511799192e+00
   2.3908892416056187e+00
   2.4153114655060741e+00
   2.4400386532049048e+00
   2.4650746846324068e+00
   2.4904237988640374e+00
   2.5160906028947605e+00
   2.5420800797465994e+00
   2.5683975960136083e+00
   2.5950489089447863e+00
   2.6220401731724889e+00
   2.6493779471912826e+00
   2.6770691996912177e+00
   2.7051213158530727e+00
   2.7335421037069474e+00
   2.7623398006624837e+00
   2.7915230803151063e+00
   2.8211010596342896e+00
