   2.5112726822158610e-01
   2.4005433385056679e-01
   2.2944461724995319e-01
   2.1929967711752307e-01
   2.0961820819198448e-01
   2.0039652882655834e-01
   1.9162901755696271e-01
   1.8330850059327747e-01
   1.7542659303082223e-01
   1.6797399711840497e-01
   1.6094076121433704e-01
   1.5431650316246961e-01
   1.4809060178297698e-01
   1.4225236003695507e-01
   1.3679114322285982e-01
   1.3169649532177530e-01
   1.2695823634669554e-01
   1.2256654328259307e-01
   1.1851201693912358e-01
   1.1478573678328267e-01
   1.1137930557960438e-01
   1.0828488544312498e-01
   1.0549522670648680e-01
   1.0300369081737684e-01
   1.0080426831542838e-01
   9.8891592787722471e-02
   9.7260951567765930e-02
   9.5908293822759560e-02
   9.4830236566482581e-02
   9.4024069038542907e-02
   9.3487755803423514e-02
   9.3219938843064204e-02
   9.3219938843064204e-02
   9.3487755803423514e-02
   9.4024069038542893e-02
   9.4830236566482554e-02
   9.5908293822759547e-02
   9.7260951567765916e-02
   9.8891592787722457e-02
   1.0080426831542834e-01
   1.0300369081737681e-01
   1.0549522670648676e-01
   1.0828488544312492e-01
   1.1137930557960432e-01
   1.1478573678328260e-01
   1.1851201693912353e-01
   1.2256654328259303e-01
   1.2695823634669551e-01
   1.3169649532177521e-01
   1.3679114322285976e-01
   1.4225236003695499e-01
   1.4809060178297689e-01
   1.5431650316246950e-01
   1.6094076121433695e-01
   1.6797399711840488e-01
   1.7542659303082214e-01
   1.8330850059327738e-01
   1.9162901755696268e-01
   2.0039652882655834e-01
   2.0961820819198448e-01
   2.1929967711752305e-01
   2.2944461724995316e-01
   2.4005433385056679e-01
   2.5112726822158610e-01
   2.6863843727757791e-01
   2.9258929102029002e-01
   3.1696217736782351e-01
   3.4169807276888481e-01
   3.6671396397546235e-01
   3.9190037476525075e-01
   4.1711925762872260e-01
   4.4220249604333589e-01
   4.6695130338982416e-01
   4.9113683002233277e-01
   5.1450228994007707e-01
   5.3676688161927266e-01
   5.5763169388675871e-01
   5.7678765159890932e-01
   5.9392536942146890e-01
   6.0874655805595690e-01
   6.2097639088771928e-01
   6.3037602601094489e-01
   6.3675433022255179e-01
   6.3997780614189648e-01
   6.3997780614189637e-01
   6.3675433022255135e-01
   6.3037602601094445e-01
   6.2097639088771872e-01
   6.0874655805595612e-01
   5.9392536942146812e-01
   5.7678765159890844e-01
   5.5763169388675771e-01
   5.3676688161927166e-01
   5.1450228994007607e-01
   4.9113683002233172e-01
   4.6695130338982316e-01
   4.4220249604333489e-01
   4.1711925762872154e-01
   3.9190037476524975e-01
   3.6671396397546135e-01
   3.4169807276888375e-01
   3.1696217736782251e-01
   2.9258929102028908e-01
   2.6863843727757702e-01
   2.5112726822158521e-01
   2.4005433385056590e-01
   2.2944461724995235e-01
   2.1929967711752224e-01
   2.0961820819198371e-01
   2.0039652882655756e-01
   1.9162901755696199e-01
   1.8330850059327675e-01
   1.7542659303082153e-01
   1.6797399711840433e-01
   1.6094076121433643e-01
   1.5431650316246903e-01
   1.4809060178297642e-01
   1.4225236003695452e-01
   1.3679114322285929e-01
   1.3169649532177477e-01
   1.2695823634669504e-01
   1.2256654328259260e-01
   1.1851201693912311e-01
   1.1478573678328222e-01
   1.1137930557960393e-01
   1.0828488544312455e-01
   1.0549522670648638e-01
   1.0300369081737645e-01
   1.0080426831542798e-01
   9.8891592787722082e-02
   9.7260951567765555e-02
   9.5908293822759186e-02
   9.4830236566482221e-02
   9.4024069038542560e-02
   9.3487755803423167e-02
   9.3219938843063871e-02
   9.3219938843063871e-02
   9.3487755803423167e-02
   9.4024069038542560e-02
   9.4830236566482221e-02
   9.5908293822759200e-02
   9.7260951567765583e-02
   9.8891592787722096e-02
   1.0080426831542799e-01
   1.0300369081737645e-01
   1.0549522670648639e-01
   1.0828488544312458e-01
   1.1137930557960395e-01
   1.1478573678328223e-01
   1.1851201693912312e-01
   1.2256654328259262e-01
   1.2695823634669506e-01
   1.3169649532177480e-01
   1.3679114322285932e-01
   1.4225236003695454e-01
   1.4809060178297642e-01
   1.5431650316246906e-01
   1.6094076121433645e-01
   1.6797399711840436e-01
   1.7542659303082159e-01
   1.8330850059327680e-01
   1.9162901755696204e-01
   2.0039652882655762e-01
   2.0961820819198376e-01
   2.1929967711752230e-01
   2.2944461724995238e-01
   2.4005433385056599e-01
   2.5112726822158526e-01
