   1.3714260617488791e-01
   1.2241141502119819e-01
   1.0925224133994410e-01
   9.7502514111068306e-02
   8.7015217827265873e-02
   7.7657812212461486e-02
   6.9311098272083385e-02
   6.1868085164187160e-02
   5.5232892864019924e-02
   4.9319711936135373e-02
   4.4051832298921963e-02
   3.9360746462839484e-02
   3.5185328466322267e-02
   3.1471086985325809e-02
   2.8169489396150906e-02
   2.5237352599714435e-02
   2.2636295937054567e-02
   2.0332251377178413e-02
   1.8295026225020331e-02
   1.6497913799868400e-02
   1.4917347818538320e-02
   1.3532596545767024e-02
   1.2325493122042416e-02
   1.1280198830299426e-02
   1.0382996407530749e-02
   9.6221108394781620e-03
   8.9875553931383460e-03
   8.4710009417270481e-03
   8.0656669201923867e-03
   7.7662325174098048e-03
   7.5687669654459526e-03
   7.4706780287207997e-03
   7.4706780287207989e-03
   7.5687669654459500e-03
   7.7662325174098004e-03
   8.0656669201923815e-03
   8.4710009417270412e-03
   8.9875553931383374e-03
   9.6221108394781516e-03
   1.0382996407530739e-02
   1.1280198830299414e-02
   1.2325493122042406e-02
   1.3532596545767012e-02
   1.4917347818538302e-02
   1.6497913799868383e-02
   1.8295026225020314e-02
   2.0332251377178395e-02
   2.2636295937054549e-02
   2.5237352599714422e-02
   2.8169489396150892e-02
   3.1471086985325802e-02
   3.5185328466322253e-02
   3.9360746462839477e-02
   4.4051832298921956e-02
   4.9319711936135366e-02
   5.5232892864019924e-02
   6.1868085164187160e-02
   6.9311098272083385e-02
   7.7657812212461486e-02
   8.7015217827265859e-02
   9.7502514111068320e-02
   1.0925224133994410e-01
   1.2241141502119819e-01
   1.3714260617488791e-01
   1.6217245832084201e-01
   1.9787397310663180e-01
   2.3611631649381534e-01
   2.7731216914260182e-01
   3.2185952852294514e-01
   3.7012496147957402e-01
   4.2241878758035667e-01
   4.7896002203908600e-01
   5.3982898066139606e-01
   6.0490613095231516e-01
   6.7379751345486882e-01
   7.4575040354000088e-01
   8.1956830325468633e-01
   8.9354182166070806e-01
   9.6542032688966317e-01
   1.0324553132971404e+00
   1.0915449814560760e+00
   1.1394946842778089e+00
   1.1733770519934565e+00
   1.1909347514039534e+00
   1.1909347514039541e+00
   1.1733770519934581e+00
   1.1394946842778118e+00
   1.0915449814560796e+00
   1.0324553132971446e+00
   9.6542032688966783e-01
   8.9354182166071305e-01
   8.1956830325469143e-01
   7.4575040354000577e-01
   6.7379751345487360e-01
   6.0490613095231960e-01
   5.3982898066140017e-01
   4.7896002203908972e-01
   4.2241878758036006e-01
   3.7012496147957707e-01
   3.2185952852294780e-01
   2.7731216914260420e-01
   2.3611631649381748e-01
   1.9787397310663363e-01
   1.6217245832084359e-01
   1.3714260617488930e-01
   1.2241141502119944e-01
   1.0925224133994521e-01
   9.7502514111069305e-02
   8.7015217827266747e-02
   7.7657812212462277e-02
   6.9311098272084079e-02
   6.1868085164187799e-02
   5.5232892864020486e-02
   4.9319711936135879e-02
   4.4051832298922414e-02
   3.9360746462839886e-02
   3.5185328466322628e-02
   3.1471086985326129e-02
   2.8169489396151191e-02
   2.5237352599714692e-02
   2.2636295937054796e-02
   2.0332251377178621e-02
   1.8295026225020519e-02
   1.6497913799868570e-02
   1.4917347818538472e-02
   1.3532596545767165e-02
   1.2325493122042544e-02
   1.1280198830299544e-02
   1.0382996407530857e-02
   9.6221108394782626e-03
   8.9875553931384397e-03
   8.4710009417271383e-03
   8.0656669201924734e-03
   7.7662325174098880e-03
   7.5687669654460341e-03
   7.4706780287208813e-03
   7.4706780287208813e-03
   7.5687669654460341e-03
   7.7662325174098880e-03
   8.0656669201924734e-03
   8.4710009417271383e-03
   8.9875553931384397e-03
   9.6221108394782609e-03
   1.0382996407530857e-02
   1.1280198830299544e-02
   1.2325493122042544e-02
   1.3532596545767163e-02
   1.4917347818538472e-02
   1.6497913799868570e-02
   1.8295026225020519e-02
   2.0332251377178624e-02
   2.2636295937054803e-02
   2.5237352599714703e-02
   2.8169489396151208e-02
   3.1471086985326149e-02
   3.5185328466322649e-02
   3.9360746462839907e-02
   4.4051832298922435e-02
   4.9319711936135900e-02
   5.5232892864020507e-02
   6.1868085164187812e-02
   6.9311098272084093e-02
   7.7657812212462277e-02
   8.7015217827266761e-02
   9.7502514111069319e-02
   1.0925224133994520e-01
   1.2241141502119944e-01
   1.3714260617488930e-01
