   1.9745567472854014e-01
   1.8296142525780823e-01
   1.6951050534973186e-01
   1.5704170355638916e-01
   1.4549510353357364e-01
   1.3481269714980076e-01
   1.2493881590978777e-01
   1.1582041917348621e-01
   1.0740727085037553e-01
   9.9652030373779468e-02
   9.2510278779849991e-02
   8.5940496556337898e-02
   7.9904006493523222e-02
   7.4364891964814425e-02
   6.9289898792105745e-02
   6.4648327023635613e-02
   6.0411917492566608e-02
   5.6554736866179102e-02
   5.3053063982005974e-02
   4.9885279551312958e-02
   4.7031760753124811e-02
   4.4474781811652875e-02
   4.2198421320597181e-02
   4.0188476828454431e-02
   3.8432387012842607e-02
   3.6919161635485344e-02
   3.5639319372136880e-02
   3.4584833544815438e-02
   3.3749085740445856e-02
   3.3126827274982881e-02
   3.2714148450984602e-02
   3.2508455555974820e-02
   3.2508455555974820e-02
   3.2714148450984602e-02
   3.3126827274982874e-02
   3.3749085740445842e-02
   3.4584833544815431e-02
   3.5639319372136866e-02
   3.6919161635485330e-02
   3.8432387012842593e-02
   4.0188476828454417e-02
   4.2198421320597167e-02
   4.4474781811652854e-02
   4.7031760753124791e-02
   4.9885279551312951e-02
   5.3053063982005960e-02
   5.6554736866179088e-02
   6.0411917492566601e-02
   6.4648327023635599e-02
   6.9289898792105745e-02
   7.4364891964814411e-02
   7.9904006493523222e-02
   8.5940496556337898e-02
   9.2510278779850005e-02
   9.9652030373779496e-02
   1.0740727085037556e-01
   1.1582041917348625e-01
   1.2493881590978784e-01
   1.3481269714980082e-01
   1.4549510353357370e-01
   1.5704170355638922e-01
   1.6951050534973192e-01
   1.8296142525780829e-01
   1.9745567472854017e-01
   2.2114455714502981e-01
   2.5416322569925559e-01
   2.8852742986121888e-01
   3.2431147739279947e-01
   3.6154921949414848e-01
   4.0022289206739797e-01
   4.4025027610871359e-01
   4.8147054251009597e-01
   5.2362952408338781e-01
   5.6636565200062672e-01
   6.0919837931688159e-01
   6.5152151697573191e-01
   6.9260438923218270e-01
   7.3160386895296181e-01
   7.6758992848343877e-01
   7.9958611328746576e-01
   8.2662422621030207e-01
   8.4780968167491255e-01
   8.6239098461563435e-01
   8.6982444349608556e-01
   8.6982444349608545e-01
   8.6239098461563390e-01
   8.4780968167491200e-01
   8.2662422621030118e-01
   7.9958611328746476e-01
   7.6758992848343766e-01
   7.3160386895296059e-01
   6.9260438923218137e-01
   6.5152151697573046e-01
   6.0919837931688026e-01
   5.6636565200062539e-01
   5.2362952408338648e-01
   4.8147054251009463e-01
   4.4025027610871231e-01
   4.0022289206739670e-01
   3.6154921949414726e-01
   3.2431147739279836e-01
   2.8852742986121782e-01
   2.5416322569925459e-01
   2.2114455714502887e-01
   1.9745567472853928e-01
   1.8296142525780745e-01
   1.6951050534973114e-01
   1.5704170355638847e-01
   1.4549510353357301e-01
   1.3481269714980018e-01
   1.2493881590978724e-01
   1.1582041917348572e-01
   1.0740727085037508e-01
   9.9652030373779052e-02
   9.2510278779849603e-02
   8.5940496556337523e-02
   7.9904006493522875e-02
   7.4364891964814120e-02
   6.9289898792105453e-02
   6.4648327023635321e-02
   6.0411917492566358e-02
   5.6554736866178859e-02
   5.3053063982005759e-02
   4.9885279551312750e-02
   4.7031760753124617e-02
   4.4474781811652694e-02
   4.2198421320597014e-02
   4.0188476828454271e-02
   3.8432387012842462e-02
   3.6919161635485205e-02
   3.5639319372136748e-02
   3.4584833544815313e-02
   3.3749085740445731e-02
   3.3126827274982763e-02
   3.2714148450984491e-02
   3.2508455555974709e-02
   3.2508455555974709e-02
   3.2714148450984498e-02
   3.3126827274982770e-02
   3.3749085740445738e-02
   3.4584833544815320e-02
   3.5639319372136762e-02
   3.6919161635485226e-02
   3.8432387012842482e-02
   4.0188476828454292e-02
   4.2198421320597035e-02
   4.4474781811652715e-02
   4.7031760753124645e-02
   4.9885279551312778e-02
   5.3053063982005773e-02
   5.6554736866178887e-02
   6.0411917492566379e-02
   6.4648327023635363e-02
   6.9289898792105481e-02
   7.4364891964814134e-02
   7.9904006493522889e-02
   8.5940496556337537e-02
   9.2510278779849603e-02
   9.9652030373779052e-02
   1.0740727085037508e-01
   1.1582041917348571e-01
   1.2493881590978721e-01
   1.3481269714980015e-01
   1.4549510353357298e-01
   1.5704170355638841e-01
   1.6951050534973111e-01
   1.8296142525780743e-01
   1.9745567472853928e-01
