   1.5136878145747731e-01
   1.3634402471455137e-01
   1.2279747227030885e-01
   1.1059056583322349e-01
   9.9596208854092594e-02
   8.9698292348599218e-02
   8.0791091196582704e-02
   7.2778590592161865e-02
   6.5573784382857797e-02
   5.9097973862662460e-02
   5.3280086007028771e-02
   4.8056023247990409e-02
   4.3368051988192477e-02
   3.9164233615940493e-02
   3.5397899413942710e-02
   3.2027169158104961e-02
   2.9014512162286395e-02
   2.6326348880830228e-02
   2.3932690816481545e-02
   2.1806816312425339e-02
   1.9924979772566916e-02
   1.8266151910037019e-02
   1.6811788739059402e-02
   1.5545627177785851e-02
   1.4453505304175123e-02
   1.3523205492988756e-02
   1.2744318852499529e-02
   1.2108129570057205e-02
   1.1607517963516610e-02
   1.1236881219259110e-02
   1.0992070976581163e-02
   1.0870347092661140e-02
   1.0870347092661140e-02
   1.0992070976581163e-02
   1.1236881219259110e-02
   1.1607517963516608e-02
   1.2108129570057203e-02
   1.2744318852499527e-02
   1.3523205492988752e-02
   1.4453505304175119e-02
   1.5545627177785848e-02
   1.6811788739059398e-02
   1.8266151910037012e-02
   1.9924979772566912e-02
   2.1806816312425335e-02
   2.3932690816481542e-02
   2.6326348880830228e-02
   2.9014512162286395e-02
   3.2027169158104961e-02
   3.5397899413942710e-02
   3.9164233615940507e-02
   4.3368051988192491e-02
   4.8056023247990409e-02
   5.3280086007028778e-02
   5.9097973862662467e-02
   6.5573784382857811e-02
   7.2778590592161879e-02
   8.0791091196582704e-02
   8.9698292348599246e-02
   9.9596208854092608e-02
   1.1059056583322351e-01
   1.2279747227030889e-01
   1.3634402471455140e-01
   1.5136878145747734e-01
   1.7665825530380333e-01
   2.1252653650808567e-01
   2.5067247429305062e-01
   2.9141629696861754e-01
   3.3505153086957212e-01
   3.8182794175798224e-01
   4.3192799100316387e-01
   4.8543558943999887e-01
   5.4229630602346790e-01
   6.0226909326276712e-01
   6.6487128795853379e-01
   7.2932137243819617e-01
   7.9448779846867190e-01
   8.5885670090348476e-01
   9.2053540607314566e-01
   9.7731013145534362e-01
   1.0267723236729702e+00
   1.0665162884171051e+00
   1.0943912667296753e+00
   1.1087686264632222e+00
   1.1087686264632219e+00
   1.0943912667296747e+00
   1.0665162884171040e+00
   1.0267723236729691e+00
   9.7731013145534218e-01
   9.2053540607314410e-01
   8.5885670090348298e-01
   7.9448779846867001e-01
   7.2932137243819439e-01
   6.6487128795853190e-01
   6.0226909326276545e-01
   5.4229630602346635e-01
   4.8543558943999737e-01
   4.3192799100316243e-01
   3.8182794175798090e-01
   3.3505153086957085e-01
   2.9141629696861637e-01
   2.5067247429304956e-01
   2.1252653650808476e-01
   1.7665825530380250e-01
   1.5136878145747656e-01
   1.3634402471455068e-01
   1.2279747227030824e-01
   1.1059056583322294e-01
   9.9596208854092094e-02
   8.9698292348598774e-02
   8.0791091196582301e-02
   7.2778590592161491e-02
   6.5573784382857464e-02
   5.9097973862662155e-02
   5.3280086007028500e-02
   4.8056023247990166e-02
   4.3368051988192255e-02
   3.9164233615940298e-02
   3.5397899413942530e-02
   3.2027169158104794e-02
   2.9014512162286246e-02
   2.6326348880830096e-02
   2.3932690816481420e-02
   2.1806816312425228e-02
   1.9924979772566815e-02
   1.8266151910036926e-02
   1.6811788739059318e-02
   1.5545627177785772e-02
   1.4453505304175048e-02
   1.3523205492988686e-02
   1.2744318852499463e-02
   1.2108129570057143e-02
   1.1607517963516549e-02
   1.1236881219259051e-02
   1.0992070976581104e-02
   1.0870347092661084e-02
   1.0870347092661083e-02
   1.0992070976581102e-02
   1.1236881219259047e-02
   1.1607517963516544e-02
   1.2108129570057137e-02
   1.2744318852499457e-02
   1.3523205492988679e-02
   1.4453505304175039e-02
   1.5545627177785761e-02
   1.6811788739059304e-02
   1.8266151910036912e-02
   1.9924979772566798e-02
   2.1806816312425210e-02
   2.3932690816481403e-02
   2.6326348880830071e-02
   2.9014512162286218e-02
   3.2027169158104767e-02
   3.5397899413942502e-02
   3.9164233615940257e-02
   4.3368051988192220e-02
   4.8056023247990125e-02
   5.3280086007028465e-02
   5.9097973862662120e-02
   6.5573784382857422e-02
   7.2778590592161449e-02
   8.0791091196582246e-02
   8.9698292348598746e-02
   9.9596208854092053e-02
   1.1059056583322291e-01
   1.2279747227030822e-01
   1.3634402471455068e-01
   1.5136878145747654e-01
