   2.9854499890147873e-01
   2.9243400557238997e-01
   2.8640193419771187e-01
   2.8046643332299576e-01
   2.7464369232111724e-01
   2.6894848240087027e-01
   2.6339420923616297e-01
   2.5799297478025751e-01
   2.5275564603490408e-01
   2.4769192876765475e-01
   2.4281044440161706e-01
   2.3811880853193346e-01
   2.3362370974572763e-01
   2.2933098763226153e-01
   2.2524570906419025e-01
   2.2137224200696728e-01
   2.1771432627056511e-01
   2.1427514075548409e-01
   2.1105736686392407e-01
   2.0806324784783556e-01
   2.0529464394953145e-01
   2.0275308325900060e-01
   2.0043980826649746e-01
   1.9835581813090519e-01
   1.9650190671526244e-01
   1.9487869646213352e-01
   1.9348666819452134e-01
   1.9232618693400103e-01
   1.9139752382781403e-01
   1.9070087427181723e-01
   1.9023637230734192e-01
   1.9000410135799800e-01
   1.9000410135799800e-01
   1.9023637230734194e-01
   1.9070087427181723e-01
   1.9139752382781403e-01
   1.9232618693400103e-01
   1.9348666819452134e-01
   1.9487869646213352e-01
   1.9650190671526244e-01
   1.9835581813090519e-01
   2.0043980826649746e-01
   2.0275308325900060e-01
   2.0529464394953148e-01
   2.0806324784783559e-01
   2.1105736686392412e-01
   2.1427514075548412e-01
   2.1771432627056514e-01
   2.2137224200696731e-01
   2.2524570906419028e-01
   2.2933098763226156e-01
   2.3362370974572766e-01
   2.3811880853193348e-01
   2.4281044440161709e-01
   2.4769192876765478e-01
   2.5275564603490414e-01
   2.5799297478025751e-01
   2.6339420923616302e-01
   2.6894848240087033e-01
   2.7464369232111724e-01
   2.8046643332299576e-01
   2.8640193419771187e-01
   2.9243400557239002e-01
   2.9854499890147873e-01
   3.0791589499199767e-01
   3.2051588644727491e-01
   3.3309528543283184e-01
   3.4559850932216452e-01
   3.5796404475587912e-01
   3.7012468000664239e-01
   3.8200791243687621e-01
   3.9353654979474312e-01
   4.0462951875998071e-01
   4.1520288670593286e-01
   4.2517109313774104e-01
   4.3444837596898106e-01
   4.4295036523281672e-01
   4.5059580377129355e-01
   4.5730834191991770e-01
   4.6301834237427869e-01
   4.6766462350542648e-01
   4.7119606549309212e-01
   4.7357300462001306e-01
   4.7476834735408802e-01
   4.7476834735408796e-01
   4.7357300462001295e-01
   4.7119606549309190e-01
   4.6766462350542609e-01
   4.6301834237427830e-01
   4.5730834191991721e-01
   4.5059580377129294e-01
   4.4295036523281600e-01
   4.3444837596898028e-01
   4.2517109313774021e-01
   4.1520288670593197e-01
   4.0462951875997977e-01
   3.9353654979474212e-01
   3.8200791243687526e-01
   3.7012468000664134e-01
   3.5796404475587806e-01
   3.4559850932216341e-01
   3.3309528543283079e-01
   3.2051588644727386e-01
   3.0791589499199667e-01
   2.9854499890147762e-01
   2.9243400557238880e-01
   2.8640193419771065e-01
   2.8046643332299453e-01
   2.7464369232111596e-01
   2.6894848240086899e-01
   2.6339420923616164e-01
   2.5799297478025618e-01
   2.5275564603490275e-01
   2.4769192876765334e-01
   2.4281044440161562e-01
   2.3811880853193204e-01
   2.3362370974572619e-01
   2.2933098763226006e-01
   2.2524570906418875e-01
   2.2137224200696579e-01
   2.1771432627056361e-01
   2.1427514075548262e-01
   2.1105736686392260e-01
   2.0806324784783400e-01
   2.0529464394952990e-01
   2.0275308325899907e-01
   2.0043980826649593e-01
   1.9835581813090367e-01
   1.9650190671526091e-01
   1.9487869646213196e-01
   1.9348666819451982e-01
   1.9232618693399950e-01
   1.9139752382781247e-01
   1.9070087427181570e-01
   1.9023637230734042e-01
   1.9000410135799647e-01
   1.9000410135799647e-01
   1.9023637230734042e-01
   1.9070087427181570e-01
   1.9139752382781247e-01
   1.9232618693399950e-01
   1.9348666819451985e-01
   1.9487869646213199e-01
   1.9650190671526094e-01
   1.9835581813090369e-01
   2.0043980826649596e-01
   2.0275308325899910e-01
   2.0529464394952995e-01
   2.0806324784783406e-01
   2.1105736686392262e-01
   2.1427514075548265e-01
   2.1771432627056367e-01
   2.2137224200696584e-01
   2.2524570906418878e-01
   2.2933098763226012e-01
   2.3362370974572622e-01
   2.3811880853193207e-01
   2.4281044440161567e-01
   2.4769192876765339e-01
   2.5275564603490280e-01
   2.5799297478025618e-01
   2.6339420923616175e-01
   2.6894848240086905e-01
   2.7464369232111602e-01
   2.8046643332299459e-01
   2.8640193419771071e-01
   2.9243400557238886e-01
   2.9854499890147768e-01
