   2.3628386399507784e-01
   2.2400603008120396e-01
   2.1234325676516835e-01
   2.0128435191721350e-01
   1.9081561436520067e-01
   1.8092144822370909e-01
   1.7158488812094910e-01
   1.6278804431958044e-01
   1.5451247673309274e-01
   1.4673950651835063e-01
   1.3945047339352265e-01
   1.3262694617682286e-01
   1.2625089332983133e-01
   1.2030481956541421e-01
   1.1477187387561855e-01
   1.0963593366942727e-01
   1.0488166909572237e-01
   1.0049459106904354e-01
   9.6461086016375222e-02
   9.2768439921043097e-02
   8.9404853851831612e-02
   8.6359452827545091e-02
   8.3622289574780490e-02
   8.1184344484824464e-02
   7.9037522859559811e-02
   7.7174650351504198e-02
   7.5589467345344469e-02
   7.4276622893654040e-02
   7.3231668704315356e-02
   7.2451053578280217e-02
   7.1932118610762805e-02
   7.1673093394121049e-02
   7.1673093394121049e-02
   7.1932118610762805e-02
   7.2451053578280203e-02
   7.3231668704315328e-02
   7.4276622893654012e-02
   7.5589467345344441e-02
   7.7174650351504170e-02
   7.9037522859559770e-02
   8.1184344484824422e-02
   8.3622289574780476e-02
   8.6359452827545077e-02
   8.9404853851831584e-02
   9.2768439921043083e-02
   9.6461086016375208e-02
   1.0049459106904354e-01
   1.0488166909572236e-01
   1.0963593366942727e-01
   1.1477187387561853e-01
   1.2030481956541421e-01
   1.2625089332983133e-01
   1.3262694617682286e-01
   1.3945047339352265e-01
   1.4673950651835063e-01
   1.5451247673309274e-01
   1.6278804431958047e-01
   1.7158488812094910e-01
   1.8092144822370909e-01
   1.9081561436520070e-01
   2.0128435191721353e-01
   2.1234325676516838e-01
   2.2400603008120396e-01
   2.3628386399507786e-01
   2.5587501067071305e-01
   2.8280710556975824e-01
   3.1037629517882320e-01
   3.3854317078104373e-01
   3.6723821474620766e-01
   3.9635744551024304e-01
   4.2575823521992079e-01
   4.5525565043259419e-01
   4.8461976523411987e-01
   5.1357448507712722e-01
   5.4179847865837283e-01
   5.6892881890443869e-01
   5.9456785488562425e-01
   6.1829365001911407e-01
   6.3967401618657771e-01
   6.5828375831275387e-01
   6.7372425950554193e-01
   6.8564405502128500e-01
   6.9375865995295638e-01
   6.9786773073995279e-01
   6.9786773073995267e-01
   6.9375865995295627e-01
   6.8564405502128467e-01
   6.7372425950554171e-01
   6.5828375831275354e-01
   6.3967401618657738e-01
   6.1829365001911374e-01
   5.9456785488562391e-01
   5.6892881890443836e-01
   5.4179847865837261e-01
   5.1357448507712700e-01
   4.8461976523411970e-01
   4.5525565043259408e-01
   4.2575823521992068e-01
   3.9635744551024299e-01
   3.6723821474620771e-01
   3.3854317078104373e-01
   3.1037629517882331e-01
   2.8280710556975847e-01
   2.5587501067071333e-01
   2.3628386399507814e-01
   2.2400603008120426e-01
   2.1234325676516866e-01
   2.0128435191721378e-01
   1.9081561436520092e-01
   1.8092144822370934e-01
   1.7158488812094932e-01
   1.6278804431958066e-01
   1.5451247673309296e-01
   1.4673950651835085e-01
   1.3945047339352284e-01
   1.3262694617682305e-01
   1.2625089332983153e-01
   1.2030481956541440e-01
   1.1477187387561873e-01
   1.0963593366942745e-01
   1.0488166909572254e-01
   1.0049459106904371e-01
   9.6461086016375389e-02
   9.2768439921043264e-02
   8.9404853851831764e-02
   8.6359452827545244e-02
   8.3622289574780656e-02
   8.1184344484824603e-02
   7.9037522859559950e-02
   7.7174650351504351e-02
   7.5589467345344621e-02
   7.4276622893654179e-02
   7.3231668704315495e-02
   7.2451053578280356e-02
   7.1932118610762957e-02
   7.1673093394121201e-02
   7.1673093394121201e-02
   7.1932118610762957e-02
   7.2451053578280356e-02
   7.3231668704315495e-02
   7.4276622893654193e-02
   7.5589467345344621e-02
   7.7174650351504351e-02
   7.9037522859559950e-02
   8.1184344484824617e-02
   8.3622289574780656e-02
   8.6359452827545258e-02
   8.9404853851831778e-02
   9.2768439921043278e-02
   9.6461086016375389e-02
   1.0049459106904372e-01
   1.0488166909572255e-01
   1.0963593366942746e-01
   1.1477187387561874e-01
   1.2030481956541442e-01
   1.2625089332983155e-01
   1.3262694617682308e-01
   1.3945047339352287e-01
   1.4673950651835085e-01
   1.5451247673309298e-01
   1.6278804431958069e-01
   1.7158488812094938e-01
   1.8092144822370937e-01
   1.9081561436520098e-01
   2.0128435191721381e-01
   2.1234325676516869e-01
   2.2400603008120429e-01
   2.3628386399507820e-01
