   2.0173670943759173e-01
   1.8741073221330959e-01
   1.7408109446997716e-01
   1.6169310086004762e-01
   1.5019270682736413e-01
   1.3952716653720743e-01
   1.2964550597705779e-01
   1.2049885618098088e-01
   1.1204067577369878e-01
   1.0422688694792573e-01
   9.7015944598563747e-02
   9.0368854609106403e-02
   8.4249154161730858e-02
   7.8622864353796021e-02
   7.3458423277908566e-02
   6.8726605991327835e-02
   6.4400436400065555e-02
   6.0455094957596114e-02
   5.6867825179124212e-02
   5.3617841258577902e-02
   5.0686238512230399e-02
   4.8055907931284191e-02
   4.5711455782123191e-02
   4.3639128927812888e-02
   4.1826746341977861e-02
   4.0263637133589214e-02
   3.8940585288095020e-02
   3.7849781248384735e-02
   3.6984780401582082e-02
   3.6340468499208238e-02
   3.5913034014486492e-02
   3.5699947427927564e-02
   3.5699947427927564e-02
   3.5913034014486499e-02
   3.6340468499208252e-02
   3.6984780401582096e-02
   3.7849781248384756e-02
   3.8940585288095048e-02
   4.0263637133589235e-02
   4.1826746341977875e-02
   4.3639128927812902e-02
   4.5711455782123205e-02
   4.8055907931284197e-02
   5.0686238512230405e-02
   5.3617841258577909e-02
   5.6867825179124219e-02
   6.0455094957596107e-02
   6.4400436400065555e-02
   6.8726605991327835e-02
   7.3458423277908566e-02
   7.8622864353795993e-02
   8.4249154161730858e-02
   9.0368854609106389e-02
   9.7015944598563733e-02
   1.0422688694792571e-01
   1.1204067577369874e-01
   1.2049885618098086e-01
   1.2964550597705776e-01
   1.3952716653720737e-01
   1.5019270682736410e-01
   1.6169310086004759e-01
   1.7408109446997716e-01
   1.8741073221330959e-01
   2.0173670943759173e-01
   2.2508778748098970e-01
   2.5758473201798265e-01
   2.9134160487055272e-01
   3.2641555015848034e-01
   3.6282367710712848e-01
   4.0053270597305557e-01
   4.3944725212575120e-01
   4.7939715187465887e-01
   5.2012457688868841e-01
   5.6127211814948152e-01
   6.0237351501229919e-01
   6.4284918845329808e-01
   6.8200908606964217e-01
   7.1906538530760222e-01
   7.5315713133504736e-01
   7.8338774244410758e-01
   8.0887446036937749e-01
   8.2880644001742354e-01
   8.4250572193834206e-01
   8.4948348986661903e-01
   8.4948348986661903e-01
   8.4250572193834206e-01
   8.2880644001742332e-01
   8.0887446036937716e-01
   7.8338774244410725e-01
   7.5315713133504691e-01
   7.1906538530760178e-01
   6.8200908606964161e-01
   6.4284918845329764e-01
   6.0237351501229863e-01
   5.6127211814948097e-01
   5.2012457688868785e-01
   4.7939715187465826e-01
   4.3944725212575070e-01
   4.0053270597305507e-01
   3.6282367710712798e-01
   3.2641555015847989e-01
   2.9134160487055222e-01
   2.5758473201798221e-01
   2.2508778748098934e-01
   2.0173670943759145e-01
   1.8741073221330934e-01
   1.7408109446997694e-01
   1.6169310086004740e-01
   1.5019270682736394e-01
   1.3952716653720720e-01
   1.2964550597705762e-01
   1.2049885618098072e-01
   1.1204067577369860e-01
   1.0422688694792558e-01
   9.7015944598563608e-02
   9.0368854609106278e-02
   8.4249154161730733e-02
   7.8622864353795896e-02
   7.3458423277908455e-02
   6.8726605991327738e-02
   6.4400436400065444e-02
   6.0455094957596010e-02
   5.6867825179124115e-02
   5.3617841258577804e-02
   5.0686238512230308e-02
   4.8055907931284100e-02
   4.5711455782123107e-02
   4.3639128927812798e-02
   4.1826746341977770e-02
   4.0263637133589124e-02
   3.8940585288094937e-02
   3.7849781248384645e-02
   3.6984780401581992e-02
   3.6340468499208148e-02
   3.5913034014486395e-02
   3.5699947427927467e-02
   3.5699947427927460e-02
   3.5913034014486388e-02
   3.6340468499208141e-02
   3.6984780401581985e-02
   3.7849781248384631e-02
   3.8940585288094923e-02
   4.0263637133589124e-02
   4.1826746341977770e-02
   4.3639128927812812e-02
   4.5711455782123114e-02
   4.8055907931284121e-02
   5.0686238512230336e-02
   5.3617841258577839e-02
   5.6867825179124150e-02
   6.0455094957596045e-02
   6.4400436400065500e-02
   6.8726605991327780e-02
   7.3458423277908524e-02
   7.8622864353795952e-02
   8.4249154161730788e-02
   9.0368854609106319e-02
   9.7015944598563636e-02
   1.0422688694792560e-01
   1.1204067577369861e-01
   1.2049885618098073e-01
   1.2964550597705760e-01
   1.3952716653720720e-01
   1.5019270682736391e-01
   1.6169310086004737e-01
   1.7408109446997688e-01
   1.8741073221330934e-01
   2.0173670943759145e-01
