   3.0523205082339738e-01
   3.0002018150678400e-01
   2.9484836625459382e-01
   2.8973340068824638e-01
   2.8469099858621916e-01
   2.7973579257184555e-01
   2.7488134653942925e-01
   2.7014017812272506e-01
   2.6552378956599271e-01
   2.6104270544259167e-01
   2.5670651577173653e-01
   2.5252392320365824e-01
   2.4850279307102571e-01
   2.4465020523503056e-01
   2.4097250678391552e-01
   2.3747536476671741e-01
   2.3416381826316401e-01
   2.3104232920030748e-01
   2.2811483142648209e-01
   2.2538477764294362e-01
   2.2285518387289113e-01
   2.2052867121662806e-01
   2.1840750470076079e-01
   2.1649362907912706e-01
   2.1478870148426482e-01
   2.1329412086143740e-01
   2.1201105414331756e-01
   2.1094045914321083e-01
   2.1008310415897111e-01
   2.0943958428931078e-01
   2.0901033446979048e-01
   2.0879563923811009e-01
   2.0879563923811009e-01
   2.0901033446979048e-01
   2.0943958428931078e-01
   2.1008310415897111e-01
   2.1094045914321083e-01
   2.1201105414331756e-01
   2.1329412086143740e-01
   2.1478870148426482e-01
   2.1649362907912709e-01
   2.1840750470076079e-01
   2.2052867121662809e-01
   2.2285518387289116e-01
   2.2538477764294362e-01
   2.2811483142648209e-01
   2.3104232920030748e-01
   2.3416381826316401e-01
   2.3747536476671741e-01
   2.4097250678391552e-01
   2.4465020523503056e-01
   2.4850279307102571e-01
   2.5252392320365824e-01
   2.5670651577173653e-01
   2.6104270544259167e-01
   2.6552378956599271e-01
   2.7014017812272506e-01
   2.7488134653942925e-01
   2.7973579257184561e-01
   2.8469099858621916e-01
   2.8973340068824638e-01
   2.9484836625459382e-01
   3.0002018150678400e-01
   3.0523205082339738e-01
   3.1318044855961735e-01
   3.2383601889422747e-01
   3.3444021643100358e-01
   3.4494466779802363e-01
   3.5529700565814548e-01
   3.6544115289995077e-01
   3.7531772862849416e-01
   3.8486458363661424e-01
   3.9401746896585665e-01
   4.0271083603921243e-01
   4.1087876078765062e-01
   4.1845597743280560e-01
   4.2537900047978577e-01
   4.3158730647506022e-01
   4.3702454073499947e-01
   4.4163970913100969e-01
   4.4538831169056436e-01
   4.4823337372043426e-01
   4.5014633171057528e-01
   4.5110773555983202e-01
   4.5110773555983202e-01
   4.5014633171057522e-01
   4.4823337372043415e-01
   4.4538831169056420e-01
   4.4163970913100958e-01
   4.3702454073499925e-01
   4.3158730647505994e-01
   4.2537900047978550e-01
   4.1845597743280527e-01
   4.1087876078765023e-01
   4.0271083603921209e-01
   3.9401746896585627e-01
   3.8486458363661386e-01
   3.7531772862849377e-01
   3.6544115289995027e-01
   3.5529700565814504e-01
   3.4494466779802307e-01
   3.3444021643100308e-01
   3.2383601889422697e-01
   3.1318044855961685e-01
   3.0523205082339694e-01
   3.0002018150678356e-01
   2.9484836625459332e-01
   2.8973340068824588e-01
   2.8469099858621860e-01
   2.7973579257184500e-01
   2.7488134653942869e-01
   2.7014017812272445e-01
   2.6552378956599210e-01
   2.6104270544259106e-01
   2.5670651577173587e-01
   2.5252392320365752e-01
   2.4850279307102502e-01
   2.4465020523502984e-01
   2.4097250678391477e-01
   2.3747536476671666e-01
   2.3416381826316324e-01
   2.3104232920030665e-01
   2.2811483142648131e-01
   2.2538477764294279e-01
   2.2285518387289033e-01
   2.2052867121662723e-01
   2.1840750470075992e-01
   2.1649362907912623e-01
   2.1478870148426399e-01
   2.1329412086143656e-01
   2.1201105414331672e-01
   2.1094045914320997e-01
   2.1008310415897027e-01
   2.0943958428930995e-01
   2.0901033446978962e-01
   2.0879563923810923e-01
   2.0879563923810923e-01
   2.0901033446978962e-01
   2.0943958428930995e-01
   2.1008310415897027e-01
   2.1094045914320997e-01
   2.1201105414331670e-01
   2.1329412086143656e-01
   2.1478870148426399e-01
   2.1649362907912623e-01
   2.1840750470075992e-01
   2.2052867121662723e-01
   2.2285518387289033e-01
   2.2538477764294282e-01
   2.2811483142648128e-01
   2.3104232920030668e-01
   2.3416381826316324e-01
   2.3747536476671666e-01
   2.4097250678391474e-01
   2.4465020523502984e-01
   2.4850279307102499e-01
   2.5252392320365746e-01
   2.5670651577173587e-01
   2.6104270544259101e-01
   2.6552378956599204e-01
   2.7014017812272439e-01
   2.7488134653942864e-01
   2.7973579257184500e-01
   2.8469099858621860e-01
   2.8973340068824588e-01
   2.9484836625459332e-01
   3.0002018150678350e-01
   3.0523205082339694e-01
