   1.4609827787474233e-01
   1.3115821885919601e-01
   1.1773384363615733e-01
   1.0567760105418034e-01
   9.4854877818501632e-02
   8.5143314300207343e-02
   7.6432015252457186e-02
   6.8620714032585586e-02
   6.1618930227680759e-02
   5.5345147079421078e-02
   4.9726025462376020e-02
   4.4695664366765510e-02
   4.0194913102859782e-02
   3.6170737207442349e-02
   3.2575637870757394e-02
   2.9367123305816513e-02
   2.6507229625747267e-02
   2.3962088316170999e-02
   2.1701537171251811e-02
   1.9698771520303152e-02
   1.7930032647187406e-02
   1.6374330455285798e-02
   1.5013197627314167e-02
   1.3830472751585360e-02
   1.2812110120858132e-02
   1.1946014147697678e-02
   1.1221896575631257e-02
   1.0631154894965883e-02
   1.0166770594226555e-02
   9.8232260921919529e-03
   9.5964394016531535e-03
   9.4837157750389135e-03
   9.4837157750389135e-03
   9.5964394016531552e-03
   9.8232260921919546e-03
   1.0166770594226559e-02
   1.0631154894965886e-02
   1.1221896575631260e-02
   1.1946014147697682e-02
   1.2812110120858138e-02
   1.3830472751585365e-02
   1.5013197627314174e-02
   1.6374330455285808e-02
   1.7930032647187413e-02
   1.9698771520303162e-02
   2.1701537171251825e-02
   2.3962088316171016e-02
   2.6507229625747288e-02
   2.9367123305816537e-02
   3.2575637870757422e-02
   3.6170737207442384e-02
   4.0194913102859831e-02
   4.4695664366765545e-02
   4.9726025462376054e-02
   5.5345147079421127e-02
   6.1618930227680807e-02
   6.8620714032585628e-02
   7.6432015252457228e-02
   8.5143314300207384e-02
   9.4854877818501673e-02
   1.0567760105418036e-01
   1.1773384363615737e-01
   1.3115821885919604e-01
   1.4609827787474236e-01
   1.7133230004349140e-01
   2.0719622261768980e-01
   2.4543778024778456e-01
   2.8641083782841281e-01
   3.3044656210977297e-01
   3.7783631527906109e-01
   4.2880745862897229e-01
   4.8349051826831235e-01
   5.4187645083262515e-01
   6.0376360190512801e-01
   6.6869570043804927e-01
   7.3589521807781033e-01
   8.0420082443693397e-01
   8.7202319298467179e-01
   9.3733884224591146e-01
   9.9774452810909464e-01
   1.0505913059080787e+00
   1.0932043216163174e+00
   1.1231711208521606e+00
   1.1386530785354148e+00
   1.1386530785354154e+00
   1.1231711208521629e+00
   1.0932043216163210e+00
   1.0505913059080836e+00
   9.9774452810910041e-01
   9.3733884224591779e-01
   8.7202319298467845e-01
   8.0420082443694074e-01
   7.3589521807781710e-01
   6.6869570043805593e-01
   6.0376360190513434e-01
   5.4187645083263092e-01
   4.8349051826831768e-01
   4.2880745862897712e-01
   3.7783631527906542e-01
   3.3044656210977680e-01
   2.8641083782841620e-01
   2.4543778024778753e-01
   2.0719622261769238e-01
   1.7133230004349367e-01
   1.4609827787474436e-01
   1.3115821885919784e-01
   1.1773384363615896e-01
   1.0567760105418179e-01
   9.4854877818502964e-02
   8.5143314300208522e-02
   7.6432015252458241e-02
   6.8620714032586544e-02
   6.1618930227681626e-02
   5.5345147079421855e-02
   4.9726025462376713e-02
   4.4695664366766134e-02
   4.0194913102860344e-02
   3.6170737207442849e-02
   3.2575637870757845e-02
   2.9367123305816922e-02
   2.6507229625747638e-02
   2.3962088316171332e-02
   2.1701537171252113e-02
   1.9698771520303422e-02
   1.7930032647187656e-02
   1.6374330455286027e-02
   1.5013197627314375e-02
   1.3830472751585551e-02
   1.2812110120858309e-02
   1.1946014147697841e-02
   1.1221896575631409e-02
   1.0631154894966027e-02
   1.0166770594226692e-02
   9.8232260921920847e-03
   9.5964394016532818e-03
   9.4837157750390401e-03
   9.4837157750390401e-03
   9.5964394016532836e-03
   9.8232260921920864e-03
   1.0166770594226692e-02
   1.0631154894966025e-02
   1.1221896575631407e-02
   1.1946014147697838e-02
   1.2812110120858304e-02
   1.3830472751585545e-02
   1.5013197627314368e-02
   1.6374330455286020e-02
   1.7930032647187646e-02
   1.9698771520303419e-02
   2.1701537171252106e-02
   2.3962088316171325e-02
   2.6507229625747631e-02
   2.9367123305816915e-02
   3.2575637870757838e-02
   3.6170737207442849e-02
   4.0194913102860351e-02
   4.4695664366766134e-02
   4.9726025462376720e-02
   5.5345147079421869e-02
   6.1618930227681640e-02
   6.8620714032586558e-02
   7.6432015252458269e-02
   8.5143314300208536e-02
   9.4854877818502978e-02
   1.0567760105418182e-01
   1.1773384363615898e-01
   1.3115821885919784e-01
   1.4609827787474436e-01
