   1.5483562997597056e-01
   1.3977085973227399e-01
   1.2615798726745980e-01
   1.1386440973341740e-01
   1.0276804387087102e-01
   9.2756980497885735e-02
   8.3728995703335224e-02
   7.5590978620903929e-02
   6.8258318325901443e-02
   6.1654279525703896e-02
   5.5709387250809914e-02
   5.0360833863501049e-02
   4.5551916737356403e-02
   4.1231511427335603e-02
   3.7353582670902365e-02
   3.3876733853293269e-02
   3.0763794423885427e-02
   2.7981444009518099e-02
   2.5499871519460433e-02
   2.3292467291076077e-02
   2.1335546223552833e-02
   1.9608099844699977e-02
   1.8091575320609701e-02
   1.6769679526951426e-02
   1.5628206437559144e-02
   1.4654886239431814e-02
   1.3839254745516165e-02
   1.3172541842491555e-02
   1.2647577876908853e-02
   1.2258717047477507e-02
   1.2001777033034434e-02
   1.1873994244435727e-02
   1.1873994244435727e-02
   1.2001777033034434e-02
   1.2258717047477505e-02
   1.2647577876908851e-02
   1.3172541842491555e-02
   1.3839254745516163e-02
   1.4654886239431810e-02
   1.5628206437559144e-02
   1.6769679526951423e-02
   1.8091575320609694e-02
   1.9608099844699977e-02
   2.1335546223552829e-02
   2.3292467291076074e-02
   2.5499871519460430e-02
   2.7981444009518092e-02
   3.0763794423885420e-02
   3.3876733853293269e-02
   3.7353582670902358e-02
   4.1231511427335596e-02
   4.5551916737356389e-02
   5.0360833863501035e-02
   5.5709387250809907e-02
   6.1654279525703889e-02
   6.8258318325901415e-02
   7.5590978620903929e-02
   8.3728995703335210e-02
   9.2756980497885735e-02
   1.0276804387087102e-01
   1.1386440973341741e-01
   1.2615798726745980e-01
   1.3977085973227402e-01
   1.5483562997597056e-01
   1.8013522950739932e-01
   2.1596941235065811e-01
   2.5401412882667579e-01
   2.9456794444431988e-01
   3.3790037579659893e-01
   3.8423495869205665e-01
   4.3372623430543999e-01
   4.8642963794048577e-01
   5.4226369363956506e-01
   6.0096483788229271e-01
   6.6203683795849677e-01
   7.2469931644551200e-01
   7.8784333964833886e-01
   8.5000595791991462e-01
   9.0937890305208890e-01
   9.6386744440813943e-01
   1.0112112683724612e+00
   1.0491683140019972e+00
   1.0757452136451244e+00
   1.0894386679098522e+00
   1.0894386679098520e+00
   1.0757452136451240e+00
   1.0491683140019965e+00
   1.0112112683724601e+00
   9.6386744440813832e-01
   9.0937890305208779e-01
   8.5000595791991329e-01
   7.8784333964833742e-01
   7.2469931644551044e-01
   6.6203683795849533e-01
   6.0096483788229127e-01
   5.4226369363956373e-01
   4.8642963794048455e-01
   4.3372623430543883e-01
   3.8423495869205554e-01
   3.3790037579659787e-01
   2.9456794444431894e-01
   2.5401412882667496e-01
   2.1596941235065736e-01
   1.8013522950739869e-01
   1.5483562997596997e-01
   1.3977085973227352e-01
   1.2615798726745936e-01
   1.1386440973341699e-01
   1.0276804387087064e-01
   9.2756980497885402e-02
   8.3728995703334932e-02
   7.5590978620903665e-02
   6.8258318325901193e-02
   6.1654279525703681e-02
   5.5709387250809712e-02
   5.0360833863500869e-02
   4.5551916737356229e-02
   4.1231511427335464e-02
   3.7353582670902226e-02
   3.3876733853293151e-02
   3.0763794423885316e-02
   2.7981444009517999e-02
   2.5499871519460343e-02
   2.3292467291075994e-02
   2.1335546223552757e-02
   1.9608099844699908e-02
   1.8091575320609635e-02
   1.6769679526951367e-02
   1.5628206437559092e-02
   1.4654886239431763e-02
   1.3839254745516118e-02
   1.3172541842491510e-02
   1.2647577876908810e-02
   1.2258717047477467e-02
   1.2001777033034395e-02
   1.1873994244435688e-02
   1.1873994244435689e-02
   1.2001777033034395e-02
   1.2258717047477469e-02
   1.2647577876908811e-02
   1.3172541842491515e-02
   1.3839254745516122e-02
   1.4654886239431765e-02
   1.5628206437559099e-02
   1.6769679526951371e-02
   1.8091575320609642e-02
   1.9608099844699915e-02
   2.1335546223552763e-02
   2.3292467291076004e-02
   2.5499871519460350e-02
   2.7981444009518009e-02
   3.0763794423885330e-02
   3.3876733853293164e-02
   3.7353582670902240e-02
   4.1231511427335471e-02
   4.5551916737356243e-02
   5.0360833863500876e-02
   5.5709387250809726e-02
   6.1654279525703681e-02
   6.8258318325901193e-02
   7.5590978620903665e-02
   8.3728995703334932e-02
   9.2756980497885416e-02
   1.0276804387087064e-01
   1.1386440973341698e-01
   1.2615798726745933e-01
   1.3977085973227349e-01
   1.5483562997596997e-01
