   3.1272532008811882e-01
   3.0865273302254076e-01
   3.0458357667218211e-01
   3.0053245684957108e-01
   2.9651333518231610e-01
   2.9253949928510847e-01
   2.8862354238169030e-01
   2.8477735155697709e-01
   2.8101210377195995e-01
   2.7733826875129314e-01
   2.7376561785216680e-01
   2.7030323803968170e-01
   2.6695955012503564e-01
   2.6374233046514878e-01
   2.6065873537289452e-01
   2.5771532754318605e-01
   2.5491810385945157e-01
   2.5227252400553168e-01
   2.4978353936810993e-01
   2.4745562177313743e-01
   2.4529279165532702e-01
   2.4329864531194670e-01
   2.4147638094034055e-01
   2.3982882320257246e-01
   2.3835844610020665e-01
   2.3706739397755380e-01
   2.3595750050286413e-01
   2.3503030550419332e-01
   2.3428706956031056e-01
   2.3372878626743543e-01
   2.3335619212018718e-01
   2.3316977396034994e-01
   2.3316977396034994e-01
   2.3335619212018718e-01
   2.3372878626743540e-01
   2.3428706956031056e-01
   2.3503030550419329e-01
   2.3595750050286410e-01
   2.3706739397755380e-01
   2.3835844610020662e-01
   2.3982882320257243e-01
   2.4147638094034055e-01
   2.4329864531194670e-01
   2.4529279165532700e-01
   2.4745562177313737e-01
   2.4978353936810987e-01
   2.5227252400553163e-01
   2.5491810385945152e-01
   2.5771532754318599e-01
   2.6065873537289452e-01
   2.6374233046514878e-01
   2.6695955012503558e-01
   2.7030323803968165e-01
   2.7376561785216674e-01
   2.7733826875129308e-01
   2.8101210377195990e-01
   2.8477735155697703e-01
   2.8862354238169030e-01
   2.9253949928510842e-01
   2.9651333518231604e-01
   3.0053245684957108e-01
   3.0458357667218211e-01
   3.0865273302254070e-01
   3.1272532008811882e-01
   3.1889202885618073e-01
   3.2712733457788867e-01
   3.3528956548343231e-01
   3.4334064139552084e-01
   3.5124037499836047e-01
   3.5894673898720247e-01
   3.6641620072427988e-01
   3.7360412504107104e-01
   3.8046524348920108e-01
   3.8695418567350726e-01
   3.9302606539558910e-01
   3.9863711132605950e-01
   4.0374532897343474e-01
   4.0831117801700345e-01
   4.1229824682274568e-01
   4.1567390436455026e-01
   4.1840990900442993e-01
   4.2048295378019940e-01
   4.2187512908265701e-01
   4.2257428587917684e-01
   4.2257428587917678e-01
   4.2187512908265684e-01
   4.2048295378019906e-01
   4.1840990900442948e-01
   4.1567390436454976e-01
   4.1229824682274507e-01
   4.0831117801700278e-01
   4.0374532897343396e-01
   3.9863711132605867e-01
   3.9302606539558810e-01
   3.8695418567350626e-01
   3.8046524348919997e-01
   3.7360412504106993e-01
   3.6641620072427866e-01
   3.5894673898720125e-01
   3.5124037499835919e-01
   3.4334064139551956e-01
   3.3528956548343097e-01
   3.2712733457788729e-01
   3.1889202885617940e-01
   3.1272532008811726e-01
   3.0865273302253904e-01
   3.0458357667218017e-01
   3.0053245684956886e-01
   2.9651333518231365e-01
   2.9253949928510581e-01
   2.8862354238168747e-01
   2.8477735155697403e-01
   2.8101210377195673e-01
   2.7733826875128975e-01
   2.7376561785216325e-01
   2.7030323803967798e-01
   2.6695955012503175e-01
   2.6374233046514478e-01
   2.6065873537289042e-01
   2.5771532754318177e-01
   2.5491810385944719e-01
   2.5227252400552719e-01
   2.4978353936810535e-01
   2.4745562177313274e-01
   2.4529279165532231e-01
   2.4329864531194190e-01
   2.4147638094033569e-01
   2.3982882320256746e-01
   2.3835844610020163e-01
   2.3706739397754878e-01
   2.3595750050285907e-01
   2.3503030550418821e-01
   2.3428706956030543e-01
   2.3372878626743027e-01
   2.3335619212018202e-01
   2.3316977396034480e-01
   2.3316977396034480e-01
   2.3335619212018202e-01
   2.3372878626743027e-01
   2.3428706956030543e-01
   2.3503030550418824e-01
   2.3595750050285907e-01
   2.3706739397754881e-01
   2.3835844610020168e-01
   2.3982882320256754e-01
   2.4147638094033574e-01
   2.4329864531194195e-01
   2.4529279165532236e-01
   2.4745562177313282e-01
   2.4978353936810543e-01
   2.5227252400552724e-01
   2.5491810385944730e-01
   2.5771532754318183e-01
   2.6065873537289047e-01
   2.6374233046514489e-01
   2.6695955012503186e-01
   2.7030323803967804e-01
   2.7376561785216336e-01
   2.7733826875128986e-01
   2.8101210377195684e-01
   2.8477735155697415e-01
   2.8862354238168758e-01
   2.9253949928510592e-01
   2.9651333518231376e-01
   3.0053245684956897e-01
   3.0458357667218028e-01
   3.0865273302253909e-01
   3.1272532008811732e-01
