   2.5594811779773752e-01
   2.4530140019573851e-01
   2.3507139935722537e-01
   2.2526300473432159e-01
   2.1587823082642102e-01
   2.0691665720606542e-01
   1.9837582851327562e-01
   1.9025161472713362e-01
   1.8253853299794573e-01
   1.7523003300553114e-01
   1.6831874825431259e-01
   1.6179671597345474e-01
   1.5565556840324377e-01
   1.4988669825351605e-01
   1.4448140104612320e-01
   1.3943099692529598e-01
   1.3472693435638522e-01
   1.3036087794952014e-01
   1.2632478245132550e-01
   1.2261095475310477e-01
   1.1921210557358468e-01
   1.1612139229230523e-01
   1.1333245423845976e-01
   1.1083944158076384e-01
   1.0863703881725732e-01
   1.0672048372971864e-01
   1.0508558254505197e-01
   1.0372872193477020e-01
   1.0264687838250211e-01
   1.0183762535714852e-01
   1.0129913864466657e-01
   1.0103020011320994e-01
   1.0103020011320996e-01
   1.0129913864466658e-01
   1.0183762535714853e-01
   1.0264687838250215e-01
   1.0372872193477026e-01
   1.0508558254505204e-01
   1.0672048372971872e-01
   1.0863703881725741e-01
   1.1083944158076393e-01
   1.1333245423845990e-01
   1.1612139229230535e-01
   1.1921210557358482e-01
   1.2261095475310495e-01
   1.2632478245132567e-01
   1.3036087794952031e-01
   1.3472693435638541e-01
   1.3943099692529620e-01
   1.4448140104612342e-01
   1.4988669825351630e-01
   1.5565556840324402e-01
   1.6179671597345499e-01
   1.6831874825431281e-01
   1.7523003300553133e-01
   1.8253853299794595e-01
   1.9025161472713378e-01
   1.9837582851327579e-01
   2.0691665720606556e-01
   2.1587823082642116e-01
   2.2526300473432173e-01
   2.3507139935722546e-01
   2.4530140019573859e-01
   2.5594811779773757e-01
   2.7273643826152211e-01
   2.9566107483580140e-01
   3.1894573640385088e-01
   3.4252748849540282e-01
   3.6632143730889749e-01
   3.9021875340564238e-01
   4.1408508256280613e-01
   4.3775955585179133e-01
   4.6105463859905332e-01
   4.8375707100105420e-01
   5.0563014364588343e-01
   5.2641751082177612e-01
   5.4584866669367271e-01
   5.6364609151350753e-01
   5.7953392059311004e-01
   5.9324780959715029e-01
   6.0454548634595895e-01
   6.1321731944765112e-01
   6.1909612840054240e-01
   6.2206543568709083e-01
   6.2206543568709038e-01
   6.1909612840054107e-01
   6.1321731944764912e-01
   6.0454548634595617e-01
   5.9324780959714685e-01
   5.7953392059310593e-01
   5.6364609151350287e-01
   5.4584866669366749e-01
   5.2641751082177057e-01
   5.0563014364587766e-01
   4.8375707100104809e-01
   4.6105463859904700e-01
   4.3775955585178489e-01
   4.1408508256279958e-01
   3.9021875340563583e-01
   3.6632143730889088e-01
   3.4252748849539627e-01
   3.1894573640384449e-01
   2.9566107483579507e-01
   2.7273643826151589e-01
   2.5594811779773141e-01
   2.4530140019573257e-01
   2.3507139935721960e-01
   2.2526300473431599e-01
   2.1587823082641558e-01
   2.0691665720606015e-01
   1.9837582851327051e-01
   1.9025161472712862e-01
   1.8253853299794093e-01
   1.7523003300552645e-01
   1.6831874825430809e-01
   1.6179671597345036e-01
   1.5565556840323952e-01
   1.4988669825351189e-01
   1.4448140104611917e-01
   1.3943099692529207e-01
   1.3472693435638142e-01
   1.3036087794951642e-01
   1.2632478245132189e-01
   1.2261095475310126e-01
   1.1921210557358124e-01
   1.1612139229230184e-01
   1.1333245423845646e-01
   1.1083944158076058e-01
   1.0863703881725410e-01
   1.0672048372971547e-01
   1.0508558254504885e-01
   1.0372872193476709e-01
   1.0264687838249904e-01
   1.0183762535714544e-01
   1.0129913864466351e-01
   1.0103020011320687e-01
   1.0103020011320687e-01
   1.0129913864466351e-01
   1.0183762535714544e-01
   1.0264687838249902e-01
   1.0372872193476709e-01
   1.0508558254504885e-01
   1.0672048372971547e-01
   1.0863703881725410e-01
   1.1083944158076056e-01
   1.1333245423845645e-01
   1.1612139229230184e-01
   1.1921210557358124e-01
   1.2261095475310124e-01
   1.2632478245132189e-01
   1.3036087794951642e-01
   1.3472693435638142e-01
   1.3943099692529207e-01
   1.4448140104611915e-01
   1.4988669825351189e-01
   1.5565556840323952e-01
   1.6179671597345038e-01
   1.6831874825430809e-01
   1.7523003300552645e-01
   1.8253853299794096e-01
   1.9025161472712862e-01
   1.9837582851327051e-01
   2.0691665720606015e-01
   2.1587823082641558e-01
   2.2526300473431601e-01
   2.3507139935721963e-01
   2.4530140019573257e-01
   2.5594811779773141e-01
