   3.2102085621768200e-01
   3.1853162228887144e-01
   3.1601940624481173e-01
   3.1349410041212517e-01
   3.1096541617874818e-01
   3.0844284623439927e-01
   3.0593563117177264e-01
   3.0345273039231613e-01
   3.0100279720053463e-01
   2.9859415791932398e-01
   2.9623479481596265e-01
   2.9393233259389184e-01
   2.9169402817893947e-01
   2.8952676350967160e-01
   2.8743704102946127e-01
   2.8543098157194441e-01
   2.8351432433104817e-01
   2.8169242861097488e-01
   2.7997027705966571e-01
   2.7835248010065183e-01
   2.7684328129216712e-01
   2.7544656335835238e-01
   2.7416585465479776e-01
   2.7300433584908573e-01
   2.7196484661602965e-01
   2.7104989216662706e-01
   2.7026164944912268e-01
   2.6960197287980830e-01
   2.6907239948014511e-01
   2.6867415331541039e-01
   2.6840814914829408e-01
   2.6827499523872650e-01
   2.6827499523872650e-01
   2.6840814914829403e-01
   2.6867415331541034e-01
   2.6907239948014511e-01
   2.6960197287980825e-01
   2.7026164944912268e-01
   2.7104989216662700e-01
   2.7196484661602960e-01
   2.7300433584908568e-01
   2.7416585465479765e-01
   2.7544656335835233e-01
   2.7684328129216701e-01
   2.7835248010065172e-01
   2.7997027705966560e-01
   2.8169242861097477e-01
   2.8351432433104806e-01
   2.8543098157194430e-01
   2.8743704102946116e-01
   2.8952676350967144e-01
   2.9169402817893930e-01
   2.9393233259389168e-01
   2.9623479481596249e-01
   2.9859415791932381e-01
   3.0100279720053447e-01
   3.0345273039231596e-01
   3.0593563117177247e-01
   3.0844284623439916e-01
   3.1096541617874807e-01
   3.1349410041212511e-01
   3.1601940624481162e-01
   3.1853162228887139e-01
   3.2102085621768200e-01
   3.2475085236242052e-01
   3.2970432907184632e-01
   3.3458536680348849e-01
   3.3937119580363551e-01
   3.4403856179493364e-01
   3.4856388780030007e-01
   3.5292345575028788e-01
   3.5709360638977600e-01
   3.6105095534720305e-01
   3.6477262256653731e-01
   3.6823647165577883e-01
   3.7142135510618574e-01
   3.7430736081545102e-01
   3.7687605493747167e-01
   3.7911071581071110e-01
   3.8099655361163182e-01
   3.8252091045790471e-01
   3.8367343595830866e-01
   3.8444623367277209e-01
   3.8483397459659929e-01
   3.8483397459659929e-01
   3.8444623367277214e-01
   3.8367343595830872e-01
   3.8252091045790471e-01
   3.8099655361163187e-01
   3.7911071581071110e-01
   3.7687605493747167e-01
   3.7430736081545102e-01
   3.7142135510618568e-01
   3.6823647165577883e-01
   3.6477262256653736e-01
   3.6105095534720305e-01
   3.5709360638977605e-01
   3.5292345575028788e-01
   3.4856388780030012e-01
   3.4403856179493369e-01
   3.3937119580363556e-01
   3.3458536680348844e-01
   3.2970432907184627e-01
   3.2475085236242046e-01
   3.2102085621768200e-01
   3.1853162228887127e-01
   3.1601940624481162e-01
   3.1349410041212505e-01
   3.1096541617874796e-01
   3.0844284623439905e-01
   3.0593563117177242e-01
   3.0345273039231585e-01
   3.0100279720053436e-01
   2.9859415791932364e-01
   2.9623479481596227e-01
   2.9393233259389145e-01
   2.9169402817893908e-01
   2.8952676350967116e-01
   2.8743704102946083e-01
   2.8543098157194391e-01
   2.8351432433104767e-01
   2.8169242861097438e-01
   2.7997027705966515e-01
   2.7835248010065128e-01
   2.7684328129216657e-01
   2.7544656335835183e-01
   2.7416585465479709e-01
   2.7300433584908512e-01
   2.7196484661602904e-01
   2.7104989216662639e-01
   2.7026164944912207e-01
   2.6960197287980764e-01
   2.6907239948014450e-01
   2.6867415331540973e-01
   2.6840814914829342e-01
   2.6827499523872589e-01
   2.6827499523872589e-01
   2.6840814914829342e-01
   2.6867415331540973e-01
   2.6907239948014444e-01
   2.6960197287980758e-01
   2.7026164944912207e-01
   2.7104989216662639e-01
   2.7196484661602904e-01
   2.7300433584908512e-01
   2.7416585465479709e-01
   2.7544656335835177e-01
   2.7684328129216651e-01
   2.7835248010065122e-01
   2.7997027705966510e-01
   2.8169242861097432e-01
   2.8351432433104762e-01
   2.8543098157194391e-01
   2.8743704102946077e-01
   2.8952676350967116e-01
   2.9169402817893902e-01
   2.9393233259389145e-01
   2.9623479481596221e-01
   2.9859415791932359e-01
   3.0100279720053430e-01
   3.0345273039231585e-01
   3.0593563117177236e-01
   3.0844284623439905e-01
   3.1096541617874796e-01
   3.1349410041212494e-01
   3.1601940624481151e-01
   3.1853162228887127e-01
   3.2102085621768195e-01
