   2.9155364520952781e-01
   2.8458013458513071e-01
   2.7773102678834827e-01
   2.7102394663626495e-01
   2.6447469290223236e-01
   2.5809733159329962e-01
   2.5190429842244638e-01
   2.4590650744179643e-01
   2.4011346320018850e-01
   2.3453337417716608e-01
   2.2917326561486701e-01
   2.2403909021194893e-01
   2.1913583545482584e-01
   2.1446762663861973e-01
   2.1003782487264494e-01
   2.0584911957358154e-01
   2.0190361512538152e-01
   1.9820291153066227e-01
   1.9474817899655245e-01
   1.9154022649152722e-01
   1.8857956438161061e-01
   1.8586646130724266e-01
   1.8340099549878319e-01
   1.8118310075149160e-01
   1.7921260729210878e-01
   1.7748927777083348e-01
   1.7601283860625513e-01
   1.7478300689816020e-01
   1.7379951310534258e-01
   1.7306211966368493e-01
   1.7257063569474523e-01
   1.7232492792762180e-01
   1.7232492792762180e-01
   1.7257063569474523e-01
   1.7306211966368493e-01
   1.7379951310534258e-01
   1.7478300689816020e-01
   1.7601283860625513e-01
   1.7748927777083348e-01
   1.7921260729210878e-01
   1.8118310075149163e-01
   1.8340099549878319e-01
   1.8586646130724266e-01
   1.8857956438161061e-01
   1.9154022649152727e-01
   1.9474817899655245e-01
   1.9820291153066227e-01
   2.0190361512538152e-01
   2.0584911957358157e-01
   2.1003782487264494e-01
   2.1446762663861976e-01
   2.1913583545482587e-01
   2.2403909021194893e-01
   2.2917326561486701e-01
   2.3453337417716608e-01
   2.4011346320018850e-01
   2.4590650744179646e-01
   2.5190429842244638e-01
   2.5809733159329962e-01
   2.6447469290223236e-01
   2.7102394663626495e-01
   2.7773102678834827e-01
   2.8458013458513071e-01
   2.9155364520952781e-01
   3.0230281680896204e-01
   3.1679700186255444e-01
   3.3131211484132805e-01
   3.4578677906836908e-01
   3.6015144778490932e-01
   3.7432850874882423e-01
   3.8823262102584727e-01
   4.0177131961408913e-01
   4.1484591766219586e-01
   4.2735272651329093e-01
   4.3918460042796925e-01
   4.5023279577376035e-01
   4.6038911434668356e-01
   4.6954827847133057e-01
   4.7761046328832985e-01
   4.8448389128484831e-01
   4.9008737798595875e-01
   4.9435270807669085e-01
   4.9722671994406153e-01
   4.9867298485557626e-01
   4.9867298485557615e-01
   4.9722671994406120e-01
   4.9435270807669035e-01
   4.9008737798595792e-01
   4.8448389128484731e-01
   4.7761046328832862e-01
   4.6954827847132924e-01
   4.6038911434668200e-01
   4.5023279577375869e-01
   4.3918460042796736e-01
   4.2735272651328904e-01
   4.1484591766219381e-01
   4.0177131961408707e-01
   3.8823262102584510e-01
   3.7432850874882201e-01
   3.6015144778490704e-01
   3.4578677906836680e-01
   3.3131211484132578e-01
   3.1679700186255211e-01
   3.0230281680895965e-01
   2.9155364520952537e-01
   2.8458013458512821e-01
   2.7773102678834571e-01
   2.7102394663626234e-01
   2.6447469290222975e-01
   2.5809733159329695e-01
   2.5190429842244372e-01
   2.4590650744179376e-01
   2.4011346320018578e-01
   2.3453337417716336e-01
   2.2917326561486426e-01
   2.2403909021194618e-01
   2.1913583545482310e-01
   2.1446762663861699e-01
   2.1003782487264219e-01
   2.0584911957357879e-01
   2.0190361512537877e-01
   1.9820291153065953e-01
   1.9474817899654970e-01
   1.9154022649152452e-01
   1.8857956438160789e-01
   1.8586646130723991e-01
   1.8340099549878047e-01
   1.8118310075148891e-01
   1.7921260729210606e-01
   1.7748927777083076e-01
   1.7601283860625241e-01
   1.7478300689815751e-01
   1.7379951310533989e-01
   1.7306211966368223e-01
   1.7257063569474254e-01
   1.7232492792761908e-01
   1.7232492792761908e-01
   1.7257063569474254e-01
   1.7306211966368223e-01
   1.7379951310533986e-01
   1.7478300689815754e-01
   1.7601283860625241e-01
   1.7748927777083079e-01
   1.7921260729210609e-01
   1.8118310075148891e-01
   1.8340099549878047e-01
   1.8586646130723991e-01
   1.8857956438160786e-01
   1.9154022649152450e-01
   1.9474817899654967e-01
   1.9820291153065953e-01
   2.0190361512537874e-01
   2.0584911957357879e-01
   2.1003782487264216e-01
   2.1446762663861699e-01
   2.1913583545482310e-01
   2.2403909021194618e-01
   2.2917326561486423e-01
   2.3453337417716333e-01
   2.4011346320018576e-01
   2.4590650744179374e-01
   2.5190429842244372e-01
   2.5809733159329695e-01
   2.6447469290222975e-01
   2.7102394663626234e-01
   2.7773102678834571e-01
   2.8458013458512821e-01
   2.9155364520952531e-01
