   1.6829338426936957e-01
   1.5319384664923988e-01
   1.3943263648245641e-01
   1.2690035691984256e-01
   1.1549471586463766e-01
   1.0512060759902710e-01
   9.5690014232873169e-02
   8.7121784226247875e-02
   7.9341330829222748e-02
   7.2280282120503719e-02
   6.5876105767297341e-02
   6.0071725124934229e-02
   5.4815138394801337e-02
   5.0059048898720447e-02
   4.5760511817786044e-02
   4.1880600757023809e-02
   3.8384096057955223e-02
   3.5239195753625295e-02
   3.2417249341108102e-02
   2.9892514056017182e-02
   2.7641933012384851e-02
   2.5644934374445909e-02
   2.3883250620644312e-02
   2.2340756919416557e-02
   2.1003327642326576e-02
   1.9858710079165915e-02
   1.8896414481612656e-02
   1.8107619639652274e-02
   1.7485093282964534e-02
   1.7023126694174991e-02
   1.6717483019704382e-02
   1.6565358865211204e-02
   1.6565358865211204e-02
   1.6717483019704379e-02
   1.7023126694174991e-02
   1.7485093282964530e-02
   1.8107619639652274e-02
   1.8896414481612656e-02
   1.9858710079165908e-02
   2.1003327642326569e-02
   2.2340756919416550e-02
   2.3883250620644298e-02
   2.5644934374445896e-02
   2.7641933012384837e-02
   2.9892514056017165e-02
   3.2417249341108081e-02
   3.5239195753625274e-02
   3.8384096057955196e-02
   4.1880600757023781e-02
   4.5760511817786016e-02
   5.0059048898720412e-02
   5.4815138394801309e-02
   6.0071725124934201e-02
   6.5876105767297313e-02
   7.2280282120503692e-02
   7.9341330829222734e-02
   8.7121784226247848e-02
   9.5690014232873155e-02
   1.0512060759902710e-01
   1.1549471586463766e-01
   1.2690035691984258e-01
   1.3943263648245641e-01
   1.5319384664923988e-01
   1.6829338426936960e-01
   1.9343219461374728e-01
   2.2885510251716143e-01
   2.6622005256062681e-01
   3.0574562686430939e-01
   3.4761437087262131e-01
   3.9195697542628627e-01
   4.3883193187569497e-01
   4.8820029915346852e-01
   5.3989572454058188e-01
   5.9359073366161197e-01
   6.4876164483037702e-01
   7.0465629013334063e-01
   7.6027089526576597e-01
   8.1434455233531189e-01
   8.6538091179635834e-01
   9.1170588959223275e-01
   9.5156618275237892e-01
   9.8326568436089334e-01
   1.0053263974298126e+00
   1.0166499959480697e+00
   1.0166499959480697e+00
   1.0053263974298130e+00
   9.8326568436089379e-01
   9.5156618275237959e-01
   9.1170588959223353e-01
   8.6538091179635912e-01
   8.1434455233531289e-01
   7.6027089526576697e-01
   7.0465629013334175e-01
   6.4876164483037790e-01
   5.9359073366161297e-01
   5.3989572454058266e-01
   4.8820029915346924e-01
   4.3883193187569558e-01
   3.9195697542628677e-01
   3.4761437087262170e-01
   3.0574562686430973e-01
   2.6622005256062703e-01
   2.2885510251716160e-01
   1.9343219461374739e-01
   1.6829338426936971e-01
   1.5319384664923999e-01
   1.3943263648245652e-01
   1.2690035691984267e-01
   1.1549471586463776e-01
   1.0512060759902718e-01
   9.5690014232873252e-02
   8.7121784226247931e-02
   7.9341330829222817e-02
   7.2280282120503775e-02
   6.5876105767297397e-02
   6.0071725124934278e-02
   5.4815138394801378e-02
   5.0059048898720482e-02
   4.5760511817786072e-02
   4.1880600757023843e-02
   3.8384096057955251e-02
   3.5239195753625323e-02
   3.2417249341108123e-02
   2.9892514056017207e-02
   2.7641933012384871e-02
   2.5644934374445927e-02
   2.3883250620644329e-02
   2.2340756919416574e-02
   2.1003327642326590e-02
   1.9858710079165929e-02
   1.8896414481612674e-02
   1.8107619639652291e-02
   1.7485093282964548e-02
   1.7023126694175005e-02
   1.6717483019704393e-02
   1.6565358865211217e-02
   1.6565358865211217e-02
   1.6717483019704393e-02
   1.7023126694175005e-02
   1.7485093282964544e-02
   1.8107619639652291e-02
   1.8896414481612670e-02
   1.9858710079165929e-02
   2.1003327642326590e-02
   2.2340756919416577e-02
   2.3883250620644329e-02
   2.5644934374445927e-02
   2.7641933012384871e-02
   2.9892514056017210e-02
   3.2417249341108130e-02
   3.5239195753625323e-02
   3.8384096057955251e-02
   4.1880600757023836e-02
   4.5760511817786065e-02
   5.0059048898720468e-02
   5.4815138394801358e-02
   6.0071725124934250e-02
   6.5876105767297355e-02
   7.2280282120503747e-02
   7.9341330829222775e-02
   8.7121784226247903e-02
   9.5690014232873211e-02
   1.0512060759902715e-01
   1.1549471586463771e-01
   1.2690035691984264e-01
   1.3943263648245649e-01
   1.5319384664923996e-01
   1.6829338426936968e-01
