   1.7792577018722308e-01
   1.6292182377145822e-01
   1.4916502044190788e-01
   1.3656239881350857e-01
   1.2502592387984879e-01
   1.1447280316899870e-01
   1.0482561144838459e-01
   9.6012276557268725e-02
   8.7965967004618936e-02
   8.0624912422442241e-02
   7.3932180418501331e-02
   6.7835427466508405e-02
   6.2286636889649041e-02
   5.7241853466091654e-02
   5.2660921490704546e-02
   4.8507231084768766e-02
   4.4747476010014428e-02
   4.1351425099699690e-02
   3.8291708577089564e-02
   3.5543619919768725e-02
   3.3084933491729515e-02
   3.0895737861600017e-02
   2.8958284522014256e-02
   2.7256851596928512e-02
   2.5777622051551107e-02
   2.4508575888971089e-02
   2.3439395817576984e-02
   2.2561385895702651e-02
   2.1867402698451544e-02
   2.1351798601745249e-02
   2.1010376836925377e-02
   2.0840358033217921e-02
   2.0840358033217921e-02
   2.1010376836925384e-02
   2.1351798601745253e-02
   2.1867402698451551e-02
   2.2561385895702654e-02
   2.3439395817576994e-02
   2.4508575888971099e-02
   2.5777622051551121e-02
   2.7256851596928526e-02
   2.8958284522014276e-02
   3.0895737861600034e-02
   3.3084933491729536e-02
   3.5543619919768746e-02
   3.8291708577089592e-02
   4.1351425099699718e-02
   4.4747476010014449e-02
   4.8507231084768794e-02
   5.2660921490704581e-02
   5.7241853466091681e-02
   6.2286636889649069e-02
   6.7835427466508433e-02
   7.3932180418501359e-02
   8.0624912422442269e-02
   8.7965967004618978e-02
   9.6012276557268753e-02
   1.0482561144838461e-01
   1.1447280316899874e-01
   1.2502592387984882e-01
   1.3656239881350860e-01
   1.4916502044190794e-01
   1.6292182377145825e-01
   1.7792577018722311e-01
   2.0275231726445503e-01
   2.3760823353954502e-01
   2.7420910936207155e-01
   3.1272100114141499e-01
   3.5327093205937954e-01
   3.9593236255310477e-01
   4.4070718342702270e-01
   4.8750421053163162e-01
   5.3611465467756125e-01
   5.8618581093665045e-01
   6.3719529165114974e-01
   6.8842947801861765e-01
   7.3897131215575163e-01
   7.8770372537800304e-01
   8.3333531265854088e-01
   8.7445359750227691e-01
   9.0960777907429724e-01
   9.3741713122079973e-01
   9.5669410068507987e-01
   9.6656459808498163e-01
   9.6656459808498119e-01
   9.5669410068507865e-01
   9.3741713122079762e-01
   9.0960777907429458e-01
   8.7445359750227381e-01
   8.3333531265853733e-01
   7.8770372537799926e-01
   7.3897131215574763e-01
   6.8842947801861343e-01
   6.3719529165114563e-01
   5.8618581093664646e-01
   5.3611465467755737e-01
   4.8750421053162796e-01
   4.4070718342701926e-01
   3.9593236255310160e-01
   3.5327093205937654e-01
   3.1272100114141221e-01
   2.7420910936206910e-01
   2.3760823353954283e-01
   2.0275231726445309e-01
   1.7792577018722133e-01
   1.6292182377145664e-01
   1.4916502044190641e-01
   1.3656239881350721e-01
   1.2502592387984754e-01
   1.1447280316899756e-01
   1.0482561144838354e-01
   9.6012276557267767e-02
   8.7965967004618062e-02
   8.0624912422441436e-02
   7.3932180418500595e-02
   6.7835427466507739e-02
   6.2286636889648424e-02
   5.7241853466091085e-02
   5.2660921490704019e-02
   4.8507231084768274e-02
   4.4747476010013970e-02
   4.1351425099699274e-02
   3.8291708577089176e-02
   3.5543619919768364e-02
   3.3084933491729175e-02
   3.0895737861599701e-02
   2.8958284522013964e-02
   2.7256851596928228e-02
   2.5777622051550840e-02
   2.4508575888970832e-02
   2.3439395817576734e-02
   2.2561385895702408e-02
   2.1867402698451315e-02
   2.1351798601745020e-02
   2.1010376836925151e-02
   2.0840358033217689e-02
   2.0840358033217689e-02
   2.1010376836925148e-02
   2.1351798601745017e-02
   2.1867402698451308e-02
   2.2561385895702401e-02
   2.3439395817576727e-02
   2.4508575888970822e-02
   2.5777622051550823e-02
   2.7256851596928214e-02
   2.8958284522013940e-02
   3.0895737861599673e-02
   3.3084933491729147e-02
   3.5543619919768329e-02
   3.8291708577089141e-02
   4.1351425099699239e-02
   4.4747476010013935e-02
   4.8507231084768246e-02
   5.2660921490703991e-02
   5.7241853466091050e-02
   6.2286636889648389e-02
   6.7835427466507697e-02
   7.3932180418500568e-02
   8.0624912422441408e-02
   8.7965967004618034e-02
   9.6012276557267753e-02
   1.0482561144838352e-01
   1.1447280316899756e-01
   1.2502592387984754e-01
   1.3656239881350721e-01
   1.4916502044190644e-01
   1.6292182377145664e-01
   1.7792577018722133e-01
