   1.8865696094161064e-01
   1.7388049357157340e-01
   1.6024173863349508e-01
   1.4766553298750848e-01
   1.3607950734650359e-01
   1.2541459446110503e-01
   1.1560534640424262e-01
   1.0659010633702147e-01
   9.8311071060726202e-02
   9.0714273112205104e-02
   8.3749504974771877e-02
   7.7370202967883911e-02
   7.1533304362519604e-02
   6.6199088076091511e-02
   6.1331006781410007e-02
   5.6895516290451760e-02
   5.2861906537863886e-02
   4.9202137302314992e-02
   4.5890680893417288e-02
   4.2904373339342085e-02
   4.0222275088420807e-02
   3.7825541849522831e-02
   3.5697305911178673e-02
   3.3822568074901138e-02
   3.2188100195605196e-02
   3.0782358227097142e-02
   2.9595405612117334e-02
   2.8618846825694197e-02
   2.7845770870868022e-02
   2.7270704531961062e-02
   2.6889575208473255e-02
   2.6699683179238935e-02
   2.6699683179238935e-02
   2.6889575208473255e-02
   2.7270704531961065e-02
   2.7845770870868022e-02
   2.8618846825694197e-02
   2.9595405612117331e-02
   3.0782358227097146e-02
   3.2188100195605196e-02
   3.3822568074901138e-02
   3.5697305911178673e-02
   3.7825541849522831e-02
   4.0222275088420800e-02
   4.2904373339342085e-02
   4.5890680893417295e-02
   4.9202137302314999e-02
   5.2861906537863886e-02
   5.6895516290451760e-02
   6.1331006781410013e-02
   6.6199088076091525e-02
   7.1533304362519604e-02
   7.7370202967883911e-02
   8.3749504974771877e-02
   9.0714273112205104e-02
   9.8311071060726202e-02
   1.0659010633702147e-01
   1.1560534640424264e-01
   1.2541459446110503e-01
   1.3607950734650359e-01
   1.4766553298750851e-01
   1.6024173863349508e-01
   1.7388049357157337e-01
   1.8865696094161066e-01
   2.1294133930143055e-01
   2.4689994429625720e-01
   2.8238293975879930e-01
   3.1950333595069552e-01
   3.5833360740391551e-01
   3.9889292971945095e-01
   4.4113199120957858e-01
   4.8491561696425139e-01
   5.3000388437808332e-01
   5.7603303146983142e-01
   6.2249825454487273e-01
   6.6874139045863579e-01
   7.1394731721456206e-01
   7.5715340512541462e-01
   7.9727612846875484e-01
   8.3315760552165607e-01
   8.6363212474928130e-01
   8.8760876661708732e-01
   9.0416173950800649e-01
   9.1261626679249752e-01
   9.1261626679249752e-01
   9.0416173950800627e-01
   8.8760876661708710e-01
   8.6363212474928086e-01
   8.3315760552165574e-01
   7.9727612846875440e-01
   7.5715340512541407e-01
   7.1394731721456139e-01
   6.6874139045863512e-01
   6.2249825454487206e-01
   5.7603303146983076e-01
   5.3000388437808255e-01
   4.8491561696425051e-01
   4.4113199120957769e-01
   3.9889292971945001e-01
   3.5833360740391451e-01
   3.1950333595069458e-01
   2.8238293975879836e-01
   2.4689994429625625e-01
   2.1294133930142967e-01
   1.8865696094160983e-01
   1.7388049357157265e-01
   1.6024173863349442e-01
   1.4766553298750787e-01
   1.3607950734650301e-01
   1.2541459446110451e-01
   1.1560534640424212e-01
   1.0659010633702101e-01
   9.8311071060725772e-02
   9.0714273112204716e-02
   8.3749504974771502e-02
   7.7370202967883578e-02
   7.1533304362519298e-02
   6.6199088076091234e-02
   6.1331006781409743e-02
   5.6895516290451510e-02
   5.2861906537863657e-02
   4.9202137302314777e-02
   4.5890680893417080e-02
   4.2904373339341891e-02
   4.0222275088420620e-02
   3.7825541849522658e-02
   3.5697305911178513e-02
   3.3822568074900985e-02
   3.2188100195605043e-02
   3.0782358227097000e-02
   2.9595405612117189e-02
   2.8618846825694058e-02
   2.7845770870867887e-02
   2.7270704531960926e-02
   2.6889575208473123e-02
   2.6699683179238799e-02
   2.6699683179238799e-02
   2.6889575208473116e-02
   2.7270704531960920e-02
   2.7845770870867877e-02
   2.8618846825694041e-02
   2.9595405612117171e-02
   3.0782358227096976e-02
   3.2188100195605016e-02
   3.3822568074900951e-02
   3.5697305911178479e-02
   3.7825541849522616e-02
   4.0222275088420578e-02
   4.2904373339341849e-02
   4.5890680893417038e-02
   4.9202137302314736e-02
   5.2861906537863601e-02
   5.6895516290451455e-02
   6.1331006781409680e-02
   6.6199088076091164e-02
   7.1533304362519229e-02
   7.7370202967883522e-02
   8.3749504974771447e-02
   9.0714273112204660e-02
   9.8311071060725716e-02
   1.0659010633702096e-01
   1.1560534640424208e-01
   1.2541459446110448e-01
   1.3607950734650298e-01
   1.4766553298750784e-01
   1.6024173863349433e-01
   1.7388049357157259e-01
   1.8865696094160980e-01
