   1.5655434756946213e-01
   1.4147440590293009e-01
   1.2783285126244170e-01
   1.1550004117393199e-01
   1.0435639462932583e-01
   9.4292107551096530e-02
   8.5206718798767594e-02
   7.7008586550902008e-02
   6.9614317887946642e-02
   6.2948181702743564e-02
   5.6941525677428488e-02
   5.1532211191343012e-02
   4.6664075041727607e-02
   4.2286423287420799e-02
   3.8353559999875782e-02
   3.4824351949360392e-02
   3.1661829060231961e-02
   2.8832819683488605e-02
   2.6307619243195426e-02
   2.4059690531732545e-02
   2.2065393795446933e-02
   2.0303744722268466e-02
   1.8756198483615785e-02
   1.7406458071058842e-02
   1.6240305287041457e-02
   1.5245452886752478e-02
   1.4411416516830422e-02
   1.3729405250484409e-02
   1.3192229674212207e-02
   1.2794226636372289e-02
   1.2531199921189102e-02
   1.2400376262815319e-02
   1.2400376262815319e-02
   1.2531199921189106e-02
   1.2794226636372292e-02
   1.3192229674212214e-02
   1.3729405250484418e-02
   1.4411416516830436e-02
   1.5245452886752492e-02
   1.6240305287041474e-02
   1.7406458071058860e-02
   1.8756198483615805e-02
   2.0303744722268490e-02
   2.2065393795446950e-02
   2.4059690531732566e-02
   2.6307619243195444e-02
   2.8832819683488626e-02
   3.1661829060231982e-02
   3.4824351949360413e-02
   3.8353559999875803e-02
   4.2286423287420813e-02
   4.6664075041727621e-02
   5.1532211191343033e-02
   5.6941525677428488e-02
   6.2948181702743564e-02
   6.9614317887946628e-02
   7.7008586550901995e-02
   8.5206718798767594e-02
   9.4292107551096516e-02
   1.0435639462932580e-01
   1.1550004117393196e-01
   1.2783285126244168e-01
   1.4147440590293006e-01
   1.5655434756946210e-01
   1.8185117663227240e-01
   2.1765755839317619e-01
   2.5564083856892472e-01
   2.9608899101508135e-01
   3.3925986105936334e-01
   3.8536432279059685e-01
   4.3454355490493773e-01
   4.8683951479002391e-01
   5.4215812743743852e-01
   6.0022562858417761e-01
   6.6054011239938315e-01
   7.2232278840485231e-01
   7.8447672044401440e-01
   8.4556447406480473e-01
   9.0381907417051122e-01
   9.5720317502856267e-01
   1.0035271568998980e+00
   1.0406263602580557e+00
   1.0665814074989113e+00
   1.0799476599644102e+00
   1.0799476599644100e+00
   1.0665814074989108e+00
   1.0406263602580548e+00
   1.0035271568998969e+00
   9.5720317502856123e-01
   9.0381907417050977e-01
   8.4556447406480306e-01
   7.8447672044401284e-01
   7.2232278840485065e-01
   6.6054011239938160e-01
   6.0022562858417594e-01
   5.4215812743743697e-01
   4.8683951479002247e-01
   4.3454355490493635e-01
   3.8536432279059557e-01
   3.3925986105936218e-01
   2.9608899101508029e-01
   2.5564083856892378e-01
   2.1765755839317538e-01
   1.8185117663227174e-01
   1.5655434756946152e-01
   1.4147440590292953e-01
   1.2783285126244120e-01
   1.1550004117393155e-01
   1.0435639462932543e-01
   9.4292107551096169e-02
   8.5206718798767275e-02
   7.7008586550901703e-02
   6.9614317887946364e-02
   6.2948181702743314e-02
   5.6941525677428266e-02
   5.1532211191342818e-02
   4.6664075041727419e-02
   4.2286423287420632e-02
   3.8353559999875636e-02
   3.4824351949360254e-02
   3.1661829060231843e-02
   2.8832819683488491e-02
   2.6307619243195322e-02
   2.4059690531732451e-02
   2.2065393795446843e-02
   2.0303744722268383e-02
   1.8756198483615708e-02
   1.7406458071058773e-02
   1.6240305287041394e-02
   1.5245452886752416e-02
   1.4411416516830365e-02
   1.3729405250484352e-02
   1.3192229674212151e-02
   1.2794226636372235e-02
   1.2531199921189048e-02
   1.2400376262815264e-02
   1.2400376262815264e-02
   1.2531199921189050e-02
   1.2794226636372237e-02
   1.3192229674212155e-02
   1.3729405250484356e-02
   1.4411416516830368e-02
   1.5245452886752423e-02
   1.6240305287041398e-02
   1.7406458071058777e-02
   1.8756198483615719e-02
   2.0303744722268393e-02
   2.2065393795446857e-02
   2.4059690531732462e-02
   2.6307619243195333e-02
   2.8832819683488508e-02
   3.1661829060231857e-02
   3.4824351949360274e-02
   3.8353559999875657e-02
   4.2286423287420653e-02
   4.6664075041727440e-02
   5.1532211191342832e-02
   5.6941525677428273e-02
   6.2948181702743328e-02
   6.9614317887946378e-02
   7.7008586550901717e-02
   8.5206718798767289e-02
   9.4292107551096183e-02
   1.0435639462932543e-01
   1.1550004117393155e-01
   1.2783285126244123e-01
   1.4147440590292953e-01
   1.5655434756946154e-01
