  -5.2325603286369604e-01
  -5.2325603286369593e-01
  -5.2325603286369571e-01
  -5.2325603286369560e-01
  -5.2325603286369549e-01
  -5.2325603286369538e-01
  -5.2325603286369560e-01
  -5.2325603286369660e-01
  -5.2325603286369826e-01
  -5.2325603286370115e-01
  -5.2325603286370503e-01
  -5.2325603286371014e-01
  -5.2325603286371603e-01
  -5.2325603286372224e-01
  -5.2325603286372813e-01
  -5.2325603286373290e-01
  -5.2325603286373612e-01
  -5.2325603286373756e-01
  -5.2325603286373656e-01
  -5.2325603286373379e-01
  -5.2325603286372946e-01
  -5.2325603286372391e-01
  -5.2325603286371825e-01
  -5.2325603286371269e-01
  -5.2325603286370781e-01
  -5.2325603286370381e-01
  -5.2325603286370093e-01
  -5.2325603286369882e-01
  -5.2325603286369760e-01
  -5.2325603286369682e-01
  -5.2325603286369626e-01
  -5.2325603286369604e-01
  -5.2325603286369604e-01
  -5.2325603286369604e-01
  -5.2325603286369604e-01
  -5.2325603286369649e-01
  -5.2325603286369815e-01
  -5.2325603286370093e-01
  -5.2325603286370492e-01
  -5.2325603286370992e-01
  -5.2325603286371603e-01
  -5.2325603286372291e-01
  -5.2325603286373068e-01
  -5.2325603286373890e-01
  -5.2325603286374733e-01
  -5.2325603286375555e-01
  -5.2325603286376299e-01
  -5.2325603286376920e-01
  -5.2325603286377365e-01
  -5.2325603286377620e-01
  -5.2325603286377631e-01
  -5.2325603286377431e-01
  -5.2325603286376998e-01
  -5.2325603286376365e-01
  -5.2325603286375566e-01
  -5.2325603286374645e-01
  -5.2325603286373668e-01
  -5.2325603286372702e-01
  -5.2325603286371769e-01
  -5.2325603286370914e-01
  -5.2325603286370159e-01
  -5.2325603286369515e-01
  -5.2325603286368993e-01
  -5.2325603286368583e-01
  -5.2325603286368272e-01
  -5.2325603286368050e-01
  -5.2325603286367928e-01
  -5.2325603286367883e-01
  -5.2325603286367883e-01
  -5.2325603286367872e-01
  -5.2325603286367850e-01
  -5.2325603286367861e-01
  -5.2325603286367883e-01
  -5.2325603286367961e-01
  -5.2325603286368128e-01
  -5.2325603286368427e-01
  -5.2325603286368871e-01
  -5.2325603286369493e-01
  -5.2325603286370292e-01
  -5.2325603286371225e-01
  -5.2325603286372246e-01
  -5.2325603286373268e-01
  -5.2325603286374178e-01
  -5.2325603286374855e-01
  -5.2325603286375244e-01
  -5.2325603286375288e-01
  -5.2325603286374944e-01
  -5.2325603286374289e-01
  -5.2325603286373412e-01
  -5.2325603286372391e-01
  -5.2325603286371369e-01
  -5.2325603286370415e-01
  -5.2325603286369593e-01
  -5.2325603286368949e-01
  -5.2325603286368494e-01
  -5.2325603286368183e-01
  -5.2325603286368016e-01
  -5.2325603286367939e-01
  -5.2325603286367883e-01
  -5.2325603286367872e-01
  -5.2325603286367883e-01
  -5.2325603286367883e-01
