  -5.0000000000000100e-01
  -4.9999999913889692e-01
  -4.9999999656511274e-01
  -4.9999999231729836e-01
  -4.9999998649196753e-01
  -4.9999997928625894e-01
  -4.9999997104616850e-01
  -4.9999996230743787e-01
  -4.9999995381282508e-01
  -4.9999994648885304e-01
  -4.9999994136950410e-01
  -4.9999993946499399e-01
  -4.9999994158973554e-01
  -4.9999994818102955e-01
  -4.9999995915255274e-01
  -4.9999997382781103e-01
  -4.9999999098471787e-01
  -5.0000000901530284e-01
  -5.0000002617220884e-01
  -5.0000004084746530e-01
  -5.0000005181898610e-01
  -5.0000005841027728e-01
  -5.0000006053501633e-01
  -5.0000005863050401e-01
  -5.0000005351115351e-01
  -5.0000004618718019e-01
  -5.0000003769256673e-01
  -5.0000002895383544e-01
  -5.0000002071374483e-01
  -5.0000001350803580e-01
  -5.0000000768270436e-01
  -5.0000000343488948e-01
  -5.0000000086110530e-01
  -5.0000000000000100e-01
  -5.0000000000000100e-01
  -5.0000000000000144e-01
  -5.0000000000000289e-01
  -5.0000000000000522e-01
  -5.0000000000000855e-01
  -5.0000000000001266e-01
  -5.0000000000001754e-01
  -5.0000000000002298e-01
  -5.0000000000002887e-01
  -5.0000000000003486e-01
  -5.0000000000004097e-01
  -5.0000000000004652e-01
  -5.0000000000005118e-01
  -5.0000000000005485e-01
  -5.0000000000005695e-01
  -5.0000000000005751e-01
  -5.0000000000005618e-01
  -5.0000000000005307e-01
  -5.0000000000004818e-01
  -5.0000000000004197e-01
  -5.0000000000003464e-01
  -5.0000000000002665e-01
  -5.0000000000001832e-01
  -5.0000000000001021e-01
  -5.0000000000000255e-01
  -4.9999999999999567e-01
  -4.9999999999998951e-01
  -4.9999999999998440e-01
  -4.9999999999998024e-01
  -4.9999999999997696e-01
  -4.9999999999997446e-01
  -4.9999999999997291e-01
  -4.9999999999997191e-01
  -4.9999999999997158e-01
  -4.9999999999997158e-01
  -5.0000000045419535e-01
  -5.0000000181184068e-01
  -5.0000000405252065e-01
  -5.0000000712532477e-01
  -5.0000001092626489e-01
  -5.0000001527283189e-01
  -5.0000001988242782e-01
  -5.0000002436325508e-01
  -5.0000002822658285e-01
  -5.0000003092699552e-01
  -5.0000003193161435e-01
  -5.0000003081084399e-01
  -5.0000002733401216e-01
  -5.0000002154665224e-01
  -5.0000001380560721e-01
  -5.0000000475551476e-01
  -4.9999999524456279e-01
  -4.9999998619446429e-01
  -4.9999997845340816e-01
  -4.9999997266603335e-01
  -4.9999996918918427e-01
  -4.9999996806839625e-01
  -4.9999996907299843e-01
  -4.9999997177339661e-01
  -4.9999997563671250e-01
  -4.9999998011753094e-01
  -4.9999998472712043e-01
  -4.9999998907368326e-01
  -4.9999999287462082e-01
  -4.9999999594742356e-01
  -4.9999999818810270e-01
  -4.9999999954574786e-01
  -4.9999999999997158e-01
