   3.2007761484429448e-01
   3.2314240009425488e-01
   3.2637216565736960e-01
   3.2975536265208744e-01
   3.3327947122864632e-01
   3.3693098581871556e-01
   3.4069540752592314e-01
   3.4455724513160341e-01
   3.4850002621888437e-01
   3.5250631991366277e-01
   3.5655777269624056e-01
   3.6063515864574591e-01
   3.6471844533482956e-01
   3.6878687638948732e-01
   3.7281907146474325e-01
   3.7679314406004472e-01
   3.8068683720994451e-01
   3.8447767664057647e-01
   3.8814314048873666e-01
   3.9166084415006641e-01
   3.9500873827172345e-01
   3.9816531735243227e-01
   4.0110983588134169e-01
   4.0382252846124189e-01
   4.0628482994689968e-01
   4.0847959131056705e-01
   4.1039128674699304e-01
   4.1200620746861899e-01
   4.1331263773175470e-01
   4.1430100888331500e-01
   4.1496402762423890e-01
   4.1529677524076408e-01
   4.1529677524076408e-01
   4.1496402762423890e-01
   4.1430100888331500e-01
   4.1331263773175470e-01
   4.1200620746861899e-01
   4.1039128674699304e-01
   4.0847959131056705e-01
   4.0628482994689968e-01
   4.0382252846124189e-01
   4.0110983588134169e-01
   3.9816531735243232e-01
   3.9500873827172350e-01
   3.9166084415006641e-01
   3.8814314048873666e-01
   3.8447767664057653e-01
   3.8068683720994456e-01
   3.7679314406004472e-01
   3.7281907146474325e-01
   3.6878687638948732e-01
   3.6471844533482956e-01
   3.6063515864574591e-01
   3.5655777269624056e-01
   3.5250631991366277e-01
   3.4850002621888448e-01
   3.4455724513160352e-01
   3.4069540752592320e-01
   3.3693098581871561e-01
   3.3327947122864632e-01
   3.2975536265208749e-01
   3.2637216565736960e-01
   3.2314240009425499e-01
   3.2007761484429448e-01
   3.1569008994169540e-01
   3.1000152957640975e-01
   3.0452876484473423e-01
   2.9928846979146717e-01
   2.9429558416041890e-01
   2.8956342459969053e-01
   2.8510379951130371e-01
   2.8092712481897913e-01
   2.7704253834288278e-01
   2.7345801085491828e-01
   2.7018045223648285e-01
   2.6721581146921863e-01
   2.6456916945713777e-01
   2.6224482390629045e-01
   2.6024636567786796e-01
   2.5857674618518806e-01
   2.5723833552788611e-01
   2.5623297115167293e-01
   2.5556199689324577e-01
   2.5522629232142824e-01
   2.5522629232142818e-01
   2.5556199689324571e-01
   2.5623297115167287e-01
   2.5723833552788605e-01
   2.5857674618518794e-01
   2.6024636567786785e-01
   2.6224482390629034e-01
   2.6456916945713754e-01
   2.6721581146921841e-01
   2.7018045223648263e-01
   2.7345801085491805e-01
   2.7704253834288256e-01
   2.8092712481897886e-01
   2.8510379951130338e-01
   2.8956342459969020e-01
   2.9429558416041857e-01
   2.9928846979146678e-01
   3.0452876484473385e-01
   3.1000152957640942e-01
   3.1569008994169501e-01
   3.2007761484429409e-01
   3.2314240009425454e-01
   3.2637216565736921e-01
   3.2975536265208705e-01
   3.3327947122864598e-01
   3.3693098581871522e-01
   3.4069540752592292e-01
   3.4455724513160318e-01
   3.4850002621888426e-01
   3.5250631991366260e-01
   3.5655777269624045e-01
   3.6063515864574580e-01
   3.6471844533482956e-01
   3.6878687638948732e-01
   3.7281907146474330e-01
   3.7679314406004477e-01
   3.8068683720994462e-01
   3.8447767664057664e-01
   3.8814314048873688e-01
   3.9166084415006663e-01
   3.9500873827172378e-01
   3.9816531735243260e-01
   4.0110983588134197e-01
   4.0382252846124223e-01
   4.0628482994690002e-01
   4.0847959131056749e-01
   4.1039128674699349e-01
   4.1200620746861938e-01
   4.1331263773175514e-01
   4.1430100888331550e-01
   4.1496402762423940e-01
   4.1529677524076453e-01
   4.1529677524076453e-01
   4.1496402762423940e-01
   4.1430100888331550e-01
   4.1331263773175514e-01
   4.1200620746861938e-01
   4.1039128674699349e-01
   4.0847959131056749e-01
   4.0628482994690002e-01
   4.0382252846124223e-01
   4.0110983588134203e-01
   3.9816531735243260e-01
   3.9500873827172378e-01
   3.9166084415006663e-01
   3.8814314048873688e-01
   3.8447767664057669e-01
   3.8068683720994462e-01
   3.7679314406004477e-01
   3.7281907146474325e-01
   3.6878687638948732e-01
   3.6471844533482956e-01
   3.6063515864574586e-01
   3.5655777269624050e-01
   3.5250631991366260e-01
   3.4850002621888426e-01
   3.4455724513160324e-01
   3.4069540752592298e-01
   3.3693098581871533e-01
   3.3327947122864598e-01
   3.2975536265208710e-01
   3.2637216565736921e-01
   3.2314240009425449e-01
   3.2007761484429409e-01
