   4.7135783499516748e-01
   4.6729094010809019e-01
   4.6284503685140171e-01
   4.5806062655762170e-01
   4.5298011254389514e-01
   4.4764719509933698e-01
   4.4210629109190142e-01
   4.3640199018103343e-01
   4.3057855712830240e-01
   4.2467948711719877e-01
   4.1874711846629964e-01
   4.1282230476267279e-01
   4.0694414634111653e-01
   4.0114977924625050e-01
   3.9547421836725705e-01
   3.8995025033363495e-01
   3.8460837098953676e-01
   3.7947676179459200e-01
   3.7458129929163536e-01
   3.6994559179261954e-01
   3.6559103761819361e-01
   3.6153689954068391e-01
   3.5780039048505102e-01
   3.5439676600343140e-01
   3.5133941952744829e-01
   3.4863997689586207e-01
   3.4630838713622614e-01
   3.4435300693612952e-01
   3.4278067666502010e-01
   3.4159678619809219e-01
   3.4080532914907902e-01
   3.4040894444140535e-01
   3.4040894444140535e-01
   3.4080532914907902e-01
   3.4159678619809219e-01
   3.4278067666502010e-01
   3.4435300693612952e-01
   3.4630838713622614e-01
   3.4863997689586207e-01
   3.5133941952744829e-01
   3.5439676600343140e-01
   3.5780039048505102e-01
   3.6153689954068391e-01
   3.6559103761819361e-01
   3.6994559179261954e-01
   3.7458129929163536e-01
   3.7947676179459200e-01
   3.8460837098953676e-01
   3.8995025033363495e-01
   3.9547421836725705e-01
   4.0114977924625050e-01
   4.0694414634111659e-01
   4.1282230476267284e-01
   4.1874711846629964e-01
   4.2467948711719877e-01
   4.3057855712830240e-01
   4.3640199018103343e-01
   4.4210629109190142e-01
   4.4764719509933698e-01
   4.5298011254389514e-01
   4.5806062655762175e-01
   4.6284503685140171e-01
   4.6729094010809019e-01
   4.7135783499516748e-01
   4.7690054650577840e-01
   4.8384820687468189e-01
   4.9023630652577055e-01
   4.9599644736211318e-01
   5.0106489751674876e-01
   5.0538394560675293e-01
   5.0890319490364144e-01
   5.1158074509819129e-01
   5.1338421082971453e-01
   5.1429153100199920e-01
   5.1429153100199920e-01
   5.1338421082971453e-01
   5.1158074509819140e-01
   5.0890319490364155e-01
   5.0538394560675315e-01
   5.0106489751674899e-01
   4.9599644736211351e-01
   4.9023630652577088e-01
   4.8384820687468227e-01
   4.7690054650577884e-01
   4.7135783499516798e-01
   4.6729094010809058e-01
   4.6284503685140205e-01
   4.5806062655762203e-01
   4.5298011254389536e-01
   4.4764719509933720e-01
   4.4210629109190153e-01
   4.3640199018103343e-01
   4.3057855712830234e-01
   4.2467948711719866e-01
   4.1874711846629942e-01
   4.1282230476267257e-01
   4.0694414634111625e-01
   4.0114977924625012e-01
   3.9547421836725660e-01
   3.8995025033363445e-01
   3.8460837098953621e-01
   3.7947676179459139e-01
   3.7458129929163464e-01
   3.6994559179261882e-01
   3.6559103761819295e-01
   3.6153689954068308e-01
   3.5780039048505013e-01
   3.5439676600343051e-01
   3.5133941952744741e-01
   3.4863997689586113e-01
   3.4630838713622519e-01
   3.4435300693612853e-01
   3.4278067666501910e-01
   3.4159678619809125e-01
   3.4080532914907802e-01
   3.4040894444140435e-01
   3.4040894444140435e-01
   3.4080532914907802e-01
   3.4159678619809120e-01
   3.4278067666501910e-01
   3.4435300693612853e-01
   3.4630838713622519e-01
   3.4863997689586107e-01
   3.5133941952744729e-01
   3.5439676600343051e-01
   3.5780039048505008e-01
   3.6153689954068302e-01
   3.6559103761819284e-01
   3.6994559179261871e-01
   3.7458129929163458e-01
   3.7947676179459133e-01
   3.8460837098953604e-01
   3.8995025033363434e-01
   3.9547421836725655e-01
   4.0114977924625006e-01
   4.0694414634111614e-01
   4.1282230476267245e-01
   4.1874711846629936e-01
   4.2467948711719855e-01
   4.3057855712830223e-01
   4.3640199018103337e-01
   4.4210629109190142e-01
   4.4764719509933709e-01
   4.5298011254389531e-01
   4.5806062655762192e-01
   4.6284503685140199e-01
   4.6729094010809058e-01
   4.7135783499516792e-01
