   5.0294483596308770e-01
   4.9493618611081869e-01
   4.8635801775526977e-01
   4.7729912036849292e-01
   4.6784876700405970e-01
   4.5809526160566888e-01
   4.4812467421905516e-01
   4.3801978151538079e-01
   4.2785921858946613e-01
   4.1771683820057814e-01
   4.0766126579685918e-01
   3.9775563290403915e-01
   3.8805746768336469e-01
   3.7861871946390296e-01
   3.6948589354480221e-01
   3.6070027322509485e-01
   3.5229820753536406e-01
   3.4431144522628188e-01
   3.3676749796376976e-01
   3.2969001818697286e-01
   3.2309917954916978e-01
   3.1701205017360867e-01
   3.1144295104517455e-01
   3.0640379368554571e-01
   3.0190439280943226e-01
   2.9795275093597284e-01
   2.9455531294813342e-01
   2.9171718937753560e-01
   2.8944234777031430e-01
   2.8773377189082672e-01
   2.8659358877372410e-01
   2.8602316376935061e-01
   2.8602316376935061e-01
   2.8659358877372415e-01
   2.8773377189082683e-01
   2.8944234777031441e-01
   2.9171718937753577e-01
   2.9455531294813359e-01
   2.9795275093597312e-01
   3.0190439280943254e-01
   3.0640379368554599e-01
   3.1144295104517489e-01
   3.1701205017360901e-01
   3.2309917954917006e-01
   3.2969001818697313e-01
   3.3676749796377009e-01
   3.4431144522628221e-01
   3.5229820753536439e-01
   3.6070027322509512e-01
   3.6948589354480255e-01
   3.7861871946390330e-01
   3.8805746768336496e-01
   3.9775563290403942e-01
   4.0766126579685946e-01
   4.1771683820057837e-01
   4.2785921858946635e-01
   4.3801978151538096e-01
   4.4812467421905539e-01
   4.5809526160566910e-01
   4.6784876700405986e-01
   4.7729912036849304e-01
   4.8635801775526988e-01
   4.9493618611081880e-01
   5.0294483596308781e-01
   5.1411018395777885e-01
   5.2827572610159768e-01
   5.4145014730969299e-01
   5.5345611713389053e-01
   5.6412221847878896e-01
   5.7328814061699895e-01
   5.8080997313248017e-01
   5.8656530528568573e-01
   5.9045781422839505e-01
   5.9242103355842235e-01
   5.9242103355842235e-01
   5.9045781422839505e-01
   5.8656530528568562e-01
   5.8080997313248006e-01
   5.7328814061699884e-01
   5.6412221847878874e-01
   5.5345611713389020e-01
   5.4145014730969276e-01
   5.2827572610159745e-01
   5.1411018395777852e-01
   5.0294483596308770e-01
   4.9493618611081874e-01
   4.8635801775526993e-01
   4.7729912036849320e-01
   4.6784876700406008e-01
   4.5809526160566938e-01
   4.4812467421905577e-01
   4.3801978151538135e-01
   4.2785921858946685e-01
   4.1771683820057892e-01
   4.0766126579686002e-01
   3.9775563290404015e-01
   3.8805746768336563e-01
   3.7861871946390407e-01
   3.6948589354480332e-01
   3.6070027322509596e-01
   3.5229820753536523e-01
   3.4431144522628310e-01
   3.3676749796377109e-01
   3.2969001818697408e-01
   3.2309917954917106e-01
   3.1701205017361006e-01
   3.1144295104517594e-01
   3.0640379368554704e-01
   3.0190439280943365e-01
   2.9795275093597429e-01
   2.9455531294813481e-01
   2.9171718937753705e-01
   2.8944234777031574e-01
   2.8773377189082811e-01
   2.8659358877372554e-01
   2.8602316376935200e-01
   2.8602316376935200e-01
   2.8659358877372559e-01
   2.8773377189082822e-01
   2.8944234777031586e-01
   2.9171718937753721e-01
   2.9455531294813497e-01
   2.9795275093597445e-01
   3.0190439280943387e-01
   3.0640379368554732e-01
   3.1144295104517622e-01
   3.1701205017361034e-01
   3.2309917954917133e-01
   3.2969001818697435e-01
   3.3676749796377131e-01
   3.4431144522628337e-01
   3.5229820753536550e-01
   3.6070027322509624e-01
   3.6948589354480360e-01
   3.7861871946390430e-01
   3.8805746768336591e-01
   3.9775563290404031e-01
   4.0766126579686024e-01
   4.1771683820057914e-01
   4.2785921858946696e-01
   4.3801978151538157e-01
   4.4812467421905589e-01
   4.5809526160566943e-01
   4.6784876700406014e-01
   4.7729912036849326e-01
   4.8635801775526999e-01
   4.9493618611081874e-01
   5.0294483596308770e-01
