  -4.6320435062754844e-01
  -4.6748159635762049e-01
  -4.7202872353167918e-01
  -4.9307683370447980e-01
  -5.3652267351375282e-01
  -5.7937142762020477e-01
  -6.1654520523374579e-01
  -6.5840587890912727e-01
  -7.1431883498507942e-01
  -7.8346017787076394e-01
  -8.0958748408343395e-01
  -8.5892604091793523e-01
  -9.3854010635001883e-01
  -1.0251727139529145e+00
  -1.1211847417666669e+00
  -1.2254953654589020e+00
  -1.3353100653962000e+00
  -1.4488189788376167e+00
  -1.5655178520887290e+00
  -1.6850476947042885e+00
  -1.8065997874144424e+00
  -1.9293234886200976e+00
  -2.0528896631633264e+00
