   9.6100804992875855e-01
   9.6935641833114727e-01
   9.7794991941375287e-01
   1.0151140735679542e+00
   1.0843350496376616e+00
   1.1475553778004537e+00
   1.2000453509657538e+00
   1.2573575237247323e+00
   1.3317371153679645e+00
   1.4211544838071144e+00
   1.4543489196313644e+00
   1.5162757234310744e+00
   1.6143749421530673e+00
   1.7189044192956655e+00
   1.8323739134984638e+00
   1.9530707489261621e+00
   2.0774097539677157e+00
   2.2030983876045767e+00
   2.3293654295164621e+00
   2.4555964147505067e+00
   2.5807217605427768e+00
   2.7036944153742724e+00
   2.8240525905447047e+00
