   1.6411338521935023e-01
   1.6468571119155145e-01
   1.6583220410192009e-01
   1.6755654693047511e-01
   1.6986426660725154e-01
   1.7276273651070342e-01
   1.7626117902775545e-01
   1.8037066748392791e-01
   1.8510412654017455e-01
   1.9047632991434688e-01
   1.9650389401319132e-01
   2.0320526574867140e-01
   2.1060070245290760e-01
   2.1871224139140638e-01
   2.2756365589644917e-01
   2.3718039459332171e-01
   2.4758949956345616e-01
   2.5881949857318087e-01
   2.7090026568866710e-01
   2.8386284369329201e-01
   2.9773922072330167e-01
   3.1256205244737784e-01
   3.2836431994976439e-01
   3.4517891226071096e-01
   3.6303812125344642e-01
   3.8197303545556094e-01
   4.0201281829305263e-01
   4.2318385551943954e-01
   4.4550875624358832e-01
   4.6900519227075199e-01
   4.9368456168060826e-01
   5.1955046501420710e-01
   5.4659698652136657e-01
   5.7480677907971622e-01
   6.0414896012283292e-01
   6.3457683769803475e-01
   6.6602550105226588e-01
   6.9840932921861509e-01
   7.3161949399580228e-01
   7.6552156012773720e-01
   7.9134537588791909e-01
   8.0894973236239776e-01
   8.2683726096235044e-01
   8.4489325613823085e-01
   8.6299388227294627e-01
   8.8100670330472342e-01
   8.9879150516882889e-01
   9.1620143601451776e-01
   9.3308447965353658e-01
   9.4928526518598788e-01
   9.6464720043458674e-01
   9.7901489922304796e-01
   9.9223685352925339e-01
   1.0041682823373976e+00
   1.0146740710931985e+00
   1.0236317006872817e+00
   1.0309340545136578e+00
   1.0364919878402563e+00
   1.0402365465545460e+00
   1.0421207327924038e+00
   7.9134537588791909e-01
   8.0894973236239787e-01
   8.2683726096235044e-01
   8.4489325613823085e-01
   8.6299388227294627e-01
   8.8100670330472342e-01
   8.9879150516882889e-01
   9.1620143601451787e-01
   9.3308447965353658e-01
   9.4928526518598788e-01
   9.6464720043458674e-01
   9.7901489922304785e-01
   9.9223685352925339e-01
   1.0041682823373976e+00
   1.0146740710931985e+00
   1.0236317006872815e+00
   1.0309340545136578e+00
   1.0364919878402563e+00
   1.0402365465545458e+00
   1.0421207327924038e+00
