   1.1498574752172225e-01
   1.1553275773258273e-01
   1.1662930755026014e-01
   1.1828046433446231e-01
   1.2049385043675807e-01
   1.2327966846746319e-01
   1.2665073445229857e-01
   1.3062251838159764e-01
   1.3521319147773975e-01
   1.4044367929129892e-01
   1.4633771947253435e-01
   1.5292192273999744e-01
   1.6022583516779920e-01
   1.6828199942061783e-01
   1.7712601196113534e-01
   1.8679657251535869e-01
   1.9733552118075018e-01
   2.0878785747005552e-01
   2.2120173426617648e-01
   2.3462841808290549e-01
   2.4912220514261663e-01
   2.6474028055372029e-01
   2.8154250525789332e-01
   2.9959111238547559e-01
   3.1895029118459617e-01
   3.3968563277438696e-01
   3.6186340764823177e-01
   3.8554964020502114e-01
   4.1080894077722818e-01
   4.3770305092509143e-01
   4.6628905359520223e-01
   4.9661719671429522e-01
   5.2872827777026121e-01
   5.6265053909426965e-01
   5.9839603042866940e-01
   6.3595640885742910e-01
   6.7529816856807134e-01
   7.1635732675371699e-01
   7.5903363984413896e-01
   8.0318448841256185e-01
   8.3726011019348967e-01
   8.6108093988087964e-01
   8.8586274174944390e-01
   9.1144141678368129e-01
   9.3763046721875676e-01
   9.6422040555089628e-01
   9.9097879682217371e-01
   1.0176510857539232e+00
   1.0439623528474167e+00
   1.0696201222149782e+00
   1.0943183061620505e+00
   1.1177423161524769e+00
   1.1395752974097701e+00
   1.1595053582062340e+00
   1.1772335709029218e+00
   1.1924824288330280e+00
   1.2050043620740898e+00
   1.2145898577312961e+00
   1.2210747072360595e+00
   1.2243459219695199e+00
   8.3726011019348967e-01
   8.6108093988087964e-01
   8.8586274174944390e-01
   9.1144141678368107e-01
   9.3763046721875676e-01
   9.6422040555089628e-01
   9.9097879682217360e-01
   1.0176510857539232e+00
   1.0439623528474167e+00
   1.0696201222149784e+00
   1.0943183061620505e+00
   1.1177423161524771e+00
   1.1395752974097701e+00
   1.1595053582062340e+00
   1.1772335709029218e+00
   1.1924824288330282e+00
   1.2050043620740898e+00
   1.2145898577312961e+00
   1.2210747072360595e+00
   1.2243459219695201e+00
