   1.9579436575123238e-01
   1.9635669916116391e-01
   1.9748276453447208e-01
   1.9917535685112597e-01
   2.0143866310820083e-01
   2.0427825531342608e-01
   2.0770108040139976e-01
   2.1171544641617035e-01
   2.1633100411416098e-01
   2.2155872293443193e-01
   2.2741086005551317e-01
   2.3390092100597890e-01
   2.4104361001620747e-01
   2.4885476798823111e-01
   2.5735129561654441e-01
   2.6655105881322039e-01
   2.7647277317475666e-01
   2.8713586377637734e-01
   2.9856029609485618e-01
   3.1076637334910040e-01
   3.2377449501853500e-01
   3.3760487076779538e-01
   3.5227718349416554e-01
   3.6781019475193077e-01
   3.8422128543624784e-01
   4.0152592438201196e-01
   4.1973705751942725e-01
   4.3886441051391645e-01
   4.5891369850935043e-01
   4.7988573781644583e-01
   5.0177545628876274e-01
   5.2457080187063276e-01
   5.4825155255962121e-01
   5.7278803597670003e-01
   5.9813977304040022e-01
   6.2425406801726335e-01
   6.5106457651808702e-01
   6.7848989376213753e-01
   7.0643221741077011e-01
   7.3477615203102009e-01
   7.5623483931050373e-01
   7.7069511656483070e-01
   7.8522774945132889e-01
   7.9974532584787217e-01
   8.1415555681398621e-01
   8.2836183534887953e-01
   8.4226395744491989e-01
   8.5575900961685647e-01
   8.6874242144869118e-01
   8.8110917509808495e-01
   8.9275515634952562e-01
   9.0357862403438360e-01
   9.1348176685985472e-01
   9.2237230941166759e-01
   9.3016512286810715e-01
   9.3678379134060619e-01
   9.4216208224545750e-01
   9.4624526911309581e-01
   9.4899125799794282e-01
   9.5037147420388268e-01
   7.5623483931050373e-01
   7.7069511656483092e-01
   7.8522774945132900e-01
   7.9974532584787228e-01
   8.1415555681398621e-01
   8.2836183534887953e-01
   8.4226395744491978e-01
   8.5575900961685636e-01
   8.6874242144869107e-01
   8.8110917509808484e-01
   8.9275515634952540e-01
   9.0357862403438338e-01
   9.1348176685985449e-01
   9.2237230941166737e-01
   9.3016512286810682e-01
   9.3678379134060574e-01
   9.4216208224545728e-01
   9.4624526911309548e-01
   9.4899125799794248e-01
   9.5037147420388213e-01
