   1.5439779594260159e+00
   1.5542728470677223e+00
   1.5647219646722914e+00
   1.5840660266558806e+00
   1.6091160139239413e+00
   1.6306646268317486e+00
   1.6479623572480226e+00
   1.6643093044726038e+00
   1.6818834147254671e+00
   1.7003561125238966e+00
   1.7183286667788351e+00
   1.7353102225828196e+00
   1.7517383782877847e+00
   1.7680814141153007e+00
   1.7843834630245647e+00
   1.8004416715787843e+00
   1.8108360513968074e+00
   1.8161420099364181e+00
   1.8315382784506939e+00
   1.8467256454503451e+00
   1.8617383136701524e+00
   1.8765582953014368e+00
   1.8911709752498411e+00
   1.9055891359500086e+00
   1.9198375753905554e+00
   1.9339334097543111e+00
   1.9478836133562765e+00
   1.9616935377341014e+00
   1.9753724778677682e+00
   1.9889322798392035e+00
   2.0023838863321948e+00
   2.0157362903247384e+00
   2.0289977374071806e+00
   2.0421768722351548e+00
   2.0552827383866510e+00
   2.0683242261611179e+00
   2.0813098120804296e+00
   2.0942477206160826e+00
   2.1071461535749161e+00
   2.1200133427891696e+00
   2.1328574797049473e+00
   2.1456866708176183e+00
   2.1585089672286681e+00
   2.1713324181785931e+00
   2.1841650991511465e+00
   2.1970151147738419e+00
   2.2098906013162321e+00
   2.2227997411067966e+00
   2.2357507825760186e+00
   2.2487520565222603e+00
   2.2618119869680928e+00
   2.2749391004431772e+00
   2.2881420363000897e+00
   2.3014295573349122e+00
   2.3148105588879977e+00
   2.3282940757023858e+00
   2.3418892869108259e+00
   2.3556055194885284e+00
   2.3694522499096062e+00
   2.3834391034448359e+00
   2.3975758506665055e+00
   2.4118724009383259e+00
   2.4263387926678184e+00
   2.4409851800273441e+00
   2.4558218157694833e+00
   2.4708590298233402e+00
   2.4861072034208029e+00
   2.5015767385680556e+00
   2.5172780227439322e+00
   2.5332213887870321e+00
   2.5494170700618892e+00
   2.5658751511420101e+00
   2.5826055144264144e+00
   2.5996177832882212e+00
   2.6169212625548885e+00
   2.6345248773285346e+00
   2.6524371113498963e+00
   2.6706659463020679e+00
   2.6892188035831950e+00
   2.7081024901866555e+00
   2.7273231503536732e+00
   2.7468862246228243e+00
   2.7667964177735840e+00
   2.7870576769502891e+00
   2.8076731809614555e+00
   2.8286453413829027e+00
   2.8499758156867232e+00
   2.8716655321781208e+00
   2.8937147260906704e+00
   2.9161229857833941e+00
   2.9388893076457405e+00
   2.9620121580393901e+00
   2.9854895404411890e+00
   3.0093190658721998e+00
   3.0334980247206613e+00
   3.0580234581742189e+00
   3.0828922276592081e+00
   3.1081010809144773e+00
   3.1336467135951231e+00
   3.1595258255762966e+00
   3.1857351714007023e+00
   3.2122716045672863e+00
   3.2391321155841446e+00
   3.2663138638971034e+00
   3.2938142039600597e+00
   3.3216307058261005e+00
   3.3497611707192565e+00
   3.3782036420955848e+00
   3.4069564127256911e+00
   3.4360180283291584e+00
   3.4653872882782757e+00
   3.4950632438606952e+00
   3.5250451945535595e+00
   3.5553326827228271e+00
   3.5859254871172577e+00
   3.6168236154849294e+00
   3.6480272965969336e+00
   3.6795369719252129e+00
   3.7113532871829946e+00
   3.7434770839055185e+00
   3.7759093912161017e+00
   3.8086514178981870e+00
   3.8417045448712339e+00
   3.8750703181442594e+00
   3.9087504423094863e+00
   3.9427467746178211e+00
   3.9770613196685813e+00
   4.0116962247323009e+00
   4.0466537757194079e+00
   4.0819363937972728e+00
   4.1175466326513748e+00
   4.1534871763827503e+00
   4.1897608380282447e+00
   4.2263705586852227e+00
   4.2633194072216565e+00
   4.3006105805481765e+00
   4.3382474044283521e+00
   4.3762333347989184e+00
   4.4145719595747277e+00
   4.4532670009103379e+00
   4.4923223178887328e+00
   4.5317419096109397e+00
   4.5715299186573723e+00
   4.6116906348941029e+00
   4.6522284995984649e+00
   4.6931481098778347e+00
   4.7344542233579521e+00
   4.7761517631192483e+00
   4.8182458228593106e+00
   4.8607416722645196e+00
   4.9036447625718278e+00
   4.9469607323084208e+00
   4.9906954131960841e+00
   5.0348548362109780e+00
   5.0794452377903774e+00
   5.1244730661829294e+00
   5.1699449879409514e+00
   5.2158678945522556e+00
   5.2622489092190339e+00
   5.3090953937860572e+00
   5.3564149558286163e+00
   5.4042154559116273e+00
   5.4525050150348893e+00
   5.5012920222780881e+00
   5.5505851426692612e+00
   5.6003933252964551e+00
   5.6507258116867938e+00
   5.7015921444838824e+00
