   4.7596489819261033e-02
   5.1627221488925526e-02
   5.6631805444812430e-02
   6.2704052474488889e-02
   6.9957565015278264e-02
   7.8527692471991373e-02
   8.8573800005409861e-02
   1.0028184462703504e-01
   1.1386723361690157e-01
   1.2957790887860063e-01
   1.4769755049566727e-01
   1.6854871419351311e-01
   1.9249559738763053e-01
   2.1994594848726193e-01
   2.5135136909371941e-01
   2.8720487658677080e-01
   3.2803405769507543e-01
   3.7438741531802899e-01
   4.2681057220871410e-01
   4.8580788127414559e-01
   5.5178386150260084e-01
   6.2495812970264997e-01
   7.0524794153839088e-01
   7.9211549959193450e-01
   8.8438489584449342e-01
   9.8004822673577385e-01
   1.0761030802886642e+00
   1.1684909044900924e+00
   1.2522258937602782e+00
   1.3217951119794822e+00
   1.3718488464478553e+00
   1.3980826482296711e+00
   1.3980826482296786e+00
   1.3718488464478764e+00
   1.3217951119795157e+00
   1.2522258937603210e+00
   1.1684909044901417e+00
   1.0761030802887168e+00
   9.8004822673582725e-01
   8.8438489584454560e-01
   7.9211549959198435e-01
   7.0524794153843728e-01
   6.2495812970269238e-01
   5.5178386150263936e-01
   4.8580788127418018e-01
   4.2681057220874485e-01
   3.7438741531805619e-01
   3.2803405769509947e-01
   2.8720487658679189e-01
   2.5135136909373784e-01
   2.1994594848727794e-01
   1.9249559738764443e-01
   1.6854871419352510e-01
   1.4769755049567762e-01
   1.2957790887860948e-01
   1.1386723361690911e-01
   1.0028184462704140e-01
   8.8573800005415135e-02
   7.8527692471995689e-02
   6.9957565015281706e-02
   6.2704052474491498e-02
   5.6631805444814255e-02
   5.1627221488926608e-02
   4.7596489819261401e-02
   4.2839433559421117e-02
   3.7296990565639801e-02
   3.2485440100149032e-02
   2.8310710496767377e-02
   2.4691107112184627e-02
   2.1555750246919803e-02
   1.8843211219173605e-02
   1.6500324648056265e-02
   1.4481156809859333e-02
   1.2746111907721706e-02
   1.1261160087083083e-02
   9.9971729486917384e-03
   8.9293541115984757e-03
   8.0367540407683957e-03
   7.3018598740491785e-03
   6.7102523672353384e-03
   6.2503233353363502e-03
   5.9130481172834527e-03
   5.6918086459431605e-03
   5.5822636816452156e-03
   5.5822636816452147e-03
   5.6918086459431579e-03
   5.9130481172834483e-03
   6.2503233353363450e-03
   6.7102523672353297e-03
   7.3018598740491681e-03
   8.0367540407683818e-03
   8.9293541115984618e-03
   9.9971729486917210e-03
   1.1261160087083062e-02
   1.2746111907721682e-02
   1.4481156809859305e-02
   1.6500324648056234e-02
   1.8843211219173567e-02
   2.1555750246919761e-02
   2.4691107112184578e-02
   2.8310710496767331e-02
   3.2485440100148984e-02
   3.7296990565639745e-02
   4.2839433559421054e-02
   4.7596489819262004e-02
   5.1627221488928544e-02
   5.6631805444817565e-02
   6.2704052474496244e-02
   6.9957565015287965e-02
   7.8527692472003613e-02
   8.8573800005424863e-02
   1.0028184462705308e-01
   1.1386723361692298e-01
   1.2957790887862580e-01
   1.4769755049569669e-01
   1.6854871419354722e-01
   1.9249559738767005e-01
   2.1994594848730745e-01
   2.5135136909377170e-01
   2.8720487658683064e-01
   3.2803405769514365e-01
   3.7438741531810643e-01
   4.2681057220880164e-01
   4.8580788127424396e-01
   5.5178386150271042e-01
   6.2495812970277098e-01
   7.0524794153852299e-01
   7.9211549959207639e-01
   8.8438489584464230e-01
   9.8004822673592618e-01
   1.0761030802888143e+00
   1.1684909044902332e+00
   1.2522258937604009e+00
   1.3217951119795781e+00
   1.3718488464479164e+00
   1.3980826482296920e+00
   1.3980826482296573e+00
   1.3718488464478151e+00
   1.3217951119794196e+00
   1.2522258937601982e+00
   1.1684909044900007e+00
   1.0761030802885663e+00
   9.8004822673567449e-01
   8.8438489584439628e-01
   7.9211549959184224e-01
   7.0524794153830495e-01
   6.2495812970257114e-01
   5.5178386150252945e-01
   4.8580788127408175e-01
   4.2681057220865720e-01
   3.7438741531797864e-01
   3.2803405769503113e-01
   2.8720487658673194e-01
   2.5135136909368549e-01
   2.1994594848723234e-01
   1.9249559738760483e-01
   1.6854871419349082e-01
   1.4769755049564809e-01
   1.2957790887858417e-01
   1.1386723361688755e-01
   1.0028184462702322e-01
   8.8573800005400022e-02
   7.8527692471983337e-02
   6.9957565015271866e-02
   6.2704052474484018e-02
   5.6631805444809002e-02
   5.1627221488923465e-02
   4.7596489819260311e-02
