   6.5322106392495013e-02
   7.0214129934465033e-02
   7.6188374049812171e-02
   8.3335636083121639e-02
   9.1764125735657717e-02
   1.0160081460530411e-01
   1.1299292988513782e-01
   1.2610955086887243e-01
   1.4114324029284714e-01
   1.5831160302008343e-01
   1.7785860688790878e-01
   2.0005541766528445e-01
   2.2520038288751609e-01
   2.5361763661166831e-01
   2.8565357608401865e-01
   3.2167016957651101e-01
   3.6203368491982135e-01
   4.0709698758968421e-01
   4.5717308403017398e-01
   5.1249717836109876e-01
   5.7317436872750716e-01
   6.3911058822526234e-01
   7.0992604999359510e-01
   7.8485403079567762e-01
   8.6263408581416301e-01
   9.4141803847165317e-01
   1.0187182903523029e+00
   1.0914375749649015e+00
   1.1560204478597087e+00
   1.2087509804747425e+00
   1.2461830616397123e+00
   1.2656354623282819e+00
   1.2656354623282939e+00
   1.2461830616397478e+00
   1.2087509804747991e+00
   1.1560204478597824e+00
   1.0914375749649876e+00
   1.0187182903523968e+00
   9.4141803847175087e-01
   8.6263408581426071e-01
   7.8485403079577287e-01
   7.0992604999368591e-01
   6.3911058822534750e-01
   5.7317436872758587e-01
   5.1249717836117081e-01
   4.5717308403023932e-01
   4.0709698758974305e-01
   3.6203368491987409e-01
   3.2167016957655803e-01
   2.8565357608406039e-01
   2.5361763661170517e-01
   2.2520038288754851e-01
   2.0005541766531290e-01
   1.7785860688793356e-01
   1.5831160302010489e-01
   1.4114324029286557e-01
   1.2610955086888809e-01
   1.1299292988515096e-01
   1.0160081460531492e-01
   9.1764125735666349e-02
   8.3335636083128231e-02
   7.6188374049816807e-02
   7.0214129934467795e-02
   6.5322106392495943e-02
   5.9423335301242552e-02
   5.2462098439304411e-02
   4.6342098610293911e-02
   4.0965761211530984e-02
   3.6247195490567707e-02
   3.2110901350729845e-02
   2.8490615333832393e-02
   2.5328286042822820e-02
   2.2573168568829096e-02
   2.0181027494823076e-02
   1.8113438488209902e-02
   1.6337179185775517e-02
   1.4823700898191901e-02
   1.3548673542052582e-02
   1.2491597098385373e-02
   1.1635473770296750e-02
   1.0966535854243186e-02
   1.0474025143287801e-02
   1.0150020446015534e-02
   9.9893105345445019e-03
   9.9893105345445002e-03
   1.0150020446015533e-02
   1.0474025143287800e-02
   1.0966535854243183e-02
   1.1635473770296747e-02
   1.2491597098385368e-02
   1.3548673542052575e-02
   1.4823700898191893e-02
   1.6337179185775510e-02
   1.8113438488209892e-02
   2.0181027494823062e-02
   2.2573168568829082e-02
   2.5328286042822810e-02
   2.8490615333832379e-02
   3.2110901350729831e-02
   3.6247195490567694e-02
   4.0965761211530963e-02
   4.6342098610293883e-02
   5.2462098439304369e-02
   5.9423335301242518e-02
   6.5322106392494958e-02
   7.0214129934464936e-02
   7.6188374049812019e-02
   8.3335636083121445e-02
   9.1764125735657481e-02
   1.0160081460530382e-01
   1.1299292988513747e-01
   1.2610955086887202e-01
   1.4114324029284667e-01
   1.5831160302008290e-01
   1.7785860688790814e-01
   2.0005541766528373e-01
   2.2520038288751526e-01
   2.5361763661166736e-01
   2.8565357608401759e-01
   3.2167016957650985e-01
   3.6203368491982008e-01
   4.0709698758968277e-01
   4.5717308403017237e-01
   5.1249717836109709e-01
   5.7317436872750516e-01
   6.3911058822526023e-01
   7.0992604999359288e-01
   7.8485403079567551e-01
   8.6263408581416068e-01
   9.4141803847165106e-01
   1.0187182903523009e+00
   1.0914375749648997e+00
   1.1560204478597071e+00
   1.2087509804747414e+00
   1.2461830616397116e+00
   1.2656354623282817e+00
   1.2656354623282944e+00
   1.2461830616397485e+00
   1.2087509804748000e+00
   1.1560204478597835e+00
   1.0914375749649889e+00
   1.0187182903523984e+00
   9.4141803847175243e-01
   8.6263408581426237e-01
   7.8485403079577443e-01
   7.0992604999368736e-01
   6.3911058822534883e-01
   5.7317436872758720e-01
   5.1249717836117203e-01
   4.5717308403024037e-01
   4.0709698758974400e-01
   3.6203368491987498e-01
   3.2167016957655881e-01
   2.8565357608406106e-01
   2.5361763661170578e-01
   2.2520038288754904e-01
   2.0005541766531335e-01
   1.7785860688793395e-01
   1.5831160302010525e-01
   1.4114324029286587e-01
   1.2610955086888834e-01
   1.1299292988515117e-01
   1.0160081460531507e-01
   9.1764125735666474e-02
   8.3335636083128301e-02
   7.6188374049816862e-02
   7.0214129934467809e-02
   6.5322106392495929e-02
