   3.0562117892926455e-01
   3.1020899483610370e-01
   3.1512124699581656e-01
   3.2034441355857657e-01
   3.2586315178325498e-01
   3.3166015214693739e-01
   3.3771599585177409e-01
   3.4400901996093630e-01
   3.5051519503018019e-01
   3.5720802072718721e-01
   3.6405844551352207e-01
   3.7103481696186075e-01
   3.7810286964463569e-01
   3.8522575770354739e-01
   3.9236413913243329e-01
   3.9947631841779968e-01
   4.0651845342472553e-01
   4.1344483124316417e-01
   4.2020821608955172e-01
   4.2676027028331692e-01
   4.3305204681030934e-01
   4.3903454910498557e-01
   4.4465935053069455e-01
   4.4987926275409129e-01
   4.5464903897471870e-01
   4.5892609499235509e-01
   4.6267122859662363e-01
   4.6584931596699081e-01
   4.6842996287462996e-01
   4.7038808863335829e-01
   4.7170442204219232e-01
   4.7236589100329052e-01
   4.7236589100329052e-01
   4.7170442204219237e-01
   4.7038808863335829e-01
   4.6842996287462996e-01
   4.6584931596699081e-01
   4.6267122859662363e-01
   4.5892609499235509e-01
   4.5464903897471870e-01
   4.4987926275409129e-01
   4.4465935053069466e-01
   4.3903454910498568e-01
   4.3305204681030940e-01
   4.2676027028331698e-01
   4.2020821608955178e-01
   4.1344483124316422e-01
   4.0651845342472553e-01
   3.9947631841779968e-01
   3.9236413913243334e-01
   3.8522575770354744e-01
   3.7810286964463574e-01
   3.7103481696186086e-01
   3.6405844551352207e-01
   3.5720802072718727e-01
   3.5051519503018019e-01
   3.4400901996093636e-01
   3.3771599585177414e-01
   3.3166015214693739e-01
   3.2586315178325498e-01
   3.2034441355857657e-01
   3.1512124699581662e-01
   3.1020899483610376e-01
   3.0562117892926455e-01
   2.9916483644311020e-01
   2.9086858003477606e-01
   2.8295557654101489e-01
   2.7544109583914056e-01
   2.6833766967078604e-01
   2.6165542735462127e-01
   2.5540241369234323e-01
   2.4958488621021921e-01
   2.4420758995020628e-01
   2.3927400888256775e-01
   2.3478659367760962e-01
   2.3074696607153083e-01
   2.2715610041453105e-01
   2.2401448322132483e-01
   2.2132225167623462e-01
   2.1907931209594389e-01
   2.1728543933915151e-01
   2.1594035808771550e-01
   2.1504380682007437e-01
   2.1459558516444147e-01
   2.1459558516444152e-01
   2.1504380682007440e-01
   2.1594035808771558e-01
   2.1728543933915159e-01
   2.1907931209594400e-01
   2.2132225167623479e-01
   2.2401448322132503e-01
   2.2715610041453130e-01
   2.3074696607153108e-01
   2.3478659367760987e-01
   2.3927400888256803e-01
   2.4420758995020664e-01
   2.4958488621021957e-01
   2.5540241369234362e-01
   2.6165542735462172e-01
   2.6833766967078648e-01
   2.7544109583914100e-01
   2.8295557654101539e-01
   2.9086858003477661e-01
   2.9916483644311076e-01
   3.0562117892926510e-01
   3.1020899483610420e-01
   3.1512124699581701e-01
   3.2034441355857701e-01
   3.2586315178325542e-01
   3.3166015214693778e-01
   3.3771599585177442e-01
   3.4400901996093669e-01
   3.5051519503018042e-01
   3.5720802072718749e-01
   3.6405844551352229e-01
   3.7103481696186097e-01
   3.7810286964463585e-01
   3.8522575770354750e-01
   3.9236413913243340e-01
   3.9947631841779974e-01
   4.0651845342472553e-01
   4.1344483124316411e-01
   4.2020821608955167e-01
   4.2676027028331687e-01
   4.3305204681030923e-01
   4.3903454910498541e-01
   4.4465935053069439e-01
   4.4987926275409107e-01
   4.5464903897471837e-01
   4.5892609499235476e-01
   4.6267122859662324e-01
   4.6584931596699047e-01
   4.6842996287462957e-01
   4.7038808863335790e-01
   4.7170442204219198e-01
   4.7236589100329013e-01
   4.7236589100329013e-01
   4.7170442204219187e-01
   4.7038808863335790e-01
   4.6842996287462957e-01
   4.6584931596699047e-01
   4.6267122859662324e-01
   4.5892609499235476e-01
   4.5464903897471837e-01
   4.4987926275409101e-01
   4.4465935053069433e-01
   4.3903454910498535e-01
   4.3305204681030923e-01
   4.2676027028331676e-01
   4.2020821608955167e-01
   4.1344483124316411e-01
   4.0651845342472553e-01
   3.9947631841779968e-01
   3.9236413913243340e-01
   3.8522575770354750e-01
   3.7810286964463574e-01
   3.7103481696186097e-01
   3.6405844551352229e-01
   3.5720802072718744e-01
   3.5051519503018042e-01
   3.4400901996093664e-01
   3.3771599585177448e-01
   3.3166015214693778e-01
   3.2586315178325542e-01
   3.2034441355857701e-01
   3.1512124699581701e-01
   3.1020899483610420e-01
   3.0562117892926505e-01
