   7.2589384581488059e-02
   7.7786544767444635e-02
   8.4097124553052127e-02
   9.1609796110707270e-02
   1.0042961516715058e-01
   1.1067914957244886e-01
   1.2249969520449294e-01
   1.3605252758096537e-01
   1.5152010937358404e-01
   1.6910713338421501e-01
   1.8904122280904606e-01
   2.1157302980996329e-01
   2.3697536216258958e-01
   2.6554081758598896e-01
   2.9757720773328911e-01
   3.3339980255649343e-01
   3.7331912198659567e-01
   4.1762266309612489e-01
   4.6654862623312887e-01
   5.2024949701127876e-01
   5.7874344264890265e-01
   6.4185220039856938e-01
   7.0912591666994140e-01
   7.7975877013963490e-01
   8.5250461878020189e-01
   9.2560928554514055e-01
   9.9678421211866208e-01
   1.0632519521993766e+00
   1.1218922063987393e+00
   1.1695021451143017e+00
   1.2031542779917550e+00
   1.2205951535714257e+00
   1.2205951535714203e+00
   1.2031542779917390e+00
   1.1695021451142762e+00
   1.1218922063987058e+00
   1.0632519521993371e+00
   9.9678421211861845e-01
   9.2560928554509503e-01
   8.5250461878015582e-01
   7.7975877013958961e-01
   7.0912591666989788e-01
   6.4185220039852808e-01
   5.7874344264886413e-01
   5.2024949701124334e-01
   4.6654862623309656e-01
   4.1762266309609558e-01
   3.7331912198656925e-01
   3.3339980255646978e-01
   2.9757720773326807e-01
   2.6554081758597026e-01
   2.3697536216257301e-01
   2.1157302980994874e-01
   1.8904122280903332e-01
   1.6910713338420394e-01
   1.5152010937357449e-01
   1.3605252758095721e-01
   1.2249969520448609e-01
   1.1067914957244321e-01
   1.0042961516714609e-01
   9.1609796110703814e-02
   8.4097124553049712e-02
   7.7786544767443191e-02
   7.2589384581487573e-02
   6.6276541400415903e-02
   5.8794361429076979e-02
   5.2188384512084629e-02
   4.6360928059660717e-02
   4.1225593457574539e-02
   3.6706086198780068e-02
   3.2735152513590632e-02
   2.9253627209528846e-02
   2.6209585852489208e-02
   2.3557593725689437e-02
   2.1258043882642599e-02
   1.9276576854173524e-02
   1.7583575035066822e-02
   1.6153725368564784e-02
   1.4965644604729586e-02
   1.4001562092263357e-02
   1.3247055748737439e-02
   1.2690837527755305e-02
   1.2324585356838110e-02
   1.2142819154959683e-02
   1.2142819154959683e-02
   1.2324585356838110e-02
   1.2690837527755305e-02
   1.3247055748737437e-02
   1.4001562092263350e-02
   1.4965644604729581e-02
   1.6153725368564777e-02
   1.7583575035066811e-02
   1.9276576854173510e-02
   2.1258043882642585e-02
   2.3557593725689420e-02
   2.6209585852489184e-02
   2.9253627209528819e-02
   3.2735152513590604e-02
   3.6706086198780033e-02
   4.1225593457574497e-02
   4.6360928059660654e-02
   5.2188384512084560e-02
   5.8794361429076916e-02
   6.6276541400415820e-02
   7.2589384581487462e-02
   7.7786544767443053e-02
   8.4097124553049532e-02
   9.1609796110703620e-02
   1.0042961516714582e-01
   1.1067914957244293e-01
   1.2249969520448575e-01
   1.3605252758095684e-01
   1.5152010937357405e-01
   1.6910713338420347e-01
   1.8904122280903274e-01
   2.1157302980994808e-01
   2.3697536216257226e-01
   2.6554081758596937e-01
   2.9757720773326707e-01
   3.3339980255646867e-01
   3.7331912198656808e-01
   4.1762266309609425e-01
   4.6654862623309507e-01
   5.2024949701124179e-01
   5.7874344264886257e-01
   6.4185220039852631e-01
   7.0912591666989599e-01
   7.7975877013958794e-01
   8.5250461878015404e-01
   9.2560928554509336e-01
   9.9678421211861701e-01
   1.0632519521993358e+00
   1.1218922063987049e+00
   1.1695021451142755e+00
   1.2031542779917386e+00
   1.2205951535714206e+00
   1.2205951535714261e+00
   1.2031542779917554e+00
   1.1695021451143022e+00
   1.1218922063987398e+00
   1.0632519521993768e+00
   9.9678421211866208e-01
   9.2560928554514055e-01
   8.5250461878020167e-01
   7.7975877013963457e-01
   7.0912591666994107e-01
   6.4185220039856883e-01
   5.7874344264890210e-01
   5.2024949701127821e-01
   4.6654862623312832e-01
   4.1762266309612445e-01
   3.7331912198659517e-01
   3.3339980255649304e-01
   2.9757720773328877e-01
   2.6554081758598858e-01
   2.3697536216258924e-01
   2.1157302980996301e-01
   1.8904122280904578e-01
   1.6910713338421476e-01
   1.5152010937358379e-01
   1.3605252758096514e-01
   1.2249969520449273e-01
   1.1067914957244868e-01
   1.0042961516715045e-01
   9.1609796110707131e-02
   8.4097124553052016e-02
   7.7786544767444538e-02
   7.2589384581487948e-02
