   6.8900744332429986e-02
   7.3946195162554892e-02
   8.0090057148537674e-02
   8.7422131334580655e-02
   9.6049126236189150e-02
   1.0609589671958890e-01
   1.1770679824656083e-01
   1.3104710980806805e-01
   1.4630445138310733e-01
   1.6369008155461867e-01
   1.8343990303387089e-01
   2.0581492177428917e-01
   2.3110079084845447e-01
   2.5960591346730821e-01
   2.9165736981111123e-01
   3.2759366054726491e-01
   3.6775292314665958e-01
   4.1245488804180214e-01
   4.6197444471764942e-01
   5.1650438503420926e-01
   5.7610487878652417e-01
   6.4063784802577706e-01
   7.0968614159481747e-01
   7.8246090426700010e-01
   8.5770637634399027e-01
   9.3361965237829259e-01
   1.0078125101180333e+00
   1.0773499341444905e+00
   1.1388994692123655e+00
   1.1890100269950288e+00
   1.2245046153195960e+00
   1.2429248166264373e+00
   1.2429248166264264e+00
   1.2245046153195642e+00
   1.1890100269949784e+00
   1.1388994692123000e+00
   1.0773499341444137e+00
   1.0078125101179496e+00
   9.3361965237820521e-01
   8.5770637634390257e-01
   7.8246090426691428e-01
   7.0968614159473542e-01
   6.4063784802569979e-01
   5.7610487878645267e-01
   5.1650438503414364e-01
   4.6197444471758964e-01
   4.1245488804174812e-01
   3.6775292314661107e-01
   3.2759366054722161e-01
   2.9165736981107265e-01
   2.5960591346727402e-01
   2.3110079084842430e-01
   2.0581492177426269e-01
   1.8343990303384777e-01
   1.6369008155459860e-01
   1.4630445138309003e-01
   1.3104710980805331e-01
   1.1770679824654849e-01
   1.0609589671957873e-01
   9.6049126236181046e-02
   8.7422131334574479e-02
   8.0090057148533331e-02
   7.3946195162552311e-02
   6.8900744332429126e-02
   6.2794444034566049e-02
   5.5572553459839510e-02
   4.9209772930594267e-02
   4.3608394796339843e-02
   3.8682204706230905e-02
   3.4355244161021356e-02
   3.0560700967944623e-02
   2.7239920088227450e-02
   2.4341526224874059e-02
   2.1820649153053987e-02
   1.9638242954675884e-02
   1.7760490786005799e-02
   1.6158287451933394e-02
   1.4806792797393572e-02
   1.3685049701089611e-02
   1.2775661235575921e-02
   1.2064522321626204e-02
   1.1540601943794854e-02
   1.1195772704627757e-02
   1.1024685177685727e-02
   1.1024685177685725e-02
   1.1195772704627759e-02
   1.1540601943794856e-02
   1.2064522321626206e-02
   1.2775661235575921e-02
   1.3685049701089616e-02
   1.4806792797393577e-02
   1.6158287451933401e-02
   1.7760490786005802e-02
   1.9638242954675887e-02
   2.1820649153053994e-02
   2.4341526224874066e-02
   2.7239920088227464e-02
   3.0560700967944634e-02
   3.4355244161021370e-02
   3.8682204706230919e-02
   4.3608394796339850e-02
   4.9209772930594281e-02
   5.5572553459839524e-02
   6.2794444034566063e-02
   6.8900744332429570e-02
   7.3946195162553602e-02
   8.0090057148535468e-02
   8.7422131334577532e-02
   9.6049126236185042e-02
   1.0609589671958373e-01
   1.1770679824655457e-01
   1.3104710980806059e-01
   1.4630445138309853e-01
   1.6369008155460849e-01
   1.8343990303385915e-01
   2.0581492177427574e-01
   2.3110079084843918e-01
   2.5960591346729089e-01
   2.9165736981109175e-01
   3.2759366054724298e-01
   3.6775292314663499e-01
   4.1245488804177471e-01
   4.6197444471761906e-01
   5.1650438503417595e-01
   5.7610487878648775e-01
   6.4063784802573787e-01
   7.0968614159477583e-01
   7.8246090426695658e-01
   8.5770637634394575e-01
   9.3361965237824829e-01
   1.0078125101179909e+00
   1.0773499341444515e+00
   1.1388994692123322e+00
   1.1890100269950032e+00
   1.2245046153195802e+00
   1.2429248166264322e+00
   1.2429248166264319e+00
   1.2245046153195804e+00
   1.1890100269950039e+00
   1.1388994692123331e+00
   1.0773499341444526e+00
   1.0078125101179920e+00
   9.3361965237824929e-01
   8.5770637634394697e-01
   7.8246090426695769e-01
   7.0968614159477683e-01
   6.4063784802573875e-01
   5.7610487878648875e-01
   5.1650438503417673e-01
   4.6197444471761978e-01
   4.1245488804177532e-01
   3.6775292314663555e-01
   3.2759366054724337e-01
   2.9165736981109208e-01
   2.5960591346729117e-01
   2.3110079084843946e-01
   2.0581492177427599e-01
   1.8343990303385938e-01
   1.6369008155460862e-01
   1.4630445138309869e-01
   1.3104710980806070e-01
   1.1770679824655468e-01
   1.0609589671958383e-01
   9.6049126236185112e-02
   8.7422131334577588e-02
   8.0090057148535523e-02
   7.3946195162553616e-02
   6.8900744332429570e-02
