   9.9238190421496564e-02
   1.0535808106605540e-01
   1.1265767657597323e-01
   1.2121525521690198e-01
   1.3112169805364868e-01
   1.4248092407661297e-01
   1.5541025357038554e-01
   1.7004062611705451e-01
   1.8651657133126567e-01
   2.0499579284639705e-01
   2.2564817692838982e-01
   2.4865397404437908e-01
   2.7420082281033031e-01
   3.0247919030326159e-01
   3.3367569286509663e-01
   3.6796364468030884e-01
   4.0549007419900812e-01
   4.4635838219265345e-01
   4.9060584277172520e-01
   5.3817535173335118e-01
   5.8888131957974743e-01
   6.4237053051498438e-01
   6.9808028332666194e-01
   7.5519826799305600e-01
   8.1263130318695243e-01
   8.6899281331128719e-01
   9.2262082076072760e-01
   9.7163784192186342e-01
   1.0140598208343865e+00
   1.0479521808663095e+00
   1.0716180703085485e+00
   1.0837903523830381e+00
   1.0837903523830381e+00
   1.0716180703085481e+00
   1.0479521808663090e+00
   1.0140598208343858e+00
   9.7163784192186275e-01
   9.2262082076072693e-01
   8.6899281331128642e-01
   8.1263130318695176e-01
   7.5519826799305523e-01
   6.9808028332666117e-01
   6.4237053051498350e-01
   5.8888131957974676e-01
   5.3817535173335063e-01
   4.9060584277172459e-01
   4.4635838219265289e-01
   4.0549007419900768e-01
   3.6796364468030845e-01
   3.3367569286509624e-01
   3.0247919030326126e-01
   2.7420082281033004e-01
   2.4865397404437881e-01
   2.2564817692838957e-01
   2.0499579284639685e-01
   1.8651657133126553e-01
   1.7004062611705442e-01
   1.5541025357038546e-01
   1.4248092407661289e-01
   1.3112169805364862e-01
   1.2121525521690192e-01
   1.1265767657597321e-01
   1.0535808106605538e-01
   9.9238190421496564e-02
   9.1635641492979258e-02
   8.2506373469199090e-02
   7.4342691933287325e-02
   6.7050959761007514e-02
   6.0547036398916565e-02
   5.4755509568977623e-02
   4.9608967447026017e-02
   4.5047319990443264e-02
   4.1017173939945688e-02
   3.7471263207095359e-02
   3.4367934506265088e-02
   3.1670686921768644e-02
   2.9347763417428396e-02
   2.7371791952342548e-02
   2.5719473759206864e-02
   2.4371316396234841e-02
   2.3311409348166116e-02
   2.2527240189396603e-02
   2.2009549607526650e-02
   2.1752223901291064e-02
   2.1752223901291067e-02
   2.2009549607526657e-02
   2.2527240189396613e-02
   2.3311409348166126e-02
   2.4371316396234854e-02
   2.5719473759206888e-02
   2.7371791952342576e-02
   2.9347763417428428e-02
   3.1670686921768679e-02
   3.4367934506265137e-02
   3.7471263207095408e-02
   4.1017173939945750e-02
   4.5047319990443334e-02
   4.9608967447026101e-02
   5.4755509568977720e-02
   6.0547036398916676e-02
   6.7050959761007639e-02
   7.4342691933287464e-02
   8.2506373469199257e-02
   9.1635641492979453e-02
   9.9238190421496897e-02
   1.0535808106605594e-01
   1.1265767657597400e-01
   1.2121525521690296e-01
   1.3112169805364990e-01
   1.4248092407661447e-01
   1.5541025357038726e-01
   1.7004062611705653e-01
   1.8651657133126801e-01
   2.0499579284639965e-01
   2.2564817692839276e-01
   2.4865397404438239e-01
   2.7420082281033398e-01
   3.0247919030326570e-01
   3.3367569286510118e-01
   3.6796364468031373e-01
   4.0549007419901345e-01
   4.4635838219265916e-01
   4.9060584277173136e-01
   5.3817535173335773e-01
   5.8888131957975443e-01
   6.4237053051499160e-01
   6.9808028332666938e-01
   7.5519826799306344e-01
   8.1263130318695997e-01
   8.6899281331129441e-01
   9.2262082076073426e-01
   9.7163784192186931e-01
   1.0140598208343914e+00
   1.0479521808663130e+00
   1.0716180703085507e+00
   1.0837903523830388e+00
   1.0837903523830370e+00
   1.0716180703085456e+00
   1.0479521808663053e+00
   1.0140598208343807e+00
   9.7163784192185676e-01
   9.2262082076072016e-01
   8.6899281331127931e-01
   8.1263130318694432e-01
   7.5519826799304779e-01
   6.9808028332665395e-01
   6.4237053051497661e-01
   5.8888131957974010e-01
   5.3817535173334430e-01
   4.9060584277171876e-01
   4.4635838219264756e-01
   4.0549007419900274e-01
   3.6796364468030396e-01
   3.3367569286509230e-01
   3.0247919030325765e-01
   2.7420082281032682e-01
   2.4865397404437595e-01
   2.2564817692838710e-01
   2.0499579284639469e-01
   1.8651657133126368e-01
   1.7004062611705281e-01
   1.5541025357038413e-01
   1.4248092407661186e-01
   1.3112169805364782e-01
   1.2121525521690137e-01
   1.1265767657597288e-01
   1.0535808106605528e-01
   9.9238190421496689e-02
