   5.2104044905948867e-02
   5.6371147388845480e-02
   6.1644685122209594e-02
   6.8018070874999670e-02
   7.5603933368278864e-02
   8.4535908877581778e-02
   9.4970698583299734e-02
   1.0709037500291677e-01
   1.2110489940863775e-01
   1.3725477780051182e-01
   1.5581372960819290e-01
   1.7709116205336259e-01
   2.0143412175053685e-01
   2.2922821698510834e-01
   2.6089674745200475e-01
   2.9689691657015477e-01
   3.3771150624564417e-01
   3.8383374236559126e-01
   4.3574227219701678e-01
   4.9386227204951433e-01
   5.5850788684204311e-01
   6.2980087597729550e-01
   7.0756125879289611e-01
   7.9116914453732834e-01
   8.7940445391057775e-01
   9.7028449024619046e-01
   1.0609384688429635e+00
   1.1475794066591127e+00
   1.2256466947860838e+00
   1.2901798172418959e+00
   1.3364283821013365e+00
   1.3606074927647624e+00
   1.3606074927648057e+00
   1.3364283821014620e+00
   1.2901798172420931e+00
   1.2256466947863369e+00
   1.1475794066594043e+00
   1.0609384688432766e+00
   9.7028449024651009e-01
   8.7940445391089250e-01
   7.9116914453762954e-01
   7.0756125879317844e-01
   6.2980087597755574e-01
   5.5850788684228014e-01
   4.9386227204972799e-01
   4.3574227219720779e-01
   3.8383374236576112e-01
   3.3771150624579438e-01
   2.9689691657028705e-01
   2.6089674745212083e-01
   2.2922821698520990e-01
   2.0143412175062536e-01
   1.7709116205343942e-01
   1.5581372960825929e-01
   1.3725477780056888e-01
   1.2110489940868643e-01
   1.0709037500295793e-01
   9.4970698583334040e-02
   8.4535908877609853e-02
   7.5603933368301207e-02
   6.8018070875016642e-02
   6.1644685122221501e-02
   5.6371147388852544e-02
   5.2104044905951212e-02
   4.7037436997825935e-02
   4.1112825457328590e-02
   3.5951001141093598e-02
   3.1456480108224161e-02
   2.7546028063466118e-02
   2.4147164701772056e-02
   2.1196850709977615e-02
   1.8640338790901261e-02
   1.6430171192464742e-02
   1.4525307661959513e-02
   1.2890369314437504e-02
   1.1494985489737729e-02
   1.0313232208524226e-02
   9.3231522886439034e-03
   8.5063485336112354e-03
   7.8476426519276787e-03
   7.3347937136140559e-03
   6.9582710075823213e-03
   6.7110771416010349e-03
   6.5886181382118457e-03
   6.5886181382118457e-03
   6.7110771416010366e-03
   6.9582710075823239e-03
   7.3347937136140594e-03
   7.8476426519276839e-03
   8.5063485336112424e-03
   9.3231522886439121e-03
   1.0313232208524233e-02
   1.1494985489737737e-02
   1.2890369314437513e-02
   1.4525307661959523e-02
   1.6430171192464753e-02
   1.8640338790901274e-02
   2.1196850709977622e-02
   2.4147164701772063e-02
   2.7546028063466125e-02
   3.1456480108224161e-02
   3.5951001141093598e-02
   4.1112825457328576e-02
   4.7037436997825928e-02
   5.2104044905949068e-02
   5.6371147388846084e-02
   6.1644685122210621e-02
   6.8018070875001141e-02
   7.5603933368280807e-02
   8.4535908877584193e-02
   9.4970698583302676e-02
   1.0709037500292030e-01
   1.2110489940864193e-01
   1.3725477780051673e-01
   1.5581372960819859e-01
   1.7709116205336917e-01
   2.0143412175054443e-01
   2.2922821698511703e-01
   2.6089674745201463e-01
   2.9689691657016604e-01
   3.3771150624565704e-01
   3.8383374236560591e-01
   4.3574227219703332e-01
   4.9386227204953292e-01
   5.5850788684206387e-01
   6.2980087597731815e-01
   7.0756125879292076e-01
   7.9116914453735465e-01
   8.7940445391060540e-01
   9.7028449024621843e-01
   1.0609384688429908e+00
   1.1475794066591383e+00
   1.2256466947861060e+00
   1.2901798172419137e+00
   1.3364283821013476e+00
   1.3606074927647664e+00
   1.3606074927648018e+00
   1.3364283821014507e+00
   1.2901798172420755e+00
   1.2256466947863143e+00
   1.1475794066593783e+00
   1.0609384688432486e+00
   9.7028449024648145e-01
   8.7940445391086441e-01
   7.9116914453760256e-01
   7.0756125879315324e-01
   6.2980087597753254e-01
   5.5850788684225894e-01
   4.9386227204970884e-01
   4.3574227219719069e-01
   3.8383374236574591e-01
   3.3771150624578089e-01
   2.9689691657027517e-01
   2.6089674745211039e-01
   2.2922821698520079e-01
   2.0143412175061740e-01
   1.7709116205343250e-01
   1.5581372960825332e-01
   1.3725477780056378e-01
   1.2110489940868206e-01
   1.0709037500295422e-01
   9.4970698583330959e-02
   8.4535908877607327e-02
   7.5603933368299195e-02
   6.8018070875015116e-02
   6.1644685122220440e-02
   5.6371147388851912e-02
   5.2104044905950997e-02
