   3.2786639350419405e-01
   3.2826013306908364e-01
   3.2866570710165860e-01
   3.2908144223063152e-01
   3.2950561667088263e-01
   3.2993646690543188e-01
   3.3037219464274731e-01
   3.3081097402893483e-01
   3.3125095909157048e-01
   3.3169029138910822e-01
   3.3212710783694421e-01
   3.3255954867841275e-01
   3.3298576556624310e-01
   3.3340392971739985e-01
   3.3381224010178340e-01
   3.3420893162304993e-01
   3.3459228324785978e-01
   3.3496062603822951e-01
   3.3531235104039070e-01
   3.3564591698268892e-01
   3.3595985773461795e-01
   3.3625278947912296e-01
   3.3652341755082438e-01
   3.3677054289384856e-01
   3.3699306809449542e-01
   3.3719000294603352e-01
   3.3736046950547899e-01
   3.3750370660526968e-01
   3.3761907378625700e-01
   3.3770605462237913e-01
   3.3776425941169808e-01
   3.3779342721313127e-01
   3.3779342721313127e-01
   3.3776425941169808e-01
   3.3770605462237913e-01
   3.3761907378625700e-01
   3.3750370660526968e-01
   3.3736046950547899e-01
   3.3719000294603352e-01
   3.3699306809449542e-01
   3.3677054289384856e-01
   3.3652341755082438e-01
   3.3625278947912296e-01
   3.3595985773461795e-01
   3.3564591698268892e-01
   3.3531235104039075e-01
   3.3496062603822951e-01
   3.3459228324785978e-01
   3.3420893162304993e-01
   3.3381224010178340e-01
   3.3340392971739985e-01
   3.3298576556624310e-01
   3.3255954867841281e-01
   3.3212710783694427e-01
   3.3169029138910816e-01
   3.3125095909157054e-01
   3.3081097402893483e-01
   3.3037219464274731e-01
   3.2993646690543188e-01
   3.2950561667088263e-01
   3.2908144223063152e-01
   3.2866570710165860e-01
   3.2826013306908375e-01
   3.2786639350419411e-01
   3.2728889356262048e-01
   3.2653059014605407e-01
   3.2579189648206591e-01
   3.2507590797244096e-01
   3.2438560451599774e-01
   3.2372384017709044e-01
   3.2309333360974024e-01
   3.2249665922865095e-01
   3.2193623911352048e-01
   3.2141433562911997e-01
   3.2093304474057083e-01
   3.2049429000108415e-01
   3.2009981718810554e-01
   3.1975118956328391e-01
   3.1944978373190824e-01
   3.1919678607836499e-01
   3.1899318975570556e-01
   3.1883979220949532e-01
   3.1873719321868110e-01
   3.1868579343917963e-01
   3.1868579343917963e-01
   3.1873719321868105e-01
   3.1883979220949527e-01
   3.1899318975570551e-01
   3.1919678607836488e-01
   3.1944978373190808e-01
   3.1975118956328380e-01
   3.2009981718810537e-01
   3.2049429000108393e-01
   3.2093304474057055e-01
   3.2141433562911970e-01
   3.2193623911352021e-01
   3.2249665922865067e-01
   3.2309333360973991e-01
   3.2372384017709011e-01
   3.2438560451599735e-01
   3.2507590797244057e-01
   3.2579189648206547e-01
   3.2653059014605362e-01
   3.2728889356262009e-01
   3.2786639350419367e-01
   3.2826013306908330e-01
   3.2866570710165827e-01
   3.2908144223063124e-01
   3.2950561667088241e-01
   3.2993646690543171e-01
   3.3037219464274725e-01
   3.3081097402893478e-01
   3.3125095909157054e-01
   3.3169029138910822e-01
   3.3212710783694438e-01
   3.3255954867841292e-01
   3.3298576556624332e-01
   3.3340392971740013e-01
   3.3381224010178362e-01
   3.3420893162305032e-01
   3.3459228324786022e-01
   3.3496062603822996e-01
   3.3531235104039120e-01
   3.3564591698268947e-01
   3.3595985773461856e-01
   3.3625278947912363e-01
   3.3652341755082504e-01
   3.3677054289384928e-01
   3.3699306809449614e-01
   3.3719000294603424e-01
   3.3736046950547977e-01
   3.3750370660527046e-01
   3.3761907378625777e-01
   3.3770605462237990e-01
   3.3776425941169891e-01
   3.3779342721313210e-01
   3.3779342721313210e-01
   3.3776425941169891e-01
   3.3770605462237990e-01
   3.3761907378625777e-01
   3.3750370660527051e-01
   3.3736046950547977e-01
   3.3719000294603424e-01
   3.3699306809449614e-01
   3.3677054289384928e-01
   3.3652341755082504e-01
   3.3625278947912368e-01
   3.3595985773461856e-01
   3.3564591698268953e-01
   3.3531235104039125e-01
   3.3496062603822996e-01
   3.3459228324786022e-01
   3.3420893162305032e-01
   3.3381224010178367e-01
   3.3340392971740013e-01
   3.3298576556624337e-01
   3.3255954867841292e-01
   3.3212710783694438e-01
   3.3169029138910827e-01
   3.3125095909157054e-01
   3.3081097402893478e-01
   3.3037219464274725e-01
   3.2993646690543171e-01
   3.2950561667088246e-01
   3.2908144223063129e-01
   3.2866570710165832e-01
   3.2826013306908336e-01
   3.2786639350419372e-01
