   1.3298343670090554e-01
   1.3989884594674720e-01
   1.4799764181694836e-01
   1.5734167916638570e-01
   1.6800092456964813e-01
   1.8005324715852455e-01
   1.9358402619899906e-01
   2.0868550019371396e-01
   2.2545576132822998e-01
   2.4399727383034744e-01
   2.6441476525492841e-01
   2.8681230647242767e-01
   3.1128936099256171e-01
   3.3793555078772214e-01
   3.6682386036015635e-01
   3.9800199375283579e-01
   4.3148162614732866e-01
   4.6722537462949365e-01
   5.0513148026732535e-01
   5.4501647923852414e-01
   5.8659657680739730e-01
   6.2946904411858406e-01
   6.7309572110176630e-01
   7.1679155634793190e-01
   7.5972188425348808e-01
   8.0091256174473757e-01
   8.3927680370745006e-01
   8.7366120363206745e-01
   9.0291079268216867e-01
   9.2594922616000708e-01
   9.4186596553331214e-01
   9.4999882369666866e-01
   9.4999882369666866e-01
   9.4186596553331203e-01
   9.2594922616000708e-01
   9.0291079268216889e-01
   8.7366120363206745e-01
   8.3927680370745028e-01
   8.0091256174473768e-01
   7.5972188425348830e-01
   7.1679155634793212e-01
   6.7309572110176652e-01
   6.2946904411858406e-01
   5.8659657680739752e-01
   5.4501647923852425e-01
   5.0513148026732557e-01
   4.6722537462949376e-01
   4.3148162614732877e-01
   3.9800199375283585e-01
   3.6682386036015641e-01
   3.3793555078772225e-01
   3.1128936099256171e-01
   2.8681230647242772e-01
   2.6441476525492846e-01
   2.4399727383034747e-01
   2.2545576132822998e-01
   2.0868550019371399e-01
   1.9358402619899903e-01
   1.8005324715852453e-01
   1.6800092456964810e-01
   1.5734167916638564e-01
   1.4799764181694833e-01
   1.3989884594674717e-01
   1.3298343670090554e-01
   1.2419734886802360e-01
   1.1351115148995866e-01
   1.0383634572297594e-01
   9.5091095360243932e-02
   8.7200420416067181e-02
   8.0095916666854880e-02
   7.3715436143370935e-02
   6.8002749668007428e-02
   6.2907206644865682e-02
   5.8383402889102015e-02
   5.4390863991807412e-02
   5.0893749293498991e-02
   4.7860579776348749e-02
   4.5263991922224120e-02
   4.3080518697047675e-02
   4.1290398217462478e-02
   3.9877410261386893e-02
   3.8828740545138581e-02
   3.8134872564973943e-02
   3.7789506758628397e-02
   3.7789506758628390e-02
   3.8134872564973943e-02
   3.8828740545138581e-02
   3.9877410261386879e-02
   4.1290398217462478e-02
   4.3080518697047661e-02
   4.5263991922224113e-02
   4.7860579776348749e-02
   5.0893749293498991e-02
   5.4390863991807412e-02
   5.8383402889102022e-02
   6.2907206644865696e-02
   6.8002749668007428e-02
   7.3715436143370949e-02
   8.0095916666854894e-02
   8.7200420416067209e-02
   9.5091095360243960e-02
   1.0383634572297597e-01
   1.1351115148995870e-01
   1.2419734886802361e-01
   1.3298343670090565e-01
   1.3989884594674751e-01
   1.4799764181694888e-01
   1.5734167916638644e-01
   1.6800092456964916e-01
   1.8005324715852583e-01
   1.9358402619900061e-01
   2.0868550019371582e-01
   2.2545576132823211e-01
   2.4399727383034994e-01
   2.6441476525493124e-01
   2.8681230647243078e-01
   3.1128936099256510e-01
   3.3793555078772602e-01
   3.6682386036016057e-01
   3.9800199375284034e-01
   4.3148162614733365e-01
   4.6722537462949892e-01
   5.0513148026733101e-01
   5.4501647923853014e-01
   5.8659657680740362e-01
   6.2946904411859039e-01
   6.7309572110177274e-01
   7.1679155634793823e-01
   7.5972188425349418e-01
   8.0091256174474335e-01
   8.3927680370745528e-01
   8.7366120363207189e-01
   9.0291079268217245e-01
   9.2594922616000985e-01
   9.4186596553331359e-01
   9.4999882369666910e-01
   9.4999882369666799e-01
   9.4186596553331026e-01
   9.2594922616000419e-01
   9.0291079268216501e-01
   8.7366120363206279e-01
   8.3927680370744484e-01
   8.0091256174473191e-01
   7.5972188425348208e-01
   7.1679155634792580e-01
   6.7309572110176019e-01
   6.2946904411857796e-01
   5.8659657680739141e-01
   5.4501647923851848e-01
   5.0513148026732013e-01
   4.6722537462948860e-01
   4.3148162614732399e-01
   3.9800199375283141e-01
   3.6682386036015235e-01
   3.3793555078771853e-01
   3.1128936099255833e-01
   2.8681230647242467e-01
   2.6441476525492574e-01
   2.4399727383034506e-01
   2.2545576132822784e-01
   2.0868550019371213e-01
   1.9358402619899745e-01
   1.8005324715852325e-01
   1.6800092456964705e-01
   1.5734167916638483e-01
   1.4799764181694774e-01
   1.3989884594674684e-01
   1.3298343670090543e-01
