   3.1461704997217782e-01
   3.1838433513626296e-01
   3.2238219759219816e-01
   3.2659761316779090e-01
   3.3101620333020643e-01
   3.3562217583738779e-01
   3.4039827288697511e-01
   3.4532572939365519e-01
   3.5038424422580472e-01
   3.5555196739089651e-01
   3.6080550625954871e-01
   3.6611995394192398e-01
   3.7146894285825055e-01
   3.7682472635855330e-01
   3.8215829092775405e-01
   3.8743950104666397e-01
   3.9263727815738736e-01
   3.9771981440028098e-01
   4.0265482085438198e-01
   4.0740980893973394e-01
   4.1195240245521936e-01
   4.1625067646803510e-01
   4.2027351799090357e-01
   4.2399100214053093e-01
   4.2737477633303117e-01
   4.3039844410992023e-01
   4.3303793947155989e-01
   4.3527188218668572e-01
   4.3708190449777229e-01
   4.3845293998582263e-01
   4.3937346610621508e-01
   4.3983569304625542e-01
   4.3983569304625542e-01
   4.3937346610621508e-01
   4.3845293998582258e-01
   4.3708190449777223e-01
   4.3527188218668567e-01
   4.3303793947155983e-01
   4.3039844410992023e-01
   4.2737477633303123e-01
   4.2399100214053093e-01
   4.2027351799090351e-01
   4.1625067646803510e-01
   4.1195240245521930e-01
   4.0740980893973383e-01
   4.0265482085438198e-01
   3.9771981440028087e-01
   3.9263727815738725e-01
   3.8743950104666397e-01
   3.8215829092775400e-01
   3.7682472635855324e-01
   3.7146894285825044e-01
   3.6611995394192393e-01
   3.6080550625954860e-01
   3.5555196739089640e-01
   3.5038424422580461e-01
   3.4532572939365508e-01
   3.4039827288697500e-01
   3.3562217583738774e-01
   3.3101620333020643e-01
   3.2659761316779079e-01
   3.2238219759219816e-01
   3.1838433513626291e-01
   3.1461704997217776e-01
   3.0926405451773376e-01
   3.0235082154136617e-01
   2.9572495508938867e-01
   2.8940359546962929e-01
   2.8340164256939204e-01
   2.7773195861365046e-01
   2.7240556809547850e-01
   2.6743185158885685e-01
   2.6281873087732693e-01
   2.5857284345980086e-01
   2.5469970502708944e-01
   2.5120385894317132e-01
   2.4808901212026513e-01
   2.4535815695433194e-01
   2.4301367919646910e-01
   2.4105745178468524e-01
   2.3949091475852929e-01
   2.3831514143426005e-01
   2.3753089103839348e-01
   2.3713864798961240e-01
   2.3713864798961246e-01
   2.3753089103839356e-01
   2.3831514143426025e-01
   2.3949091475852954e-01
   2.4105745178468554e-01
   2.4301367919646949e-01
   2.4535815695433241e-01
   2.4808901212026563e-01
   2.5120385894317193e-01
   2.5469970502709005e-01
   2.5857284345980158e-01
   2.6281873087732777e-01
   2.6743185158885774e-01
   2.7240556809547944e-01
   2.7773195861365146e-01
   2.8340164256939315e-01
   2.8940359546963040e-01
   2.9572495508938984e-01
   3.0235082154136739e-01
   3.0926405451773503e-01
   3.1461704997217904e-01
   3.1838433513626413e-01
   3.2238219759219922e-01
   3.2659761316779190e-01
   3.3101620333020737e-01
   3.3562217583738868e-01
   3.4039827288697577e-01
   3.4532572939365580e-01
   3.5038424422580527e-01
   3.5555196739089689e-01
   3.6080550625954910e-01
   3.6611995394192426e-01
   3.7146894285825072e-01
   3.7682472635855341e-01
   3.8215829092775400e-01
   3.8743950104666386e-01
   3.9263727815738714e-01
   3.9771981440028065e-01
   4.0265482085438159e-01
   4.0740980893973333e-01
   4.1195240245521875e-01
   4.1625067646803443e-01
   4.2027351799090273e-01
   4.2399100214053004e-01
   4.2737477633303028e-01
   4.3039844410991929e-01
   4.3303793947155883e-01
   4.3527188218668467e-01
   4.3708190449777118e-01
   4.3845293998582147e-01
   4.3937346610621392e-01
   4.3983569304625425e-01
   4.3983569304625431e-01
   4.3937346610621392e-01
   4.3845293998582147e-01
   4.3708190449777118e-01
   4.3527188218668467e-01
   4.3303793947155889e-01
   4.3039844410991934e-01
   4.2737477633303034e-01
   4.2399100214053009e-01
   4.2027351799090279e-01
   4.1625067646803443e-01
   4.1195240245521880e-01
   4.0740980893973344e-01
   4.0265482085438159e-01
   3.9771981440028065e-01
   3.9263727815738714e-01
   3.8743950104666397e-01
   3.8215829092775400e-01
   3.7682472635855341e-01
   3.7146894285825077e-01
   3.6611995394192431e-01
   3.6080550625954916e-01
   3.5555196739089695e-01
   3.5038424422580527e-01
   3.4532572939365580e-01
   3.4039827288697583e-01
   3.3562217583738868e-01
   3.3101620333020743e-01
   3.2659761316779196e-01
   3.2238219759219922e-01
   3.1838433513626413e-01
   3.1461704997217904e-01
