   9.7024991727761190e-02
   1.0307892427423775e-01
   1.1030950284771983e-01
   1.1879598365820819e-01
   1.2863053508091557e-01
   1.3991872386131882e-01
   1.5277994014472898e-01
   1.6734768873756392e-01
   1.8376964545917054e-01
   2.0220733929365131e-01
   2.2283527083171847e-01
   2.4583921259382766e-01
   2.7141335492920143e-01
   2.9975586111790398e-01
   3.3106227857720771e-01
   3.6551612646526938e-01
   4.0327585955714057e-01
   4.4445732524199699e-01
   4.8911083876873224e-01
   5.3719218628092591e-01
   5.8852734695033726e-01
   6.4277165772823386e-01
   6.9936568469572802e-01
   7.5749230896945230e-01
   8.1604239215053409e-01
   8.7359940520179868e-01
   9.2845560253049919e-01
   9.7867215946058739e-01
   1.0221914038564839e+00
   1.0569997450578128e+00
   1.0813259258152323e+00
   1.0938444439791455e+00
   1.0938444439791402e+00
   1.0813259258152172e+00
   1.0569997450577884e+00
   1.0221914038564515e+00
   9.7867215946054875e-01
   9.2845560253045589e-01
   8.7359940520175250e-01
   8.1604239215048635e-01
   7.5749230896940434e-01
   6.9936568469568094e-01
   6.4277165772818845e-01
   5.8852734695029407e-01
   5.3719218628088539e-01
   4.8911083876869460e-01
   4.4445732524196241e-01
   4.0327585955710893e-01
   3.6551612646524057e-01
   3.3106227857718179e-01
   2.9975586111788072e-01
   2.7141335492918062e-01
   2.4583921259380914e-01
   2.2283527083170207e-01
   2.0220733929363696e-01
   1.8376964545915808e-01
   1.6734768873755324e-01
   1.5277994014471991e-01
   1.3991872386131129e-01
   1.2863053508090952e-01
   1.1879598365820355e-01
   1.1030950284771654e-01
   1.0307892427423580e-01
   9.7024991727760523e-02
   8.9516882663566527e-02
   8.0509651011520592e-02
   7.2462598624476668e-02
   6.5281538233962572e-02
   5.8881941294868533e-02
   5.3188136120864010e-02
   4.8132552382309964e-02
   4.3655019618774771e-02
   3.9702123441773401e-02
   3.6226620438446509e-02
   3.3186911058748506e-02
   3.0546568704532054e-02
   2.8273922641441660e-02
   2.6341692082012303e-02
   2.4726668739616268e-02
   2.3409445256199098e-02
   2.2374187111714249e-02
   2.1608445894795287e-02
   2.1103012128496863e-02
   2.0851806185735951e-02
   2.0851806185735955e-02
   2.1103012128496874e-02
   2.1608445894795301e-02
   2.2374187111714267e-02
   2.3409445256199122e-02
   2.4726668739616296e-02
   2.6341692082012334e-02
   2.8273922641441698e-02
   3.0546568704532095e-02
   3.3186911058748561e-02
   3.6226620438446579e-02
   3.9702123441773478e-02
   4.3655019618774854e-02
   4.8132552382310054e-02
   5.3188136120864121e-02
   5.8881941294868657e-02
   6.5281538233962697e-02
   7.2462598624476821e-02
   8.0509651011520758e-02
   8.9516882663566721e-02
   9.7024991727760995e-02
   1.0307892427423683e-01
   1.1030950284771816e-01
   1.1879598365820575e-01
   1.2863053508091235e-01
   1.3991872386131476e-01
   1.5277994014472404e-01
   1.6734768873755809e-01
   1.8376964545916372e-01
   2.0220733929364343e-01
   2.2283527083170951e-01
   2.4583921259381752e-01
   2.7141335492919005e-01
   2.9975586111789121e-01
   3.3106227857719350e-01
   3.6551612646525355e-01
   4.0327585955712308e-01
   4.4445732524197801e-01
   4.8911083876871153e-01
   5.3719218628090348e-01
   5.8852734695031339e-01
   6.4277165772820877e-01
   6.9936568469570204e-01
   7.5749230896942576e-01
   8.1604239215050789e-01
   8.7359940520177337e-01
   9.2845560253047543e-01
   9.7867215946056629e-01
   1.0221914038564661e+00
   1.0569997450577995e+00
   1.0813259258152244e+00
   1.0938444439791428e+00
   1.0938444439791433e+00
   1.0813259258152257e+00
   1.0569997450578019e+00
   1.0221914038564694e+00
   9.7867215946057018e-01
   9.2845560253047987e-01
   8.7359940520177792e-01
   8.1604239215051255e-01
   7.5749230896943065e-01
   6.9936568469570670e-01
   6.4277165772821332e-01
   5.8852734695031772e-01
   5.3719218628090748e-01
   4.8911083876871519e-01
   4.4445732524198134e-01
   4.0327585955712619e-01
   3.6551612646525644e-01
   3.3106227857719611e-01
   2.9975586111789354e-01
   2.7141335492919211e-01
   2.4583921259381938e-01
   2.2283527083171112e-01
   2.0220733929364490e-01
   1.8376964545916499e-01
   1.6734768873755920e-01
   1.5277994014472498e-01
   1.3991872386131554e-01
   1.2863053508091296e-01
   1.1879598365820623e-01
   1.1030950284771850e-01
   1.0307892427423702e-01
   9.7024991727761065e-02
