   1.0147827099072590e-01
   1.0766309053600558e-01
   1.1503031580894825e-01
   1.2365721915398764e-01
   1.3363336403898080e-01
   1.4506098962555861e-01
   1.5805531331446629e-01
   1.7274467676260505e-01
   1.8927043286684711e-01
   2.0778643425373400e-01
   2.2845793580552462e-01
   2.5145966261305430e-01
   2.7697271888739694e-01
   3.0517992257118515e-01
   3.3625904734552670e-01
   3.7037334645498715e-01
   4.0765863834133081e-01
   4.4820618373450488e-01
   4.9204062933042375e-01
   5.3909251287192106e-01
   5.8916532601510341e-01
   6.4189804420577579e-01
   6.9672547939074092e-01
   7.5284084384363259e-01
   8.0916740516943708e-01
   8.6434861534617213e-01
   9.1676771717219063e-01
   9.6460724975263967e-01
   1.0059546731716118e+00
   1.0389517439690370e+00
   1.0619731868807458e+00
   1.0738078418238790e+00
   1.0738078418238819e+00
   1.0619731868807543e+00
   1.0389517439690503e+00
   1.0059546731716296e+00
   9.6460724975266088e-01
   9.1676771717221450e-01
   8.6434861534619767e-01
   8.0916740516946351e-01
   7.5284084384365935e-01
   6.9672547939076712e-01
   6.4189804420580121e-01
   5.8916532601512772e-01
   5.3909251287194382e-01
   4.9204062933044501e-01
   4.4820618373452442e-01
   4.0765863834134880e-01
   3.7037334645500353e-01
   3.3625904734554157e-01
   3.0517992257119858e-01
   2.7697271888740893e-01
   2.5145966261306502e-01
   2.2845793580553411e-01
   2.0778643425374232e-01
   1.8927043286685435e-01
   1.7274467676261127e-01
   1.5805531331447159e-01
   1.4506098962556302e-01
   1.3363336403898432e-01
   1.2365721915399036e-01
   1.1503031580895016e-01
   1.0766309053600673e-01
   1.0147827099072629e-01
   9.3782340040920287e-02
   8.4532145166418465e-02
   7.6252678088012088e-02
   6.8850891431368452e-02
   6.2243068410315072e-02
   5.6354088349952695e-02
   5.1116726803421733e-02
   4.6470999948036128e-02
   4.2363558627389233e-02
   3.8747134447738099e-02
   3.5580038361488202e-02
   3.2825710900019102e-02
   3.0452322449421487e-02
   2.8432421548599606e-02
   2.6742629023308550e-02
   2.5363375775824544e-02
   2.4278682173848910e-02
   2.3475977185645158e-02
   2.2945955664566333e-02
   2.2682472476583275e-02
   2.2682472476583272e-02
   2.2945955664566330e-02
   2.3475977185645147e-02
   2.4278682173848900e-02
   2.5363375775824530e-02
   2.6742629023308533e-02
   2.8432421548599585e-02
   3.0452322449421459e-02
   3.2825710900019074e-02
   3.5580038361488160e-02
   3.8747134447738057e-02
   4.2363558627389192e-02
   4.6470999948036093e-02
   5.1116726803421705e-02
   5.6354088349952661e-02
   6.2243068410315038e-02
   6.8850891431368411e-02
   7.6252678088012060e-02
   8.4532145166418410e-02
   9.3782340040920245e-02
   1.0147827099072607e-01
   1.0766309053600613e-01
   1.1503031580894917e-01
   1.2365721915398897e-01
   1.3363336403898252e-01
   1.4506098962556077e-01
   1.5805531331446887e-01
   1.7274467676260810e-01
   1.8927043286685066e-01
   2.0778643425373808e-01
   2.2845793580552926e-01
   2.5145966261305958e-01
   2.7697271888740282e-01
   3.0517992257119175e-01
   3.3625904734553402e-01
   3.7037334645499514e-01
   4.0765863834133953e-01
   4.4820618373451443e-01
   4.9204062933043413e-01
   5.3909251287193216e-01
   5.8916532601511540e-01
   6.4189804420578833e-01
   6.9672547939075369e-01
   7.5284084384364569e-01
   8.0916740516944996e-01
   8.6434861534618457e-01
   9.1676771717220218e-01
   9.6460724975264989e-01
   1.0059546731716202e+00
   1.0389517439690434e+00
   1.0619731868807498e+00
   1.0738078418238801e+00
   1.0738078418238803e+00
   1.0619731868807500e+00
   1.0389517439690439e+00
   1.0059546731716209e+00
   9.6460724975265055e-01
   9.1676771717220296e-01
   8.6434861534618523e-01
   8.0916740516945074e-01
   7.5284084384364636e-01
   6.9672547939075447e-01
   6.4189804420578900e-01
   5.8916532601511606e-01
   5.3909251287193283e-01
   4.9204062933043480e-01
   4.4820618373451504e-01
   4.0765863834134008e-01
   3.7037334645499564e-01
   3.3625904734553447e-01
   3.0517992257119209e-01
   2.7697271888740316e-01
   2.5145966261305985e-01
   2.2845793580552953e-01
   2.0778643425373833e-01
   1.8927043286685086e-01
   1.7274467676260827e-01
   1.5805531331446901e-01
   1.4506098962556088e-01
   1.3363336403898260e-01
   1.2365721915398903e-01
   1.1503031580894921e-01
   1.0766309053600613e-01
   1.0147827099072605e-01
