   3.2785241016362676e-01
   3.2840808997478865e-01
   3.2898119077943727e-01
   3.2956935376781843e-01
   3.3017014514171988e-01
   3.3078106523289991e-01
   3.3139955809692712e-01
   3.3202302156122832e-01
   3.3264881770091442e-01
   3.3327428371048740e-01
   3.3389674313389323e-01
   3.3451351740966423e-01
   3.3512193768217363e-01
   3.3571935682440851e-01
   3.3630316161225282e-01
   3.3687078498516992e-01
   3.3741971832349116e-01
   3.3794752366835817e-01
   3.3845184580684146e-01
   3.3893042414195901e-01
   3.3938110426534446e-01
   3.3980184914923461e-01
   3.4019074987433839e-01
   3.4054603581105480e-01
   3.4086608417346814e-01
   3.4114942886857080e-01
   3.4139476856725193e-01
   3.4160097392870337e-01
   3.4176709391600035e-01
   3.4189236114763039e-01
   3.4197619623759051e-01
   3.4201821108523706e-01
   3.4201821108523706e-01
   3.4197619623759051e-01
   3.4189236114763039e-01
   3.4176709391600035e-01
   3.4160097392870337e-01
   3.4139476856725193e-01
   3.4114942886857086e-01
   3.4086608417346814e-01
   3.4054603581105486e-01
   3.4019074987433845e-01
   3.3980184914923467e-01
   3.3938110426534446e-01
   3.3893042414195901e-01
   3.3845184580684146e-01
   3.3794752366835823e-01
   3.3741971832349116e-01
   3.3687078498516998e-01
   3.3630316161225288e-01
   3.3571935682440857e-01
   3.3512193768217363e-01
   3.3451351740966428e-01
   3.3389674313389328e-01
   3.3327428371048751e-01
   3.3264881770091448e-01
   3.3202302156122837e-01
   3.3139955809692717e-01
   3.3078106523289996e-01
   3.3017014514171988e-01
   3.2956935376781843e-01
   3.2898119077943733e-01
   3.2840808997478871e-01
   3.2785241016362682e-01
   3.2703846991665131e-01
   3.2597044418193161e-01
   3.2493075845963848e-01
   3.2392372018434762e-01
   3.2295346134693331e-01
   3.2202392574003919e-01
   3.2113885740920389e-01
   3.2030179025911415e-01
   3.1951603875761975e-01
   3.1878468967516510e-01
   3.1811059479408527e-01
   3.1749636452070468e-01
   3.1694436233322959e-01
   3.1645669999994186e-01
   3.1603523350503093e-01
   3.1568155962342714e-01
   3.1539701309106882e-01
   3.1518266432302128e-01
   3.1503931763862836e-01
   3.1496750996027800e-01
   3.1496750996027800e-01
   3.1503931763862841e-01
   3.1518266432302144e-01
   3.1539701309106899e-01
   3.1568155962342742e-01
   3.1603523350503121e-01
   3.1645669999994219e-01
   3.1694436233322998e-01
   3.1749636452070507e-01
   3.1811059479408577e-01
   3.1878468967516566e-01
   3.1951603875762030e-01
   3.2030179025911470e-01
   3.2113885740920467e-01
   3.2202392574004002e-01
   3.2295346134693420e-01
   3.2392372018434862e-01
   3.2493075845963953e-01
   3.2597044418193283e-01
   3.2703846991665264e-01
   3.2785241016362815e-01
   3.2840808997478987e-01
   3.2898119077943838e-01
   3.2956935376781937e-01
   3.3017014514172061e-01
   3.3078106523290046e-01
   3.3139955809692750e-01
   3.3202302156122854e-01
   3.3264881770091442e-01
   3.3327428371048728e-01
   3.3389674313389295e-01
   3.3451351740966373e-01
   3.3512193768217297e-01
   3.3571935682440773e-01
   3.3630316161225182e-01
   3.3687078498516870e-01
   3.3741971832348983e-01
   3.3794752366835668e-01
   3.3845184580683979e-01
   3.3893042414195723e-01
   3.3938110426534251e-01
   3.3980184914923256e-01
   3.4019074987433623e-01
   3.4054603581105258e-01
   3.4086608417346576e-01
   3.4114942886856836e-01
   3.4139476856724943e-01
   3.4160097392870087e-01
   3.4176709391599774e-01
   3.4189236114762778e-01
   3.4197619623758785e-01
   3.4201821108523439e-01
   3.4201821108523439e-01
   3.4197619623758785e-01
   3.4189236114762778e-01
   3.4176709391599780e-01
   3.4160097392870087e-01
   3.4139476856724948e-01
   3.4114942886856842e-01
   3.4086608417346581e-01
   3.4054603581105264e-01
   3.4019074987433628e-01
   3.3980184914923262e-01
   3.3938110426534263e-01
   3.3893042414195729e-01
   3.3845184580683985e-01
   3.3794752366835673e-01
   3.3741971832348988e-01
   3.3687078498516887e-01
   3.3630316161225193e-01
   3.3571935682440779e-01
   3.3512193768217302e-01
   3.3451351740966384e-01
   3.3389674313389300e-01
   3.3327428371048734e-01
   3.3264881770091459e-01
   3.3202302156122859e-01
   3.3139955809692762e-01
   3.3078106523290052e-01
   3.3017014514172072e-01
   3.2956935376781943e-01
   3.2898119077943844e-01
   3.2840808997479004e-01
   3.2785241016362821e-01
