   2.7540551602909680e-01
   2.8158176004614455e-01
   2.8833773996307616e-01
   2.9566596440579546e-01
   3.0355658531699697e-01
   3.1199694429307223e-01
   3.2097107984812623e-01
   3.3045919975540150e-01
   3.4043712498739020e-01
   3.5087571466891193e-01
   3.6174028487858029e-01
   3.7299003804940317e-01
   3.8457752403910028e-01
   3.9644815850281123e-01
   4.0853982875415357e-01
   4.2078262149247520e-01
   4.3309871014520757e-01
   4.4540244156517350e-01
   4.5760066179897946e-01
   4.6959331794145109e-01
   4.8127436709393978e-01
   4.9253301367429314e-01
   5.0325528256382956e-01
   5.1332591798088656e-01
   5.2263057718500605e-01
   5.3105826533280298e-01
   5.3850393476116010e-01
   5.4487115084482829e-01
   5.5007470978478656e-01
   5.5404308359789445e-01
   5.5672056615601351e-01
   5.5806900255830194e-01
   5.5806900255830194e-01
   5.5672056615601351e-01
   5.5404308359789445e-01
   5.5007470978478656e-01
   5.4487115084482829e-01
   5.3850393476116021e-01
   5.3105826533280309e-01
   5.2263057718500616e-01
   5.1332591798088656e-01
   5.0325528256382956e-01
   4.9253301367429320e-01
   4.8127436709393995e-01
   4.6959331794145120e-01
   4.5760066179897951e-01
   4.4540244156517361e-01
   4.3309871014520762e-01
   4.2078262149247525e-01
   4.0853982875415368e-01
   3.9644815850281134e-01
   3.8457752403910039e-01
   3.7299003804940328e-01
   3.6174028487858040e-01
   3.5087571466891204e-01
   3.4043712498739026e-01
   3.3045919975540156e-01
   3.2097107984812628e-01
   3.1199694429307229e-01
   3.0355658531699697e-01
   2.9566596440579546e-01
   2.8833773996307621e-01
   2.8158176004614460e-01
   2.7540551602909680e-01
   2.6691512925951244e-01
   2.5613842440295087e-01
   2.4597894888040645e-01
   2.3643731690317099e-01
   2.2751132864876769e-01
   2.1919658571702913e-01
   2.1148703229901175e-01
   2.0437542708822259e-01
   1.9785375167665600e-01
   1.9191356147558047e-01
   1.8654628519369962e-01
   1.8174347868275340e-01
   1.7749703859309710e-01
   1.7379938082292420e-01
   1.7064358823425843e-01
   1.6802353157492189e-01
   1.6593396700760268e-01
   1.6437061311701526e-01
   1.6333020975064885e-01
   1.6281056055032497e-01
   1.6281056055032495e-01
   1.6333020975064882e-01
   1.6437061311701517e-01
   1.6593396700760257e-01
   1.6802353157492181e-01
   1.7064358823425829e-01
   1.7379938082292404e-01
   1.7749703859309690e-01
   1.8174347868275317e-01
   1.8654628519369937e-01
   1.9191356147558022e-01
   1.9785375167665573e-01
   2.0437542708822226e-01
   2.1148703229901142e-01
   2.1919658571702877e-01
   2.2751132864876730e-01
   2.3643731690317057e-01
   2.4597894888040600e-01
   2.5613842440295037e-01
   2.6691512925951189e-01
   2.7540551602909630e-01
   2.8158176004614410e-01
   2.8833773996307571e-01
   2.9566596440579496e-01
   3.0355658531699653e-01
   3.1199694429307184e-01
   3.2097107984812578e-01
   3.3045919975540111e-01
   3.4043712498738987e-01
   3.5087571466891160e-01
   3.6174028487858001e-01
   3.7299003804940295e-01
   3.8457752403910006e-01
   3.9644815850281107e-01
   4.0853982875415340e-01
   4.2078262149247508e-01
   4.3309871014520746e-01
   4.4540244156517350e-01
   4.5760066179897946e-01
   4.6959331794145109e-01
   4.8127436709393984e-01
   4.9253301367429314e-01
   5.0325528256382956e-01
   5.1332591798088667e-01
   5.2263057718500627e-01
   5.3105826533280320e-01
   5.3850393476116043e-01
   5.4487115084482851e-01
   5.5007470978478679e-01
   5.5404308359789478e-01
   5.5672056615601384e-01
   5.5806900255830227e-01
   5.5806900255830227e-01
   5.5672056615601384e-01
   5.5404308359789467e-01
   5.5007470978478690e-01
   5.4487115084482862e-01
   5.3850393476116043e-01
   5.3105826533280320e-01
   5.2263057718500638e-01
   5.1332591798088678e-01
   5.0325528256382968e-01
   4.9253301367429325e-01
   4.8127436709393995e-01
   4.6959331794145120e-01
   4.5760066179897951e-01
   4.4540244156517361e-01
   4.3309871014520757e-01
   4.2078262149247520e-01
   4.0853982875415351e-01
   3.9644815850281118e-01
   3.8457752403910017e-01
   3.7299003804940306e-01
   3.6174028487858012e-01
   3.5087571466891171e-01
   3.4043712498738993e-01
   3.3045919975540122e-01
   3.2097107984812595e-01
   3.1199694429307195e-01
   3.0355658531699659e-01
   2.9566596440579507e-01
   2.8833773996307571e-01
   2.8158176004614410e-01
   2.7540551602909630e-01
