   7.6388040657843728e-02
   8.1734886763047299e-02
   8.8208941433938162e-02
   9.5897617789512071e-02
   1.0490417083028876e-01
   1.1534871625622800e-01
   1.2736930941704652e-01
   1.4112302820600756e-01
   1.5678697502093419e-01
   1.7455907209911967e-01
   1.9465846728247718e-01
   2.1732528816489102e-01
   2.4281937512796109e-01
   2.7141748086383594e-01
   3.0340823905732861e-01
   3.3908397455188460e-01
   3.7872815627921486e-01
   4.2259700406773948e-01
   4.7089350368933308e-01
   5.2373196527614085e-01
   5.8109146034492609e-01
   6.4275727606032418e-01
   7.0825132153734371e-01
   7.7675564769344196e-01
   8.4703820527445783e-01
   9.1739647050068518e-01
   9.8564136279500869e-01
   1.0491481170682366e+00
   1.1049980454182595e+00
   1.1502208987162394e+00
   1.1821204586040788e+00
   1.1986318396368709e+00
   1.1986318396368696e+00
   1.1821204586040754e+00
   1.1502208987162339e+00
   1.1049980454182524e+00
   1.0491481170682280e+00
   9.8564136279499936e-01
   9.1739647050067541e-01
   8.4703820527444806e-01
   7.7675564769343231e-01
   7.0825132153733428e-01
   6.4275727606031519e-01
   5.8109146034491765e-01
   5.2373196527613308e-01
   4.7089350368932603e-01
   4.2259700406773298e-01
   3.7872815627920903e-01
   3.3908397455187933e-01
   3.0340823905732384e-01
   2.7141748086383166e-01
   2.4281937512795729e-01
   2.1732528816488769e-01
   1.9465846728247427e-01
   1.7455907209911714e-01
   1.5678697502093203e-01
   1.4112302820600570e-01
   1.2736930941704497e-01
   1.1534871625622671e-01
   1.0490417083028772e-01
   9.5897617789511280e-02
   8.8208941433937593e-02
   8.1734886763046966e-02
   7.6388040657843617e-02
   6.9870046215528489e-02
   6.2128444341633553e-02
   5.5279318137051538e-02
   4.9225168888280803e-02
   4.3879554199702138e-02
   3.9165967432000792e-02
   3.5016822121254669e-02
   3.1372538301629775e-02
   2.8180725645525116e-02
   2.5395457294111693e-02
   2.2976627853416042e-02
   2.0889389052112472e-02
   1.9103656843611250e-02
   1.7593684183091526e-02
   1.6337694250634065e-02
   1.5317569479352996e-02
   1.4518592353764088e-02
   1.3929234551292649e-02
   1.3540991599321912e-02
   1.3348260807281952e-02
   1.3348260807281952e-02
   1.3540991599321910e-02
   1.3929234551292646e-02
   1.4518592353764083e-02
   1.5317569479352991e-02
   1.6337694250634055e-02
   1.7593684183091516e-02
   1.9103656843611237e-02
   2.0889389052112461e-02
   2.2976627853416025e-02
   2.5395457294111672e-02
   2.8180725645525095e-02
   3.1372538301629747e-02
   3.5016822121254641e-02
   3.9165967432000758e-02
   4.3879554199702103e-02
   4.9225168888280775e-02
   5.5279318137051503e-02
   6.2128444341633511e-02
   6.9870046215528447e-02
   7.6388040657843617e-02
   8.1734886763047090e-02
   8.8208941433937829e-02
   9.5897617789511641e-02
   1.0490417083028820e-01
   1.1534871625622732e-01
   1.2736930941704569e-01
   1.4112302820600661e-01
   1.5678697502093308e-01
   1.7455907209911833e-01
   1.9465846728247566e-01
   2.1732528816488927e-01
   2.4281937512795906e-01
   2.7141748086383366e-01
   3.0340823905732606e-01
   3.3908397455188177e-01
   3.7872815627921175e-01
   4.2259700406773604e-01
   4.7089350368932942e-01
   5.2373196527613675e-01
   5.8109146034492165e-01
   6.4275727606031940e-01
   7.0825132153733872e-01
   7.7675564769343686e-01
   8.4703820527445273e-01
   9.1739647050068018e-01
   9.8564136279500381e-01
   1.0491481170682320e+00
   1.1049980454182557e+00
   1.1502208987162366e+00
   1.1821204586040772e+00
   1.1986318396368703e+00
   1.1986318396368703e+00
   1.1821204586040772e+00
   1.1502208987162368e+00
   1.1049980454182562e+00
   1.0491481170682324e+00
   9.8564136279500425e-01
   9.1739647050068063e-01
   8.4703820527445306e-01
   7.7675564769343730e-01
   7.0825132153733905e-01
   6.4275727606031985e-01
   5.8109146034492198e-01
   5.2373196527613719e-01
   4.7089350368932970e-01
   4.2259700406773631e-01
   3.7872815627921197e-01
   3.3908397455188199e-01
   3.0340823905732617e-01
   2.7141748086383377e-01
   2.4281937512795917e-01
   2.1732528816488936e-01
   1.9465846728247571e-01
   1.7455907209911836e-01
   1.5678697502093308e-01
   1.4112302820600661e-01
   1.2736930941704572e-01
   1.1534871625622733e-01
   1.0490417083028822e-01
   9.5897617789511641e-02
   8.8208941433937829e-02
   8.1734886763047077e-02
   7.6388040657843617e-02
