   5.5244666657743413e-02
   5.9669094503057296e-02
   6.5120473639745824e-02
   7.1691772572167439e-02
   7.9494759828609526e-02
   8.8661685540216945e-02
   9.9347197526080275e-02
   1.1173046857356457e-01
   1.2601748862693388e-01
   1.4244343960210171e-01
   1.6127501555005028e-01
   1.8281246849497323e-01
   2.0739103893330141e-01
   2.3538125433324406e-01
   2.6718732953388780e-01
   3.0324255689798463e-01
   3.4400010863244707e-01
   3.8991707458621111e-01
   4.4142883837232316e-01
   4.9891012588046552e-01
   5.6261843516550192e-01
   6.3261547385551009e-01
   7.0866340196526045e-01
   7.9009620714297202e-01
   8.7567383157601320e-01
   9.6343892570244904e-01
   1.0506130580918995e+00
   1.1335870098961078e+00
   1.2080688490621250e+00
   1.2694390257887596e+00
   1.3133108554641904e+00
   1.3362110252214330e+00
   1.3362110252214201e+00
   1.3133108554641524e+00
   1.2694390257886996e+00
   1.2080688490620481e+00
   1.1335870098960190e+00
   1.0506130580918038e+00
   9.6343892570235079e-01
   8.7567383157591605e-01
   7.9009620714287854e-01
   7.0866340196517263e-01
   6.3261547385542882e-01
   5.6261843516542764e-01
   4.9891012588039829e-01
   4.4142883837226288e-01
   3.8991707458615738e-01
   3.4400010863239944e-01
   3.0324255689794255e-01
   2.6718732953385077e-01
   2.3538125433321158e-01
   2.0739103893327304e-01
   1.8281246849494853e-01
   1.6127501555002891e-01
   1.4244343960208330e-01
   1.2601748862691814e-01
   1.1173046857355128e-01
   9.9347197526069173e-02
   8.8661685540207869e-02
   7.9494759828602296e-02
   7.1691772572161958e-02
   6.5120473639741980e-02
   5.9669094503055013e-02
   5.5244666657742664e-02
   4.9970471951170103e-02
   4.3788534713048236e-02
   3.8389953995582204e-02
   3.3678492332447192e-02
   2.9570050770287730e-02
   2.5991220523411251e-02
   2.2878006689484951e-02
   2.0174707608766333e-02
   1.7832934108633253e-02
   1.5810753953711711e-02
   1.4071948108366105e-02
   1.2585366780705138e-02
   1.1324374575852158e-02
   1.0266375395503935e-02
   9.3924089573559320e-03
   8.6868119625435978e-03
   8.1369380114626900e-03
   7.7329313632707383e-03
   7.4675505603752695e-03
   7.3360388064795173e-03
   7.3360388064795173e-03
   7.4675505603752695e-03
   7.7329313632707401e-03
   8.1369380114626935e-03
   8.6868119625436013e-03
   9.3924089573559355e-03
   1.0266375395503938e-02
   1.1324374575852161e-02
   1.2585366780705145e-02
   1.4071948108366110e-02
   1.5810753953711718e-02
   1.7832934108633264e-02
   2.0174707608766346e-02
   2.2878006689484965e-02
   2.5991220523411272e-02
   2.9570050770287751e-02
   3.3678492332447206e-02
   3.8389953995582225e-02
   4.3788534713048263e-02
   4.9970471951170138e-02
   5.5244666657744620e-02
   5.9669094503060890e-02
   6.5120473639751861e-02
   7.1691772572176030e-02
   7.9494759828620781e-02
   8.8661685540231086e-02
   9.9347197526097497e-02
   1.1173046857358518e-01
   1.2601748862695819e-01
   1.4244343960213018e-01
   1.6127501555008331e-01
   1.8281246849501137e-01
   2.0739103893334526e-01
   2.3538125433329429e-01
   2.6718732953394508e-01
   3.0324255689804974e-01
   3.4400010863252078e-01
   3.8991707458629415e-01
   4.4142883837241625e-01
   4.9891012588056916e-01
   5.6261843516561649e-01
   6.3261547385563544e-01
   7.0866340196539579e-01
   7.9009620714311568e-01
   8.7567383157616252e-01
   9.6343892570260004e-01
   1.0506130580920467e+00
   1.1335870098962442e+00
   1.2080688490622429e+00
   1.2694390257888510e+00
   1.3133108554642481e+00
   1.3362110252214527e+00
   1.3362110252213997e+00
   1.3133108554640940e+00
   1.2694390257886077e+00
   1.2080688490619296e+00
   1.1335870098958822e+00
   1.0506130580916564e+00
   9.6343892570219969e-01
   8.7567383157576650e-01
   7.9009620714273487e-01
   7.0866340196503730e-01
   6.3261547385530359e-01
   5.6261843516531318e-01
   4.9891012588029471e-01
   4.4142883837216990e-01
   3.8991707458607444e-01
   3.4400010863232588e-01
   3.0324255689787755e-01
   2.6718732953379359e-01
   2.3538125433316145e-01
   2.0739103893322922e-01
   1.8281246849491045e-01
   1.6127501554999590e-01
   1.4244343960205491e-01
   1.2601748862689385e-01
   1.1173046857353074e-01
   9.9347197526052020e-02
   8.8661685540193824e-02
   7.9494759828591111e-02
   7.1691772572153450e-02
   6.5120473639736012e-02
   5.9669094503051488e-02
   5.5244666657741512e-02
