   8.8442756130258357e-02
   9.4223401003601520e-02
   1.0116495112030609e-01
   1.0935028681666509e-01
   1.1887641156145441e-01
   1.2985514705504750e-01
   1.4241381246667015e-01
   1.5669582044210700e-01
   1.7286109337934266e-01
   1.9108616356408373e-01
   2.1156376686285552e-01
   2.3450166806971073e-01
   2.6012036278785849e-01
   2.8864918255256811e-01
   3.2032018547404467e-01
   3.5535904748194547e-01
   3.9397199212987416e-01
   4.3632763923649065e-01
   4.8253257053310017e-01
   5.3259949969183673e-01
   5.8640734244534176e-01
   6.4365341409662813e-01
   7.0379967687590239e-01
   7.6601762447817801e-01
   8.2914004605852609e-01
   8.9163214391186452e-01
   9.5159814676923282e-01
   1.0068406304875517e+00
   1.0549856041985026e+00
   1.0936749450010967e+00
   1.1208093104592534e+00
   1.1348037821715165e+00
   1.1348037821715191e+00
   1.1208093104592616e+00
   1.0936749450011098e+00
   1.0549856041985204e+00
   1.0068406304875726e+00
   9.5159814676925603e-01
   8.9163214391188916e-01
   8.2914004605855141e-01
   7.6601762447820321e-01
   7.0379967687592704e-01
   6.4365341409665178e-01
   5.8640734244536408e-01
   5.3259949969185760e-01
   4.8253257053311932e-01
   4.3632763923650819e-01
   3.9397199212989009e-01
   3.5535904748195979e-01
   3.2032018547405761e-01
   2.8864918255257960e-01
   2.6012036278786876e-01
   2.3450166806971981e-01
   2.1156376686286352e-01
   1.9108616356409069e-01
   1.7286109337934868e-01
   1.5669582044211217e-01
   1.4241381246667451e-01
   1.2985514705505108e-01
   1.1887641156145731e-01
   1.0935028681666731e-01
   1.0116495112030766e-01
   9.4223401003602464e-02
   8.8442756130258662e-02
   8.1321834809309657e-02
   7.2812387146850024e-02
   6.5238919975629112e-02
   5.8505442922103273e-02
   5.2526233411146012e-02
   4.7224903326748863e-02
   4.2533535602932597e-02
   3.8391894195682737e-02
   3.4746707653062370e-02
   3.1551024458827015e-02
   2.8763637113577795e-02
   2.6348571279128978e-02
   2.4274636063870703e-02
   2.2515031541158376e-02
   2.1047009779662493e-02
   1.9851585962383442e-02
   1.8913296537595208e-02
   1.8220001752195260e-02
   1.7762730347493642e-02
   1.7535564637934844e-02
   1.7535564637934840e-02
   1.7762730347493632e-02
   1.8220001752195247e-02
   1.8913296537595187e-02
   1.9851585962383411e-02
   2.1047009779662455e-02
   2.2515031541158328e-02
   2.4274636063870651e-02
   2.6348571279128912e-02
   2.8763637113577718e-02
   3.1551024458826932e-02
   3.4746707653062280e-02
   3.8391894195682626e-02
   4.2533535602932472e-02
   4.7224903326748724e-02
   5.2526233411145866e-02
   5.8505442922103114e-02
   6.5238919975628931e-02
   7.2812387146849830e-02
   8.1321834809309435e-02
   8.8442756130258135e-02
   9.4223401003601326e-02
   1.0116495112030593e-01
   1.0935028681666499e-01
   1.1887641156145434e-01
   1.2985514705504744e-01
   1.4241381246667018e-01
   1.5669582044210706e-01
   1.7286109337934277e-01
   1.9108616356408395e-01
   2.1156376686285580e-01
   2.3450166806971107e-01
   2.6012036278785894e-01
   2.8864918255256861e-01
   3.2032018547404534e-01
   3.5535904748194630e-01
   3.9397199212987527e-01
   4.3632763923649198e-01
   4.8253257053310167e-01
   5.3259949969183851e-01
   5.8640734244534365e-01
   6.4365341409663013e-01
   7.0379967687590450e-01
   7.6601762447818011e-01
   8.2914004605852820e-01
   8.9163214391186663e-01
   9.5159814676923482e-01
   1.0068406304875535e+00
   1.0549856041985042e+00
   1.0936749450010979e+00
   1.1208093104592540e+00
   1.1348037821715167e+00
   1.1348037821715189e+00
   1.1208093104592609e+00
   1.0936749450011090e+00
   1.0549856041985188e+00
   1.0068406304875706e+00
   9.5159814676925392e-01
   8.9163214391188705e-01
   8.2914004605854907e-01
   7.6601762447820099e-01
   7.0379967687592482e-01
   6.4365341409664956e-01
   5.8640734244536208e-01
   5.3259949969185572e-01
   4.8253257053311760e-01
   4.3632763923650658e-01
   3.9397199212988865e-01
   3.5535904748195846e-01
   3.2032018547405638e-01
   2.8864918255257854e-01
   2.6012036278786776e-01
   2.3450166806971892e-01
   2.1156376686286271e-01
   1.9108616356408997e-01
   1.7286109337934805e-01
   1.5669582044211158e-01
   1.4241381246667398e-01
   1.2985514705505061e-01
   1.1887641156145687e-01
   1.0935028681666693e-01
   1.0116495112030732e-01
   9.4223401003602159e-02
   8.8442756130258413e-02
