   3.2531344999546596e-01
   3.2731211028102325e-01
   3.2939801830178145e-01
   3.3156303206903842e-01
   3.3379852549049671e-01
   3.3609540302509527e-01
   3.3844411841125122e-01
   3.4083469785557979e-01
   3.4325676803474975e-01
   3.4569958921672134e-01
   3.4815209374859785e-01
   3.5060293008641569e-01
   3.5304051245746276e-01
   3.5545307614866761e-01
   3.5782873830623307e-01
   3.6015556401355581e-01
   3.6242163728866139e-01
   3.6461513651158506e-01
   3.6672441365953568e-01
   3.6873807659699476e-01
   3.7064507354319165e-01
   3.7243477872500003e-01
   3.7409707812364401e-01
   3.7562245414303952e-01
   3.7700206797016894e-01
   3.7822783836716045e-01
   3.7929251563353972e-01
   3.8018974950739126e-01
   3.8091414983677541e-01
   3.8146133894739326e-01
   3.8182799475764573e-01
   3.8201188384510587e-01
   3.8201188384510593e-01
   3.8182799475764573e-01
   3.8146133894739331e-01
   3.8091414983677541e-01
   3.8018974950739132e-01
   3.7929251563353972e-01
   3.7822783836716051e-01
   3.7700206797016905e-01
   3.7562245414303957e-01
   3.7409707812364407e-01
   3.7243477872500008e-01
   3.7064507354319171e-01
   3.6873807659699481e-01
   3.6672441365953573e-01
   3.6461513651158511e-01
   3.6242163728866150e-01
   3.6015556401355592e-01
   3.5782873830623319e-01
   3.5545307614866767e-01
   3.5304051245746287e-01
   3.5060293008641574e-01
   3.4815209374859790e-01
   3.4569958921672139e-01
   3.4325676803474980e-01
   3.4083469785557985e-01
   3.3844411841125133e-01
   3.3609540302509533e-01
   3.3379852549049677e-01
   3.3156303206903848e-01
   3.2939801830178150e-01
   3.2731211028102331e-01
   3.2531344999546602e-01
   3.2242240739229427e-01
   3.1865374436225080e-01
   3.1500885347042534e-01
   3.1150087004531563e-01
   3.0814196170920227e-01
   3.0494334785001292e-01
   3.0191532457830456e-01
   2.9906729384986552e-01
   2.9640779553026919e-01
   2.9394454128136266e-01
   2.9168444925700687e-01
   2.8963367870301870e-01
   2.8779766366159026e-01
   2.8618114508151449e-01
   2.8478820073103772e-01
   2.8362227239929066e-01
   2.8268618995472894e-01
   2.8198219190492185e-01
   2.8151194217177528e-01
   2.8127654286053155e-01
   2.8127654286053155e-01
   2.8151194217177516e-01
   2.8198219190492169e-01
   2.8268618995472872e-01
   2.8362227239929039e-01
   2.8478820073103739e-01
   2.8618114508151404e-01
   2.8779766366158976e-01
   2.8963367870301815e-01
   2.9168444925700621e-01
   2.9394454128136205e-01
   2.9640779553026841e-01
   2.9906729384986475e-01
   3.0191532457830378e-01
   3.0494334785001204e-01
   3.0814196170920133e-01
   3.1150087004531463e-01
   3.1500885347042429e-01
   3.1865374436224975e-01
   3.2242240739229322e-01
   3.2531344999546496e-01
   3.2731211028102242e-01
   3.2939801830178067e-01
   3.3156303206903764e-01
   3.3379852549049605e-01
   3.3609540302509477e-01
   3.3844411841125083e-01
   3.4083469785557940e-01
   3.4325676803474947e-01
   3.4569958921672117e-01
   3.4815209374859785e-01
   3.5060293008641569e-01
   3.5304051245746293e-01
   3.5545307614866783e-01
   3.5782873830623341e-01
   3.6015556401355625e-01
   3.6242163728866189e-01
   3.6461513651158567e-01
   3.6672441365953640e-01
   3.6873807659699553e-01
   3.7064507354319248e-01
   3.7243477872500091e-01
   3.7409707812364507e-01
   3.7562245414304057e-01
   3.7700206797017011e-01
   3.7822783836716162e-01
   3.7929251563354088e-01
   3.8018974950739254e-01
   3.8091414983677668e-01
   3.8146133894739459e-01
   3.8182799475764700e-01
   3.8201188384510720e-01
   3.8201188384510720e-01
   3.8182799475764700e-01
   3.8146133894739459e-01
   3.8091414983677668e-01
   3.8018974950739254e-01
   3.7929251563354088e-01
   3.7822783836716162e-01
   3.7700206797017005e-01
   3.7562245414304057e-01
   3.7409707812364501e-01
   3.7243477872500086e-01
   3.7064507354319243e-01
   3.6873807659699548e-01
   3.6672441365953640e-01
   3.6461513651158567e-01
   3.6242163728866189e-01
   3.6015556401355620e-01
   3.5782873830623341e-01
   3.5545307614866778e-01
   3.5304051245746287e-01
   3.5060293008641569e-01
   3.4815209374859779e-01
   3.4569958921672117e-01
   3.4325676803474947e-01
   3.4083469785557940e-01
   3.3844411841125083e-01
   3.3609540302509472e-01
   3.3379852549049610e-01
   3.3156303206903764e-01
   3.2939801830178067e-01
   3.2731211028102242e-01
   3.2531344999546496e-01
