   2.5942501378838262e-01
   2.6609421871865846e-01
   2.7345524040732927e-01
   2.8150628113127818e-01
   2.9024341076840837e-01
   2.9965997446856674e-01
   3.0974592836873849e-01
   3.2048710339563735e-01
   3.3186440000397505e-01
   3.4385292046523430e-01
   3.5642105017909392e-01
   3.6952950552045771e-01
   3.8313037298485031e-01
   3.9716617277336785e-01
   4.1156898923309332e-01
   4.2625972030603521e-01
   4.4114750765699207e-01
   4.5612941748440966e-01
   4.7109044791725474e-01
   4.8590394086701671e-01
   5.0043247259556467e-01
   5.1452928647312468e-01
   5.2804031213347136e-01
   5.4080678681349803e-01
   5.5266845740683301e-01
   5.6346729728447476e-01
   5.7305162334633808e-01
   5.8128045061916311e-01
   5.8802787966144776e-01
   5.9318728215391869e-01
   5.9667503790550158e-01
   5.9843358606841024e-01
   5.9843358606841035e-01
   5.9667503790550147e-01
   5.9318728215391858e-01
   5.8802787966144765e-01
   5.8128045061916289e-01
   5.7305162334633775e-01
   5.6346729728447442e-01
   5.5266845740683268e-01
   5.4080678681349770e-01
   5.2804031213347102e-01
   5.1452928647312424e-01
   5.0043247259556423e-01
   4.8590394086701633e-01
   4.7109044791725435e-01
   4.5612941748440927e-01
   4.4114750765699168e-01
   4.2625972030603476e-01
   4.1156898923309282e-01
   3.9716617277336747e-01
   3.8313037298484998e-01
   3.6952950552045732e-01
   3.5642105017909359e-01
   3.4385292046523391e-01
   3.3186440000397466e-01
   3.2048710339563707e-01
   3.0974592836873827e-01
   2.9965997446856646e-01
   2.9024341076840815e-01
   2.8150628113127801e-01
   2.7345524040732910e-01
   2.6609421871865840e-01
   2.5942501378838256e-01
   2.5034808705826117e-01
   2.3888745583563306e-01
   2.2813685630851521e-01
   2.1808724362808893e-01
   2.0872729847663338e-01
   2.0004409860728392e-01
   1.9202369185407969e-01
   1.8465158126008097e-01
   1.7791313280091595e-01
   1.7179391566299201e-01
   1.6627998430133364e-01
   1.6135811064893460e-01
   1.5701597394721781e-01
   1.5324231476334949e-01
   1.5002705888554488e-01
   1.4736141596024160e-01
   1.4523795696386513e-01
   1.4365067388893080e-01
   1.4259502436674867e-01
   1.4206796334112448e-01
   1.4206796334112448e-01
   1.4259502436674867e-01
   1.4365067388893082e-01
   1.4523795696386518e-01
   1.4736141596024163e-01
   1.5002705888554491e-01
   1.5324231476334954e-01
   1.5701597394721789e-01
   1.6135811064893468e-01
   1.6627998430133378e-01
   1.7179391566299221e-01
   1.7791313280091620e-01
   1.8465158126008119e-01
   1.9202369185407997e-01
   2.0004409860728425e-01
   2.0872729847663374e-01
   2.1808724362808937e-01
   2.2813685630851571e-01
   2.3888745583563362e-01
   2.5034808705826173e-01
   2.5942501378838323e-01
   2.6609421871865913e-01
   2.7345524040732988e-01
   2.8150628113127873e-01
   2.9024341076840893e-01
   2.9965997446856724e-01
   3.0974592836873899e-01
   3.2048710339563780e-01
   3.3186440000397549e-01
   3.4385292046523475e-01
   3.5642105017909431e-01
   3.6952950552045805e-01
   3.8313037298485070e-01
   3.9716617277336813e-01
   4.1156898923309354e-01
   4.2625972030603537e-01
   4.4114750765699223e-01
   4.5612941748440983e-01
   4.7109044791725485e-01
   4.8590394086701677e-01
   5.0043247259556456e-01
   5.1452928647312457e-01
   5.2804031213347136e-01
   5.4080678681349792e-01
   5.5266845740683279e-01
   5.6346729728447453e-01
   5.7305162334633786e-01
   5.8128045061916278e-01
   5.8802787966144743e-01
   5.9318728215391836e-01
   5.9667503790550114e-01
   5.9843358606841002e-01
   5.9843358606840991e-01
   5.9667503790550114e-01
   5.9318728215391825e-01
   5.8802787966144721e-01
   5.8128045061916256e-01
   5.7305162334633752e-01
   5.6346729728447420e-01
   5.5266845740683246e-01
   5.4080678681349748e-01
   5.2804031213347080e-01
   5.1452928647312413e-01
   5.0043247259556412e-01
   4.8590394086701633e-01
   4.7109044791725435e-01
   4.5612941748440933e-01
   4.4114750765699173e-01
   4.2625972030603493e-01
   4.1156898923309304e-01
   3.9716617277336769e-01
   3.8313037298485020e-01
   3.6952950552045760e-01
   3.5642105017909392e-01
   3.4385292046523436e-01
   3.3186440000397510e-01
   3.2048710339563746e-01
   3.0974592836873871e-01
   2.9965997446856696e-01
   2.9024341076840865e-01
   2.8150628113127857e-01
   2.7345524040732971e-01
   2.6609421871865901e-01
   2.5942501378838323e-01
