   1.3558357737270982e-01
   1.4254487177289171e-01
   1.5068689277318773e-01
   1.6007014726776470e-01
   1.7076292936571896e-01
   1.8284107174011668e-01
   1.9638750865180218e-01
   2.1149157620157685e-01
   2.2824795513319057e-01
   2.4675513735511026e-01
   2.6711326936609409e-01
   2.8942119472835887e-01
   3.1377248554139969e-01
   3.4025022323769749e-01
   3.6892026834156827e-01
   3.9982275726790195e-01
   4.3296159687832853e-01
   4.6829181526383401e-01
   5.0570479676247382e-01
   5.4501171089128098e-01
   5.8592586686852099e-01
   6.2804530232491207e-01
   6.7083762913147427e-01
   7.1362993653878659e-01
   7.5560723508213568e-01
   7.9582326161231631e-01
   8.3322712979413571e-01
   8.6670797965847746e-01
   8.9515728348657864e-01
   9.1754496793556173e-01
   9.3300165087346099e-01
   9.4089614211003392e-01
   9.4089614211003614e-01
   9.3300165087346743e-01
   9.1754496793557216e-01
   8.9515728348659263e-01
   8.6670797965849455e-01
   8.3322712979415514e-01
   7.9582326161233763e-01
   7.5560723508215832e-01
   7.1362993653880979e-01
   6.7083762913149780e-01
   6.2804530232493538e-01
   5.8592586686854375e-01
   5.4501171089130274e-01
   5.0570479676249447e-01
   4.6829181526385344e-01
   4.3296159687834662e-01
   3.9982275726791877e-01
   3.6892026834158370e-01
   3.4025022323771159e-01
   3.1377248554141252e-01
   2.8942119472837036e-01
   2.6711326936610436e-01
   2.4675513735511939e-01
   2.2824795513319857e-01
   2.1149157620158382e-01
   1.9638750865180815e-01
   1.8284107174012165e-01
   1.7076292936572296e-01
   1.6007014726776778e-01
   1.5068689277318992e-01
   1.4254487177289302e-01
   1.3558357737271026e-01
   1.2672537528280295e-01
   1.1594202110638499e-01
   1.0617102413013207e-01
   9.7331676485199858e-02
   8.9349914677980910e-02
   8.2158074410667303e-02
   7.5694601089034488e-02
   6.9903737808670208e-02
   6.4735206663432160e-02
   6.0143894727523843e-02
   5.6089552699932863e-02
   5.2536511707613365e-02
   4.9453421937352526e-02
   4.6813015446368969e-02
   4.4591894565029287e-02
   4.2770346656806346e-02
   4.1332185568153594e-02
   4.0264619828945893e-02
   3.9558147510311739e-02
   3.9206477578775781e-02
   3.9206477578775781e-02
   3.9558147510311739e-02
   4.0264619828945893e-02
   4.1332185568153587e-02
   4.2770346656806346e-02
   4.4591894565029273e-02
   4.6813015446368962e-02
   4.9453421937352512e-02
   5.2536511707613351e-02
   5.6089552699932849e-02
   6.0143894727523829e-02
   6.4735206663432146e-02
   6.9903737808670180e-02
   7.5694601089034474e-02
   8.2158074410667262e-02
   8.9349914677980882e-02
   9.7331676485199844e-02
   1.0617102413013206e-01
   1.1594202110638499e-01
   1.2672537528280292e-01
   1.3558357737271007e-01
   1.4254487177289243e-01
   1.5068689277318889e-01
   1.6007014726776636e-01
   1.7076292936572113e-01
   1.8284107174011940e-01
   1.9638750865180543e-01
   2.1149157620158063e-01
   2.2824795513319493e-01
   2.4675513735511523e-01
   2.6711326936609969e-01
   2.8942119472836514e-01
   3.1377248554140663e-01
   3.4025022323770526e-01
   3.6892026834157676e-01
   3.9982275726791117e-01
   4.3296159687833846e-01
   4.6829181526384467e-01
   5.0570479676248514e-01
   5.4501171089129297e-01
   5.8592586686853354e-01
   6.2804530232492484e-01
   6.7083762913148715e-01
   7.1362993653879914e-01
   7.5560723508214789e-01
   7.9582326161232786e-01
   8.3322712979414626e-01
   8.6670797965848656e-01
   8.9515728348658608e-01
   9.1754496793556717e-01
   9.3300165087346421e-01
   9.4089614211003481e-01
   9.4089614211003458e-01
   9.3300165087346354e-01
   9.1754496793556628e-01
   8.9515728348658474e-01
   8.6670797965848501e-01
   8.3322712979414448e-01
   7.9582326161232597e-01
   7.5560723508214589e-01
   7.1362993653879725e-01
   6.7083762913148504e-01
   6.2804530232492284e-01
   5.8592586686853154e-01
   5.4501171089129108e-01
   5.0570479676248337e-01
   4.6829181526384300e-01
   4.3296159687833691e-01
   3.9982275726790972e-01
   3.6892026834157537e-01
   3.4025022323770404e-01
   3.1377248554140558e-01
   2.8942119472836414e-01
   2.6711326936609880e-01
   2.4675513735511442e-01
   2.2824795513319424e-01
   2.1149157620158002e-01
   1.9638750865180493e-01
   1.8284107174011893e-01
   1.7076292936572077e-01
   1.6007014726776611e-01
   1.5068689277318872e-01
   1.4254487177289230e-01
   1.3558357737271001e-01
