   2.7952538462225662e-01
   2.8554536483604076e-01
   2.9211398969465791e-01
   2.9922251384768078e-01
   3.0685982972246362e-01
   3.1501205357634515e-01
   3.2366208013359815e-01
   3.3278911055168753e-01
   3.4236816063635622e-01
   3.5236955881870602e-01
   3.6275844640663391e-01
   3.7349429597745387e-01
   3.8453046738872959e-01
   3.9581382458909897e-01
   4.0728443997658825e-01
   4.1887541616563989e-01
   4.3051285729364119e-01
   4.4211602296258518e-01
   4.5359769706778869e-01
   4.6486480060878999e-01
   4.7581927166326354e-01
   4.8635922672645304e-01
   4.9638040549543239e-01
   5.0577788614174057e-01
   5.1444804078344752e-01
   5.2229068227225739e-01
   5.2921133498351869e-01
   5.3512354577353971e-01
   5.3995113852671917e-01
   5.4363030854408900e-01
   5.4611145286203755e-01
   5.4736064026259312e-01
   5.4736064026259323e-01
   5.4611145286203755e-01
   5.4363030854408911e-01
   5.3995113852671928e-01
   5.3512354577353982e-01
   5.2921133498351869e-01
   5.2229068227225739e-01
   5.1444804078344764e-01
   5.0577788614174068e-01
   4.9638040549543250e-01
   4.8635922672645315e-01
   4.7581927166326365e-01
   4.6486480060879010e-01
   4.5359769706778880e-01
   4.4211602296258529e-01
   4.3051285729364130e-01
   4.1887541616564006e-01
   4.0728443997658836e-01
   3.9581382458909908e-01
   3.8453046738872976e-01
   3.7349429597745398e-01
   3.6275844640663396e-01
   3.5236955881870619e-01
   3.4236816063635633e-01
   3.3278911055168764e-01
   3.2366208013359826e-01
   3.1501205357634521e-01
   3.0685982972246367e-01
   2.9922251384768084e-01
   2.9211398969465791e-01
   2.8554536483604087e-01
   2.7952538462225668e-01
   2.7122692994829600e-01
   2.6067852937664926e-01
   2.5072060665232598e-01
   2.4135614127377333e-01
   2.3258521104323310e-01
   2.2440558347491960e-01
   2.1681324008314781e-01
   2.0980283719336110e-01
   2.0336810779825315e-01
   1.9750220944700847e-01
   1.9219802330944069e-01
   1.8744840948228314e-01
   1.8324642336940655e-01
   1.7958549762392853e-01
   1.7645959372800918e-01
   1.7386332683501982e-01
   1.7179206702953423e-01
   1.7024201968717606e-01
   1.6921028714734820e-01
   1.6869491345174878e-01
   1.6869491345174878e-01
   1.6921028714734818e-01
   1.7024201968717603e-01
   1.7179206702953420e-01
   1.7386332683501979e-01
   1.7645959372800910e-01
   1.7958549762392845e-01
   1.8324642336940647e-01
   1.8744840948228306e-01
   1.9219802330944061e-01
   1.9750220944700836e-01
   2.0336810779825307e-01
   2.0980283719336101e-01
   2.1681324008314770e-01
   2.2440558347491943e-01
   2.3258521104323293e-01
   2.4135614127377317e-01
   2.5072060665232582e-01
   2.6067852937664909e-01
   2.7122692994829584e-01
   2.7952538462225640e-01
   2.8554536483604054e-01
   2.9211398969465763e-01
   2.9922251384768056e-01
   3.0685982972246340e-01
   3.1501205357634499e-01
   3.2366208013359798e-01
   3.3278911055168736e-01
   3.4236816063635606e-01
   3.5236955881870591e-01
   3.6275844640663379e-01
   3.7349429597745376e-01
   3.8453046738872954e-01
   3.9581382458909886e-01
   4.0728443997658825e-01
   4.1887541616563984e-01
   4.3051285729364125e-01
   4.4211602296258512e-01
   4.5359769706778863e-01
   4.6486480060879004e-01
   4.7581927166326360e-01
   4.8635922672645315e-01
   4.9638040549543239e-01
   5.0577788614174068e-01
   5.1444804078344764e-01
   5.2229068227225750e-01
   5.2921133498351880e-01
   5.3512354577353993e-01
   5.3995113852671928e-01
   5.4363030854408922e-01
   5.4611145286203777e-01
   5.4736064026259335e-01
   5.4736064026259335e-01
   5.4611145286203777e-01
   5.4363030854408922e-01
   5.3995113852671928e-01
   5.3512354577354004e-01
   5.2921133498351880e-01
   5.2229068227225750e-01
   5.1444804078344775e-01
   5.0577788614174080e-01
   4.9638040549543250e-01
   4.8635922672645326e-01
   4.7581927166326371e-01
   4.6486480060879010e-01
   4.5359769706778874e-01
   4.4211602296258523e-01
   4.3051285729364130e-01
   4.1887541616563995e-01
   4.0728443997658836e-01
   3.9581382458909897e-01
   3.8453046738872959e-01
   3.7349429597745387e-01
   3.6275844640663391e-01
   3.5236955881870602e-01
   3.4236816063635617e-01
   3.3278911055168747e-01
   3.2366208013359804e-01
   3.1501205357634504e-01
   3.0685982972246345e-01
   2.9922251384768062e-01
   2.9211398969465768e-01
   2.8554536483604054e-01
   2.7952538462225640e-01
