   6.0160142114521441e-02
   6.4819461799260000e-02
   7.0534584894720892e-02
   7.7397549654191211e-02
   8.5518525535933726e-02
   9.5027328941788183e-02
   1.0607512760031922e-01
   1.1883630089209929e-01
   1.3351039842653101e-01
   1.5032410114319666e-01
   1.6953303247555446e-01
   1.9142318392565336e-01
   2.1631159938942687e-01
   2.4454579241645641e-01
   2.7650113417714800e-01
   3.1257512980401464e-01
   3.5317708230127592e-01
   3.9871112359106353e-01
   4.4954999841339682e-01
   5.0599640694734971e-01
   5.6822834610396877e-01
   6.3622511888878042e-01
   7.0967214309800908e-01
   7.8784630411059342e-01
   8.6949042378079211e-01
   9.5269615902355875e-01
   1.0348285568287725e+00
   1.1125387781067062e+00
   1.1819160064031462e+00
   1.2388138912941780e+00
   1.2793425631414290e+00
   1.3004496161802919e+00
   1.3004496161802725e+00
   1.2793425631413720e+00
   1.2388138912940880e+00
   1.1819160064030301e+00
   1.1125387781065712e+00
   1.0348285568286262e+00
   9.5269615902340776e-01
   8.6949042378064179e-01
   7.8784630411044787e-01
   7.0967214309787130e-01
   6.3622511888865219e-01
   5.6822834610385076e-01
   5.0599640694724235e-01
   4.4954999841330001e-01
   3.9871112359097688e-01
   3.5317708230119865e-01
   3.1257512980394608e-01
   2.7650113417708749e-01
   2.4454579241640317e-01
   2.1631159938938016e-01
   1.9142318392561258e-01
   1.6953303247551901e-01
   1.5032410114316608e-01
   1.3351039842650478e-01
   1.1883630089207704e-01
   1.0607512760030059e-01
   9.5027328941772904e-02
   8.5518525535921555e-02
   7.7397549654181941e-02
   7.0534584894714369e-02
   6.4819461799256128e-02
   6.0160142114520157e-02
   5.4573647896662428e-02
   4.8003004179327416e-02
   4.2245416192003789e-02
   3.7203803232364906e-02
   3.2793018119410169e-02
   2.8938474052847864e-02
   2.5574927282214097e-02
   2.2645402505433707e-02
   2.0100247893096314e-02
   1.7896307176248048e-02
   1.5996197098398345e-02
   1.4367679559422685e-02
   1.2983118870733602e-02
   1.1819015636744723e-02
   1.0855609842089583e-02
   1.0076546738885892e-02
   9.4686000860640350e-03
   9.0214481928949080e-03
   8.7274990652458431e-03
   8.5817617523641573e-03
   8.5817617523641573e-03
   8.7274990652458449e-03
   9.0214481928949097e-03
   9.4686000860640385e-03
   1.0076546738885899e-02
   1.0855609842089588e-02
   1.1819015636744729e-02
   1.2983118870733605e-02
   1.4367679559422690e-02
   1.5996197098398349e-02
   1.7896307176248051e-02
   2.0100247893096321e-02
   2.2645402505433714e-02
   2.5574927282214104e-02
   2.8938474052847867e-02
   3.2793018119410176e-02
   3.7203803232364913e-02
   4.2245416192003796e-02
   4.8003004179327430e-02
   5.4573647896662456e-02
   6.0160142114520788e-02
   6.4819461799257946e-02
   7.0534584894717409e-02
   7.7397549654186257e-02
   8.5518525535927203e-02
   9.5027328941779982e-02
   1.0607512760030922e-01
   1.1883630089208734e-01
   1.3351039842651691e-01
   1.5032410114318023e-01
   1.6953303247553542e-01
   1.9142318392563140e-01
   2.1631159938940170e-01
   2.4454579241642771e-01
   2.7650113417711530e-01
   3.1257512980397761e-01
   3.5317708230123407e-01
   3.9871112359101651e-01
   4.4954999841334425e-01
   5.0599640694729131e-01
   5.6822834610390449e-01
   6.3622511888871058e-01
   7.0967214309793414e-01
   7.8784630411051415e-01
   8.6949042378071029e-01
   9.5269615902347682e-01
   1.0348285568286930e+00
   1.1125387781066329e+00
   1.1819160064030834e+00
   1.2388138912941293e+00
   1.2793425631413984e+00
   1.3004496161802817e+00
   1.3004496161802834e+00
   1.2793425631414033e+00
   1.2388138912941371e+00
   1.1819160064030936e+00
   1.1125387781066449e+00
   1.0348285568287061e+00
   9.5269615902349025e-01
   8.6949042378072372e-01
   7.8784630411052725e-01
   7.0967214309794646e-01
   6.3622511888872202e-01
   5.6822834610391504e-01
   5.0599640694730075e-01
   4.4954999841335280e-01
   3.9871112359102412e-01
   3.5317708230124079e-01
   3.1257512980398344e-01
   2.7650113417712052e-01
   2.4454579241643221e-01
   2.1631159938940564e-01
   1.9142318392563482e-01
   1.6953303247553833e-01
   1.5032410114318276e-01
   1.3351039842651907e-01
   1.1883630089208916e-01
   1.0607512760031074e-01
   9.5027328941781244e-02
   8.5518525535928203e-02
   7.7397549654187006e-02
   7.0534584894717950e-02
   6.4819461799258252e-02
   6.0160142114520879e-02
