   7.1883742936354100e-01
   7.0472371700749148e-01
   6.8799464748869221e-01
   6.6902129932820897e-01
   6.4819761100200390e-01
   6.2592390600860870e-01
   6.0259242704120120e-01
   5.7857555109388015e-01
   5.5421698186520918e-01
   5.2982589429451454e-01
   5.0567376728030344e-01
   4.8199349199896979e-01
   4.5898027635384581e-01
   4.3679386353466831e-01
   4.1556162412105940e-01
   3.9538214763821811e-01
   3.7632903568173853e-01
   3.5845467384105295e-01
   3.4179382701473904e-01
   3.2636695904176555e-01
   3.1218322199428539e-01
   2.9924309363576135e-01
   2.8754066490674279e-01
   2.7706559463991143e-01
   2.6780475780354596e-01
   2.5974361802437274e-01
   2.5286735628204182e-01
   2.4716178655601831e-01
   2.4261408664126005e-01
   2.3921336890956477e-01
   2.3695111187640250e-01
   2.3582146929533004e-01
   2.3582146929533007e-01
   2.3695111187640255e-01
   2.3921336890956485e-01
   2.4261408664126016e-01
   2.4716178655601848e-01
   2.5286735628204199e-01
   2.5974361802437301e-01
   2.6780475780354623e-01
   2.7706559463991176e-01
   2.8754066490674318e-01
   2.9924309363576179e-01
   3.1218322199428583e-01
   3.2636695904176594e-01
   3.4179382701473954e-01
   3.5845467384105345e-01
   3.7632903568173898e-01
   3.9538214763821861e-01
   4.1556162412105985e-01
   4.3679386353466876e-01
   4.5898027635384625e-01
   4.8199349199897029e-01
   5.0567376728030389e-01
   5.2982589429451499e-01
   5.5421698186520962e-01
   5.7857555109388059e-01
   6.0259242704120153e-01
   6.2592390600860892e-01
   6.4819761100200413e-01
   6.6902129932820920e-01
   6.8799464748869243e-01
   7.0472371700749170e-01
   7.1883742936354111e-01
   7.3579640946725966e-01
   7.5505494848406984e-01
   7.7029666568280175e-01
   7.8108230434761905e-01
   7.8708807982805185e-01
   7.8812898239206797e-01
   7.8417260105637965e-01
   7.7534158288838106e-01
   7.6190438558060347e-01
   7.4425559951902664e-01
   7.2288845661648571e-01
   6.9836294065321558e-01
   6.7127306177508084e-01
   6.4221642157531678e-01
   6.1176836442357851e-01
   5.8046202210469100e-01
   5.4877462371009300e-01
   5.1711970241956273e-01
   4.8584434551841499e-01
   4.5523039686133099e-01
   4.2549848377519928e-01
   3.9681383891308403e-01
   3.6929306032217268e-01
   3.4301115122790005e-01
   3.1800837183960257e-01
   2.9429660035163135e-01
   2.7186503176117693e-01
   2.5068514091684069e-01
   2.3071490416810633e-01
   2.1190231764487111e-01
   1.9418827533741040e-01
   1.7750888197941017e-01
   1.6179727855245449e-01
   1.4698505534388662e-01
   1.3300332132671341e-01
   1.1978349087934230e-01
   1.0725784064160583e-01
   9.5359881306419370e-02
   8.4024581769596249e-02
   7.3188476497727195e-02
   6.5436830562614262e-02
   6.0710539617906546e-02
   5.6335835550754845e-02
   5.2287939634310082e-02
   4.8543812924699954e-02
   4.5082057018285215e-02
   4.1882817151561509e-02
   3.8927688546257409e-02
   3.6199626626281185e-02
   3.3682861519313843e-02
   3.1362817091479797e-02
   2.9226034638487899e-02
   2.7260101262738284e-02
   2.5453582896559634e-02
   2.3795961881713366e-02
   2.2277578980375863e-02
   2.0889579669644647e-02
   1.9623864557557297e-02
   1.8473043751566099e-02
   1.7430395008722961e-02
   1.6489825499200143e-02
   1.5645837020186959e-02
   1.4893494504871147e-02
   1.4228397680524859e-02
   1.3646655740200263e-02
   1.3144864903842186e-02
   1.2720088756477385e-02
   1.2369841263343975e-02
   1.2092072374238150e-02
   1.1885156141877979e-02
   1.1747881291650409e-02
   1.1679444192676013e-02
   1.1679444192676013e-02
   1.1747881291650410e-02
   1.1885156141877981e-02
   1.2092072374238153e-02
   1.2369841263343980e-02
   1.2720088756477389e-02
   1.3144864903842193e-02
   1.3646655740200268e-02
   1.4228397680524868e-02
   1.4893494504871157e-02
   1.5645837020186969e-02
   1.6489825499200157e-02
   1.7430395008722972e-02
   1.8473043751566113e-02
   1.9623864557557311e-02
   2.0889579669644661e-02
   2.2277578980375877e-02
   2.3795961881713377e-02
   2.5453582896559645e-02
   2.7260101262738295e-02
   2.9226034638487910e-02
   3.1362817091479804e-02
   3.3682861519313850e-02
   3.6199626626281192e-02
   3.8927688546257416e-02
   4.1882817151561516e-02
   4.5082057018285229e-02
   4.8543812924699954e-02
   5.2287939634310089e-02
   5.6335835550754852e-02
   6.0710539617906553e-02
   6.5436830562614262e-02
