   7.8559686762073511e-01
   7.7057575002918288e-01
   7.5190171771974046e-01
   7.3007537334269901e-01
   7.0564344138244395e-01
   6.7917025380446139e-01
   6.5121235221679030e-01
   6.2229776495761058e-01
   5.9291069035058352e-01
   5.6348159691626454e-01
   5.3438222100685207e-01
   5.0592462474433386e-01
   4.7836335020791015e-01
   4.5189972342947327e-01
   4.2668747170708926e-01
   4.0283897358956972e-01
   3.8043162758732946e-01
   3.5951398057999762e-01
   3.4011138801892049e-01
   3.2223108118941546e-01
   3.0586659282856615e-01
   2.9100154480232043e-01
   2.7761283489211314e-01
   2.6567327861387469e-01
   2.5515377045847437e-01
   2.4602503032699216e-01
   2.3825899779246862e-01
   2.3182993101582516e-01
   2.2671525996855998e-01
   2.2289623591226523e-01
   2.2035841136450138e-01
   2.1909197731134034e-01
   2.1909197731134036e-01
   2.2035841136450138e-01
   2.2289623591226523e-01
   2.2671525996855996e-01
   2.3182993101582516e-01
   2.3825899779246862e-01
   2.4602503032699216e-01
   2.5515377045847437e-01
   2.6567327861387463e-01
   2.7761283489211314e-01
   2.9100154480232038e-01
   3.0586659282856610e-01
   3.2223108118941546e-01
   3.4011138801892038e-01
   3.5951398057999745e-01
   3.8043162758732935e-01
   4.0283897358956955e-01
   4.2668747170708904e-01
   4.5189972342947304e-01
   4.7836335020790988e-01
   5.0592462474433364e-01
   5.3438222100685173e-01
   5.6348159691626420e-01
   5.9291069035058319e-01
   6.2229776495761013e-01
   6.5121235221678997e-01
   6.7917025380446105e-01
   7.0564344138244373e-01
   7.3007537334269890e-01
   7.5190171771974046e-01
   7.7057575002918299e-01
   7.8559686762073522e-01
   8.0221482567246505e-01
   8.1976372633325578e-01
   8.3199816600805365e-01
   8.3850256310572624e-01
   8.3904990461620144e-01
   8.3362089379430526e-01
   8.2240560154667419e-01
   8.0578736265755635e-01
   7.8431140878843242e-01
   7.5864287566350597e-01
   7.2951990250517262e-01
   6.9770744305856225e-01
   6.6395634756456379e-01
   6.2897067354434300e-01
   5.9338449053757814e-01
   5.5774800650917633e-01
   5.2252184463953100e-01
   4.8807776828963739e-01
   4.5470401486808293e-01
   4.2261353555457332e-01
   3.9195372535043271e-01
   3.6281656871692253e-01
   3.3524845446784046e-01
   3.0925919377181810e-01
   2.8482999367644590e-01
   2.6192029633490777e-01
   2.4047349942436283e-01
   2.2042163717332014e-01
   2.0168913495336308e-01
   1.8419576302565771e-01
   1.6785891425977384e-01
   1.5259532200056172e-01
   1.3832232161288244e-01
   1.2495874513186701e-01
   1.1242552446294297e-01
   1.0064606560286694e-01
   8.9546444825244181e-02
   7.9055467835946330e-02
   6.9104624526687544e-02
   5.9627965015859999e-02
   5.2869798050366394e-02
   4.8771191163424960e-02
   4.4997391863090597e-02
   4.1523574247186140e-02
   3.8326820179572292e-02
   3.5385988101355473e-02
   3.2681588885054437e-02
   3.0195668951221347e-02
   2.7911700689429567e-02
   2.5814480096583155e-02
   2.3890031454090493e-02
   2.2125518802866395e-02
   2.0509163934563111e-02
   1.9030170593553549e-02
   1.7678654572856618e-02
   1.6445579385191127e-02
   1.5322697195190851e-02
   1.4302494708601820e-02
   1.3378143727556791e-02
   1.2543456096674213e-02
   1.1792842781927205e-02
   1.1121276842351547e-02
   1.0524260073255482e-02
   9.9977931183303469e-03
   9.5383488667111355e-03
   9.1428489694467679e-03
   8.8086433279164107e-03
   8.5334924244203584e-03
   8.3155523824652907e-03
   8.1533626611634599e-03
   8.0458363047018616e-03
   7.9922526840537043e-03
   7.9922526840537043e-03
   8.0458363047018616e-03
   8.1533626611634616e-03
   8.3155523824652924e-03
   8.5334924244203601e-03
   8.8086433279164142e-03
   9.1428489694467714e-03
   9.5383488667111407e-03
   9.9977931183303521e-03
   1.0524260073255491e-02
   1.1121276842351556e-02
   1.1792842781927214e-02
   1.2543456096674224e-02
   1.3378143727556800e-02
   1.4302494708601831e-02
   1.5322697195190861e-02
   1.6445579385191141e-02
   1.7678654572856632e-02
   1.9030170593553566e-02
   2.0509163934563129e-02
   2.2125518802866413e-02
   2.3890031454090511e-02
   2.5814480096583173e-02
   2.7911700689429580e-02
   3.0195668951221364e-02
   3.2681588885054451e-02
   3.5385988101355494e-02
   3.8326820179572313e-02
   4.1523574247186154e-02
   4.4997391863090611e-02
   4.8771191163424960e-02
   5.2869798050366394e-02
