   8.8205995332241638e-01
   8.6561486848567815e-01
   8.4366922562950397e-01
   8.1697252731548820e-01
   7.8637329922449839e-01
   7.5276140565229965e-01
   7.1701630000258876e-01
   6.7996542969377038e-01
   6.4235469950481150e-01
   6.0483089577447480e-01
   5.6793457494346911e-01
   5.3210117951759839e-01
   4.9766795902590105e-01
   4.6488446856810667e-01
   4.3392481718073811e-01
   4.0490030342361111e-01
   3.7787151568225114e-01
   3.5285934263086505e-01
   3.2985461976001468e-01
   3.0882633483846084e-01
   2.8972844210820309e-01
   2.7250540822097646e-01
   2.5709664783817865e-01
   2.4344001626870515e-01
   2.3147452031692697e-01
   2.2114239366211860e-01
   2.1239066429864512e-01
   2.0517232179560552e-01
   1.9944717309846599e-01
   1.9518245815544177e-01
   1.9235328111639036e-01
   1.9094289918678442e-01
   1.9094289918678442e-01
   1.9235328111639041e-01
   1.9518245815544183e-01
   1.9944717309846605e-01
   2.0517232179560563e-01
   2.1239066429864531e-01
   2.2114239366211880e-01
   2.3147452031692720e-01
   2.4344001626870540e-01
   2.5709664783817893e-01
   2.7250540822097674e-01
   2.8972844210820342e-01
   3.0882633483846117e-01
   3.2985461976001507e-01
   3.5285934263086560e-01
   3.7787151568225169e-01
   4.0490030342361177e-01
   4.3392481718073889e-01
   4.6488446856810750e-01
   4.9766795902590200e-01
   5.3210117951759939e-01
   5.6793457494347011e-01
   6.0483089577447580e-01
   6.4235469950481250e-01
   6.7996542969377127e-01
   7.1701630000258965e-01
   7.5276140565230054e-01
   7.8637329922449906e-01
   8.1697252731548875e-01
   8.4366922562950430e-01
   8.6561486848567848e-01
   8.8205995332241638e-01
   8.9777942121193854e-01
   9.1192954296180051e-01
   9.1856580725845383e-01
   9.1741036616466165e-01
   9.0851194386855483e-01
   8.9224087033236421e-01
   8.6925204308171355e-01
   8.4042254811154460e-01
   8.0677456887702870e-01
   7.6939533018767003e-01
   7.2936430202413516e-01
   6.8769464666943514e-01
   6.4529212609911679e-01
   6.0293139202179069e-01
   5.6124730928890909e-01
   5.2073781819748510e-01
   4.8177462524343517e-01
   4.4461840447970230e-01
   4.0943588215250770e-01
   3.7631693290965412e-01
   3.4529049615945479e-01
   3.1633866275793121e-01
   2.8940867359697425e-01
   2.6442282971069120e-01
   2.4128646640733689e-01
   2.1989422092782435e-01
   2.0013484948929788e-01
   1.8189484485619445e-01
   1.6506108378394371e-01
   1.4952270414922017e-01
   1.3517238014358637e-01
   1.2190713390701731e-01
   1.0962879510246661e-01
   9.8244196831965169e-02
   8.7665177008599507e-02
   7.7808438540958771e-02
   6.8595309023738130e-02
   5.9951430585593893e-02
   5.1806402666361794e-02
   4.4093394370519498e-02
   3.8618416541501895e-02
   3.5324399376909170e-02
   3.2315279195576467e-02
   2.9566913745669672e-02
   2.7057223166994628e-02
   2.4766022445168491e-02
   2.2674866584708016e-02
   2.0766907863300349e-02
   1.9026764482655698e-02
   1.7440399912860165e-02
   1.5995012228974998e-02
   1.4678932754695593e-02
   1.3481533353649797e-02
   1.2393141741010721e-02
   1.1404964224042091e-02
   1.0509015318175384e-02
   9.6980537239388116e-03
   8.9655241886024035e-03
   8.3055048141429683e-03
   7.7126594096540678e-03
   7.1821945213753824e-03
   6.7098208069563854e-03
   6.2917184523507115e-03
   5.9245063598717118e-03
   5.6052148644826442e-03
   5.3312617624343105e-03
   5.1004314620077054e-03
   4.9108570904928921e-03
   4.7610054147706133e-03
   4.6496644550984272e-03
   4.5759336930799727e-03
   4.5392167954575267e-03
   4.5392167954575258e-03
   4.5759336930799709e-03
   4.6496644550984246e-03
   4.7610054147706107e-03
   4.9108570904928877e-03
   5.1004314620077011e-03
   5.3312617624343070e-03
   5.6052148644826390e-03
   5.9245063598717066e-03
   6.2917184523507055e-03
   6.7098208069563785e-03
   7.1821945213753745e-03
   7.7126594096540591e-03
   8.3055048141429597e-03
   8.9655241886023931e-03
   9.6980537239387994e-03
   1.0509015318175373e-02
   1.1404964224042080e-02
   1.2393141741010708e-02
   1.3481533353649785e-02
   1.4678932754695583e-02
   1.5995012228974984e-02
   1.7440399912860151e-02
   1.9026764482655684e-02
   2.0766907863300335e-02
   2.2674866584708006e-02
   2.4766022445168484e-02
   2.7057223166994621e-02
   2.9566913745669665e-02
   3.2315279195576460e-02
   3.5324399376909163e-02
   3.8618416541501888e-02
