   5.7391580671508913e-01
   5.6171527181607550e-01
   5.4851077683196836e-01
   5.3448092818121062e-01
   5.1980338214906252e-01
   5.0465097832018713e-01
   4.8918856521908383e-01
   4.7357055189638037e-01
   4.5793917049734362e-01
   4.4242339754331800e-01
   4.2713845632764075e-01
   4.1218580865442800e-01
   3.9765353941322490e-01
   3.8361704003816233e-01
   3.7013990454569906e-01
   3.5727496258034896e-01
   3.4506538606770254e-01
   3.3354581841992875e-01
   3.2274348688675225e-01
   3.1267926905501964e-01
   3.0336869339970962e-01
   2.9482286110301292e-01
   2.8704928214409436e-01
   2.8005262306001694e-01
   2.7383536696918487e-01
   2.6839838862650534e-01
   2.6374144863228094e-01
   2.5986361161545773e-01
   2.5676359340440075e-01
   2.5444004200867903e-01
   2.5289175676380959e-01
   2.5211784931696785e-01
   2.5211784931696779e-01
   2.5289175676380948e-01
   2.5444004200867892e-01
   2.5676359340440053e-01
   2.5986361161545746e-01
   2.6374144863228066e-01
   2.6839838862650495e-01
   2.7383536696918448e-01
   2.8005262306001644e-01
   2.8704928214409381e-01
   2.9482286110301237e-01
   3.0336869339970901e-01
   3.1267926905501903e-01
   3.2274348688675158e-01
   3.3354581841992814e-01
   3.4506538606770198e-01
   3.5727496258034835e-01
   3.7013990454569851e-01
   3.8361704003816183e-01
   3.9765353941322440e-01
   4.1218580865442750e-01
   4.2713845632764030e-01
   4.4242339754331761e-01
   4.5793917049734323e-01
   4.7357055189637998e-01
   4.8918856521908349e-01
   5.0465097832018679e-01
   5.1980338214906230e-01
   5.3448092818121040e-01
   5.4851077683196825e-01
   5.6171527181607539e-01
   5.7391580671508913e-01
   5.9065294258713141e-01
   6.1161650111873767e-01
   6.3072967436584437e-01
   6.4763510154776738e-01
   6.6199368375422607e-01
   6.7349998737162831e-01
   6.8189744808150099e-01
   6.8699207789066619e-01
   6.8866337905259445e-01
   6.8687135676340638e-01
   6.8165888580058454e-01
   6.7314917421343490e-01
   6.6153859926797376e-01
   6.4708567566460917e-01
   6.3009727384809133e-01
   6.1091338769208448e-01
   5.8989174599590100e-01
   5.6739339777594000e-01
   5.4377012879627629e-01
   5.1935424669170260e-01
   4.9445095947493933e-01
   4.6933330733741918e-01
   4.4423941221399227e-01
   4.1937168852711176e-01
   3.9489760448817324e-01
   3.7095158200713657e-01
   3.4763765812264585e-01
   3.2503258650191269e-01
   3.0318912150722382e-01
   2.8213929067554622e-01
   2.6189751865648053e-01
   2.4246351388120657e-01
   2.2382486764947473e-01
   2.0595934435657329e-01
   1.8883686237757208e-01
   1.7242117911753493e-01
   1.5667130238698423e-01
   1.4154265490827450e-01
   1.2698802053777644e-01
   1.1295830061853908e-01
   1.0285375910405402e-01
   9.6620642465300915e-02
   9.0785115228499857e-02
   8.5325078321471251e-02
   8.0219530408741302e-02
   7.5448567110148024e-02
   7.0993369550771651e-02
   6.6836184785580510e-02
   6.2960300185564547e-02
   5.9350013488646707e-02
   5.5990599898197956e-02
   5.2868277345403634e-02
   4.9970170810937534e-02
   4.7284276419298131e-02
   4.4799425869603018e-02
   4.2505251644338403e-02
   4.0392153338013152e-02
   3.8451265367049202e-02
   3.6674426257323367e-02
   3.5054149653849995e-02
   3.3583597155886789e-02
   3.2256553048363827e-02
   3.1067400975398948e-02
   3.0011102582462413e-02
   2.9083178139402848e-02
   2.8279689146146460e-02
   2.7597222915689029e-02
   2.7032879124400097e-02
   2.6584258317142610e-02
   2.6249452353857120e-02
   2.6027036784714578e-02
   2.5916065142411394e-02
   2.5916065142411401e-02
   2.6027036784714581e-02
   2.6249452353857124e-02
   2.6584258317142621e-02
   2.7032879124400111e-02
   2.7597222915689047e-02
   2.8279689146146477e-02
   2.9083178139402869e-02
   3.0011102582462441e-02
   3.1067400975398979e-02
   3.2256553048363862e-02
   3.3583597155886824e-02
   3.5054149653850036e-02
   3.6674426257323416e-02
   3.8451265367049244e-02
   4.0392153338013194e-02
   4.2505251644338445e-02
   4.4799425869603060e-02
   4.7284276419298166e-02
   4.9970170810937568e-02
   5.2868277345403662e-02
   5.5990599898197983e-02
   5.9350013488646734e-02
   6.2960300185564561e-02
   6.6836184785580524e-02
   7.0993369550771665e-02
   7.5448567110148038e-02
   8.0219530408741316e-02
   8.5325078321471265e-02
   9.0785115228499871e-02
   9.6620642465300915e-02
   1.0285375910405402e-01
