   3.8944437570262380e-01
   3.7941677404727253e-01
   3.6938378838247238e-01
   3.5939905494253821e-01
   3.4951168229130886e-01
   3.3976621607793817e-01
   3.3020269487988335e-01
   3.2085678077351520e-01
   3.1175994896840192e-01
   3.0293972201609742e-01
   2.9441993558833995e-01
   2.8622102446864006e-01
   2.7836031909923586e-01
   2.7085234468407865e-01
   2.6370911640517408e-01
   2.5694042572355313e-01
   2.5055411398475230e-01
   2.4455633062340573e-01
   2.3895177416423860e-01
   2.3374391495649194e-01
   2.2893519916924718e-01
   2.2452723403241004e-01
   2.2052095464932911e-01
   2.1691677294905601e-01
   2.1371470950502014e-01
   2.1091450903692571e-01
   2.0851574044684465e-01
   2.0651788222993350e-01
   2.0492039405441040e-01
   2.0372277523230170e-01
   2.0292461070850784e-01
   2.0252560508625156e-01
   2.0252560508625156e-01
   2.0292461070850784e-01
   2.0372277523230173e-01
   2.0492039405441040e-01
   2.0651788222993350e-01
   2.0851574044684468e-01
   2.1091450903692571e-01
   2.1371470950502014e-01
   2.1691677294905604e-01
   2.2052095464932914e-01
   2.2452723403241007e-01
   2.2893519916924721e-01
   2.3374391495649191e-01
   2.3895177416423866e-01
   2.4455633062340576e-01
   2.5055411398475230e-01
   2.5694042572355313e-01
   2.6370911640517414e-01
   2.7085234468407865e-01
   2.7836031909923592e-01
   2.8622102446864012e-01
   2.9441993558833995e-01
   3.0293972201609748e-01
   3.1175994896840192e-01
   3.2085678077351526e-01
   3.3020269487988335e-01
   3.3976621607793822e-01
   3.4951168229130880e-01
   3.5939905494253827e-01
   3.6938378838247243e-01
   3.7941677404727253e-01
   3.8944437570262386e-01
   4.0457592110367735e-01
   4.2470925710506829e-01
   4.4452697464287616e-01
   4.6386119547137322e-01
   4.8252795474860677e-01
   5.0032990544971934e-01
   5.1706005879047234e-01
   5.3250655723241491e-01
   5.4645839194977175e-01
   5.5871187962348257e-01
   5.6907761378529553e-01
   5.7738751659160592e-01
   5.8350155237986845e-01
   5.8731363823093685e-01
   5.8875630870020468e-01
   5.8780376494561337e-01
   5.8447305749050260e-01
   5.7882330349679922e-01
   5.7095300426125239e-01
   5.6099568471557848e-01
   5.4911420373390207e-01
   5.3549416723351917e-01
   5.2033690847767033e-01
   5.0385248310331687e-01
   4.8625306871568069e-01
   4.6774707343973909e-01
   4.4853415915117045e-01
   4.2880128664473127e-01
   4.0871980217884391e-01
   3.8844351427991336e-01
   3.6810765923769251e-01
   3.4782862309386636e-01
   3.2770427467921553e-01
   3.0781476477341002e-01
   2.8822365678348705e-01
   2.6897927074828060e-01
   2.5011614185912878e-01
   2.3165651466448492e-01
   2.1361181305560506e-01
   1.9598404301345837e-01
   1.8314989752357691e-01
   1.7508576521199334e-01
   1.6740154888522640e-01
   1.6008906713358440e-01
   1.5313947192399233e-01
   1.4654343601592462e-01
   1.4029131481922161e-01
   1.3437328532947271e-01
   1.2877946466017920e-01
   1.2350001053853006e-01
   1.1852520595796573e-01
   1.1384552999686186e-01
   1.0945171662683957e-01
   1.0533480315226730e-01
   1.0148616974849164e-01
   9.7897571402814770e-02
   9.4561163410733021e-02
   9.1469521441160190e-02
   8.8615657058383243e-02
   8.5993029475023755e-02
   8.3595554208707970e-02
   8.1417609224705353e-02
   7.9454039066593832e-02
   7.7700157406122669e-02
   7.6151748380924519e-02
   7.4805067033658815e-02
   7.3656839117654943e-02
   7.2704260491327666e-02
   7.1944996285759955e-02
   7.1377179996149953e-02
   7.0999412617601468e-02
   7.0810761918350562e-02
   7.0810761918350562e-02
   7.0999412617601468e-02
   7.1377179996149953e-02
   7.1944996285759955e-02
   7.2704260491327666e-02
   7.3656839117654943e-02
   7.4805067033658815e-02
   7.6151748380924519e-02
   7.7700157406122655e-02
   7.9454039066593832e-02
   8.1417609224705340e-02
   8.3595554208707984e-02
   8.5993029475023741e-02
   8.8615657058383243e-02
   9.1469521441160176e-02
   9.4561163410733007e-02
   9.7897571402814756e-02
   1.0148616974849163e-01
   1.0533480315226730e-01
   1.0945171662683957e-01
   1.1384552999686186e-01
   1.1852520595796572e-01
   1.2350001053853006e-01
   1.2877946466017920e-01
   1.3437328532947271e-01
   1.4029131481922161e-01
   1.4654343601592462e-01
   1.5313947192399230e-01
   1.6008906713358440e-01
   1.6740154888522643e-01
   1.7508576521199337e-01
   1.8314989752357688e-01
