   6.6269343762513278e-01
   6.4932451449388340e-01
   6.3406556592154584e-01
   6.1720036459975158e-01
   5.9902270578461514e-01
   5.7982652809222612e-01
   5.5989740112129360e-01
   5.3950566372767950e-01
   5.1890131523928495e-01
   4.9831061091436896e-01
   4.7793420219451932e-01
   4.5794659332574983e-01
   4.3849665437777141e-01
   4.1970892890807432e-01
   4.0168549370728029e-01
   3.8450815992346105e-01
   3.6824084250302452e-01
   3.5293196317925551e-01
   3.3861678779337384e-01
   3.2531962962555611e-01
   3.1305587584569278e-01
   3.0183381414036986e-01
   2.9165625148277996e-01
   2.8252192757907063e-01
   2.7442673252302635e-01
   2.6736474237453922e-01
   2.6132908842004021e-01
   2.5631267634320604e-01
   2.5230877088905124e-01
   2.4931146019711578e-01
   2.4731601207223816e-01
   2.4631913224154869e-01
   2.4631913224154867e-01
   2.4731601207223811e-01
   2.4931146019711578e-01
   2.5230877088905124e-01
   2.5631267634320598e-01
   2.6132908842004010e-01
   2.6736474237453911e-01
   2.7442673252302624e-01
   2.8252192757907052e-01
   2.9165625148277979e-01
   3.0183381414036964e-01
   3.1305587584569261e-01
   3.2531962962555588e-01
   3.3861678779337362e-01
   3.5293196317925524e-01
   3.6824084250302430e-01
   3.8450815992346077e-01
   4.0168549370728002e-01
   4.1970892890807404e-01
   4.3849665437777108e-01
   4.5794659332574950e-01
   4.7793420219451904e-01
   4.9831061091436857e-01
   5.1890131523928462e-01
   5.3950566372767916e-01
   5.5989740112129327e-01
   5.7982652809222579e-01
   5.9902270578461481e-01
   6.1720036459975147e-01
   6.3406556592154562e-01
   6.4932451449388340e-01
   6.6269343762513278e-01
   6.7972583479373716e-01
   6.9997265976445666e-01
   7.1714885736933143e-01
   7.3082996042322035e-01
   7.4065973868086155e-01
   7.4637212698320843e-01
   7.4780856846997612e-01
   7.4492873332707832e-01
   7.3781329022543862e-01
   7.2665838104426039e-01
   7.1176249250969970e-01
   6.9350732395927228e-01
   6.7233485059387321e-01
   6.4872299148632839e-01
   6.2316212344778865e-01
   5.9613422707136343e-01
   5.6809584281899761e-01
   5.3946538617997575e-01
   5.1061482473482411e-01
   4.8186531531370491e-01
   4.5348615262986103e-01
   4.2569627652522918e-01
   3.9866759058564583e-01
   3.7252942266498584e-01
   3.4737357356086934e-01
   3.2325952720448697e-01
   3.0021951650749651e-01
   2.7826324346520021e-01
   2.5738213617985395e-01
   2.3755308901853039e-01
   2.1874167729759769e-01
   2.0090486785145531e-01
   1.8399326496241858e-01
   1.6795294050484533e-01
   1.5272690041177917e-01
   1.3825623878740509e-01
   1.2448102773346678e-01
   1.1134098636465846e-01
   9.8775967337481174e-02
   8.6726294021149300e-02
   7.8084207055083926e-02
   7.2791513276374342e-02
   6.7871114419876685e-02
   6.3298750432412218e-02
   5.9051706596698526e-02
   5.5108746984066044e-02
   5.1450045670208305e-02
   4.8057117245934693e-02
   4.4912747796935222e-02
   4.2000927239563654e-02
   3.9306783670715877e-02
   3.6816520208294887e-02
   3.4517354655624187e-02
   3.2397462211175988e-02
   3.0445921358111066e-02
   2.8652663001471738e-02
   2.7008422870427946e-02
   2.5504697165498719e-02
   2.4133701403526168e-02
   2.2888332394240700e-02
   2.1762133269812644e-02
   2.0749261481461917e-02
   1.9844459673891580e-02
   1.9043029348144485e-02
   1.8340807225753868e-02
   1.7734144231214059e-02
   1.7219887015397999e-02
   1.6795361949249119e-02
   1.6458361524606998e-02
   1.6207133107178900e-02
   1.6040369995280315e-02
   1.5957204746910911e-02
   1.5957204746910911e-02
   1.6040369995280315e-02
   1.6207133107178900e-02
   1.6458361524606994e-02
   1.6795361949249115e-02
   1.7219887015397992e-02
   1.7734144231214052e-02
   1.8340807225753857e-02
   1.9043029348144478e-02
   1.9844459673891569e-02
   2.0749261481461907e-02
   2.1762133269812637e-02
   2.2888332394240690e-02
   2.4133701403526161e-02
   2.5504697165498708e-02
   2.7008422870427935e-02
   2.8652663001471731e-02
   3.0445921358111055e-02
   3.2397462211175981e-02
   3.4517354655624180e-02
   3.6816520208294880e-02
   3.9306783670715863e-02
   4.2000927239563640e-02
   4.4912747796935208e-02
   4.8057117245934679e-02
   5.1450045670208291e-02
   5.5108746984066030e-02
   5.9051706596698512e-02
   6.3298750432412204e-02
   6.7871114419876657e-02
   7.2791513276374328e-02
   7.8084207055083912e-02
