   1.4515915789937028e-01
   1.5259431309807223e-01
   1.6116823303564223e-01
   1.7093654449985987e-01
   1.8196094930845674e-01
   1.9430881191772861e-01
   2.0805253955021641e-01
   2.2326868558279078e-01
   2.4003669051771959e-01
   2.5843715615745111e-01
   2.7854952820081919e-01
   3.0044904166443986e-01
   3.2420276468256787e-01
   3.4986456330099391e-01
   3.7746880897052609e-01
   4.0702267046301299e-01
   4.3849688504325507e-01
   4.7181500538352417e-01
   5.0684128665713646e-01
   5.4336762978978159e-01
   5.8110034333717420e-01
   6.1964792429374282e-01
   6.5851155620452695e-01
   6.9708050840833846e-01
   7.3463496775391657e-01
   7.7035886771462103e-01
   8.0336479915852255e-01
   8.3273192774458415e-01
   8.5755596818927160e-01
   8.7700786331592273e-01
   8.9039534921728147e-01
   8.9721973954378842e-01
   8.9721973954378853e-01
   8.9039534921728181e-01
   8.7700786331592306e-01
   8.5755596818927216e-01
   8.3273192774458482e-01
   8.0336479915852321e-01
   7.7035886771462170e-01
   7.3463496775391723e-01
   6.9708050840833935e-01
   6.5851155620452773e-01
   6.1964792429374360e-01
   5.8110034333717497e-01
   5.4336762978978237e-01
   5.0684128665713735e-01
   4.7181500538352489e-01
   4.3849688504325579e-01
   4.0702267046301366e-01
   3.7746880897052676e-01
   3.4986456330099447e-01
   3.2420276468256842e-01
   3.0044904166444042e-01
   2.7854952820081963e-01
   2.5843715615745150e-01
   2.4003669051771992e-01
   2.2326868558279112e-01
   2.0805253955021669e-01
   1.9430881191772886e-01
   1.8196094930845697e-01
   1.7093654449986004e-01
   1.6116823303564237e-01
   1.5259431309807234e-01
   1.4515915789937034e-01
   1.3552265823022977e-01
   1.2365799225822638e-01
   1.1277055037025589e-01
   1.0278009873565425e-01
   9.3611598756888084e-02
   8.5195099399569665e-02
   7.7465553494874009e-02
   7.0362583350697977e-02
   6.3830214634392174e-02
   5.7816592535087488e-02
   5.2273690391425286e-02
   4.7157018042997295e-02
   4.2425334936949263e-02
   3.8040371338953709e-02
   3.3966559736032291e-02
   3.0170777579720198e-02
   2.6622101825307394e-02
   2.3291575216860663e-02
   2.0151983902389682e-02
   1.7177645703404954e-02
   1.5065496746531955e-02
   1.3793761870274675e-02
   1.2631106438003274e-02
   1.1568343788094336e-02
   1.0597074824422823e-02
   9.7096222074597865e-03
   8.8989701056187316e-03
   8.1587090652796949e-03
   7.4829855902079027e-03
   6.8664560520532211e-03
   6.3042445830639917e-03
   5.7919046299632739e-03
   5.3253838740735119e-03
   4.9009922472420392e-03
   4.5153727959533346e-03
   4.1654751672767516e-03
   3.8485315100678487e-03
   3.5620346032042300e-03
   3.3037180396850566e-03
   3.0715383112509542e-03
   2.8636586528820555e-03
   2.6784345201985508e-03
   2.5144005855102067e-03
   2.3702591501254958e-03
   2.2448698816201827e-03
   2.1372407951590791e-03
   2.0465204077389715e-03
   1.9719910034479765e-03
   1.9130629565860060e-03
   1.8692700678289895e-03
   1.8402658766096926e-03
   1.8258209205918997e-03
   1.8258209205918997e-03
   1.8402658766096926e-03
   1.8692700678289895e-03
   1.9130629565860060e-03
   1.9719910034479765e-03
   2.0465204077389715e-03
   2.1372407951590791e-03
   2.2448698816201831e-03
   2.3702591501254958e-03
   2.5144005855102071e-03
   2.6784345201985508e-03
   2.8636586528820555e-03
   3.0715383112509529e-03
   3.3037180396850562e-03
   3.5620346032042291e-03
   3.8485315100678470e-03
   4.1654751672767498e-03
   4.5153727959533329e-03
   4.9009922472420383e-03
   5.3253838740735101e-03
   5.7919046299632713e-03
   6.3042445830639908e-03
   6.8664560520532202e-03
   7.4829855902079018e-03
   8.1587090652796949e-03
   8.8989701056187316e-03
   9.7096222074597865e-03
   1.0597074824422823e-02
   1.1568343788094336e-02
   1.2631106438003274e-02
   1.3793761870274675e-02
   1.5065496746531955e-02
