   1.1839957326051401e-02
   1.3354004580985545e-02
   1.5359084238538679e-02
   1.7928906881304756e-02
   2.1157933559213315e-02
   2.5164836566141480e-02
   3.0096840581136281e-02
   3.6135096103862278e-02
   4.3501269096625210e-02
   5.2465564863034136e-02
   6.3356438123363099e-02
   7.6572269907484003e-02
   9.2595305153470128e-02
   1.1200812357065758e-01
   1.3551282506556200e-01
   1.6395288621179882e-01
   1.9833717338753942e-01
   2.3986468617753171e-01
   2.8994692074896206e-01
   3.5022174488770080e-01
   4.2254751993453771e-01
   5.0895769053088380e-01
   6.1154278994143785e-01
   7.3220798105076368e-01
   8.7223212243919390e-01
   1.0315399729402643e+00
   1.2076228802601143e+00
   1.3941659939160940e+00
   1.5797415738290874e+00
   1.7474148419566127e+00
   1.8764940918771462e+00
   1.9472080312367648e+00
   1.9472080312370150e+00
   1.8764940918778508e+00
   1.7474148419576545e+00
   1.5797415738303207e+00
   1.3941659939173858e+00
   1.2076228802613673e+00
   1.0315399729414187e+00
   8.7223212244022130e-01
   7.3220798105165641e-01
   6.1154278994220113e-01
   5.0895769053152906e-01
   4.2254751993507922e-01
   3.5022174488815278e-01
   2.8994692074933798e-01
   2.3986468617784365e-01
   1.9833717338779777e-01
   1.6395288621201251e-01
   1.3551282506573850e-01
   1.1200812357080323e-01
   9.2595305153590157e-02
   7.6572269907582785e-02
   6.3356438123444228e-02
   5.2465564863100576e-02
   4.3501269096679389e-02
   3.6135096103906188e-02
   3.0096840581171527e-02
   2.5164836566169354e-02
   2.1157933559234843e-02
   1.7928906881320730e-02
   1.5359084238549689e-02
   1.3354004580991995e-02
   1.1839957326053524e-02
   1.0201885474379314e-02
   8.3936410101623816e-03
   6.9056352302773547e-03
   5.6811000859801654e-03
   4.6733176507436167e-03
   3.8438386755179216e-03
   3.1610161711246431e-03
   2.5987982699324170e-03
   2.1357344221251883e-03
   1.7541570716456329e-03
   1.4395076244043290e-03
   1.1797810112143807e-03
   9.6506766416101764e-04
   7.8717543702788782e-04
   6.3931704791196338e-04
   5.1585112060104879e-04
   4.1206694546326150e-04
   3.2400474820798843e-04
   2.4830460938599650e-04
   1.8207827049184440e-04
   1.3788926536039100e-04
   1.1386131054859629e-04
   9.4020475714247126e-05
   7.7637136767714953e-05
   6.4108815087079391e-05
   5.2938022055412334e-05
   4.3713964484873104e-05
   3.6097438165877066e-05
   2.9808354019069939e-05
   2.4615438138698239e-05
   2.0327726958283532e-05
   1.6787544783050835e-05
   1.3864705445890534e-05
   1.1451724859370648e-05
   9.4598684108608051e-06
   7.8158878482302523e-06
   6.4593276588107370e-06
   5.3403018867801713e-06
   4.4176596339593805e-06
   3.6574717824037493e-06
   3.0317832897369426e-06
   2.5175851743089189e-06
   2.0959683861034179e-06
   1.7514284479613450e-06
   1.4712952960930920e-06
   1.2452673529140668e-06
   1.0650326982626660e-06
   9.2396340800372355e-07
   8.1687181966773980e-07
   7.3981976207238151e-07
   6.8997373356288195e-07
   6.6550070321608290e-07
   6.6550070321608301e-07
   6.8997373356288205e-07
   7.3981976207238182e-07
   8.1687181966774023e-07
   9.2396340800372408e-07
   1.0650326982626666e-06
   1.2452673529140677e-06
   1.4712952960930928e-06
   1.7514284479613456e-06
   2.0959683861034187e-06
   2.5175851743089202e-06
   3.0317832897369443e-06
   3.6574717824037506e-06
   4.4176596339593822e-06
   5.3403018867801722e-06
   6.4593276588107396e-06
   7.8158878482302557e-06
   9.4598684108608085e-06
   1.1451724859370653e-05
   1.3864705445890541e-05
   1.6787544783050845e-05
   2.0327726958283545e-05
   2.4615438138698252e-05
   2.9808354019069952e-05
   3.6097438165877079e-05
   4.3713964484873118e-05
   5.2938022055412347e-05
   6.4108815087079405e-05
   7.7637136767714967e-05
   9.4020475714247140e-05
   1.1386131054859629e-04
   1.3788926536039100e-04
