   2.5081953204710777e-01
   2.5566786449608558e-01
   2.6061757033050081e-01
   2.6565777397091705e-01
   2.7077664204198526e-01
   2.7596135748462236e-01
   2.8119810177934063e-01
   2.8647204674045307e-01
   2.9176735738011322e-01
   2.9706720734626202e-01
   3.0235380840220016e-01
   3.0760845533047643e-01
   3.1281158750343940e-01
   3.1794286816157907e-01
   3.2298128217473560e-01
   3.2790525272867627e-01
   3.3269277698153982e-01
   3.3732158027570325e-01
   3.4176928797902861e-01
   3.4601361347755016e-01
   3.5003256026594126e-01
   3.5380463550288943e-01
   3.5730907183942934e-01
   3.6052605381532266e-01
   3.6343694467884119e-01
   3.6602450914548496e-01
   3.6827312739579071e-01
   3.7016899554203431e-01
   3.7170030788318292e-01
   3.7285741652459070e-01
   3.7363296436300891e-01
   3.7402198801895659e-01
   3.7402198801895664e-01
   3.7363296436300891e-01
   3.7285741652459070e-01
   3.7170030788318287e-01
   3.7016899554203431e-01
   3.6827312739579077e-01
   3.6602450914548507e-01
   3.6343694467884124e-01
   3.6052605381532266e-01
   3.5730907183942939e-01
   3.5380463550288943e-01
   3.5003256026594132e-01
   3.4601361347755022e-01
   3.4176928797902867e-01
   3.3732158027570330e-01
   3.3269277698153987e-01
   3.2790525272867638e-01
   3.2298128217473565e-01
   3.1794286816157913e-01
   3.1281158750343946e-01
   3.0760845533047648e-01
   3.0235380840220027e-01
   2.9706720734626207e-01
   2.9176735738011333e-01
   2.8647204674045318e-01
   2.8119810177934074e-01
   2.7596135748462247e-01
   2.7077664204198532e-01
   2.6565777397091711e-01
   2.6061757033050087e-01
   2.5566786449608569e-01
   2.5081953204710783e-01
   2.4362595029524564e-01
   2.3410531522021180e-01
   2.2473043405699991e-01
   2.1551480370377762e-01
   2.0646938114832808e-01
   1.9760278453598690e-01
   1.8892149359401811e-01
   1.8043004591479175e-01
   1.7213122638059794e-01
   1.6402624770113783e-01
   1.5611492062870241e-01
   1.4839581291826351e-01
   1.4086639651572239e-01
   1.3352318279489783e-01
   1.2636184593104466e-01
   1.1937733470470424e-01
   1.1256397318330563e-01
   1.0591555083749953e-01
   9.9425402722393225e-02
   9.3086480397539015e-02
   8.8468449353955370e-02
   8.5560657352951000e-02
   8.2782525776376653e-02
   8.0130590890833020e-02
   7.7601477330213303e-02
   7.5191905303096176e-02
   7.2898696610026126e-02
   7.0718779614995800e-02
   6.8649193301575040e-02
   6.6687090531301202e-02
   6.4829740610132802e-02
   6.3074531257935232e-02
   6.1418970066069091e-02
   5.9860685519135780e-02
   5.8397427648745621e-02
   5.7027068379754721e-02
   5.5747601622708635e-02
   5.4557143160178498e-02
   5.3453930369221983e-02
   5.2436321817295420e-02
   5.1502796764532933e-02
   5.0651954601346999e-02
   4.9882514246746175e-02
   4.9193313529569106e-02
   4.8583308571958826e-02
   4.8051573191812282e-02
   4.7597298338601497e-02
   4.7219791574845002e-02
   4.6918476613578293e-02
   4.6692892920406286e-02
   4.6542695387088766e-02
   4.6467654082089895e-02
   4.6467654082089895e-02
   4.6542695387088773e-02
   4.6692892920406286e-02
   4.6918476613578293e-02
   4.7219791574845002e-02
   4.7597298338601504e-02
   4.8051573191812288e-02
   4.8583308571958833e-02
   4.9193313529569113e-02
   4.9882514246746182e-02
   5.0651954601347006e-02
   5.1502796764532947e-02
   5.2436321817295434e-02
   5.3453930369221997e-02
   5.4557143160178512e-02
   5.5747601622708649e-02
   5.7027068379754742e-02
   5.8397427648745642e-02
   5.9860685519135808e-02
   6.1418970066069112e-02
   6.3074531257935246e-02
   6.4829740610132844e-02
   6.6687090531301230e-02
   6.8649193301575068e-02
   7.0718779614995828e-02
   7.2898696610026154e-02
   7.5191905303096218e-02
   7.7601477330213331e-02
   8.0130590890833034e-02
   8.2782525776376681e-02
   8.5560657352951028e-02
   8.8468449353955383e-02
