   6.9413012348698941e-02
   7.4541798822313515e-02
   8.0767659348916929e-02
   8.8180718015287290e-02
   9.6887809950863352e-02
   1.0701370030543857e-01
   1.1870241068109917e-01
   1.3211860516148008e-01
   1.4744896039769231e-01
   1.6490340386720961e-01
   1.8471604653897417e-01
   2.0714555437336848e-01
   2.3247458933075035e-01
   2.6100779535170526e-01
   2.9306759800497933e-01
   3.2898681976959743e-01
   3.6909678438264126e-01
   4.1370920728622218e-01
   4.6308979065309530e-01
   5.1742116346421529e-01
   5.7675282466706479e-01
   6.4093638810586673e-01
   7.0954617736024539e-01
   7.8178868523075529e-01
   8.5641014698303197e-01
   9.3161953633889605e-01
   1.0050534957143527e+00
   1.0738167575853648e+00
   1.1346307722666045e+00
   1.1841078647246084e+00
   1.2191350259368341e+00
   1.2373065478910863e+00
   1.2373065478910867e+00
   1.2191350259368359e+00
   1.1841078647246110e+00
   1.1346307722666082e+00
   1.0738167575853690e+00
   1.0050534957143571e+00
   9.3161953633890082e-01
   8.5641014698303686e-01
   7.8178868523075995e-01
   7.0954617736024983e-01
   6.4093638810587106e-01
   5.7675282466706868e-01
   5.1742116346421885e-01
   4.6308979065309858e-01
   4.1370920728622507e-01
   3.6909678438264382e-01
   3.2898681976959976e-01
   2.9306759800498144e-01
   2.6100779535170715e-01
   2.3247458933075202e-01
   2.0714555437336993e-01
   1.8471604653897541e-01
   1.6490340386721072e-01
   1.4744896039769328e-01
   1.3211860516148088e-01
   1.1870241068109984e-01
   1.0701370030543912e-01
   9.6887809950863796e-02
   8.8180718015287637e-02
   8.0767659348917178e-02
   7.4541798822313668e-02
   6.9413012348698983e-02
   6.3177359541169598e-02
   5.5778951466275609e-02
   4.9235010385849667e-02
   4.3445967620274757e-02
   3.8323528580170844e-02
   3.3789419282997016e-02
   2.9774254590064636e-02
   2.6216520784404014e-02
   2.3061663771235578e-02
   2.0261273664101371e-02
   1.7772356520334459e-02
   1.5556684306035981e-02
   1.3580214666795419e-02
   1.1812572665852278e-02
   1.0226587267568789e-02
   8.7978759536308498e-03
   7.5044714393456636e-03
   6.3264849943383515e-03
   5.2458013587014657e-03
   4.2458006790659147e-03
   3.5490427145113091e-03
   3.1428367521575996e-03
   2.7832217363995505e-03
   2.4648666729866139e-03
   2.1830521773190700e-03
   1.9336005281765682e-03
   1.7128137462062241e-03
   1.5174187808019901e-03
   1.3445189938978523e-03
   1.1915512222078299e-03
   1.0562477819088965e-03
   9.3660285286958174e-04
   8.3084274433885405e-04
   7.3739960147252090e-04
   6.5488816302898361e-04
   5.8208522576083535e-04
   5.1791151112832968e-04
   4.6141566555609820e-04
   4.1176015707089698e-04
   3.6820885926257756e-04
   3.3011613851838804e-04
   2.9691728276200311e-04
   2.6812012981311100e-04
   2.4329777126532443e-04
   2.2208222372297799e-04
   2.0415897357716910e-04
   1.8926231445065488e-04
   1.7717140819180002e-04
   1.6770701102382276e-04
   1.6072881631606800e-04
   1.5613337458509702e-04
   1.5385255989051742e-04
   1.5385255989051742e-04
   1.5613337458509705e-04
   1.6072881631606800e-04
   1.6770701102382279e-04
   1.7717140819180005e-04
   1.8926231445065490e-04
   2.0415897357716918e-04
   2.2208222372297807e-04
   2.4329777126532451e-04
   2.6812012981311111e-04
   2.9691728276200321e-04
   3.3011613851838815e-04
   3.6820885926257767e-04
   4.1176015707089709e-04
   4.6141566555609826e-04
   5.1791151112832968e-04
   5.8208522576083546e-04
   6.5488816302898361e-04
   7.3739960147252111e-04
   8.3084274433885426e-04
   9.3660285286958206e-04
   1.0562477819088970e-03
   1.1915512222078302e-03
   1.3445189938978530e-03
   1.5174187808019905e-03
   1.7128137462062245e-03
   1.9336005281765684e-03
   2.1830521773190704e-03
   2.4648666729866144e-03
   2.7832217363995509e-03
   3.1428367521576001e-03
   3.5490427145113096e-03
