   3.0311496043315993e-02
   3.3308090696438100e-02
   3.7109481278654599e-02
   4.1807326169392839e-02
   4.7514812500546268e-02
   5.4369308376143989e-02
   6.2535549687542893e-02
   7.2209409073267061e-02
   8.3622291231745305e-02
   9.7046186331960452e-02
   1.1279938548608751e-01
   1.3125280927130611e-01
   1.5283680656196211e-01
   1.7804812230505201e-01
   2.0745647246286483e-01
   2.4170974711227916e-01
   2.8153620912416177e-01
   3.2774105681442051e-01
   3.8119323721718684e-01
   4.4279628807546617e-01
   5.1343416855279689e-01
   5.9387965563776934e-01
   6.8464965074395834e-01
   7.8579055599741399e-01
   8.9658169121545273e-01
   1.0151622577201560e+00
   1.1381263009707756e+00
   1.2601957906748968e+00
   1.3741629340128869e+00
   1.4713421403786853e+00
   1.5427032955298068e+00
   1.5805979785091746e+00
   1.5805979785091877e+00
   1.5427032955298443e+00
   1.4713421403787437e+00
   1.3741629340129595e+00
   1.2601957906749777e+00
   1.1381263009708593e+00
   1.0151622577202382e+00
   8.9658169121553066e-01
   7.8579055599748593e-01
   6.8464965074402329e-01
   5.9387965563782741e-01
   5.1343416855284807e-01
   4.4279628807551091e-01
   3.8119323721722576e-01
   3.2774105681445426e-01
   2.8153620912419086e-01
   2.4170974711230414e-01
   2.0745647246288629e-01
   1.7804812230507039e-01
   1.5283680656197779e-01
   1.3125280927131946e-01
   1.1279938548609883e-01
   9.7046186331970014e-02
   8.3622291231753340e-02
   7.2209409073273750e-02
   6.2535549687548389e-02
   5.4369308376148430e-02
   4.7514812500549751e-02
   4.1807326169395469e-02
   3.7109481278656431e-02
   3.3308090696439183e-02
   3.0311496043316354e-02
   2.6873265511708336e-02
   2.2934788866276149e-02
   1.9571531042187652e-02
   1.6699195392578341e-02
   1.4245768528804536e-02
   1.2149726477871577e-02
   1.0358499097605296e-02
   8.8271560841123343e-03
   7.5172827618581036e-03
   6.3960181703162479e-03
   5.4352317606623547e-03
   4.6108183242063771e-03
   3.9020936352716579e-03
   3.2912757526001885e-03
   2.7630390317813268e-03
   2.3041297001901652e-03
   1.9030333747866368e-03
   1.5496861965986393e-03
   1.2352223439888001e-03
   9.5175159578655369e-04
   7.5824345359604085e-04
   6.4915441670155422e-04
   5.5576424020787837e-04
   4.7581441901471189e-04
   4.0737148294730645e-04
   3.4878023883440736e-04
   2.9862374221364669e-04
   2.5568903067549689e-04
   2.1893779017973875e-04
   1.8748124496640239e-04
   1.6055866381914577e-04
   1.3751896289183519e-04
   1.1780496019283503e-04
   1.0093990094667019e-04
   8.6515927969765761e-05
   7.4184218233797834e-05
   6.3646547084199903e-05
   5.4648076106943240e-05
   4.6971190228749699e-05
   4.0430235010012438e-05
   3.4867026859513505e-05
   3.0147027591995791e-05
   2.6156090815802403e-05
   2.2797701466671223e-05
   1.9990641729794379e-05
   1.7667026903834150e-05
   1.5770663707097595e-05
   1.4255691323869947e-05
   1.3085472326569420e-05
   1.2231706652272732e-05
   1.1673747206409031e-05
   1.1398100542482675e-05
   1.1398100542482676e-05
   1.1673747206409031e-05
   1.2231706652272735e-05
   1.3085472326569421e-05
   1.4255691323869951e-05
   1.5770663707097602e-05
   1.7667026903834153e-05
   1.9990641729794389e-05
   2.2797701466671233e-05
   2.6156090815802413e-05
   3.0147027591995804e-05
   3.4867026859513518e-05
   4.0430235010012452e-05
   4.6971190228749719e-05
   5.4648076106943267e-05
   6.3646547084199930e-05
   7.4184218233797861e-05
   8.6515927969765789e-05
   1.0093990094667022e-04
   1.1780496019283507e-04
   1.3751896289183522e-04
   1.6055866381914580e-04
   1.8748124496640239e-04
   2.1893779017973869e-04
   2.5568903067549689e-04
   2.9862374221364664e-04
   3.4878023883440725e-04
   4.0737148294730640e-04
   4.7581441901471184e-04
   5.5576424020787826e-04
   6.4915441670155411e-04
   7.5824345359604085e-04
