   4.0517288475159570e-02
   4.4167019516363225e-02
   4.8730114969342625e-02
   5.4300540472375813e-02
   6.0992844959431407e-02
   6.8944387945966343e-02
   7.8317961273553144e-02
   8.9304818054405252e-02
   1.0212810782342298e-01
   1.1704669150366966e-01
   1.3435926620891100e-01
   1.5440865833946676e-01
   1.7758602932053283e-01
   2.0433456046877638e-01
   2.3515191169094912e-01
   2.7059034168369800e-01
   3.1125278156439590e-01
   3.5778230703032504e-01
   4.1084129815665293e-01
   4.7107509171078432e-01
   5.3905321353338687e-01
   6.1517968124247968e-01
   6.9956324137368886e-01
   7.9184042856239001e-01
   8.9095180030633592e-01
   9.9488833459818582e-01
   1.1004538821581968e+00
   1.2031290695450176e+00
   1.2971587800159778e+00
   1.3759886765647116e+00
   1.4331057341372426e+00
   1.4631762438617817e+00
   1.4631762438619076e+00
   1.4331057341376068e+00
   1.3759886765652791e+00
   1.2971587800166982e+00
   1.2031290695458350e+00
   1.1004538821590597e+00
   9.9488833459905168e-01
   8.9095180030717336e-01
   7.9184042856317793e-01
   6.9956324137441483e-01
   6.1517968124313827e-01
   5.3905321353397728e-01
   4.7107509171130890e-01
   4.1084129815711584e-01
   3.5778230703073133e-01
   3.1125278156475095e-01
   2.7059034168400714e-01
   2.3515191169121749e-01
   2.0433456046900869e-01
   1.7758602932073331e-01
   1.5440865833963915e-01
   1.3435926620905875e-01
   1.1704669150379558e-01
   1.0212810782352963e-01
   8.9304818054494764e-02
   7.8317961273627335e-02
   6.8944387946026725e-02
   6.0992844959479202e-02
   5.4300540472412007e-02
   4.8730114969367966e-02
   4.4167019516378220e-02
   4.0517288475164538e-02
   3.6247614895788594e-02
   3.1298054539573912e-02
   2.7020629195161378e-02
   2.3323614691543107e-02
   2.0127684921547921e-02
   1.7364234404742444e-02
   1.4973921453138044e-02
   1.2905404120622421e-02
   1.1114244019171807e-02
   9.5619558923515958e-03
   8.2151834532839911e-03
   7.0449843754066144e-03
   6.0262094559855907e-03
   5.1369628582666350e-03
   4.3581319917810057e-03
   3.6729770297381299e-03
   3.0667713073075091e-03
   2.5264849144157582e-03
   2.0405047097760060e-03
   1.5983847558373042e-03
   1.2944232077738214e-03
   1.1210800703954861e-03
   9.7096275557215521e-04
   8.4096123430695371e-04
   7.2838222094976485e-04
   6.3089337652424775e-04
   5.4647498951742798e-04
   4.7337813322752774e-04
   4.1008843289279889e-04
   3.5529469201147300e-04
   3.0786172791147414e-04
   2.6680685381941948e-04
   2.3127952021541920e-04
   2.0054369370652071e-04
   1.7396260836209857e-04
   1.5098557360325129e-04
   1.3113656534309749e-04
   1.1400436401812852e-04
   9.9234035197641926e-05
   8.6519576272554608e-05
   7.5597576882727163e-05
   6.6241761743760617e-05
   5.8258302815118131e-05
   5.1481803690088341e-05
   4.5771873014736897e-05
   4.1010215946101118e-05
   3.7098183392281012e-05
   3.3954728261110854e-05
   3.1514726376240559e-05
   2.9727627274406366e-05
   2.8556406931942575e-05
   2.7976800723768609e-05
   2.7976800723768609e-05
   2.8556406931942575e-05
   2.9727627274406366e-05
   3.1514726376240559e-05
   3.3954728261110854e-05
   3.7098183392281019e-05
   4.1010215946101118e-05
   4.5771873014736890e-05
   5.1481803690088334e-05
   5.8258302815118118e-05
   6.6241761743760603e-05
   7.5597576882727136e-05
   8.6519576272554581e-05
   9.9234035197641885e-05
   1.1400436401812847e-04
   1.3113656534309744e-04
   1.5098557360325118e-04
   1.7396260836209846e-04
   2.0054369370652061e-04
   2.3127952021541906e-04
   2.6680685381941932e-04
   3.0786172791147392e-04
   3.5529469201147273e-04
   4.1008843289279861e-04
   4.7337813322752747e-04
   5.4647498951742777e-04
   6.3089337652424743e-04
   7.2838222094976453e-04
   8.4096123430695349e-04
   9.7096275557215499e-04
   1.1210800703954859e-03
   1.2944232077738214e-03
