   2.2060094315893908e-01
   2.2350357659465786e-01
   2.2640447121683308e-01
   2.2929790845028736e-01
   2.3217796491353573e-01
   2.3503852413122114e-01
   2.3787329055491049e-01
   2.4067580596412474e-01
   2.4343946829570445e-01
   2.4615755292230290e-01
   2.4882323637008907e-01
   2.5142962243188394e-01
   2.5396977059530446e-01
   2.5643672666654238e-01
   2.5882355542976865e-01
   2.6112337514056316e-01
   2.6332939361006413e-01
   2.6543494559565656e-01
   2.6743353117499391e-01
   2.6931885474403733e-01
   2.7108486424770178e-01
   2.7272579022468757e-01
   2.7423618422717810e-01
   2.7561095616222320e-01
   2.7684541009560731e-01
   2.7793527806143203e-01
   2.7887675143195001e-01
   2.7966650942254262e-01
   2.8030174433606220e-01
   2.8078018318871267e-01
   2.8110010540560709e-01
   2.8126035632723989e-01
   2.8126035632723989e-01
   2.8110010540560709e-01
   2.8078018318871267e-01
   2.8030174433606220e-01
   2.7966650942254262e-01
   2.7887675143195001e-01
   2.7793527806143203e-01
   2.7684541009560731e-01
   2.7561095616222320e-01
   2.7423618422717810e-01
   2.7272579022468763e-01
   2.7108486424770178e-01
   2.6931885474403733e-01
   2.6743353117499391e-01
   2.6543494559565656e-01
   2.6332939361006413e-01
   2.6112337514056322e-01
   2.5882355542976870e-01
   2.5643672666654238e-01
   2.5396977059530446e-01
   2.5142962243188394e-01
   2.4882323637008907e-01
   2.4615755292230293e-01
   2.4343946829570448e-01
   2.4067580596412474e-01
   2.3787329055491055e-01
   2.3503852413122117e-01
   2.3217796491353573e-01
   2.2929790845028739e-01
   2.2640447121683308e-01
   2.2350357659465786e-01
   2.2060094315893908e-01
   2.1619874649651546e-01
   2.1030536443635053e-01
   2.0443436691731640e-01
   1.9859508473226128e-01
   1.9279595947663702e-01
   1.8704457041686018e-01
   1.8134766590277585e-01
   1.7571119834315560e-01
   1.7014036185068865e-01
   1.6463963175403482e-01
   1.5921280526629258e-01
   1.5386304268934517e-01
   1.4859290862015698e-01
   1.4340441270684839e-01
   1.3829904957832931e-01
   1.3327783764083748e-01
   1.2834135649759854e-01
   1.2348978280394590e-01
   1.1872292441972743e-01
   1.1404025276394876e-01
   1.1061175021099807e-01
   1.0843362880979193e-01
   1.0633450217982893e-01
   1.0431376517661865e-01
   1.0237078404770092e-01
   1.0050490295683862e-01
   9.8715450008401068e-02
   9.7001742800878393e-02
   9.5363093537889562e-02
   9.3798813724284461e-02
   9.2308218474031506e-02
   9.0890630455558466e-02
   8.9545383499106665e-02
   8.8271825889487107e-02
   8.7069323366416956e-02
   8.5937261853377328e-02
   8.4875049934688737e-02
   8.3882121099253998e-02
   8.2957935768184374e-02
   8.2101983122306266e-02
   8.1313782744351096e-02
   8.0592886089461621e-02
   7.9938877796508406e-02
   7.9351376851600292e-02
   7.8830037614093629e-02
   7.8374550714357213e-02
   7.7984643831529823e-02
   7.7660082358516735e-02
   7.7400669960505417e-02
   7.7206249032338650e-02
   7.7076701059160688e-02
   7.7011946883848478e-02
   7.7011946883848478e-02
   7.7076701059160702e-02
   7.7206249032338664e-02
   7.7400669960505444e-02
   7.7660082358516749e-02
   7.7984643831529837e-02
   7.8374550714357227e-02
   7.8830037614093657e-02
   7.9351376851600305e-02
   7.9938877796508434e-02
   8.0592886089461635e-02
   8.1313782744351110e-02
   8.2101983122306293e-02
   8.2957935768184388e-02
   8.3882121099254026e-02
   8.4875049934688765e-02
   8.5937261853377356e-02
   8.7069323366416984e-02
   8.8271825889487135e-02
   8.9545383499106679e-02
   9.0890630455558494e-02
   9.2308218474031520e-02
   9.3798813724284488e-02
   9.5363093537889576e-02
   9.7001742800878421e-02
   9.8715450008401082e-02
   1.0050490295683863e-01
   1.0237078404770095e-01
   1.0431376517661869e-01
   1.0633450217982897e-01
   1.0843362880979196e-01
   1.1061175021099810e-01
