   1.9830493432802184e-02
   2.2048211328504201e-02
   2.4918577669468277e-02
   2.8526493327873836e-02
   3.2978640698194187e-02
   3.8406605465471803e-02
   4.4970710852292227e-02
   5.2864661169923360e-02
   6.2321104219268418e-02
   7.3618230514733971e-02
   8.7087526660337006e-02
   1.0312278213199914e-01
   1.2219039889305472e-01
   1.4484094756256291e-01
   1.7172171220997845e-01
   2.0358960280755914e-01
   2.4132318503775804e-01
   2.8593151787235022e-01
   3.3855575482298822e-01
   4.0045671074182915e-01
   4.7297739518851684e-01
   5.5746347368308113e-01
   6.5511675425315086e-01
   7.6674843228830536e-01
   8.9239441913231221e-01
   1.0307651476298021e+00
   1.1785461760059470e+00
   1.3296692560863539e+00
   1.4748473468132752e+00
   1.6018559542691679e+00
   1.6970641456030016e+00
   1.7483070073138964e+00
   1.7483070073139853e+00
   1.6970641456032549e+00
   1.6018559542695510e+00
   1.4748473468137431e+00
   1.3296692560868610e+00
   1.1785461760064571e+00
   1.0307651476302886e+00
   8.9239441913275996e-01
   7.6674843228870682e-01
   6.5511675425350457e-01
   5.5746347368338856e-01
   4.7297739518878157e-01
   4.0045671074205563e-01
   3.3855575482318101e-01
   2.8593151787251375e-01
   2.4132318503789643e-01
   2.0358960280767596e-01
   1.7172171221007690e-01
   1.4484094756264576e-01
   1.2219039889312430e-01
   1.0312278213205746e-01
   8.7087526660385758e-02
   7.3618230514774577e-02
   6.2321104219302065e-02
   5.2864661169951033e-02
   4.4970710852314758e-02
   3.8406605465489851e-02
   3.2978640698208279e-02
   2.8526493327884386e-02
   2.4918577669475597e-02
   2.2048211328508510e-02
   1.9830493432803610e-02
   1.7354155590692127e-02
   1.4565203092754130e-02
   1.2223654921973491e-02
   1.0257600277145947e-02
   8.6066537861045778e-03
   7.2201045908648464e-03
   6.0553609253708816e-03
   5.0766431049984080e-03
   4.2538851909182150e-03
   3.5618118330885697e-03
   2.9791620767593038e-03
   2.4880363727876878e-03
   2.0733467818687505e-03
   1.7223535122351677e-03
   1.4242735703637436e-03
   1.1699495123650861e-03
   9.5156812581188117e-04
   7.6242040315464648e-04
   5.9669543490955971e-04
   4.4930189198085153e-04
   3.4971876546476243e-04
   2.9449808193222958e-04
   2.4799758651968326e-04
   2.0884038390239236e-04
   1.7586701607901975e-04
   1.4810113045708430e-04
   1.2472056973904003e-04
   1.0503302757586644e-04
   8.8455549146892841e-05
   7.4497269672897919e-05
   6.2744879745085368e-05
   5.2850387094034924e-05
   4.4520812420831706e-05
   3.7509514180657236e-05
   3.1608885442868053e-05
   2.6644206579183350e-05
   2.2468471756033397e-05
   1.8958036041773492e-05
   1.6008954238141947e-05
   1.3533903027523996e-05
   1.1459595299759299e-05
   9.7246100958319599e-06
   8.2775739123382113e-06
   7.0756395145383255e-06
   6.0832172151294088e-06
   5.2709210514714755e-06
   4.6146986572154468e-06
   4.0951190635355241e-06
   3.6967973415176751e-06
   3.4079390491692826e-06
   3.2199909939706239e-06
   3.1273879699282763e-06
   3.1273879699282767e-06
   3.2199909939706247e-06
   3.4079390491692839e-06
   3.6967973415176768e-06
   4.0951190635355266e-06
   4.6146986572154502e-06
   5.2709210514714789e-06
   6.0832172151294130e-06
   7.0756395145383297e-06
   8.2775739123382164e-06
   9.7246100958319667e-06
   1.1459595299759304e-05
   1.3533903027524001e-05
   1.6008954238141954e-05
   1.8958036041773502e-05
   2.2468471756033400e-05
   2.6644206579183356e-05
   3.1608885442868060e-05
   3.7509514180657249e-05
   4.4520812420831727e-05
   5.2850387094034951e-05
   6.2744879745085395e-05
   7.4497269672897960e-05
   8.8455549146892895e-05
   1.0503302757586650e-04
   1.2472056973904008e-04
   1.4810113045708435e-04
   1.7586701607901978e-04
   2.0884038390239239e-04
   2.4799758651968332e-04
   2.9449808193222964e-04
   3.4971876546476249e-04
