   2.5257901077846778e-01
   2.5759732430237564e-01
   2.6273202259515216e-01
   2.6797189436765007e-01
   2.7330467262885333e-01
   2.7871699905383485e-01
   2.8419439680117353e-01
   2.8972125349904654e-01
   2.9528081619152297e-01
   3.0085520007150279e-01
   3.0642541281480229e-01
   3.1197139626150910e-01
   3.1747208705674113e-01
   3.2290549765519361e-01
   3.2824881880594803e-01
   3.3347854426208690e-01
   3.3857061800322591e-01
   3.4350060372181018e-01
   3.4824387571443505e-01
   3.5277582965136844e-01
   3.5707211099022357e-01
   3.6110885807803417e-01
   3.6486295627923437e-01
   3.6831229880828370e-01
   3.7143604937001262e-01
   3.7421490125337525e-01
   3.7663132721813208e-01
   3.7866981438728553e-01
   3.8031707843198870e-01
   3.8156225162198981e-01
   3.8239703981442663e-01
   3.8281584415605996e-01
   3.8281584415605996e-01
   3.8239703981442669e-01
   3.8156225162198987e-01
   3.8031707843198881e-01
   3.7866981438728570e-01
   3.7663132721813231e-01
   3.7421490125337553e-01
   3.7143604937001290e-01
   3.6831229880828403e-01
   3.6486295627923471e-01
   3.6110885807803450e-01
   3.5707211099022390e-01
   3.5277582965136878e-01
   3.4824387571443544e-01
   3.4350060372181057e-01
   3.3857061800322630e-01
   3.3347854426208734e-01
   3.2824881880594847e-01
   3.2290549765519405e-01
   3.1747208705674151e-01
   3.1197139626150955e-01
   3.0642541281480273e-01
   3.0085520007150324e-01
   2.9528081619152335e-01
   2.8972125349904687e-01
   2.8419439680117381e-01
   2.7871699905383507e-01
   2.7330467262885355e-01
   2.6797189436765023e-01
   2.6273202259515227e-01
   2.5759732430237570e-01
   2.5257901077846784e-01
   2.4515046944571897e-01
   2.3533071661372987e-01
   2.2567293756673992e-01
   2.1619058017729625e-01
   2.0689438992532774e-01
   1.9779263626498433e-01
   1.8889133632553012e-01
   1.8019447229162092e-01
   1.7170419968742864e-01
   1.6342104455413825e-01
   1.5534408816180850e-01
   1.4747113843968293e-01
   1.3979888775206753e-01
   1.3232305700000330e-01
   1.2503852630309933e-01
   1.1793945272208940e-01
   1.1101937563153189e-01
   1.0427131045342447e-01
   9.7687831525232957e-02
   9.1261144907773720e-02
   8.6581297132757543e-02
   8.3636949630025673e-02
   8.0826094236638252e-02
   7.8144964832249655e-02
   7.5589900247305733e-02
   7.3157350965148985e-02
   7.0843884603911778e-02
   6.8646190333534432e-02
   6.6561082367584193e-02
   6.4585502655168769e-02
   6.2716522885086431e-02
   6.0951345902371723e-02
   5.9287306626516177e-02
   5.7721872550792128e-02
   5.6252643893213890e-02
   5.4877353461657556e-02
   5.3593866288458421e-02
   5.2400179083342061e-02
   5.1294419547755050e-02
   5.0274845588481595e-02
   4.9339844463801887e-02
   4.8487931891313230e-02
   4.7717751142842102e-02
   4.7028072148578196e-02
   4.6417790629614118e-02
   4.5885927275436750e-02
   4.5431626980549859e-02
   4.5054158152277417e-02
   4.4752912099870402e-02
   4.4527402513286490e-02
   4.4377265038403516e-02
   4.4302256953937358e-02
   4.4302256953937358e-02
   4.4377265038403516e-02
   4.4527402513286490e-02
   4.4752912099870402e-02
   4.5054158152277417e-02
   4.5431626980549859e-02
   4.5885927275436750e-02
   4.6417790629614118e-02
   4.7028072148578189e-02
   4.7717751142842095e-02
   4.8487931891313230e-02
   4.9339844463801893e-02
   5.0274845588481588e-02
   5.1294419547755057e-02
   5.2400179083342067e-02
   5.3593866288458428e-02
   5.4877353461657549e-02
   5.6252643893213890e-02
   5.7721872550792135e-02
   5.9287306626516177e-02
   6.0951345902371730e-02
   6.2716522885086431e-02
   6.4585502655168783e-02
   6.6561082367584193e-02
   6.8646190333534446e-02
   7.0843884603911791e-02
   7.3157350965148985e-02
   7.5589900247305747e-02
   7.8144964832249655e-02
   8.0826094236638266e-02
   8.3636949630025686e-02
   8.6581297132757556e-02
