   1.4742607565084482e-02
   1.6526695324625126e-02
   1.8866864150007014e-02
   2.1841824619017111e-02
   2.5551620809198386e-02
   3.0120976698976024e-02
   3.5703458283328757e-02
   4.2486580658278719e-02
   5.0698013220288003e-02
   6.0613059400604102e-02
   7.2563606592344343e-02
   8.6948750538559744e-02
   1.0424728428237233e-01
   1.2503218305631453e-01
   1.4998707494552904e-01
   1.7992439671108942e-01
   2.1580438259638174e-01
   2.5875303460960541e-01
   3.1007547376509126e-01
   3.7125810494312111e-01
   4.4394816700238898e-01
   5.2989163156144392e-01
   6.3079930729628653e-01
   7.4809667072990638e-01
   8.8249896761287805e-01
   1.0333510723873776e+00
   1.1977079480071191e+00
   1.3692515324219958e+00
   1.5373884669438223e+00
   1.6872171245100787e+00
   1.8012397672354110e+00
   1.8632255931903212e+00
   1.8632255931917030e+00
   1.8012397672393257e+00
   1.6872171245159233e+00
   1.5373884669508313e+00
   1.3692515324294472e+00
   1.1977079480144555e+00
   1.0333510723942372e+00
   8.8249896761906810e-01
   7.4809667073535635e-01
   6.3079930730100353e-01
   5.2989163156547836e-01
   4.4394816700581091e-01
   3.7125810494600675e-01
   3.1007547376751482e-01
   2.5875303461163485e-01
   2.1580438259807758e-01
   1.7992439671250415e-01
   1.4998707494670763e-01
   1.2503218305729505e-01
   1.0424728428318697e-01
   8.6948750539235398e-02
   7.2563606592903424e-02
   6.0613059401065254e-02
   5.0698013220666652e-02
   4.2486580658587549e-02
   3.5703458283578127e-02
   3.0120976699174316e-02
   2.5551620809352256e-02
   2.1841824619131735e-02
   1.8866864150086243e-02
   1.6526695324671624e-02
   1.4742607565099810e-02
   1.2786629900116184e-02
   1.0609107208468388e-02
   8.8019846103324934e-03
   7.3021754714370207e-03
   6.0573188178833495e-03
   5.0239530008864535e-03
   4.1659992802962273e-03
   3.4535027261438111e-03
   2.8615866736108374e-03
   2.3695843384568729e-03
   1.9603173372075523e-03
   1.6194959580246718e-03
   1.3352202633824294e-03
   1.0975646172543196e-03
   8.9823113717848286e-04
   7.3025997517965613e-04
   5.8778631405900989e-04
   4.6583559569901009e-04
   3.6014983237687818e-04
   2.6703893705002301e-04
   2.0458097225359301e-04
   1.7033680165773308e-04
   1.4182492589910861e-04
   1.1808584314091340e-04
   9.8320668946475070e-05
   8.1864251660447487e-05
   6.8162788257422038e-05
   5.6755187371897431e-05
   4.7257552325809084e-05
   3.9350261965877811e-05
   3.2767214546194978e-05
   2.7286872683690722e-05
   2.2724808025053905e-05
   1.8927494732991652e-05
   1.5767142925851160e-05
   1.3137398201863073e-05
   1.0949762525353523e-05
   9.1306160280529950e-06
   7.6187395010491004e-06
   6.3632542025260348e-06
   5.3219096502397034e-06
   4.4596617783063929e-06
   3.7474936094285200e-06
   3.1614387549824630e-06
   2.6817748811005557e-06
   2.2923599986955227e-06
   1.9800892417882825e-06
   1.7344538532579106e-06
   1.5471875366892691e-06
   1.4119882730997071e-06
   1.3243062409239009e-06
   1.2811907021896662e-06
   1.2811907021896660e-06
   1.3243062409239005e-06
   1.4119882730997067e-06
   1.5471875366892687e-06
   1.7344538532579098e-06
   1.9800892417882816e-06
   2.2923599986955218e-06
   2.6817748811005540e-06
   3.1614387549824613e-06
   3.7474936094285183e-06
   4.4596617783063903e-06
   5.3219096502397009e-06
   6.3632542025260314e-06
   7.6187395010490962e-06
   9.1306160280529883e-06
   1.0949762525353516e-05
   1.3137398201863066e-05
   1.5767142925851150e-05
   1.8927494732991638e-05
   2.2724808025053888e-05
   2.7286872683690708e-05
   3.2767214546194958e-05
   3.9350261965877790e-05
   4.7257552325809070e-05
   5.6755187371897418e-05
   6.8162788257422038e-05
   8.1864251660447487e-05
   9.8320668946475070e-05
   1.1808584314091342e-04
   1.4182492589910863e-04
   1.7033680165773305e-04
   2.0458097225359303e-04
