   1.3838585848402973e-02
   1.6291176255591532e-02
   1.8943712134987824e-02
   1.2659419265620053e-01
   4.4880713485380014e-01
   8.6205748331410470e-01
   1.2694459611701978e+00
   1.6153728416713582e+00
   1.7367860994436599e+00
   2.3556922858950271e+00
   3.1348083249055607e+00
   4.0099482820871968e+00
   4.9493774237568156e+00
   5.6094811354455949e+00
   5.9802535660248930e+00
   7.1389620923542259e+00
   8.4319367260776250e+00
   9.8440618022682163e+00
   1.1095876735133652e+01
   1.1368326480779412e+01
