   6.2846375628581530e-01
   6.5324385105637417e-01
   6.7820914490633599e-01
   7.0329457566594500e-01
   7.2842659298783030e-01
   7.5352298874639589e-01
   7.7849285657062939e-01
   8.0323670556994198e-01
   8.2764675304539137e-01
   8.5160741947671148e-01
   8.7499604610625525e-01
   8.9768385081517932e-01
   9.1953713159042672e-01
   9.4041871870614158e-01
   9.6018966692177365e-01
   9.7871116782678713e-01
   9.9584665041144249e-01
   1.0114640256611307e+00
   1.0254380192534798e+00
   1.0376525261781684e+00
   1.0480029132228006e+00
   1.0563981906371520e+00
   1.0627629736061355e+00
   1.0670391578783429e+00
   1.0691872421296613e+00
   1.0691872421296611e+00
   1.0670391578783427e+00
   1.0627629736061355e+00
   1.0563981906371520e+00
   1.0480029132228006e+00
   1.0376525261781684e+00
   1.0254380192534798e+00
   1.0114640256611305e+00
   9.9584665041144238e-01
   9.7871116782678724e-01
   9.6018966692177354e-01
   9.4041871870614135e-01
   9.1953713159042660e-01
   8.9768385081517932e-01
   8.7499604610625503e-01
   8.5160741947671159e-01
   8.2764675304539126e-01
   8.0323670556994198e-01
   7.7849285657062928e-01
   7.5352298874639578e-01
   7.2842659298783019e-01
   7.0329457566594478e-01
   6.7820914490633588e-01
   6.5324385105637395e-01
   6.2846375628581519e-01
   6.0806302913512011e-01
   5.9207960671425641e-01
   5.7640473106631940e-01
   5.6106362469205662e-01
   5.4607837016537164e-01
   5.3146811800177274e-01
   5.1724929851678603e-01
   5.0343583419119298e-01
   4.9003934964631440e-01
   4.7706937687289153e-01
   4.6453355384607098e-01
   4.5243781509417319e-01
   4.4078657317017123e-01
   4.2958289030373226e-01
   4.1882863979109303e-01
   4.0852465691361178e-01
   3.9867087936770651e-01
   3.8926647734341280e-01
   3.8030997351037071e-01
   3.7179935326293490e-01
   3.6373216564432082e-01
   3.5610561541698244e-01
   3.4891664677614076e-01
   3.4216201921857931e-01
   3.3583837608215572e-01
   3.2994230626527438e-01
   3.2447039962181129e-01
   3.1941929650738055e-01
   3.1478573192879317e-01
   3.1056657472126376e-01
   3.0675886214832215e-01
   3.0335983028825186e-01
   3.0036694053881297e-01
   2.9777790253946651e-01
   2.9559069377765324e-01
   2.9380357611312402e-01
   2.9241510942203192e-01
   2.9142416253056802e-01
   2.9082992157637910e-01
   2.9063189590483607e-01
   2.9082992157637905e-01
   2.9142416253056802e-01
   2.9241510942203192e-01
   2.9380357611312402e-01
   2.9559069377765318e-01
   2.9777790253946640e-01
   3.0036694053881297e-01
   3.0335983028825181e-01
   3.0675886214832204e-01
   3.1056657472126376e-01
   3.1478573192879311e-01
   3.1941929650738049e-01
   3.2447039962181118e-01
   3.2994230626527421e-01
   3.3583837608215567e-01
   3.4216201921857919e-01
   3.4891664677614065e-01
   3.5610561541698227e-01
   3.6373216564432070e-01
   3.7179935326293478e-01
   3.8030997351037060e-01
   3.8926647734341263e-01
   3.9867087936770629e-01
   4.0852465691361162e-01
   4.1882863979109292e-01
   4.2958289030373220e-01
   4.4078657317017117e-01
   4.5243781509417319e-01
   4.6453355384607103e-01
   4.7706937687289164e-01
   4.9003934964631451e-01
   5.0343583419119309e-01
   5.1724929851678614e-01
   5.3146811800177296e-01
   5.4607837016537197e-01
   5.6106362469205695e-01
   5.7640473106631973e-01
   5.9207960671425675e-01
   6.0806302913512045e-01
   6.0806302913512011e-01
   5.9207960671425652e-01
   5.7640473106631951e-01
   5.6106362469205673e-01
   5.4607837016537175e-01
   5.3146811800177285e-01
   5.1724929851678603e-01
   5.0343583419119298e-01
   4.9003934964631446e-01
   4.7706937687289158e-01
   4.6453355384607115e-01
   4.5243781509417330e-01
   4.4078657317017128e-01
   4.2958289030373237e-01
   4.1882863979109308e-01
   4.0852465691361189e-01
   3.9867087936770662e-01
   3.8926647734341291e-01
   3.8030997351037088e-01
   3.7179935326293506e-01
   3.6373216564432098e-01
   3.5610561541698255e-01
   3.4891664677614087e-01
   3.4216201921857947e-01
   3.3583837608215589e-01
   3.2994230626527449e-01
   3.2447039962181140e-01
   3.1941929650738071e-01
   3.1478573192879333e-01
   3.1056657472126398e-01
   3.0675886214832232e-01
   3.0335983028825203e-01
   3.0036694053881319e-01
   2.9777790253946668e-01
   2.9559069377765340e-01
   2.9380357611312424e-01
   2.9241510942203208e-01
   2.9142416253056819e-01
   2.9082992157637927e-01
   2.9063189590483629e-01
   2.9082992157637927e-01
   2.9142416253056824e-01
   2.9241510942203214e-01
   2.9380357611312424e-01
   2.9559069377765346e-01
   2.9777790253946668e-01
   3.0036694053881319e-01
   3.0335983028825209e-01
   3.0675886214832232e-01
   3.1056657472126403e-01
   3.1478573192879339e-01
   3.1941929650738077e-01
   3.2447039962181151e-01
   3.2994230626527460e-01
   3.3583837608215594e-01
   3.4216201921857953e-01
   3.4891664677614104e-01
   3.5610561541698266e-01
   3.6373216564432109e-01
   3.7179935326293517e-01
   3.8030997351037099e-01
   3.8926647734341302e-01
   3.9867087936770673e-01
   4.0852465691361201e-01
   4.1882863979109330e-01
   4.2958289030373253e-01
   4.4078657317017145e-01
   4.5243781509417341e-01
   4.6453355384607131e-01
   4.7706937687289186e-01
   4.9003934964631474e-01
   5.0343583419119320e-01
   5.1724929851678625e-01
   5.3146811800177296e-01
   5.4607837016537197e-01
   5.6106362469205695e-01
   5.7640473106631973e-01
   5.9207960671425675e-01
   6.0806302913512034e-01
   6.0806302913512011e-01
   5.9207960671425652e-01
   5.7640473106631962e-01
   5.6106362469205684e-01
   5.4607837016537186e-01
   5.3146811800177296e-01
   5.1724929851678625e-01
   5.0343583419119320e-01
   4.9003934964631468e-01
   4.7706937687289180e-01
   4.6453355384607126e-01
   4.5243781509417341e-01
   4.4078657317017150e-01
   4.2958289030373253e-01
   4.1882863979109336e-01
   4.0852465691361206e-01
   3.9867087936770684e-01
   3.8926647734341319e-01
   3.8030997351037110e-01
   3.7179935326293528e-01
   3.6373216564432120e-01
   3.5610561541698282e-01
   3.4891664677614120e-01
   3.4216201921857975e-01
   3.3583837608215622e-01
   3.2994230626527488e-01
   3.2447039962181173e-01
   3.1941929650738105e-01
   3.1478573192879372e-01
   3.1056657472126437e-01
   3.0675886214832271e-01
   3.0335983028825242e-01
   3.0036694053881358e-01
   2.9777790253946712e-01
   2.9559069377765390e-01
   2.9380357611312469e-01
   2.9241510942203258e-01
   2.9142416253056874e-01
   2.9082992157637977e-01
   2.9063189590483679e-01
   2.9082992157637982e-01
   2.9142416253056880e-01
   2.9241510942203269e-01
   2.9380357611312485e-01
   2.9559069377765407e-01
   2.9777790253946734e-01
   3.0036694053881385e-01
   3.0335983028825281e-01
   3.0675886214832310e-01
   3.1056657472126475e-01
   3.1478573192879417e-01
   3.1941929650738154e-01
   3.2447039962181229e-01
   3.2994230626527538e-01
   3.3583837608215678e-01
   3.4216201921858042e-01
   3.4891664677614187e-01
   3.5610561541698355e-01
   3.6373216564432198e-01
   3.7179935326293617e-01
   3.8030997351037199e-01
   3.8926647734341402e-01
   3.9867087936770779e-01
   4.0852465691361300e-01
   4.1882863979109425e-01
   4.2958289030373342e-01
   4.4078657317017228e-01
   4.5243781509417424e-01
   4.6453355384607192e-01
   4.7706937687289241e-01
   4.9003934964631524e-01
   5.0343583419119375e-01
   5.1724929851678669e-01
   5.3146811800177340e-01
   5.4607837016537231e-01
   5.6106362469205717e-01
   5.7640473106631995e-01
   5.9207960671425686e-01
   6.0806302913512034e-01
   6.2846375628581563e-01
   6.5324385105637439e-01
   6.7820914490633633e-01
   7.0329457566594522e-01
   7.2842659298783052e-01
   7.5352298874639612e-01
   7.7849285657062972e-01
   8.0323670556994231e-01
   8.2764675304539159e-01
   8.5160741947671159e-01
   8.7499604610625514e-01
   8.9768385081517921e-01
   9.1953713159042649e-01
   9.4041871870614113e-01
   9.6018966692177299e-01
   9.7871116782678647e-01
   9.9584665041144182e-01
   1.0114640256611298e+00
   1.0254380192534789e+00
   1.0376525261781673e+00
   1.0480029132227995e+00
   1.0563981906371509e+00
   1.0627629736061344e+00
   1.0670391578783416e+00
   1.0691872421296600e+00
   1.0691872421296600e+00
   1.0670391578783416e+00
   1.0627629736061344e+00
   1.0563981906371507e+00
   1.0480029132227993e+00
   1.0376525261781673e+00
   1.0254380192534789e+00
   1.0114640256611296e+00
   9.9584665041144149e-01
   9.7871116782678624e-01
   9.6018966692177288e-01
   9.4041871870614080e-01
   9.1953713159042616e-01
   8.9768385081517887e-01
   8.7499604610625470e-01
   8.5160741947671115e-01
   8.2764675304539115e-01
   8.0323670556994187e-01
   7.7849285657062928e-01
   7.5352298874639589e-01
   7.2842659298783041e-01
   7.0329457566594522e-01
   6.7820914490633621e-01
   6.5324385105637450e-01
   6.2846375628581574e-01
