   6.1463032578327503e-01
   6.4405570136268697e-01
   6.7385289486914213e-01
   7.0395442943232300e-01
   7.3428047336687363e-01
   7.6473821408901488e-01
   7.9522138493382499e-01
   8.2560999228366660e-01
   8.5577029364899138e-01
   8.8555507867905492e-01
   9.1480430384883549e-01
   9.4334612709686116e-01
   9.7099838037665276e-01
   9.9757050549664417e-01
   1.0228659615931606e+00
   1.0466850913164329e+00
   1.0688284079844157e+00
   1.0891002387681146e+00
   1.1073126311305606e+00
   1.1232894034100003e+00
   1.1368701980632570e+00
   1.1479143801615701e+00
   1.1563046165014244e+00
   1.1619499738282750e+00
   1.1647883889802839e+00
   1.1647883889802839e+00
   1.1619499738282748e+00
   1.1563046165014241e+00
   1.1479143801615697e+00
   1.1368701980632565e+00
   1.1232894034099996e+00
   1.1073126311305599e+00
   1.0891002387681139e+00
   1.0688284079844148e+00
   1.0466850913164321e+00
   1.0228659615931597e+00
   9.9757050549664350e-01
   9.7099838037665176e-01
   9.4334612709686028e-01
   9.1480430384883438e-01
   8.8555507867905392e-01
   8.5577029364899049e-01
   8.2560999228366549e-01
   7.9522138493382399e-01
   7.6473821408901399e-01
   7.3428047336687297e-01
   7.0395442943232234e-01
   6.7385289486914157e-01
   6.4405570136268653e-01
   6.1463032578327481e-01
   5.9052188110962334e-01
   5.7176308426081590e-01
   5.5348948374060170e-01
   5.3572156903009172e-01
   5.1847589843449282e-01
   5.0176547317717024e-01
   4.8560009855332625e-01
   4.6998672889057219e-01
   4.5492979400600625e-01
   4.4043150564987393e-01
   4.2649214309320560e-01
   4.1311031756230454e-01
   4.0028321565932740e-01
   3.8800682224867855e-01
   3.7627612354659862e-01
   3.6508529133859929e-01
   3.5442784937779603e-01
   3.4429682309711940e-01
   3.3468487380907946e-01
   3.2558441857626325e-01
   3.1698773692096865e-01
   3.0888706550916828e-01
   3.0127468189722828e-01
   2.9414297837349157e-01
   2.8748452686422593e-01
   2.8129213580712303e-01
   2.7555889982755633e-01
   2.7027824298470565e-01
   2.6544395628761069e-01
   2.6105023011604267e-01
   2.5709168211835670e-01
   2.5356338109855131e-01
   2.5046086734778805e-01
   2.4778016982165102e-01
   2.4551782051338314e-01
   2.4367086632506049e-01
   2.4223687869294525e-01
   2.4121396117981875e-01
   2.4060075520563476e-01
   2.4039644404802024e-01
   2.4060075520563473e-01
   2.4121396117981869e-01
   2.4223687869294516e-01
   2.4367086632506038e-01
   2.4551782051338300e-01
   2.4778016982165085e-01
   2.5046086734778783e-01
   2.5356338109855109e-01
   2.5709168211835642e-01
   2.6105023011604239e-01
   2.6544395628761036e-01
   2.7027824298470526e-01
   2.7555889982755594e-01
   2.8129213580712265e-01
   2.8748452686422543e-01
   2.9414297837349113e-01
   3.0127468189722767e-01
   3.0888706550916767e-01
   3.1698773692096804e-01
   3.2558441857626264e-01
   3.3468487380907880e-01
   3.4429682309711873e-01
   3.5442784937779531e-01
   3.6508529133859846e-01
   3.7627612354659773e-01
   3.8800682224867766e-01
   4.0028321565932651e-01
   4.1311031756230365e-01
   4.2649214309320455e-01
   4.4043150564987277e-01
   4.5492979400600503e-01
   4.6998672889057086e-01
   4.8560009855332481e-01
   5.0176547317716869e-01
   5.1847589843449127e-01
   5.3572156903009005e-01
   5.5348948374059992e-01
   5.7176308426081401e-01
   5.9052188110962145e-01
   5.9052188110962334e-01
   5.7176308426081590e-01
   5.5348948374060170e-01
   5.3572156903009172e-01
   5.1847589843449282e-01
   5.0176547317717024e-01
   4.8560009855332631e-01
   4.6998672889057225e-01
   4.5492979400600619e-01
   4.4043150564987388e-01
   4.2649214309320560e-01
   4.1311031756230454e-01
   4.0028321565932734e-01
   3.8800682224867855e-01
   3.7627612354659856e-01
   3.6508529133859918e-01
   3.5442784937779598e-01
   3.4429682309711934e-01
   3.3468487380907941e-01
   3.2558441857626319e-01
   3.1698773692096854e-01
   3.0888706550916817e-01
   3.0127468189722817e-01
   2.9414297837349151e-01
   2.8748452686422582e-01
   2.8129213580712292e-01
   2.7555889982755621e-01
   2.7027824298470549e-01
   2.6544395628761058e-01
   2.6105023011604250e-01
   2.5709168211835648e-01
   2.5356338109855114e-01
   2.5046086734778789e-01
   2.4778016982165080e-01
   2.4551782051338292e-01
   2.4367086632506027e-01
   2.4223687869294502e-01
   2.4121396117981850e-01
   2.4060075520563448e-01
   2.4039644404801996e-01
   2.4060075520563445e-01
   2.4121396117981841e-01
   2.4223687869294486e-01
   2.4367086632506005e-01
   2.4551782051338270e-01
   2.4778016982165049e-01
   2.5046086734778750e-01
   2.5356338109855070e-01
   2.5709168211835604e-01
   2.6105023011604195e-01
   2.6544395628760997e-01
   2.7027824298470482e-01
   2.7555889982755549e-01
   2.8129213580712215e-01
   2.8748452686422493e-01
   2.9414297837349057e-01
   3.0127468189722717e-01
   3.0888706550916717e-01
   3.1698773692096743e-01
   3.2558441857626202e-01
   3.3468487380907819e-01
   3.4429682309711801e-01
   3.5442784937779459e-01
   3.6508529133859774e-01
   3.7627612354659706e-01
   3.8800682224867694e-01
   4.0028321565932573e-01
   4.1311031756230282e-01
   4.2649214309320388e-01
   4.4043150564987216e-01
   4.5492979400600442e-01
   4.6998672889057036e-01
   4.8560009855332442e-01
   5.0176547317716835e-01
   5.1847589843449082e-01
   5.3572156903008972e-01
   5.5348948374059970e-01
   5.7176308426081390e-01
   5.9052188110962134e-01
   5.9052188110962323e-01
   5.7176308426081579e-01
   5.5348948374060170e-01
   5.3572156903009172e-01
   5.1847589843449282e-01
   5.0176547317717024e-01
   4.8560009855332620e-01
   4.6998672889057225e-01
   4.5492979400600619e-01
   4.4043150564987393e-01
   4.2649214309320566e-01
   4.1311031756230454e-01
   4.0028321565932740e-01
   3.8800682224867855e-01
   3.7627612354659856e-01
   3.6508529133859924e-01
   3.5442784937779598e-01
   3.4429682309711940e-01
   3.3468487380907946e-01
   3.2558441857626325e-01
   3.1698773692096865e-01
   3.0888706550916828e-01
   3.0127468189722828e-01
   2.9414297837349157e-01
   2.8748452686422588e-01
   2.8129213580712303e-01
   2.7555889982755627e-01
   2.7027824298470560e-01
   2.6544395628761075e-01
   2.6105023011604267e-01
   2.5709168211835665e-01
   2.5356338109855131e-01
   2.5046086734778805e-01
   2.4778016982165099e-01
   2.4551782051338314e-01
   2.4367086632506049e-01
   2.4223687869294525e-01
   2.4121396117981872e-01
   2.4060075520563473e-01
   2.4039644404802024e-01
   2.4060075520563470e-01
   2.4121396117981866e-01
   2.4223687869294516e-01
   2.4367086632506035e-01
   2.4551782051338294e-01
   2.4778016982165083e-01
   2.5046086734778783e-01
   2.5356338109855103e-01
   2.5709168211835637e-01
   2.6105023011604234e-01
   2.6544395628761036e-01
   2.7027824298470526e-01
   2.7555889982755588e-01
   2.8129213580712259e-01
   2.8748452686422543e-01
   2.9414297837349107e-01
   3.0127468189722767e-01
   3.0888706550916767e-01
   3.1698773692096804e-01
   3.2558441857626258e-01
   3.3468487380907874e-01
   3.4429682309711868e-01
   3.5442784937779520e-01
   3.6508529133859841e-01
   3.7627612354659773e-01
   3.8800682224867766e-01
   4.0028321565932645e-01
   4.1311031756230354e-01
   4.2649214309320455e-01
   4.4043150564987271e-01
   4.5492979400600492e-01
   4.6998672889057086e-01
   4.8560009855332481e-01
   5.0176547317716869e-01
   5.1847589843449116e-01
   5.3572156903008994e-01
   5.5348948374059981e-01
   5.7176308426081390e-01
   5.9052188110962134e-01
   6.1463032578327326e-01
   6.4405570136268531e-01
   6.7385289486914068e-01
   7.0395442943232167e-01
   7.3428047336687252e-01
   7.6473821408901388e-01
   7.9522138493382422e-01
   8.2560999228366583e-01
   8.5577029364899093e-01
   8.8555507867905459e-01
   9.1480430384883527e-01
   9.4334612709686128e-01
   9.7099838037665298e-01
   9.9757050549664483e-01
   1.0228659615931610e+00
   1.0466850913164338e+00
   1.0688284079844168e+00
   1.0891002387681159e+00
   1.1073126311305617e+00
   1.1232894034100016e+00
   1.1368701980632585e+00
   1.1479143801615719e+00
   1.1563046165014264e+00
   1.1619499738282770e+00
   1.1647883889802859e+00
   1.1647883889802859e+00
   1.1619499738282768e+00
   1.1563046165014261e+00
   1.1479143801615717e+00
   1.1368701980632585e+00
   1.1232894034100014e+00
   1.1073126311305614e+00
   1.0891002387681155e+00
   1.0688284079844164e+00
   1.0466850913164334e+00
   1.0228659615931608e+00
   9.9757050549664439e-01
   9.7099838037665254e-01
   9.4334612709686072e-01
   9.1480430384883482e-01
   8.8555507867905425e-01
   8.5577029364899049e-01
   8.2560999228366527e-01
   7.9522138493382377e-01
   7.6473821408901355e-01
   7.3428047336687219e-01
   7.0395442943232156e-01
   6.7385289486914057e-01
   6.4405570136268531e-01
   6.1463032578327337e-01
