   5.7897350507707535e-01
   6.1697507610751745e-01
   6.5586168093462882e-01
   6.9558522059989492e-01
   7.3607689137424792e-01
   7.7724486186885056e-01
   8.1897200428885986e-01
   8.6111378441310982e-01
   9.0349643930714296e-01
   9.4591559572753547e-01
   9.8813550326112043e-01
   1.0298890713474094e+00
   1.0708789047104736e+00
   1.1107795232572342e+00
   1.1492409261382699e+00
   1.1858936121041928e+00
   1.2203550977767152e+00
   1.2522378827027647e+00
   1.2811586990526449e+00
   1.3067487622847802e+00
   1.3286646184097057e+00
   1.3465990778210875e+00
   1.3602916503076408e+00
   1.3695378648367791e+00
   1.3741968810760470e+00
   1.3741968810760470e+00
   1.3695378648367791e+00
   1.3602916503076408e+00
   1.3465990778210875e+00
   1.3286646184097057e+00
   1.3067487622847802e+00
   1.2811586990526449e+00
   1.2522378827027647e+00
   1.2203550977767152e+00
   1.1858936121041928e+00
   1.1492409261382699e+00
   1.1107795232572342e+00
   1.0708789047104736e+00
   1.0298890713474094e+00
   9.8813550326112043e-01
   9.4591559572753547e-01
   9.0349643930714296e-01
   8.6111378441310982e-01
   8.1897200428885986e-01
   7.7724486186885056e-01
   7.3607689137424792e-01
   6.9558522059989492e-01
   6.5586168093462871e-01
   6.1697507610751734e-01
   5.7897350507707523e-01
   5.4813981057652572e-01
   5.2447546887332663e-01
   5.0172987835136507e-01
   4.7990023488167005e-01
   4.5897921202574260e-01
   4.3895571310785797e-01
   4.1981554470700172e-01
   4.0154201534764539e-01
   3.8411646406509131e-01
   3.6751872405750835e-01
   3.5172752689267722e-01
   3.3672085278066588e-01
   3.2247623231059358e-01
   3.0897100482628992e-01
   2.9618253831874602e-01
   2.8408841537152524e-01
   2.7266658933076954e-01
   2.6189551450055326e-01
   2.5175425379905403e-01
   2.4222256695967231e-01
   2.3328098202937758e-01
   2.2491085260755142e-01
   2.1709440298416249e-01
   2.0981476307676622e-01
   2.0305599483121975e-01
   1.9680311154018928e-01
   1.9104209134515124e-01
   1.8575988602006188e-01
   1.8094442598647156e-01
   1.7658462237883685e-01
   1.7267036686338563e-01
   1.6919252981244248e-01
   1.6614295734701187e-01
   1.6351446768214481e-01
   1.6130084714077314e-01
   1.5949684614098306e-01
   1.5809817540790980e-01
   1.5710150261345726e-01
   1.5650444960383911e-01
   1.5630559033554470e-01
   1.5650444960383914e-01
   1.5710150261345732e-01
   1.5809817540790988e-01
   1.5949684614098314e-01
   1.6130084714077331e-01
   1.6351446768214498e-01
   1.6614295734701209e-01
   1.6919252981244273e-01
   1.7267036686338588e-01
   1.7658462237883715e-01
   1.8094442598647187e-01
   1.8575988602006221e-01
   1.9104209134515165e-01
   1.9680311154018970e-01
   2.0305599483122022e-01
   2.0981476307676672e-01
   2.1709440298416305e-01
   2.2491085260755198e-01
   2.3328098202937814e-01
   2.4222256695967295e-01
   2.5175425379905475e-01
   2.6189551450055398e-01
   2.7266658933077031e-01
   2.8408841537152607e-01
   2.9618253831874691e-01
   3.0897100482629086e-01
   3.2247623231059458e-01
   3.3672085278066688e-01
   3.5172752689267828e-01
   3.6751872405750952e-01
   3.8411646406509248e-01
   4.0154201534764666e-01
   4.1981554470700294e-01
   4.3895571310785930e-01
   4.5897921202574393e-01
   4.7990023488167144e-01
   5.0172987835136662e-01
   5.2447546887332819e-01
   5.4813981057652728e-01
   5.4813981057652572e-01
   5.2447546887332652e-01
   5.0172987835136507e-01
   4.7990023488166994e-01
   4.5897921202574254e-01
   4.3895571310785791e-01
   4.1981554470700166e-01
   4.0154201534764533e-01
   3.8411646406509126e-01
   3.6751872405750835e-01
   3.5172752689267717e-01
   3.3672085278066582e-01
   3.2247623231059352e-01
   3.0897100482628992e-01
   2.9618253831874597e-01
   2.8408841537152518e-01
   2.7266658933076948e-01
   2.6189551450055321e-01
   2.5175425379905397e-01
   2.4222256695967226e-01
   2.3328098202937750e-01
   2.2491085260755134e-01
   2.1709440298416244e-01
   2.0981476307676616e-01
   2.0305599483121969e-01
   1.9680311154018923e-01
   1.9104209134515118e-01
   1.8575988602006177e-01
   1.8094442598647148e-01
   1.7658462237883676e-01
   1.7267036686338555e-01
   1.6919252981244240e-01
   1.6614295734701179e-01
   1.6351446768214473e-01
   1.6130084714077306e-01
   1.5949684614098295e-01
   1.5809817540790969e-01
   1.5710150261345712e-01
   1.5650444960383902e-01
   1.5630559033554459e-01
   1.5650444960383902e-01
   1.5710150261345718e-01
   1.5809817540790971e-01
   1.5949684614098303e-01
   1.6130084714077317e-01
   1.6351446768214481e-01
   1.6614295734701193e-01
   1.6919252981244254e-01
   1.7267036686338572e-01
   1.7658462237883696e-01
   1.8094442598647170e-01
   1.8575988602006199e-01
   1.9104209134515143e-01
   1.9680311154018948e-01
   2.0305599483122000e-01
   2.0981476307676653e-01
   2.1709440298416283e-01
   2.2491085260755178e-01
   2.3328098202937800e-01
   2.4222256695967281e-01
   2.5175425379905458e-01
   2.6189551450055387e-01
   2.7266658933077020e-01
   2.8408841537152590e-01
   2.9618253831874680e-01
   3.0897100482629075e-01
   3.2247623231059447e-01
   3.3672085278066682e-01
   3.5172752689267822e-01
   3.6751872405750940e-01
   3.8411646406509242e-01
   4.0154201534764661e-01
   4.1981554470700294e-01
   4.3895571310785925e-01
   4.5897921202574393e-01
   4.7990023488167144e-01
   5.0172987835136662e-01
   5.2447546887332819e-01
   5.4813981057652728e-01
   5.4813981057652572e-01
   5.2447546887332663e-01
   5.0172987835136507e-01
   4.7990023488167005e-01
   4.5897921202574254e-01
   4.3895571310785791e-01
   4.1981554470700172e-01
   4.0154201534764539e-01
   3.8411646406509131e-01
   3.6751872405750841e-01
   3.5172752689267722e-01
   3.3672085278066594e-01
   3.2247623231059364e-01
   3.0897100482629003e-01
   2.9618253831874608e-01
   2.8408841537152529e-01
   2.7266658933076959e-01
   2.6189551450055337e-01
   2.5175425379905414e-01
   2.4222256695967240e-01
   2.3328098202937766e-01
   2.2491085260755150e-01
   2.1709440298416260e-01
   2.0981476307676636e-01
   2.0305599483121992e-01
   1.9680311154018942e-01
   1.9104209134515140e-01
   1.8575988602006202e-01
   1.8094442598647173e-01
   1.7658462237883701e-01
   1.7267036686338583e-01
   1.6919252981244268e-01
   1.6614295734701207e-01
   1.6351446768214500e-01
   1.6130084714077339e-01
   1.5949684614098328e-01
   1.5809817540791002e-01
   1.5710150261345751e-01
   1.5650444960383939e-01
   1.5630559033554500e-01
   1.5650444960383944e-01
   1.5710150261345762e-01
   1.5809817540791021e-01
   1.5949684614098350e-01
   1.6130084714077367e-01
   1.6351446768214536e-01
   1.6614295734701248e-01
   1.6919252981244315e-01
   1.7267036686338635e-01
   1.7658462237883762e-01
   1.8094442598647240e-01
   1.8575988602006274e-01
   1.9104209134515221e-01
   1.9680311154019028e-01
   2.0305599483122086e-01
   2.0981476307676733e-01
   2.1709440298416360e-01
   2.2491085260755253e-01
   2.3328098202937875e-01
   2.4222256695967351e-01
   2.5175425379905531e-01
   2.6189551450055454e-01
   2.7266658933077087e-01
   2.8408841537152663e-01
   2.9618253831874741e-01
   3.0897100482629142e-01
   3.2247623231059508e-01
   3.3672085278066738e-01
   3.5172752689267883e-01
   3.6751872405751002e-01
   3.8411646406509303e-01
   4.0154201534764716e-01
   4.1981554470700350e-01
   4.3895571310785969e-01
   4.5897921202574427e-01
   4.7990023488167166e-01
   5.0172987835136684e-01
   5.2447546887332830e-01
   5.4813981057652728e-01
   5.7897350507707690e-01
   6.1697507610751878e-01
   6.5586168093463004e-01
   6.9558522059989603e-01
   7.3607689137424903e-01
   7.7724486186885144e-01
   8.1897200428886063e-01
   8.6111378441311048e-01
   9.0349643930714341e-01
   9.4591559572753581e-01
   9.8813550326112065e-01
   1.0298890713474096e+00
   1.0708789047104736e+00
   1.1107795232572337e+00
   1.1492409261382694e+00
   1.1858936121041923e+00
   1.2203550977767146e+00
   1.2522378827027640e+00
   1.2811586990526440e+00
   1.3067487622847793e+00
   1.3286646184097048e+00
   1.3465990778210863e+00
   1.3602916503076394e+00
   1.3695378648367780e+00
   1.3741968810760457e+00
   1.3741968810760457e+00
   1.3695378648367780e+00
   1.3602916503076394e+00
   1.3465990778210863e+00
   1.3286646184097048e+00
   1.3067487622847793e+00
   1.2811586990526440e+00
   1.2522378827027640e+00
   1.2203550977767146e+00
   1.1858936121041923e+00
   1.1492409261382694e+00
   1.1107795232572339e+00
   1.0708789047104736e+00
   1.0298890713474096e+00
   9.8813550326112065e-01
   9.4591559572753581e-01
   9.0349643930714341e-01
   8.6111378441311048e-01
   8.1897200428886063e-01
   7.7724486186885144e-01
   7.3607689137424903e-01
   6.9558522059989614e-01
   6.5586168093463015e-01
   6.1697507610751889e-01
   5.7897350507707690e-01
