   6.3100493893607401e-01
   6.5478683973732932e-01
   6.7872080087691733e-01
   7.0274306167845024e-01
   7.2678211968849593e-01
   7.5075862802609583e-01
   7.7458541413597681e-01
   7.9816764127393036e-01
   8.2140313343279681e-01
   8.4418288271022024e-01
   8.6639175514938027e-01
   8.8790940671888230e-01
   9.0861141527318601e-01
   9.2837062707861961e-01
   9.4705870794630853e-01
   9.6454787945929865e-01
   9.8071281063373217e-01
   9.9543262516310460e-01
   1.0085929748196190e+00
   1.0200881213543871e+00
   1.0298229630849420e+00
   1.0377149389591163e+00
   1.0436957427764217e+00
   1.0477127837601448e+00
   1.0497303368677959e+00
   1.0497303368677962e+00
   1.0477127837601448e+00
   1.0436957427764217e+00
   1.0377149389591165e+00
   1.0298229630849420e+00
   1.0200881213543873e+00
   1.0085929748196192e+00
   9.9543262516310493e-01
   9.8071281063373239e-01
   9.6454787945929910e-01
   9.4705870794630898e-01
   9.2837062707862017e-01
   9.0861141527318656e-01
   8.8790940671888285e-01
   8.6639175514938072e-01
   8.4418288271022091e-01
   8.2140313343279747e-01
   7.9816764127393081e-01
   7.7458541413597715e-01
   7.5075862802609616e-01
   7.2678211968849615e-01
   7.0274306167845046e-01
   6.7872080087691733e-01
   6.5478683973732932e-01
   6.3100493893607390e-01
   6.1140602976735936e-01
   5.9602838585655316e-01
   5.8092609885078672e-01
   5.6612485039701366e-01
   5.5164737008842013e-01
   5.3751361293448419e-01
   5.2374094306740371e-01
   5.1034432032664478e-01
   4.9733648687211629e-01
   4.8472815145390202e-01
   4.7252816940599307e-01
   4.6074371682921278e-01
   4.4938045778279939e-01
   4.3844270361496435e-01
   4.2793356383149023e-01
   4.1785508813034933e-01
   4.0820839942229248e-01
   3.9899381781565174e-01
   3.9021097567165824e-01
   3.8185892393785442e-01
   3.7393623004504983e-01
   3.6644106771091395e-01
   3.5937129903368364e-01
   3.5272454928528130e-01
   3.4649827482681839e-01
   3.4068982457313968e-01
   3.3529649542862189e-01
   3.3031558210550083e-01
   3.2574442171993201e-01
   3.2158043354097088e-01
   3.1782115424464596e-01
   3.1446426900009300e-01
   3.1150763868795728e-01
   3.0894932352347015e-01
   3.0678760332814847e-01
   3.0502099466525567e-01
   3.0364826502521358e-01
   3.0266844421819922e-01
   3.0208083310230471e-01
   3.0188500974690730e-01
   3.0208083310230466e-01
   3.0266844421819905e-01
   3.0364826502521342e-01
   3.0502099466525540e-01
   3.0678760332814808e-01
   3.0894932352346977e-01
   3.1150763868795672e-01
   3.1446426900009239e-01
   3.1782115424464530e-01
   3.2158043354097010e-01
   3.2574442171993118e-01
   3.3031558210549994e-01
   3.3529649542862089e-01
   3.4068982457313857e-01
   3.4649827482681728e-01
   3.5272454928528008e-01
   3.5937129903368237e-01
   3.6644106771091262e-01
   3.7393623004504839e-01
   3.8185892393785287e-01
   3.9021097567165663e-01
   3.9899381781565008e-01
   4.0820839942229070e-01
   4.1785508813034739e-01
   4.2793356383148828e-01
   4.3844270361496235e-01
   4.4938045778279728e-01
   4.6074371682921056e-01
   4.7252816940599079e-01
   4.8472815145389964e-01
   4.9733648687211390e-01
   5.1034432032664223e-01
   5.2374094306740115e-01
   5.3751361293448152e-01
   5.5164737008841758e-01
   5.6612485039701088e-01
   5.8092609885078395e-01
   5.9602838585655027e-01
   6.1140602976735647e-01
   6.1140602976735936e-01
   5.9602838585655316e-01
   5.8092609885078672e-01
   5.6612485039701366e-01
   5.5164737008842024e-01
   5.3751361293448419e-01
   5.2374094306740371e-01
   5.1034432032664478e-01
   4.9733648687211635e-01
   4.8472815145390202e-01
   4.7252816940599307e-01
   4.6074371682921278e-01
   4.4938045778279950e-01
   4.3844270361496440e-01
   4.2793356383149028e-01
   4.1785508813034938e-01
   4.0820839942229253e-01
   3.9899381781565185e-01
   3.9021097567165836e-01
   3.8185892393785453e-01
   3.7393623004505000e-01
   3.6644106771091411e-01
   3.5937129903368381e-01
   3.5272454928528141e-01
   3.4649827482681861e-01
   3.4068982457313984e-01
   3.3529649542862205e-01
   3.3031558210550105e-01
   3.2574442171993223e-01
   3.2158043354097104e-01
   3.1782115424464619e-01
   3.1446426900009322e-01
   3.1150763868795750e-01
   3.0894932352347043e-01
   3.0678760332814869e-01
   3.0502099466525595e-01
   3.0364826502521386e-01
   3.0266844421819949e-01
   3.0208083310230505e-01
   3.0188500974690757e-01
   3.0208083310230494e-01
   3.0266844421819938e-01
   3.0364826502521369e-01
   3.0502099466525573e-01
   3.0678760332814842e-01
   3.0894932352347010e-01
   3.1150763868795711e-01
   3.1446426900009278e-01
   3.1782115424464569e-01
   3.2158043354097055e-01
   3.2574442171993168e-01
   3.3031558210550038e-01
   3.3529649542862133e-01
   3.4068982457313907e-01
   3.4649827482681778e-01
   3.5272454928528058e-01
   3.5937129903368281e-01
   3.6644106771091312e-01
   3.7393623004504889e-01
   3.8185892393785342e-01
   3.9021097567165719e-01
   3.9899381781565058e-01
   4.0820839942229126e-01
   4.1785508813034805e-01
   4.2793356383148873e-01
   4.3844270361496279e-01
   4.4938045778279778e-01
   4.6074371682921095e-01
   4.7252816940599113e-01
   4.8472815145390002e-01
   4.9733648687211424e-01
   5.1034432032664245e-01
   5.2374094306740149e-01
   5.3751361293448185e-01
   5.5164737008841769e-01
   5.6612485039701110e-01
   5.8092609885078417e-01
   5.9602838585655038e-01
   6.1140602976735658e-01
   6.1140602976735925e-01
   5.9602838585655316e-01
   5.8092609885078672e-01
   5.6612485039701366e-01
   5.5164737008842013e-01
   5.3751361293448408e-01
   5.2374094306740360e-01
   5.1034432032664467e-01
   4.9733648687211623e-01
   4.8472815145390191e-01
   4.7252816940599301e-01
   4.6074371682921267e-01
   4.4938045778279934e-01
   4.3844270361496429e-01
   4.2793356383149012e-01
   4.1785508813034927e-01
   4.0820839942229237e-01
   3.9899381781565169e-01
   3.9021097567165819e-01
   3.8185892393785437e-01
   3.7393623004504978e-01
   3.6644106771091395e-01
   3.5937129903368359e-01
   3.5272454928528124e-01
   3.4649827482681839e-01
   3.4068982457313962e-01
   3.3529649542862183e-01
   3.3031558210550083e-01
   3.2574442171993201e-01
   3.2158043354097082e-01
   3.1782115424464596e-01
   3.1446426900009294e-01
   3.1150763868795722e-01
   3.0894932352347010e-01
   3.0678760332814842e-01
   3.0502099466525567e-01
   3.0364826502521353e-01
   3.0266844421819916e-01
   3.0208083310230471e-01
   3.0188500974690724e-01
   3.0208083310230460e-01
   3.0266844421819900e-01
   3.0364826502521336e-01
   3.0502099466525534e-01
   3.0678760332814803e-01
   3.0894932352346971e-01
   3.1150763868795672e-01
   3.1446426900009239e-01
   3.1782115424464524e-01
   3.2158043354097005e-01
   3.2574442171993118e-01
   3.3031558210549988e-01
   3.3529649542862089e-01
   3.4068982457313857e-01
   3.4649827482681722e-01
   3.5272454928528002e-01
   3.5937129903368231e-01
   3.6644106771091256e-01
   3.7393623004504833e-01
   3.8185892393785281e-01
   3.9021097567165658e-01
   3.9899381781565002e-01
   4.0820839942229065e-01
   4.1785508813034744e-01
   4.2793356383148823e-01
   4.3844270361496229e-01
   4.4938045778279728e-01
   4.6074371682921056e-01
   4.7252816940599079e-01
   4.8472815145389969e-01
   4.9733648687211385e-01
   5.1034432032664223e-01
   5.2374094306740115e-01
   5.3751361293448152e-01
   5.5164737008841747e-01
   5.6612485039701088e-01
   5.8092609885078395e-01
   5.9602838585655027e-01
   6.1140602976735647e-01
   6.3100493893607146e-01
   6.5478683973732710e-01
   6.7872080087691544e-01
   7.0274306167844891e-01
   7.2678211968849493e-01
   7.5075862802609528e-01
   7.7458541413597659e-01
   7.9816764127393047e-01
   8.2140313343279736e-01
   8.4418288271022102e-01
   8.6639175514938127e-01
   8.8790940671888374e-01
   9.0861141527318778e-01
   9.2837062707862161e-01
   9.4705870794631097e-01
   9.6454787945930121e-01
   9.8071281063373483e-01
   9.9543262516310760e-01
   1.0085929748196223e+00
   1.0200881213543904e+00
   1.0298229630849454e+00
   1.0377149389591198e+00
   1.0436957427764253e+00
   1.0477127837601483e+00
   1.0497303368677997e+00
   1.0497303368677997e+00
   1.0477127837601483e+00
   1.0436957427764253e+00
   1.0377149389591198e+00
   1.0298229630849454e+00
   1.0200881213543904e+00
   1.0085929748196221e+00
   9.9543262516310760e-01
   9.8071281063373472e-01
   9.6454787945930098e-01
   9.4705870794631086e-01
   9.2837062707862150e-01
   9.0861141527318767e-01
   8.8790940671888352e-01
   8.6639175514938116e-01
   8.4418288271022091e-01
   8.2140313343279714e-01
   7.9816764127393036e-01
   7.7458541413597648e-01
   7.5075862802609505e-01
   7.2678211968849482e-01
   7.0274306167844880e-01
   6.7872080087691533e-01
   6.5478683973732699e-01
   6.3100493893607135e-01
