   5.6402919898727277e-01
   6.0472203112523004e-01
   6.4652115880805117e-01
   6.8939484695016928e-01
   7.3328800071279687e-01
   7.7811899758608116e-01
   8.2377645861809112e-01
   8.7011607878067654e-01
   9.1695767395157923e-01
   9.6408264183626391e-01
   1.0112320733912639e+00
   1.0581057856298259e+00
   1.1043625703835973e+00
   1.1496219597638411e+00
   1.1934677901733461e+00
   1.2354537955589480e+00
   1.2751113716990106e+00
   1.3119595247049376e+00
   1.3455168518803313e+00
   1.3753152116528504e+00
   1.4009145387680397e+00
   1.4219180749891749e+00
   1.4379871416075658e+00
   1.4488545050118420e+00
   1.4543354014020660e+00
   1.4543354014020660e+00
   1.4488545050118420e+00
   1.4379871416075658e+00
   1.4219180749891749e+00
   1.4009145387680395e+00
   1.3753152116528502e+00
   1.3455168518803311e+00
   1.3119595247049374e+00
   1.2751113716990101e+00
   1.2354537955589477e+00
   1.1934677901733457e+00
   1.1496219597638409e+00
   1.1043625703835969e+00
   1.0581057856298255e+00
   1.0112320733912634e+00
   9.6408264183626358e-01
   9.1695767395157901e-01
   8.7011607878067609e-01
   8.2377645861809090e-01
   7.7811899758608094e-01
   7.3328800071279676e-01
   6.8939484695016917e-01
   6.4652115880805094e-01
   6.0472203112523004e-01
   5.6402919898727266e-01
   5.3112675813044030e-01
   5.0599781339124761e-01
   4.8195929230827811e-01
   4.5899559387832067e-01
   4.3708687507739735e-01
   4.1620991965588955e-01
   3.9633889728471683e-01
   3.7744602198077004e-01
   3.5950211909565233e-01
   3.4247711013062565e-01
   3.2634042435152838e-01
   3.1106134570732136e-01
   2.9660930297266708e-01
   2.8295411039020801e-01
   2.7006616542031259e-01
   2.5791660954259238e-01
   2.4647745741354773e-01
   2.3572169908079219e-01
   2.2562337939395008e-01
   2.1615765823933128e-01
   2.0730085476096902e-01
   1.9903047831379947e-01
   1.9132524852361862e-01
   1.8416510650012904e-01
   1.7753121896058394e-01
   1.7140597676873548e-01
   1.6577298917346275e-01
   1.6061707484014298e-01
   1.5592425060226375e-01
   1.5168171871789524e-01
   1.4787785329263461e-01
   1.4450218642493456e-01
   1.4154539453900986e-01
   1.3899928529269578e-01
   1.3685678538083465e-01
   1.3511192949731851e-01
   1.3375985066931581e-01
   1.3279677213411101e-01
   1.3222000089117034e-01
   1.3202792302841057e-01
   1.3222000089117028e-01
   1.3279677213411092e-01
   1.3375985066931567e-01
   1.3511192949731832e-01
   1.3685678538083443e-01
   1.3899928529269548e-01
   1.4154539453900952e-01
   1.4450218642493418e-01
   1.4787785329263417e-01
   1.5168171871789474e-01
   1.5592425060226320e-01
   1.6061707484014234e-01
   1.6577298917346209e-01
   1.7140597676873479e-01
   1.7753121896058316e-01
   1.8416510650012818e-01
   1.9132524852361771e-01
   1.9903047831379847e-01
   2.0730085476096799e-01
   2.1615765823933025e-01
   2.2562337939394900e-01
   2.3572169908079105e-01
   2.4647745741354657e-01
   2.5791660954259110e-01
   2.7006616542031137e-01
   2.8295411039020674e-01
   2.9660930297266574e-01
   3.1106134570731991e-01
   3.2634042435152694e-01
   3.4247711013062415e-01
   3.5950211909565072e-01
   3.7744602198076838e-01
   3.9633889728471516e-01
   4.1620991965588783e-01
   4.3708687507739558e-01
   4.5899559387831895e-01
   4.8195929230827633e-01
   5.0599781339124572e-01
   5.3112675813043853e-01
   5.3112675813044030e-01
   5.0599781339124739e-01
   4.8195929230827811e-01
   4.5899559387832062e-01
   4.3708687507739730e-01
   4.1620991965588949e-01
   3.9633889728471677e-01
   3.7744602198076999e-01
   3.5950211909565227e-01
   3.4247711013062565e-01
   3.2634042435152838e-01
   3.1106134570732130e-01
   2.9660930297266713e-01
   2.8295411039020801e-01
   2.7006616542031264e-01
   2.5791660954259238e-01
   2.4647745741354773e-01
   2.3572169908079221e-01
   2.2562337939395014e-01
   2.1615765823933136e-01
   2.0730085476096910e-01
   1.9903047831379955e-01
   1.9132524852361874e-01
   1.8416510650012916e-01
   1.7753121896058408e-01
   1.7140597676873565e-01
   1.6577298917346292e-01
   1.6061707484014312e-01
   1.5592425060226395e-01
   1.5168171871789543e-01
   1.4787785329263481e-01
   1.4450218642493479e-01
   1.4154539453901011e-01
   1.3899928529269606e-01
   1.3685678538083496e-01
   1.3511192949731879e-01
   1.3375985066931614e-01
   1.3279677213411137e-01
   1.3222000089117067e-01
   1.3202792302841096e-01
   1.3222000089117067e-01
   1.3279677213411137e-01
   1.3375985066931614e-01
   1.3511192949731879e-01
   1.3685678538083493e-01
   1.3899928529269603e-01
   1.4154539453901008e-01
   1.4450218642493479e-01
   1.4787785329263481e-01
   1.5168171871789540e-01
   1.5592425060226389e-01
   1.6061707484014312e-01
   1.6577298917346286e-01
   1.7140597676873562e-01
   1.7753121896058402e-01
   1.8416510650012913e-01
   1.9132524852361868e-01
   1.9903047831379952e-01
   2.0730085476096902e-01
   2.1615765823933125e-01
   2.2562337939395000e-01
   2.3572169908079199e-01
   2.4647745741354748e-01
   2.5791660954259205e-01
   2.7006616542031225e-01
   2.8295411039020762e-01
   2.9660930297266663e-01
   3.1106134570732080e-01
   3.2634042435152777e-01
   3.4247711013062498e-01
   3.5950211909565161e-01
   3.7744602198076921e-01
   3.9633889728471594e-01
   4.1620991965588855e-01
   4.3708687507739619e-01
   4.5899559387831940e-01
   4.8195929230827667e-01
   5.0599781339124583e-01
   5.3112675813043853e-01
   5.3112675813044030e-01
   5.0599781339124750e-01
   4.8195929230827805e-01
   4.5899559387832056e-01
   4.3708687507739730e-01
   4.1620991965588949e-01
   3.9633889728471683e-01
   3.7744602198076999e-01
   3.5950211909565227e-01
   3.4247711013062565e-01
   3.2634042435152838e-01
   3.1106134570732136e-01
   2.9660930297266708e-01
   2.8295411039020807e-01
   2.7006616542031264e-01
   2.5791660954259238e-01
   2.4647745741354776e-01
   2.3572169908079221e-01
   2.2562337939395014e-01
   2.1615765823933136e-01
   2.0730085476096910e-01
   1.9903047831379955e-01
   1.9132524852361871e-01
   1.8416510650012913e-01
   1.7753121896058408e-01
   1.7140597676873562e-01
   1.6577298917346286e-01
   1.6061707484014312e-01
   1.5592425060226392e-01
   1.5168171871789538e-01
   1.4787785329263481e-01
   1.4450218642493473e-01
   1.4154539453901008e-01
   1.3899928529269601e-01
   1.3685678538083490e-01
   1.3511192949731873e-01
   1.3375985066931609e-01
   1.3279677213411131e-01
   1.3222000089117061e-01
   1.3202792302841090e-01
   1.3222000089117059e-01
   1.3279677213411129e-01
   1.3375985066931606e-01
   1.3511192949731871e-01
   1.3685678538083484e-01
   1.3899928529269595e-01
   1.4154539453900999e-01
   1.4450218642493468e-01
   1.4787785329263470e-01
   1.5168171871789529e-01
   1.5592425060226378e-01
   1.6061707484014298e-01
   1.6577298917346273e-01
   1.7140597676873545e-01
   1.7753121896058388e-01
   1.8416510650012896e-01
   1.9132524852361851e-01
   1.9903047831379933e-01
   2.0730085476096882e-01
   2.1615765823933103e-01
   2.2562337939394975e-01
   2.3572169908079180e-01
   2.4647745741354726e-01
   2.5791660954259182e-01
   2.7006616542031198e-01
   2.8295411039020735e-01
   2.9660930297266630e-01
   3.1106134570732052e-01
   3.2634042435152744e-01
   3.4247711013062465e-01
   3.5950211909565122e-01
   3.7744602198076882e-01
   3.9633889728471555e-01
   4.1620991965588822e-01
   4.3708687507739591e-01
   4.5899559387831912e-01
   4.8195929230827650e-01
   5.0599781339124583e-01
   5.3112675813043853e-01
   5.6402919898727111e-01
   6.0472203112522849e-01
   6.4652115880804950e-01
   6.8939484695016762e-01
   7.3328800071279521e-01
   7.7811899758607939e-01
   8.2377645861808935e-01
   8.7011607878067487e-01
   9.1695767395157779e-01
   9.6408264183626258e-01
   1.0112320733912628e+00
   1.0581057856298250e+00
   1.1043625703835964e+00
   1.1496219597638404e+00
   1.1934677901733457e+00
   1.2354537955589480e+00
   1.2751113716990106e+00
   1.3119595247049378e+00
   1.3455168518803320e+00
   1.3753152116528511e+00
   1.4009145387680406e+00
   1.4219180749891760e+00
   1.4379871416075669e+00
   1.4488545050118435e+00
   1.4543354014020675e+00
   1.4543354014020675e+00
   1.4488545050118435e+00
   1.4379871416075674e+00
   1.4219180749891767e+00
   1.4009145387680411e+00
   1.3753152116528518e+00
   1.3455168518803327e+00
   1.3119595247049389e+00
   1.2751113716990115e+00
   1.2354537955589489e+00
   1.1934677901733468e+00
   1.1496219597638417e+00
   1.1043625703835975e+00
   1.0581057856298262e+00
   1.0112320733912639e+00
   9.6408264183626380e-01
   9.1695767395157912e-01
   8.7011607878067609e-01
   8.2377645861809057e-01
   7.7811899758608050e-01
   7.3328800071279610e-01
   6.8939484695016828e-01
   6.4652115880805006e-01
   6.0472203112522871e-01
   5.6402919898727122e-01
