   5.8941443662061954e-01
   6.2526240143728296e-01
   6.6184202324156183e-01
   6.9909639177055716e-01
   7.3695006436961275e-01
   7.7530729822858890e-01
   8.1405039107259525e-01
   8.5303822002469865e-01
   8.9210508490275942e-01
   9.3105997719290379e-01
   9.6968640748521306e-01
   1.0077429299888596e+00
   1.0449645003116981e+00
   1.0810647893897656e+00
   1.1157395499736329e+00
   1.1486710908499218e+00
   1.1795338576820915e+00
   1.2080010494417381e+00
   1.2337521194684939e+00
   1.2564809261338650e+00
   1.2759042178432296e+00
   1.2917700700177044e+00
   1.3038658473220126e+00
   1.3120252510915584e+00
   1.3161340352272612e+00
   1.3161340352272612e+00
   1.3120252510915584e+00
   1.3038658473220126e+00
   1.2917700700177042e+00
   1.2759042178432292e+00
   1.2564809261338643e+00
   1.2337521194684935e+00
   1.2080010494417377e+00
   1.1795338576820911e+00
   1.1486710908499211e+00
   1.1157395499736324e+00
   1.0810647893897649e+00
   1.0449645003116972e+00
   1.0077429299888587e+00
   9.6968640748521218e-01
   9.3105997719290301e-01
   8.9210508490275875e-01
   8.5303822002469798e-01
   8.1405039107259447e-01
   7.7530729822858824e-01
   7.3695006436961219e-01
   6.9909639177055671e-01
   6.6184202324156138e-01
   6.2526240143728273e-01
   5.8941443662061943e-01
   5.6025243839797711e-01
   5.3778910535041269e-01
   5.1612080759906809e-01
   4.9525279025035329e-01
   4.7518575544919928e-01
   4.5591651617565515e-01
   4.3743859262728702e-01
   4.1974275204946104e-01
   4.0281749396087918e-01
   3.8664948349182998e-01
   3.7122393606431875e-01
   3.5652495694758052e-01
   3.4253583936407683e-01
   3.2923932483807844e-01
   3.1661782940328870e-01
   3.0465363914392513e-01
   2.9332907835643746e-01
   2.8262665340340160e-01
   2.7252917510013008e-01
   2.6301986223810891e-01
   2.5408242861485869e-01
   2.4570115571250056e-01
   2.3786095295079906e-01
   2.3054740723708361e-01
   2.2374682334652596e-01
   2.1744625649235058e-01
   2.1163353828666384e-01
   2.0629729714831976e-01
   2.0142697408389962e-01
   1.9701283465060904e-01
   1.9304597780470381e-01
   1.8951834224490219e-01
   1.8642271077606890e-01
   1.8375271314320449e-01
   1.8150282771842152e-01
   1.7966838236313609e-01
   1.7824555473321144e-01
   1.7723137224534566e-01
   1.7662371187774512e-01
   1.7642129993624550e-01
   1.7662371187774509e-01
   1.7723137224534560e-01
   1.7824555473321138e-01
   1.7966838236313598e-01
   1.8150282771842138e-01
   1.8375271314320435e-01
   1.8642271077606870e-01
   1.8951834224490199e-01
   1.9304597780470356e-01
   1.9701283465060879e-01
   2.0142697408389934e-01
   2.0629729714831949e-01
   2.1163353828666359e-01
   2.1744625649235030e-01
   2.2374682334652574e-01
   2.3054740723708336e-01
   2.3786095295079890e-01
   2.4570115571250037e-01
   2.5408242861485858e-01
   2.6301986223810875e-01
   2.7252917510012997e-01
   2.8262665340340148e-01
   2.9332907835643734e-01
   3.0465363914392507e-01
   3.1661782940328859e-01
   3.2923932483807833e-01
   3.4253583936407678e-01
   3.5652495694758046e-01
   3.7122393606431875e-01
   3.8664948349182998e-01
   4.0281749396087918e-01
   4.1974275204946110e-01
   4.3743859262728713e-01
   4.5591651617565537e-01
   4.7518575544919961e-01
   4.9525279025035374e-01
   5.1612080759906864e-01
   5.3778910535041335e-01
   5.6025243839797789e-01
   5.6025243839797711e-01
   5.3778910535041269e-01
   5.1612080759906809e-01
   4.9525279025035329e-01
   4.7518575544919928e-01
   4.5591651617565515e-01
   4.3743859262728707e-01
   4.1974275204946104e-01
   4.0281749396087924e-01
   3.8664948349183009e-01
   3.7122393606431886e-01
   3.5652495694758063e-01
   3.4253583936407694e-01
   3.2923932483807855e-01
   3.1661782940328881e-01
   3.0465363914392529e-01
   2.9332907835643762e-01
   2.8262665340340176e-01
   2.7252917510013031e-01
   2.6301986223810914e-01
   2.5408242861485891e-01
   2.4570115571250079e-01
   2.3786095295079931e-01
   2.3054740723708386e-01
   2.2374682334652624e-01
   2.1744625649235086e-01
   2.1163353828666417e-01
   2.0629729714832010e-01
   2.0142697408389995e-01
   1.9701283465060940e-01
   1.9304597780470420e-01
   1.8951834224490260e-01
   1.8642271077606934e-01
   1.8375271314320496e-01
   1.8150282771842202e-01
   1.7966838236313659e-01
   1.7824555473321196e-01
   1.7723137224534621e-01
   1.7662371187774570e-01
   1.7642129993624611e-01
   1.7662371187774573e-01
   1.7723137224534630e-01
   1.7824555473321210e-01
   1.7966838236313673e-01
   1.8150282771842219e-01
   1.8375271314320518e-01
   1.8642271077606959e-01
   1.8951834224490291e-01
   1.9304597780470453e-01
   1.9701283465060979e-01
   2.0142697408390037e-01
   2.0629729714832057e-01
   2.1163353828666462e-01
   2.1744625649235136e-01
   2.2374682334652674e-01
   2.3054740723708439e-01
   2.3786095295079987e-01
   2.4570115571250134e-01
   2.5408242861485952e-01
   2.6301986223810975e-01
   2.7252917510013092e-01
   2.8262665340340243e-01
   2.9332907835643834e-01
   3.0465363914392607e-01
   3.1661782940328964e-01
   3.2923932483807938e-01
   3.4253583936407783e-01
   3.5652495694758146e-01
   3.7122393606431975e-01
   3.8664948349183104e-01
   4.0281749396088024e-01
   4.1974275204946210e-01
   4.3743859262728801e-01
   4.5591651617565609e-01
   4.7518575544920022e-01
   4.9525279025035424e-01
   5.1612080759906909e-01
   5.3778910535041369e-01
   5.6025243839797811e-01
   5.6025243839797711e-01
   5.3778910535041269e-01
   5.1612080759906809e-01
   4.9525279025035329e-01
   4.7518575544919933e-01
   4.5591651617565521e-01
   4.3743859262728707e-01
   4.1974275204946115e-01
   4.0281749396087924e-01
   3.8664948349183009e-01
   3.7122393606431886e-01
   3.5652495694758057e-01
   3.4253583936407694e-01
   3.2923932483807855e-01
   3.1661782940328881e-01
   3.0465363914392529e-01
   2.9332907835643762e-01
   2.8262665340340176e-01
   2.7252917510013025e-01
   2.6301986223810908e-01
   2.5408242861485891e-01
   2.4570115571250073e-01
   2.3786095295079929e-01
   2.3054740723708381e-01
   2.2374682334652618e-01
   2.1744625649235078e-01
   2.1163353828666406e-01
   2.0629729714832004e-01
   2.0142697408389987e-01
   1.9701283465060934e-01
   1.9304597780470409e-01
   1.8951834224490252e-01
   1.8642271077606920e-01
   1.8375271314320485e-01
   1.8150282771842188e-01
   1.7966838236313648e-01
   1.7824555473321185e-01
   1.7723137224534607e-01
   1.7662371187774556e-01
   1.7642129993624595e-01
   1.7662371187774559e-01
   1.7723137224534613e-01
   1.7824555473321194e-01
   1.7966838236313656e-01
   1.8150282771842199e-01
   1.8375271314320499e-01
   1.8642271077606937e-01
   1.8951834224490269e-01
   1.9304597780470431e-01
   1.9701283465060954e-01
   2.0142697408390012e-01
   2.0629729714832029e-01
   2.1163353828666434e-01
   2.1744625649235108e-01
   2.2374682334652643e-01
   2.3054740723708408e-01
   2.3786095295079954e-01
   2.4570115571250103e-01
   2.5408242861485919e-01
   2.6301986223810941e-01
   2.7252917510013058e-01
   2.8262665340340204e-01
   2.9332907835643790e-01
   3.0465363914392563e-01
   3.1661782940328914e-01
   3.2923932483807888e-01
   3.4253583936407733e-01
   3.5652495694758102e-01
   3.7122393606431919e-01
   3.8664948349183043e-01
   4.0281749396087962e-01
   4.1974275204946149e-01
   4.3743859262728757e-01
   4.5591651617565571e-01
   4.7518575544919983e-01
   4.9525279025035390e-01
   5.1612080759906875e-01
   5.3778910535041347e-01
   5.6025243839797789e-01
   5.8941443662062054e-01
   6.2526240143728384e-01
   6.6184202324156249e-01
   6.9909639177055760e-01
   7.3695006436961308e-01
   7.7530729822858913e-01
   8.1405039107259525e-01
   8.5303822002469865e-01
   8.9210508490275919e-01
   9.3105997719290345e-01
   9.6968640748521273e-01
   1.0077429299888592e+00
   1.0449645003116976e+00
   1.0810647893897651e+00
   1.1157395499736324e+00
   1.1486710908499211e+00
   1.1795338576820908e+00
   1.2080010494417373e+00
   1.2337521194684933e+00
   1.2564809261338643e+00
   1.2759042178432287e+00
   1.2917700700177037e+00
   1.3038658473220119e+00
   1.3120252510915575e+00
   1.3161340352272606e+00
   1.3161340352272606e+00
   1.3120252510915578e+00
   1.3038658473220122e+00
   1.2917700700177037e+00
   1.2759042178432287e+00
   1.2564809261338641e+00
   1.2337521194684933e+00
   1.2080010494417375e+00
   1.1795338576820911e+00
   1.1486710908499211e+00
   1.1157395499736324e+00
   1.0810647893897651e+00
   1.0449645003116976e+00
   1.0077429299888592e+00
   9.6968640748521273e-01
   9.3105997719290368e-01
   8.9210508490275919e-01
   8.5303822002469865e-01
   8.1405039107259525e-01
   7.7530729822858901e-01
   7.3695006436961297e-01
   6.9909639177055760e-01
   6.6184202324156249e-01
   6.2526240143728384e-01
   5.8941443662062054e-01
