   6.0559416157990265e-01
   6.3755756952373266e-01
   6.7001940845338404e-01
   7.0291404883029707e-01
   7.3616115470942667e-01
   7.6966468792444553e-01
   8.0331206291114865e-01
   8.3697351510372209e-01
   8.7050175282910425e-01
   9.0373196753888996e-01
   9.3648227899354564e-01
   9.6855468950038193e-01
   9.9973661336829089e-01
   1.0298030333969737e+00
   1.0585193148165291e+00
   1.0856446785155340e+00
   1.1109363002465473e+00
   1.1341539622577059e+00
   1.1550651408918562e+00
   1.1734503714295537e+00
   1.1891086938074413e+00
   1.2018629540857582e+00
   1.2115647207045799e+00
   1.2180985748702484e+00
   1.2213855526664770e+00
   1.2213855526664770e+00
   1.2180985748702482e+00
   1.2115647207045797e+00
   1.2018629540857577e+00
   1.1891086938074409e+00
   1.1734503714295530e+00
   1.1550651408918555e+00
   1.1341539622577053e+00
   1.1109363002465467e+00
   1.0856446785155331e+00
   1.0585193148165279e+00
   1.0298030333969728e+00
   9.9973661336828978e-01
   9.6855468950038082e-01
   9.3648227899354453e-01
   9.0373196753888874e-01
   8.7050175282910303e-01
   8.3697351510372076e-01
   8.0331206291114754e-01
   7.6966468792444453e-01
   7.3616115470942589e-01
   7.0291404883029651e-01
   6.7001940845338370e-01
   6.3755756952373244e-01
   6.0559416157990265e-01
   5.7947768776699693e-01
   5.5923501612566906e-01
   5.3959026228308005e-01
   5.2055926223939475e-01
   5.0215358737018589e-01
   4.8438102404959404e-01
   4.6724602593986730e-01
   4.5075013664754504e-01
   4.3489238152890647e-01
   4.1966962830022353e-01
   4.0507691679535912e-01
   3.9110775873864584e-01
   3.7775440878852201e-01
   3.6500810837947667e-01
   3.5285930406689625e-01
   3.4129784217966608e-01
   3.3031314162478220e-01
   3.1989434668047401e-01
   3.1003046157095926e-01
   3.0071046854655986e-01
   2.9192343110535640e-01
   2.8365858389317583e-01
   2.7590541071250790e-01
   2.6865371196183380e-01
   2.6189366271777997e-01
   2.5561586256568702e-01
   2.4981137818115914e-01
   2.4447177956700331e-01
   2.3958917075732122e-01
   2.3515621571372919e-01
   2.3116616005783430e-01
   2.2761284920910249e-01
   2.2449074342787914e-01
   2.2179493019922888e-01
   2.1952113433404710e-01
   2.1766572610909438e-01
   2.1622572771673804e-01
   2.1519881824773213e-01
   2.1458333738581414e-01
   2.1437828795071179e-01
   2.1458333738581403e-01
   2.1519881824773199e-01
   2.1622572771673779e-01
   2.1766572610909407e-01
   2.1952113433404671e-01
   2.2179493019922839e-01
   2.2449074342787850e-01
   2.2761284920910180e-01
   2.3116616005783353e-01
   2.3515621571372836e-01
   2.3958917075732025e-01
   2.4447177956700231e-01
   2.4981137818115806e-01
   2.5561586256568580e-01
   2.6189366271777864e-01
   2.6865371196183235e-01
   2.7590541071250640e-01
   2.8365858389317422e-01
   2.9192343110535468e-01
   3.0071046854655797e-01
   3.1003046157095732e-01
   3.1989434668047195e-01
   3.3031314162477998e-01
   3.4129784217966380e-01
   3.5285930406689386e-01
   3.6500810837947412e-01
   3.7775440878851940e-01
   3.9110775873864306e-01
   4.0507691679535623e-01
   4.1966962830022048e-01
   4.3489238152890325e-01
   4.5075013664754182e-01
   4.6724602593986392e-01
   4.8438102404959060e-01
   5.0215358737018223e-01
   5.2055926223939086e-01
   5.3959026228307616e-01
   5.5923501612566495e-01
   5.7947768776699282e-01
   5.7947768776699693e-01
   5.5923501612566917e-01
   5.3959026228308016e-01
   5.2055926223939475e-01
   5.0215358737018601e-01
   4.8438102404959410e-01
   4.6724602593986742e-01
   4.5075013664754510e-01
   4.3489238152890652e-01
   4.1966962830022358e-01
   4.0507691679535918e-01
   3.9110775873864589e-01
   3.7775440878852207e-01
   3.6500810837947667e-01
   3.5285930406689631e-01
   3.4129784217966613e-01
   3.3031314162478220e-01
   3.1989434668047406e-01
   3.1003046157095931e-01
   3.0071046854655986e-01
   2.9192343110535646e-01
   2.8365858389317589e-01
   2.7590541071250790e-01
   2.6865371196183380e-01
   2.6189366271778003e-01
   2.5561586256568702e-01
   2.4981137818115917e-01
   2.4447177956700336e-01
   2.3958917075732128e-01
   2.3515621571372919e-01
   2.3116616005783433e-01
   2.2761284920910249e-01
   2.2449074342787914e-01
   2.2179493019922888e-01
   2.1952113433404716e-01
   2.1766572610909443e-01
   2.1622572771673806e-01
   2.1519881824773215e-01
   2.1458333738581412e-01
   2.1437828795071176e-01
   2.1458333738581406e-01
   2.1519881824773196e-01
   2.1622572771673781e-01
   2.1766572610909407e-01
   2.1952113433404671e-01
   2.2179493019922841e-01
   2.2449074342787856e-01
   2.2761284920910183e-01
   2.3116616005783353e-01
   2.3515621571372833e-01
   2.3958917075732031e-01
   2.4447177956700231e-01
   2.4981137818115809e-01
   2.5561586256568580e-01
   2.6189366271777870e-01
   2.6865371196183241e-01
   2.7590541071250646e-01
   2.8365858389317422e-01
   2.9192343110535468e-01
   3.0071046854655803e-01
   3.1003046157095737e-01
   3.1989434668047201e-01
   3.3031314162478004e-01
   3.4129784217966386e-01
   3.5285930406689392e-01
   3.6500810837947412e-01
   3.7775440878851946e-01
   3.9110775873864312e-01
   4.0507691679535629e-01
   4.1966962830022048e-01
   4.3489238152890336e-01
   4.5075013664754182e-01
   4.6724602593986397e-01
   4.8438102404959055e-01
   5.0215358737018223e-01
   5.2055926223939097e-01
   5.3959026228307616e-01
   5.5923501612566506e-01
   5.7947768776699282e-01
   5.7947768776699693e-01
   5.5923501612566906e-01
   5.3959026228308016e-01
   5.2055926223939475e-01
   5.0215358737018589e-01
   4.8438102404959410e-01
   4.6724602593986736e-01
   4.5075013664754504e-01
   4.3489238152890652e-01
   4.1966962830022347e-01
   4.0507691679535912e-01
   3.9110775873864584e-01
   3.7775440878852207e-01
   3.6500810837947667e-01
   3.5285930406689631e-01
   3.4129784217966608e-01
   3.3031314162478220e-01
   3.1989434668047406e-01
   3.1003046157095926e-01
   3.0071046854655986e-01
   2.9192343110535640e-01
   2.8365858389317583e-01
   2.7590541071250790e-01
   2.6865371196183380e-01
   2.6189366271777997e-01
   2.5561586256568702e-01
   2.4981137818115917e-01
   2.4447177956700333e-01
   2.3958917075732120e-01
   2.3515621571372916e-01
   2.3116616005783427e-01
   2.2761284920910246e-01
   2.2449074342787911e-01
   2.2179493019922886e-01
   2.1952113433404710e-01
   2.1766572610909440e-01
   2.1622572771673801e-01
   2.1519881824773213e-01
   2.1458333738581412e-01
   2.1437828795071176e-01
   2.1458333738581403e-01
   2.1519881824773196e-01
   2.1622572771673779e-01
   2.1766572610909407e-01
   2.1952113433404671e-01
   2.2179493019922836e-01
   2.2449074342787850e-01
   2.2761284920910180e-01
   2.3116616005783350e-01
   2.3515621571372830e-01
   2.3958917075732028e-01
   2.4447177956700222e-01
   2.4981137818115803e-01
   2.5561586256568575e-01
   2.6189366271777859e-01
   2.6865371196183235e-01
   2.7590541071250635e-01
   2.8365858389317417e-01
   2.9192343110535462e-01
   3.0071046854655797e-01
   3.1003046157095732e-01
   3.1989434668047190e-01
   3.3031314162477993e-01
   3.4129784217966380e-01
   3.5285930406689386e-01
   3.6500810837947406e-01
   3.7775440878851935e-01
   3.9110775873864306e-01
   4.0507691679535623e-01
   4.1966962830022048e-01
   4.3489238152890325e-01
   4.5075013664754171e-01
   4.6724602593986386e-01
   4.8438102404959049e-01
   5.0215358737018212e-01
   5.2055926223939086e-01
   5.3959026228307605e-01
   5.5923501612566495e-01
   5.7947768776699271e-01
   6.0559416157989865e-01
   6.3755756952372900e-01
   6.7001940845338059e-01
   7.0291404883029396e-01
   7.3616115470942378e-01
   7.6966468792444287e-01
   8.0331206291114632e-01
   8.3697351510372009e-01
   8.7050175282910280e-01
   9.0373196753888907e-01
   9.3648227899354530e-01
   9.6855468950038204e-01
   9.9973661336829145e-01
   1.0298030333969748e+00
   1.0585193148165306e+00
   1.0856446785155363e+00
   1.1109363002465500e+00
   1.1341539622577090e+00
   1.1550651408918595e+00
   1.1734503714295574e+00
   1.1891086938074453e+00
   1.2018629540857626e+00
   1.2115647207045843e+00
   1.2180985748702533e+00
   1.2213855526664816e+00
   1.2213855526664819e+00
   1.2180985748702533e+00
   1.2115647207045843e+00
   1.2018629540857626e+00
   1.1891086938074455e+00
   1.1734503714295574e+00
   1.1550651408918595e+00
   1.1341539622577090e+00
   1.1109363002465500e+00
   1.0856446785155363e+00
   1.0585193148165306e+00
   1.0298030333969748e+00
   9.9973661336829156e-01
   9.6855468950038215e-01
   9.3648227899354541e-01
   9.0373196753888907e-01
   8.7050175282910280e-01
   8.3697351510372020e-01
   8.0331206291114643e-01
   7.6966468792444287e-01
   7.3616115470942378e-01
   7.0291404883029396e-01
   6.7001940845338059e-01
   6.3755756952372900e-01
   6.0559416157989876e-01
