   6.9088300832219907e-01
   7.0645218343147143e-01
   7.2139006219090795e-01
   7.3537556626066514e-01
   7.4809058708829690e-01
   7.5923094313966644e-01
   7.6851820333069820e-01
   7.7571161573870562e-01
   7.8061924525830528e-01
   7.8310738485799303e-01
   7.8310738485799303e-01
   7.8061924525830528e-01
   7.7571161573870562e-01
   7.6851820333069809e-01
   7.5923094313966633e-01
   7.4809058708829679e-01
   7.3537556626066503e-01
   7.2139006219090784e-01
   7.0645218343147120e-01
   6.9088300832219895e-01
   6.6894916177606567e-01
   6.4106224101479903e-01
   6.1374723030155109e-01
   5.8741185197251589e-01
   5.6239574181287977e-01
   5.3897498782783548e-01
   5.1736871991067346e-01
   4.9774674404140895e-01
   4.8023744763165882e-01
   4.6493542563865375e-01
   4.5190846747671770e-01
   4.4120369366341322e-01
   4.3285273857466494e-01
   4.2687594655137234e-01
   4.2328558980185704e-01
   4.2208813521444527e-01
   4.2328558980185699e-01
   4.2687594655137229e-01
   4.3285273857466489e-01
   4.4120369366341311e-01
   4.5190846747671753e-01
   4.6493542563865353e-01
   4.8023744763165860e-01
   4.9774674404140873e-01
   5.1736871991067324e-01
   5.3897498782783515e-01
   5.6239574181287932e-01
   5.8741185197251555e-01
   6.1374723030155065e-01
   6.4106224101479858e-01
   6.6894916177606545e-01
   6.8188592270417969e-01
   6.7962959444236237e-01
   6.7726853355894079e-01
   6.7484767174904736e-01
   6.7241259562483990e-01
   6.7000866774663204e-01
   6.6768018841952126e-01
   6.6546961259416382e-01
   6.6341683264721452e-01
   6.6155853443886181e-01
   6.5992763104147578e-01
   6.5855277603942342e-01
   6.5745795639440019e-01
   6.5666216357915297e-01
   6.5617914098466446e-01
   6.5601720544242703e-01
   6.5617914098466446e-01
   6.5666216357915297e-01
   6.5745795639440008e-01
   6.5855277603942342e-01
   6.5992763104147567e-01
   6.6155853443886170e-01
   6.6341683264721441e-01
   6.6546961259416371e-01
   6.6768018841952104e-01
   6.7000866774663193e-01
   6.7241259562483979e-01
   6.7484767174904714e-01
   6.7726853355894079e-01
   6.7962959444236215e-01
   6.8188592270417958e-01
   6.8188592270417969e-01
   6.7962959444236248e-01
   6.7726853355894101e-01
   6.7484767174904758e-01
   6.7241259562484024e-01
   6.7000866774663248e-01
   6.6768018841952159e-01
   6.6546961259416437e-01
   6.6341683264721507e-01
   6.6155853443886248e-01
   6.5992763104147645e-01
   6.5855277603942408e-01
   6.5745795639440086e-01
   6.5666216357915352e-01
   6.5617914098466490e-01
   6.5601720544242748e-01
   6.5617914098466479e-01
   6.5666216357915330e-01
   6.5745795639440052e-01
   6.5855277603942386e-01
   6.5992763104147611e-01
   6.6155853443886203e-01
   6.6341683264721474e-01
   6.6546961259416404e-01
   6.6768018841952126e-01
   6.7000866774663215e-01
   6.7241259562484001e-01
   6.7484767174904736e-01
   6.7726853355894090e-01
   6.7962959444236226e-01
   6.8188592270417958e-01
   6.9088300832219907e-01
   7.0645218343147154e-01
   7.2139006219090829e-01
   7.3537556626066569e-01
   7.4809058708829757e-01
   7.5923094313966732e-01
   7.6851820333069920e-01
   7.7571161573870673e-01
   7.8061924525830639e-01
   7.8310738485799436e-01
   7.8310738485799436e-01
   7.8061924525830639e-01
   7.7571161573870684e-01
   7.6851820333069920e-01
   7.5923094313966744e-01
   7.4809058708829757e-01
   7.3537556626066580e-01
   7.2139006219090829e-01
   7.0645218343147154e-01
   6.9088300832219907e-01
