   6.5314857585791786e-01
   6.6883059468016537e-01
   6.8376528542630366e-01
   6.9765971119506864e-01
   7.1022491421871770e-01
   7.2118567189206062e-01
   7.3029092452397992e-01
   7.3732421424427996e-01
   7.4211337077489781e-01
   7.4453865645671025e-01
   7.4453865645671025e-01
   7.4211337077489781e-01
   7.3732421424427985e-01
   7.3029092452397981e-01
   7.2118567189206051e-01
   7.1022491421871758e-01
   6.9765971119506853e-01
   6.8376528542630355e-01
   6.6883059468016504e-01
   6.5314857585791775e-01
   6.3872895561708964e-01
   6.2581413996491364e-01
   6.1289704604100503e-01
   6.0017915300616054e-01
   5.8784651859094561e-01
   5.7606813624170972e-01
   5.6499511419001480e-01
   5.5476052557811062e-01
   5.4547977131268643e-01
   5.3725130226444384e-01
   5.3015756072563358e-01
   5.2426601910904902e-01
   5.1963021389596520e-01
   5.1629069281618034e-01
   5.1427581194210537e-01
   5.1360233622608675e-01
   5.1427581194210537e-01
   5.1629069281618034e-01
   5.1963021389596509e-01
   5.2426601910904902e-01
   5.3015756072563358e-01
   5.3725130226444384e-01
   5.4547977131268643e-01
   5.5476052557811051e-01
   5.6499511419001480e-01
   5.7606813624170972e-01
   5.8784651859094550e-01
   6.0017915300616043e-01
   6.1289704604100492e-01
   6.2581413996491353e-01
   6.3872895561708953e-01
   6.4007383918978022e-01
   6.2982572338885212e-01
   6.1951015072171023e-01
   6.0929221979150605e-01
   5.9932745660660536e-01
   5.8975998177983724e-01
   5.8072126694557891e-01
   5.7232940417585254e-01
   5.6468879800367489e-01
   5.5789018438550386e-01
   5.5201088263796971e-01
   5.4711519309656376e-01
   5.4325486318454497e-01
   5.4046955629741245e-01
   5.3878727033444607e-01
   5.3822466515394207e-01
   5.3878727033444607e-01
   5.4046955629741245e-01
   5.4325486318454497e-01
   5.4711519309656376e-01
   5.5201088263796971e-01
   5.5789018438550386e-01
   5.6468879800367477e-01
   5.7232940417585254e-01
   5.8072126694557891e-01
   5.8975998177983713e-01
   5.9932745660660525e-01
   6.0929221979150605e-01
   6.1951015072171023e-01
   6.2982572338885212e-01
   6.4007383918978011e-01
   6.4007383918978011e-01
   6.2982572338885212e-01
   6.1951015072171023e-01
   6.0929221979150616e-01
   5.9932745660660536e-01
   5.8975998177983724e-01
   5.8072126694557902e-01
   5.7232940417585265e-01
   5.6468879800367500e-01
   5.5789018438550397e-01
   5.5201088263796994e-01
   5.4711519309656398e-01
   5.4325486318454519e-01
   5.4046955629741267e-01
   5.3878727033444629e-01
   5.3822466515394241e-01
   5.3878727033444629e-01
   5.4046955629741267e-01
   5.4325486318454519e-01
   5.4711519309656398e-01
   5.5201088263797005e-01
   5.5789018438550408e-01
   5.6468879800367511e-01
   5.7232940417585287e-01
   5.8072126694557913e-01
   5.8975998177983735e-01
   5.9932745660660547e-01
   6.0929221979150627e-01
   6.1951015072171034e-01
   6.2982572338885223e-01
   6.4007383918978022e-01
   6.5314857585791797e-01
   6.6883059468016559e-01
   6.8376528542630433e-01
   6.9765971119506942e-01
   7.1022491421871892e-01
   7.2118567189206184e-01
   7.3029092452398126e-01
   7.3732421424428141e-01
   7.4211337077489936e-01
   7.4453865645671191e-01
   7.4453865645671191e-01
   7.4211337077489936e-01
   7.3732421424428141e-01
   7.3029092452398114e-01
   7.2118567189206184e-01
   7.1022491421871881e-01
   6.9765971119506942e-01
   6.8376528542630421e-01
   6.6883059468016570e-01
   6.5314857585791797e-01
