   6.5365677045778603e-01
   6.6901425392555436e-01
   6.8363640257313307e-01
   6.9723671650713126e-01
   7.0953298086639938e-01
   7.2025672760949100e-01
   7.2916332035788445e-01
   7.3604202730933255e-01
   7.4072535079686730e-01
   7.4309686214189985e-01
   7.4309686214189985e-01
   7.4072535079686719e-01
   7.3604202730933244e-01
   7.2916332035788434e-01
   7.2025672760949089e-01
   7.0953298086639927e-01
   6.9723671650713115e-01
   6.8363640257313285e-01
   6.6901425392555425e-01
   6.5365677045778592e-01
   6.3893508258117093e-01
   6.2509716798923232e-01
   6.1128335364010922e-01
   5.9770755134194586e-01
   5.8456597914179886e-01
   5.7203564404977592e-01
   5.6027372884470450e-01
   5.4941770104419285e-01
   5.3958595883764848e-01
   5.3087883893743826e-01
   5.2337982994761156e-01
   5.1715685779952147e-01
   5.1226353388997126e-01
   5.0874027964493884e-01
   5.0661526210743280e-01
   5.0590509334687739e-01
   5.0661526210743280e-01
   5.0874027964493873e-01
   5.1226353388997126e-01
   5.1715685779952136e-01
   5.2337982994761145e-01
   5.3087883893743826e-01
   5.3958595883764837e-01
   5.4941770104419274e-01
   5.6027372884470439e-01
   5.7203564404977580e-01
   5.8456597914179864e-01
   5.9770755134194575e-01
   6.1128335364010900e-01
   6.2509716798923221e-01
   6.3893508258117071e-01
   6.4114856914739426e-01
   6.3169960303488459e-01
   6.2216732384076789e-01
   6.1270573190407174e-01
   6.0346079540954956e-01
   5.9456860988130211e-01
   5.8615407952742049e-01
   5.7833006224935191e-01
   5.7119690530799661e-01
   5.6484229159428490e-01
   5.5934131576910917e-01
   5.5475671365924561e-01
   5.5113917574440008e-01
   5.4852768508589278e-01
   5.4694983065619196e-01
   5.4642205805637689e-01
   5.4694983065619196e-01
   5.4852768508589278e-01
   5.5113917574440019e-01
   5.5475671365924573e-01
   5.5934131576910928e-01
   5.6484229159428501e-01
   5.7119690530799672e-01
   5.7833006224935213e-01
   5.8615407952742071e-01
   5.9456860988130222e-01
   6.0346079540954978e-01
   6.1270573190407185e-01
   6.2216732384076812e-01
   6.3169960303488482e-01
   6.4114856914739449e-01
   6.4114856914739438e-01
   6.3169960303488470e-01
   6.2216732384076789e-01
   6.1270573190407174e-01
   6.0346079540954956e-01
   5.9456860988130211e-01
   5.8615407952742049e-01
   5.7833006224935191e-01
   5.7119690530799661e-01
   5.6484229159428490e-01
   5.5934131576910928e-01
   5.5475671365924573e-01
   5.5113917574440008e-01
   5.4852768508589278e-01
   5.4694983065619196e-01
   5.4642205805637700e-01
   5.4694983065619196e-01
   5.4852768508589278e-01
   5.5113917574440019e-01
   5.5475671365924584e-01
   5.5934131576910928e-01
   5.6484229159428501e-01
   5.7119690530799672e-01
   5.7833006224935213e-01
   5.8615407952742060e-01
   5.9456860988130233e-01
   6.0346079540954978e-01
   6.1270573190407185e-01
   6.2216732384076812e-01
   6.3169960303488482e-01
   6.4114856914739449e-01
   6.5365677045778614e-01
   6.6901425392555447e-01
   6.8363640257313352e-01
   6.9723671650713215e-01
   7.0953298086640038e-01
   7.2025672760949211e-01
   7.2916332035788578e-01
   7.3604202730933399e-01
   7.4072535079686896e-01
   7.4309686214190163e-01
   7.4309686214190163e-01
   7.4072535079686908e-01
   7.3604202730933410e-01
   7.2916332035788600e-01
   7.2025672760949222e-01
   7.0953298086640060e-01
   6.9723671650713226e-01
   6.8363640257313374e-01
   6.6901425392555469e-01
   6.5365677045778625e-01
