   8.2076274678015193e-01
   8.5054320939465522e-01
   8.8063106682417835e-01
   9.1011979879276927e-01
   9.3802812961955917e-01
   9.6333995128293426e-01
   9.8505794441768069e-01
   1.0022674277540360e+00
   1.0142040674247086e+00
   1.0203168301032188e+00
   1.0203168301032188e+00
   1.0142040674247084e+00
   1.0022674277540360e+00
   9.8505794441768046e-01
   9.6333995128293404e-01
   9.3802812961955906e-01
   9.1011979879276905e-01
   8.8063106682417802e-01
   8.5054320939465500e-01
   8.2076274678015171e-01
   7.7330964688262271e-01
   7.0934939154756083e-01
   6.4886148096046958e-01
   5.9264476963027202e-01
   5.4117880638995108e-01
   4.9469968416796428e-01
   4.5326834014994538e-01
   4.1682768629568834e-01
   3.8524796097438974e-01
   3.5836132374612045e-01
   3.3598740821279222e-01
   3.1795168068346458e-01
   3.0409829440889152e-01
   2.9429884890625307e-01
   2.8845815508707828e-01
   2.8651781403426640e-01
   2.8845815542743342e-01
   2.9429884959040198e-01
   3.0409829544360278e-01
   3.1795168207860114e-01
   3.3598740998091181e-01
   3.5836132590185288e-01
   3.8524796353350860e-01
   4.1682768927376573e-01
   4.5326834356045459e-01
   4.9469968801967168e-01
   5.4117881068343510e-01
   5.9264477435343899e-01
   6.4886148608303273e-01
   7.0934939701464117e-01
   7.7330965260797335e-01
   8.0846347774185634e-01
   8.1399110462090396e-01
   8.2083812121079303e-01
   8.2882689720167424e-01
   8.3774418432745845e-01
   8.4734424667578268e-01
   8.5735335362005294e-01
   8.6747586155507717e-01
   8.7740201082804659e-01
   8.8681741359316402e-01
   8.9541401470727511e-01
   9.0290208979367947e-01
   9.0902263138773465e-01
   9.1355930225369486e-01
   9.1634904215627777e-01
   9.1729043043609260e-01
   9.1634904483439694e-01
   9.1355930751214898e-01
   9.0902263903617986e-01
   9.0290209955915679e-01
   8.9541402624794597e-01
   8.8681742651462592e-01
   8.7740202470090756e-01
   8.6747587593252928e-01
   8.5735336805438134e-01
   8.4734426073303093e-01
   8.3774419759978636e-01
   8.2882690931724534e-01
   8.2083813184127286e-01
   8.1399111348683773e-01
   8.0846348461629047e-01
   8.0846347774185634e-01
   8.1399110462090396e-01
   8.2083812121079291e-01
   8.2882689720167413e-01
   8.3774418432745823e-01
   8.4734424667578256e-01
   8.5735335362005283e-01
   8.6747586155507728e-01
   8.7740201082804659e-01
   8.8681741359316413e-01
   8.9541401470727511e-01
   9.0290208979367959e-01
   9.0902263138773476e-01
   9.1355930225369497e-01
   9.1634904215627799e-01
   9.1729043043609282e-01
   9.1634904483439716e-01
   9.1355930751214909e-01
   9.0902263903618008e-01
   9.0290209955915690e-01
   8.9541402624794608e-01
   8.8681742651462603e-01
   8.7740202470090767e-01
   8.6747587593252928e-01
   8.5735336805438134e-01
   8.4734426073303093e-01
   8.3774419759978636e-01
   8.2882690931724534e-01
   8.2083813184127286e-01
   8.1399111348683750e-01
   8.0846348461629047e-01
   8.2076275153841283e-01
   8.5054321196248373e-01
   8.8063106712819750e-01
   9.1011979682334143e-01
   9.3802812544535663e-01
   9.6333994506242615e-01
   9.8505793640498440e-01
   1.0022674182968263e+00
   1.0142040569527444e+00
   1.0203168191074967e+00
   1.0203168191074967e+00
   1.0142040569527444e+00
   1.0022674182968261e+00
   9.8505793640498440e-01
   9.6333994506242593e-01
   9.3802812544535652e-01
   9.1011979682334121e-01
   8.8063106712819728e-01
   8.5054321196248373e-01
   8.2076275153841272e-01
