   7.9495501677364688e-01
   8.2046057424494367e-01
   8.4587038947975923e-01
   8.7046519462109184e-01
   8.9348639428033538e-01
   9.1416671235707980e-01
   9.3176848465828066e-01
   9.4562694007537140e-01
   9.5519434053373020e-01
   9.6007984946804925e-01
   9.6007984946804925e-01
   9.5519434053373031e-01
   9.4562694007537140e-01
   9.3176848465828066e-01
   9.1416671235707980e-01
   8.9348639428033538e-01
   8.7046519462109184e-01
   8.4587038947975923e-01
   8.2046057424494367e-01
   7.9495501677364677e-01
   7.5377105104055331e-01
   6.9788147501330933e-01
   6.4457618871833755e-01
   5.9460523954244726e-01
   5.4846642071363916e-01
   5.0645652564499377e-01
   4.6872031975773171e-01
   4.3529366170075956e-01
   4.0613939952307920e-01
   3.8117603083141632e-01
   3.6029984285637950e-01
   3.4340154575053145e-01
   3.3037845027554757e-01
   3.2114313971507580e-01
   3.1562942173148523e-01
   3.1379616229028306e-01
   3.1562942173148523e-01
   3.2114313971507580e-01
   3.3037845027554763e-01
   3.4340154575053139e-01
   3.6029984285637945e-01
   3.8117603083141621e-01
   4.0613939952307909e-01
   4.3529366170075945e-01
   4.6872031975773154e-01
   5.0645652564499366e-01
   5.4846642071363894e-01
   5.9460523954244704e-01
   6.4457618871833733e-01
   6.9788147501330899e-01
   7.5377105104055298e-01
   7.8420060873511122e-01
   7.8847828295158384e-01
   7.9349484557848393e-01
   7.9912565083678710e-01
   8.0522785873307734e-01
   8.1164314457864462e-01
   8.1820107565722711e-01
   8.2472317432051057e-01
   8.3102763703987459e-01
   8.3693461770237543e-01
   8.4227191585385874e-01
   8.4688084405946573e-01
   8.5062199207363653e-01
   8.5338056849073729e-01
   8.5507099115494456e-01
   8.5564042102571070e-01
   8.5507099115494467e-01
   8.5338056849073729e-01
   8.5062199207363653e-01
   8.4688084405946562e-01
   8.4227191585385863e-01
   8.3693461770237543e-01
   8.3102763703987448e-01
   8.2472317432051045e-01
   8.1820107565722699e-01
   8.1164314457864462e-01
   8.0522785873307723e-01
   7.9912565083678699e-01
   7.9349484557848393e-01
   7.8847828295158395e-01
   7.8420060873511110e-01
   7.8420060873511099e-01
   7.8847828295158362e-01
   7.9349484557848371e-01
   7.9912565083678688e-01
   8.0522785873307712e-01
   8.1164314457864439e-01
   8.1820107565722688e-01
   8.2472317432051034e-01
   8.3102763703987437e-01
   8.3693461770237532e-01
   8.4227191585385863e-01
   8.4688084405946562e-01
   8.5062199207363653e-01
   8.5338056849073740e-01
   8.5507099115494467e-01
   8.5564042102571058e-01
   8.5507099115494478e-01
   8.5338056849073751e-01
   8.5062199207363676e-01
   8.4688084405946584e-01
   8.4227191585385885e-01
   8.3693461770237565e-01
   8.3102763703987481e-01
   8.2472317432051057e-01
   8.1820107565722722e-01
   8.1164314457864473e-01
   8.0522785873307745e-01
   7.9912565083678733e-01
   7.9349484557848404e-01
   7.8847828295158395e-01
   7.8420060873511110e-01
   7.9495501677364688e-01
   8.2046057424494356e-01
   8.4587038947975901e-01
   8.7046519462109162e-01
   8.9348639428033516e-01
   9.1416671235707947e-01
   9.3176848465828033e-01
   9.4562694007537096e-01
   9.5519434053372987e-01
   9.6007984946804892e-01
   9.6007984946804892e-01
   9.5519434053372998e-01
   9.4562694007537107e-01
   9.3176848465828044e-01
   9.1416671235707947e-01
   8.9348639428033516e-01
   8.7046519462109184e-01
   8.4587038947975923e-01
   8.2046057424494379e-01
   7.9495501677364699e-01
