   8.6000633975196672e-01
   9.0342974148701527e-01
   9.4901349288409087e-01
   9.9526387837750385e-01
   1.0404234327510000e+00
   1.0825297223874752e+00
   1.1195238409072663e+00
   1.1494070900695776e+00
   1.1704309950834801e+00
   1.1812918224047335e+00
   1.1812918224047335e+00
   1.1704309950834801e+00
   1.1494070900695776e+00
   1.1195238409072663e+00
   1.0825297223874752e+00
   1.0404234327510000e+00
   9.9526387837750396e-01
   9.4901349288409076e-01
   9.0342974148701516e-01
   8.6000633975196661e-01
   7.9663389079119407e-01
   7.1486610230977676e-01
   6.3933464560677222e-01
   5.7072381607620637e-01
   5.0926418536870965e-01
   4.5487997905021343e-01
   4.0730552601602038e-01
   3.6617177935676759e-01
   3.3106758964075983e-01
   3.0158135711374667e-01
   2.7732827966092483e-01
   2.5796748800504354e-01
   2.4321235742937627e-01
   2.3283639770725278e-01
   2.2667640713978704e-01
   2.2463402600366447e-01
   2.2667640713978698e-01
   2.3283639770725270e-01
   2.4321235742937619e-01
   2.5796748800504343e-01
   2.7732827966092471e-01
   3.0158135711374656e-01
   3.3106758964075972e-01
   3.6617177935676742e-01
   4.0730552601602016e-01
   4.5487997905021321e-01
   5.0926418536870943e-01
   5.7072381607620604e-01
   6.3933464560677189e-01
   7.1486610230977654e-01
   7.9663389079119395e-01
   8.4136164028996274e-01
   8.4805986764289965e-01
   8.5853015083454065e-01
   8.7250395945052006e-01
   8.8960481332273822e-01
   9.0934337919477493e-01
   9.3111494601712141e-01
   9.5420184129271290e-01
   9.7778358526724563e-01
   1.0009573910585161e+00
   1.0227708149644701e+00
   1.0422668244209938e+00
   1.0585393408428334e+00
   1.0707947542986109e+00
   1.0784125925003132e+00
   1.0809972014269487e+00
   1.0784125925003132e+00
   1.0707947542986109e+00
   1.0585393408428334e+00
   1.0422668244209936e+00
   1.0227708149644699e+00
   1.0009573910585159e+00
   9.7778358526724540e-01
   9.5420184129271279e-01
   9.3111494601712141e-01
   9.0934337919477493e-01
   8.8960481332273822e-01
   8.7250395945052006e-01
   8.5853015083454076e-01
   8.4805986764289965e-01
   8.4136164028996285e-01
   8.4136164028996241e-01
   8.4805986764289920e-01
   8.5853015083454010e-01
   8.7250395945051928e-01
   8.8960481332273733e-01
   9.0934337919477393e-01
   9.3111494601712019e-01
   9.5420184129271146e-01
   9.7778358526724429e-01
   1.0009573910585148e+00
   1.0227708149644690e+00
   1.0422668244209927e+00
   1.0585393408428325e+00
   1.0707947542986103e+00
   1.0784125925003127e+00
   1.0809972014269487e+00
   1.0784125925003134e+00
   1.0707947542986114e+00
   1.0585393408428341e+00
   1.0422668244209945e+00
   1.0227708149644712e+00
   1.0009573910585172e+00
   9.7778358526724674e-01
   9.5420184129271390e-01
   9.3111494601712252e-01
   9.0934337919477604e-01
   8.8960481332273922e-01
   8.7250395945052084e-01
   8.5853015083454132e-01
   8.4805986764290009e-01
   8.4136164028996296e-01
   8.6000633975196705e-01
   9.0342974148701549e-01
   9.4901349288409098e-01
   9.9526387837750407e-01
   1.0404234327510000e+00
   1.0825297223874750e+00
   1.1195238409072661e+00
   1.1494070900695772e+00
   1.1704309950834795e+00
   1.1812918224047328e+00
   1.1812918224047328e+00
   1.1704309950834795e+00
   1.1494070900695772e+00
   1.1195238409072661e+00
   1.0825297223874750e+00
   1.0404234327510000e+00
   9.9526387837750385e-01
   9.4901349288409087e-01
   9.0342974148701549e-01
   8.6000633975196694e-01
