   1.0912019509047730e+00
   1.0899387433531411e+00
   1.0874234002901855e+00
   1.0836778693400013e+00
   1.0787345874186678e+00
   1.0726359174928592e+00
   1.0654334268534806e+00
   1.0571870299864963e+00
   1.0479640225759208e+00
   1.0378380353429395e+00
   1.0268879372794089e+00
   1.0151967174264962e+00
   1.0028503728055249e+00
   9.8993682761016266e-01
   9.7654490553601059e-01
   9.6276337339180929e-01
   9.4868007014087030e-01
   9.3438113147996937e-01
   9.1995031616473366e-01
   9.0546843668780708e-01
   8.9101289372086612e-01
   8.7665731101575217e-01
   8.6247126525842477e-01
   8.4852010368472186e-01
   8.3486484107581593e-01
   8.2156212701125031e-01
   8.0866427391314311e-01
   7.9621933640418918e-01
   7.8427123275994559e-01
   7.7285989969978797e-01
   7.6202147237265916e-01
   7.5178848210154448e-01
   7.4219006521016950e-01
   7.3325217703023282e-01
   7.2499780594871377e-01
   7.1744718308071875e-01
   7.1061798382861463e-01
   7.0452551820305398e-01
   6.9918290733073696e-01
   6.9460124405598278e-01
   6.9078973595994975e-01
   6.8775582947652292e-01
   6.8550531408298443e-01
   6.8404240579339204e-01
   6.8336980939067404e-01
   6.8348875900798867e-01
   6.8439903681936110e-01
   6.8609896973274753e-01
   6.8858540410425939e-01
   6.9185365861921644e-01
   6.8271459782879818e-01
   6.6118542179095652e-01
   6.4048520580531998e-01
   6.2064322192860810e-01
   6.0168258017504261e-01
   5.8362097841780036e-01
   5.6647141103817966e-01
   5.5024283123104523e-01
   5.3494076405570634e-01
   5.2056786906682362e-01
   5.0712445271830331e-01
   4.9460893175550202e-01
   4.8301824954801487e-01
   4.7234824781458401e-01
   4.6259399649666971e-01
   4.5375008468641154e-01
   4.4581087554118798e-01
   4.3877072804876333e-01
   4.3262418836721345e-01
   4.2736615327121896e-01
   4.2299200800578979e-01
   4.1949774059160916e-01
   4.1688003435168497e-01
   4.1513634014329276e-01
   4.1426492948678922e-01
   7.0705841491502130e-01
   7.3416859147486135e-01
   7.6195998007803656e-01
   7.9035698537877253e-01
   8.1927069021203369e-01
   8.4859798391545505e-01
   8.7822084482762997e-01
   9.0800583410835456e-01
   9.3780386348330913e-01
   9.6745030293310219e-01
   9.9676549481428822e-01
   1.0255557374593294e+00
   1.0536147930373647e+00
   1.0807259606168034e+00
   1.1066647355157329e+00
   1.1312020501914728e+00
   1.1541080607633496e+00
   1.1751564081719981e+00
   1.1941288461108046e+00
   1.2108200920747549e+00
   1.2250427265144448e+00
   1.2366319416908889e+00
   1.2454499296818826e+00
   1.2513897006464443e+00
   1.2543781392838738e+00
