   8.5088225673278742e-02
   8.5300728365477418e-02
   8.5726254579032685e-02
   8.6365847026264736e-02
   8.7221072407735190e-02
   8.8294024562413129e-02
   8.9587328653621429e-02
   9.1104146377741071e-02
   9.2848182178391830e-02
   9.4823690443847905e-02
   9.7035483659615340e-02
   9.9488941481200868e-02
   1.0219002068393065e-01
   1.0514526593698864e-01
   1.0836182133737078e-01
   1.1184744262588778e-01
   1.1561050999134709e-01
   1.1966004135021389e-01
   1.2400570596694492e-01
   1.2865783825430316e-01
   1.3362745156272662e-01
   1.3892625173259607e-01
   1.4456665014230366e-01
   1.5056177593755612e-01
   1.5692548707245019e-01
   1.6367237972953716e-01
   1.7081779561324414e-01
   1.7837782652744583e-01
   1.8636931555238168e-01
   1.9480985402710982e-01
   2.0371777341982761e-01
   2.1311213102817991e-01
   2.2301268829363083e-01
   2.3343988033667165e-01
   2.4441477512179996e-01
   2.5595902044182167e-01
   2.6809477666950199e-01
   2.8084463296094020e-01
   2.9423150431014261e-01
   3.0827850655019851e-01
   3.2300880607686699e-01
   3.3844544074101274e-01
   3.5461110802558415e-01
   3.7152791630251275e-01
   3.8921709467101911e-01
   4.0769865663248145e-01
   4.2699101268555223e-01
   4.4711052686314318e-01
   4.6807101232310344e-01
   4.8988316139903199e-01
   5.2175923227059218e-01
   5.6370125180363517e-01
   6.0649095307695711e-01
   6.5009550368967506e-01
   6.9445950247024435e-01
   7.3950221782563752e-01
   7.8511482626205531e-01
   8.3115776441632361e-01
   8.7745833915569749e-01
   9.2380877234084247e-01
   9.6996488697386751e-01
   1.0156456659058219e+00
   1.0605339282957198e+00
   1.1042783670844429e+00
   1.1464971671251747e+00
   1.1867833731430728e+00
   1.2247120959383069e+00
   1.2598495337716493e+00
   1.2917636475363523e+00
   1.3200361721685809e+00
   1.3442754871771476e+00
   1.3641297250074405e+00
   1.3792993882743625e+00
   1.3895486957431196e+00
   1.3947148973908259e+00
   4.9201320754713762e-01
   4.7446159107926539e-01
   4.5776412091803687e-01
   4.4191353905778730e-01
   4.2690068705222073e-01
   4.1271492355784201e-01
   3.9934449487530310e-01
   3.8677686211944773e-01
   3.7499898872357251e-01
   3.6399759194797421e-01
   3.5375936194658641e-01
   3.4427115177229939e-01
   3.3552014149045900e-01
   3.2749397933596824e-01
   3.2018090260377341e-01
   3.1356984071380839e-01
   3.0765050264582156e-01
   3.0241345070113307e-01
   2.9785016231994521e-01
   2.9395308146585730e-01
   2.9071566088427792e-01
   2.8813239634834270e-01
   2.8619885382406773e-01
   2.8491169031472446e-01
   2.8426866898146064e-01
