   1.9076948482793799e-01
   1.9104202304534176e-01
   1.9158742522090991e-01
   1.9240634240694232e-01
   1.9349975009758208e-01
   1.9486894689602488e-01
   1.9651555268442225e-01
   1.9844150625033830e-01
   2.0064906231123844e-01
   2.0314078786554768e-01
   2.0591955778519916e-01
   2.0898854955019619e-01
   2.1235123701042333e-01
   2.1601138304366274e-01
   2.1997303096140475e-01
   2.2424049449549982e-01
   2.2881834617890384e-01
   2.3371140391266459e-01
   2.3892471548884164e-01
   2.4446354081523580e-01
   2.5033333156265014e-01
   2.5653970792897807e-01
   2.6308843218684158e-01
   2.6998537865296640e-01
   2.7723649968826064e-01
   2.8484778730802635e-01
   2.9282522995236754e-01
   3.0117476393830922e-01
   3.0990221908819054e-01
   3.1901325800456198e-01
   3.2851330844129378e-01
   3.3840748820539596e-01
   3.4870052201589918e-01
   3.5939664974716096e-01
   3.7049952549656168e-01
   3.8201210694357529e-01
   3.9393653451183303e-01
   4.0627399991167723e-01
   4.1902460373181066e-01
   4.3218720186936926e-01
   4.4575924074272022e-01
   4.5973658142537771e-01
   4.7411331307753352e-01
   4.8888155633853869e-01
   5.0403125768356605e-01
   5.1954997614412490e-01
   5.3542266424738560e-01
   5.5163144554395116e-01
   5.6815539166595208e-01
   5.8497030248230075e-01
   6.0643326889568394e-01
   6.3250432799981948e-01
   6.5874292859378436e-01
   6.8508460154172091e-01
   7.1145586502149383e-01
   7.3777401206371129e-01
   7.6394703147748111e-01
   7.8987368960403326e-01
   8.1544380033674668e-01
   8.4053870951940501e-01
   8.6503201691159926e-01
   8.8879055416195185e-01
   9.1167563050510259e-01
   9.3354454916216700e-01
   9.5425238679514435e-01
   9.7365401614651370e-01
   9.9160633869198955e-01
   1.0079706804554571e+00
   1.0226152909659196e+00
   1.0354178736863682e+00
   1.0462680671671505e+00
   1.0550697906664717e+00
   1.0617433668601306e+00
   1.0662273380691762e+00
   1.0684799013285231e+00
   5.8912462272589616e-01
   5.8061102696872569e-01
   5.7236818993887772e-01
   5.6440967470947745e-01
   5.5674786791859965e-01
   5.4939404582800833e-01
   5.4235844113160092e-01
   5.3565030967774829e-01
   5.2927799637823136e-01
   5.2324899967786798e-01
   5.1757003405235658e-01
   5.1224709008686742e-01
   5.0728549176424909e-01
   5.0268995065945421e-01
   4.9846461679611304e-01
   4.9461312597246976e-01
   4.9113864340760505e-01
   4.8804390359553229e-01
   4.8533124628497498e-01
   4.8300264852700403e-01
   4.8105975275188612e-01
   4.7950389085107376e-01
   4.7833610425089063e-01
   4.7755715997173237e-01
   4.7716756267109955e-01
