   2.6075969495285561e-01
   2.6105036916519619e-01
   2.6163191490556764e-01
   2.6250472566764510e-01
   2.6366938883551061e-01
   2.6512668222183272e-01
   2.6687756939516338e-01
   2.6892319374733914e-01
   2.7126487123948329e-01
   2.7390408175247166e-01
   2.7684245895494830e-01
   2.8008177858906336e-01
   2.8362394506107519e-01
   2.8747097621086026e-01
   2.9162498612126364e-01
   2.9608816581520642e-01
   3.0086276167565179e-01
   3.0595105141110140e-01
   3.1135531737743294e-01
   3.1707781705587074e-01
   3.2312075047700661e-01
   3.2948622437243341e-01
   3.3617621282917065e-01
   3.4319251421817276e-01
   3.5053670416742866e-01
   3.5821008435319457e-01
   3.6621362689055764e-01
   3.7454791411771443e-01
   3.8321307358808815e-01
   3.9220870811182440e-01
   4.0153382072452448e-01
   4.1118673450761362e-01
   4.2116500724289518e-01
   4.3146534095504219e-01
   4.4208348648147827e-01
   4.5301414331071604e-01
   4.6425085504905328e-01
   4.7578590101271734e-01
   4.8761018459894562e-01
   4.9971311926555256e-01
   5.1208251314420827e-01
   5.2470445352718365e-01
   5.3756319269912656e-01
   5.5064103683189214e-01
   5.6391823991775214e-01
   5.7737290497921678e-01
   5.9098089505548013e-01
   6.0471575671768119e-01
   6.1854865909759993e-01
   6.3244835161511326e-01
   6.4685021392087194e-01
   6.6171686294411525e-01
   6.7653793631850834e-01
   6.9126947338729938e-01
   7.0586495166082275e-01
   7.2027543794667670e-01
   7.3444978708152031e-01
   7.4833489068106207e-01
   7.6187597744643099e-01
   7.7501696549683508e-01
   7.8770086595013322e-01
   7.9987023556548609e-01
   8.1146767472835979e-01
   8.2243636544277565e-01
   8.3272064235551357e-01
   8.4226658823887934e-01
   8.5102264387723237e-01
   8.5894022101649825e-01
   8.6597430602372583e-01
   8.7208404123838923e-01
   8.7723327074061752e-01
   8.8139103745976732e-01
   8.8453201922481073e-01
   8.8663689251659927e-01
   8.8769261429563717e-01
   6.3894567750443776e-01
   6.3802408684317924e-01
   6.3712142473564581e-01
   6.3624001109983763e-01
   6.3538210162523989e-01
   6.3454988273592017e-01
   6.3374546680259403e-01
   6.3297088760539388e-01
   6.3222809604800645e-01
   6.3151895612287656e-01
   6.3084524112633245e-01
   6.3020863012176509e-01
   6.2961070464838020e-01
   6.2905294567255821e-01
   6.2853673077847327e-01
   6.2806333159436079e-01
   6.2763391145065950e-01
   6.2724952326619232e-01
   6.2691110765858438e-01
   6.2661949127523786e-01
   6.2637538534138126e-01
   6.2617938442198595e-01
   6.2603196539467842e-01
   6.2593348663116877e-01
   6.2588418738515805e-01
