   1.5541457267075662e-02
   1.4240203957933056e-02
   1.3049735097107530e-02
   1.1960797372001224e-02
   1.0964924776288864e-02
   1.0054373403805763e-02
   9.2220617027081713e-03
   8.4615157621008175e-03
   7.7668192338492103e-03
   7.1325675217324518e-03
   6.5538258982094106e-03
   6.0260912357280021e-03
   5.5452570646365171e-03
   5.1075816933422022e-03
   4.7096591484266422e-03
   4.3483927130176367e-03
   4.0209708608974761e-03
   3.7248454016740084e-03
   3.4577116689359405e-03
   3.2174905987436614e-03
   3.0023125601580164e-03
   2.8105028128684994e-03
   2.6405684794333522e-03
   2.4911869312691354e-03
   2.3611954984053491e-03
   2.2495824232263953e-03
   2.1554789880312980e-03
   2.0781527553205689e-03
   2.0170018683361500e-03
   1.9715503675983167e-03
   1.9414444870644082e-03
   1.9264499011376270e-03
   1.9264499011376270e-03
   1.9414444870644080e-03
   1.9715503675983162e-03
   2.0170018683361495e-03
   2.0781527553205685e-03
   2.1554789880312971e-03
   2.2495824232263944e-03
   2.3611954984053482e-03
   2.4911869312691346e-03
   2.6405684794333513e-03
   2.8105028128684981e-03
   3.0023125601580151e-03
   3.2174905987436601e-03
   3.4577116689359392e-03
   3.7248454016740062e-03
   4.0209708608974744e-03
   4.3483927130176341e-03
   4.7096591484266396e-03
   5.1075816933421996e-03
   5.5452570646365154e-03
   6.0260912357279995e-03
   6.5538258982094089e-03
   7.1325675217324500e-03
   7.7668192338492094e-03
   8.4615157621008158e-03
   9.2220617027081713e-03
   1.0054373403805763e-02
   1.0964924776288864e-02
   1.1960797372001224e-02
   1.3049735097107528e-02
   1.4240203957933057e-02
   1.5541457267075662e-02
   1.7701121605285742e-02
   2.0741139059892971e-02
   2.3948477578823495e-02
   2.7348942463911140e-02
   3.0969860481339428e-02
   3.4840288168507212e-02
   3.8991230263866798e-02
   4.3455868825797064e-02
   4.8269803328696799e-02
   5.3471301638077347e-02
   5.9101561235653410e-02
   6.5204979343917030e-02
   7.1829429627738681e-02
   7.9026541851728305e-02
   8.6851979149127873e-02
   9.5365705288037006e-02
   1.0463223135010348e-01
   1.1472082737544866e-01
   1.2570567954429301e-01
   1.3766596708474510e-01
   1.4737144994529452e-01
   1.5484794098053309e-01
   1.6345813463196268e-01
   1.7325643387741615e-01
   1.8430303952734570e-01
   1.9666350933882981e-01
   2.1040810741332708e-01
   2.2561087579720193e-01
   2.4234834449472947e-01
   2.6069777838621921e-01
   2.8073484046978825e-01
   3.0253053177001887e-01
   3.2614725159899016e-01
   3.5163381155598694e-01
   3.7901923871444931e-01
   4.0830522647773954e-01
   4.3945714718481355e-01
   4.7239364319619054e-01
   5.0697497917346757e-01
   5.4299058287402591e-01
   5.8014653398481164e-01
   6.1805417443531108e-01
   6.5622147697101485e-01
   6.9404925019750652e-01
   7.3083455862501268e-01
   7.6578373182506143e-01
   7.9803684578948220e-01
   8.2670443856051901e-01
   8.5091544969887312e-01
   8.6987313527121568e-01
   8.8291344145329120e-01
   8.8955864699186793e-01
   8.8955864699186771e-01
   8.8291344145329043e-01
   8.6987313527121446e-01
   8.5091544969887156e-01
   8.2670443856051712e-01
   7.9803684578948009e-01
   7.6578373182505888e-01
   7.3083455862501001e-01
   6.9404925019750374e-01
   6.5622147697101219e-01
   6.1805417443530841e-01
   5.8014653398480887e-01
   5.4299058287402324e-01
   5.0697497917346501e-01
   4.7239364319618810e-01
   4.3945714718481121e-01
   4.0830522647773732e-01
   3.7901923871444726e-01
   3.5163381155598505e-01
   3.2614725159898844e-01
   3.0253053177001721e-01
   2.8073484046978675e-01
   2.6069777838621788e-01
   2.4234834449472831e-01
   2.2561087579720090e-01
   2.1040810741332622e-01
   1.9666350933882909e-01
   1.8430303952734506e-01
   1.7325643387741566e-01
   1.6345813463196235e-01
   1.5484794098053287e-01
   1.4737144994529447e-01
