   5.4648901002028009e-02
   5.1499690659591264e-02
   4.3939360818478858e-02
   4.4446602769687510e-02
   5.4960564203363371e-02
   1.1684003703913592e-01
   2.7586357072544171e-01
   7.6957675792470881e-01
   1.6747619828943818e+00
   1.6747619828943829e+00
   7.6957675792470936e-01
   2.7586357072544182e-01
   1.1684003703913609e-01
   5.4960564203363448e-02
   4.4446602769687607e-02
   4.3939360818478893e-02
   5.1499690659591292e-02
   5.4648901002028009e-02
   5.4648901002028009e-02
   5.9138163803399639e-02
   7.4902199307515654e-02
   1.0419239827420276e-01
   1.6533612944850096e-01
   2.7744045551719793e-01
   5.0405700525390307e-01
   9.2921376660959520e-01
   1.5642282752433094e+00
   1.9166519605147034e+00
   1.4770606846496939e+00
   8.7436499498309495e-01
   4.9530434518299249e-01
   2.8519472287378905e-01
   1.7754969027222173e-01
   1.1472412787998347e-01
   8.4376800476970756e-02
   7.4501554649855653e-02
   7.4501554649855653e-02
   6.7255682749769077e-02
   4.9648338525501316e-02
   3.0279128723035856e-02
   1.5515875467862740e-02
   6.8371786888894994e-03
   2.6721010462314007e-03
   9.8015309862100513e-04
   4.2212022680580981e-04
   4.2212022680581014e-04
   9.8015309862100534e-04
   2.6721010462314020e-03
   6.8371786888895064e-03
   1.5515875467862750e-02
   3.0279128723035877e-02
   4.9648338525501330e-02
   6.7255682749769091e-02
   7.4501554649855653e-02
