   4.5076695718517377e-02
   4.2359067908312460e-02
   3.5567059263926289e-02
   3.7010212634672149e-02
   4.5977489897215472e-02
   1.0525160152244653e-01
   2.5773186273788867e-01
   7.6331220358424923e-01
   1.7370987150310115e+00
   1.7370987150310111e+00
   7.6331220358424900e-01
   2.5773186273788867e-01
   1.0525160152244653e-01
   4.5977489897215514e-02
   3.7010212634672149e-02
   3.5567059263926316e-02
   4.2359067908312460e-02
   4.5076695718517377e-02
   4.5076695718517377e-02
   4.8969463881789542e-02
   6.3240592921444405e-02
   8.8380770568802669e-02
   1.4488990883364489e-01
   2.4729891536733589e-01
   4.6476879870620563e-01
   8.8823040914966678e-01
   1.5699081126144188e+00
   2.0078457399875322e+00
   1.5448468714253287e+00
   8.9056870119369513e-01
   4.9169808627753658e-01
   2.7580827311057682e-01
   1.6965252880733789e-01
   1.0740949091432148e-01
   7.8393624173972040e-02
   6.8837758560177847e-02
   6.8837758560177847e-02
   6.1849878544280874e-02
   4.5022976222692752e-02
   2.6839652987364002e-02
   1.3336133248253052e-02
   5.6581928415333172e-03
   2.1156673356309249e-03
   7.3699775549455090e-04
   2.9965203290140325e-04
   2.9965203290140331e-04
   7.3699775549455134e-04
   2.1156673356309249e-03
   5.6581928415333172e-03
   1.3336133248253055e-02
   2.6839652987364012e-02
   4.5022976222692773e-02
   6.1849878544280888e-02
   6.8837758560177847e-02
