   5.8967865772211789e-02
   5.5616800862571009e-02
   4.7663854337310234e-02
   4.7712593502125866e-02
   5.8698970124351400e-02
   1.2148805814639825e-01
   2.8275124418395992e-01
   7.7172036405630839e-01
   1.6517924034932270e+00
   1.6517924034932276e+00
   7.7172036405630895e-01
   2.8275124418396003e-01
   1.2148805814639839e-01
   5.8698970124351484e-02
   4.7712593502125984e-02
   4.7663854337310303e-02
   5.5616800862571036e-02
   5.8967865772211789e-02
   5.8967865772211789e-02
   6.3734766755543029e-02
   8.0235496144692664e-02
   1.1139165544561504e-01
   1.7482656229462434e-01
   2.9145270640653270e-01
   5.2290826447792249e-01
   9.5032262269960166e-01
   1.5672673512249782e+00
   1.8817180806701712e+00
   1.4446472888273252e+00
   8.6163467428163465e-01
   4.9243118853766726e-01
   2.8614428910626993e-01
   1.7898952829267489e-01
   1.1647995598460222e-01
   8.5938796696512110e-02
   7.6034071948804280e-02
   7.6034071948804280e-02
   6.8757711206233280e-02
   5.1017472554604960e-02
   3.1374318336880626e-02
   1.6259168407892974e-02
   7.2646925563572655e-03
   2.8855799979391247e-03
   1.0787538545634680e-03
   4.7442353991063526e-04
   4.7442353991063516e-04
   1.0787538545634688e-03
   2.8855799979391273e-03
   7.2646925563572716e-03
   1.6259168407892991e-02
   3.1374318336880654e-02
   5.1017472554604981e-02
   6.8757711206233280e-02
   7.6034071948804280e-02
