   7.4596258857571721e-02
   7.0066772595707677e-02
   5.9351106350252578e-02
   5.6291955978623770e-02
   6.5891244799284196e-02
   1.2862817623721839e-01
   2.9199634114957396e-01
   7.7443618179045570e-01
   1.6228652035792301e+00
   1.6228652035792304e+00
   7.7443618179045581e-01
   2.9199634114957396e-01
   1.2862817623721839e-01
   6.5891244799284238e-02
   5.6291955978623839e-02
   5.9351106350252647e-02
   7.0066772595707705e-02
   7.4596258857571721e-02
   7.4596258857571721e-02
   8.0970343598619807e-02
   1.0183751037622552e-01
   1.4377667933873417e-01
   2.2192738750876345e-01
   3.6996243565551246e-01
   6.4749452980957245e-01
   1.1325857361520137e+00
   1.7024340886255001e+00
   1.7751051035814420e+00
   1.2447143804167442e+00
   7.2301613878200532e-01
   4.1311170892148091e-01
   2.4254338388046917e-01
   1.5197014296017644e-01
   1.0007575872623362e-01
   7.3925420911635675e-02
   6.5569830027004020e-02
   6.5569830027004020e-02
   5.9421531403727489e-02
   4.4370839458571752e-02
   2.7571311884455531e-02
   1.4490659013574742e-02
   6.5876531166306701e-03
   2.6703120604621082e-03
   1.0223530495263326e-03
   4.6152046708127691e-04
   4.6152046708127718e-04
   1.0223530495263335e-03
   2.6703120604621104e-03
   6.5876531166306753e-03
   1.4490659013574750e-02
   2.7571311884455545e-02
   4.4370839458571766e-02
   5.9421531403727502e-02
   6.5569830027004020e-02
