   7.3946640975935868e-02
   6.9406185988970082e-02
   5.8638728910597744e-02
   5.5531509364160805e-02
   6.4867712856734830e-02
   1.2727349077660549e-01
   2.9001358318277520e-01
   7.7388289794176957e-01
   1.6293954227452410e+00
   1.6293954227452414e+00
   7.7388289794176968e-01
   2.9001358318277509e-01
   1.2727349077660549e-01
   6.4867712856734830e-02
   5.5531509364160840e-02
   5.8638728910597758e-02
   6.9406185988970096e-02
   7.3946640975935868e-02
   7.3946640975935868e-02
   8.0335596629010117e-02
   1.0122269248626536e-01
   1.4331886003651906e-01
   2.2168179286101714e-01
   3.7067287141992433e-01
   6.5044821890297677e-01
   1.1407629144621698e+00
   1.7147139530071995e+00
   1.7791418411787696e+00
   1.2394928282753115e+00
   7.1639155822455836e-01
   4.0795406178697485e-01
   2.3892114152470850e-01
   1.4941114556596566e-01
   9.8240625758957298e-02
   7.2472872432075328e-02
   6.4244841609670353e-02
   6.4244841609670353e-02
   5.8192361233802940e-02
   4.3390205224277160e-02
   2.6898622196651234e-02
   1.4092235506033588e-02
   6.3814981626295038e-03
   2.5749083828948585e-03
   9.8052684819062083e-04
   4.4003890358482617e-04
   4.4003890358482612e-04
   9.8052684819062083e-04
   2.5749083828948585e-03
   6.3814981626295064e-03
   1.4092235506033600e-02
   2.6898622196651255e-02
   4.3390205224277181e-02
   5.8192361233802940e-02
   6.4244841609670353e-02
