   7.2172789425014150e-02
   6.8093122329904276e-02
   5.8559219940293901e-02
   5.6801598692482844e-02
   6.8118181819632334e-02
   1.3243145425755176e-01
   2.9796894988523542e-01
   7.7600613465956714e-01
   1.6026595788249298e+00
   1.6026595788249292e+00
   7.7600613465956680e-01
   2.9796894988523531e-01
   1.3243145425755168e-01
   6.8118181819632334e-02
   5.6801598692482878e-02
   5.8559219940293956e-02
   6.8093122329904290e-02
   7.2172789425014150e-02
   7.2172789425014150e-02
   7.7935643406557481e-02
   9.7177734001028998e-02
   1.3488058193001226e-01
   2.0704011433592642e-01
   3.4078943952958252e-01
   5.9392483763816539e-01
   1.0400603345712163e+00
   1.6099254155102520e+00
   1.7907394843596651e+00
   1.3284525675638703e+00
   7.9564081955294474e-01
   4.6162484182491359e-01
   2.7322869506040692e-01
   1.7256079750249356e-01
   1.1402301495240041e-01
   8.4682797089757886e-02
   7.5244362556316641e-02
   7.5244362556316641e-02
   6.8292646580823096e-02
   5.1224605035145809e-02
   3.2062898681801885e-02
   1.7017843396654561e-02
   7.8307396866782036e-03
   3.2195633889675261e-03
   1.2533895328029549e-03
   5.7619518376805009e-04
   5.7619518376804976e-04
   1.2533895328029547e-03
   3.2195633889675248e-03
   7.8307396866782019e-03
   1.7017843396654565e-02
   3.2062898681801899e-02
   5.1224605035145823e-02
   6.8292646580823096e-02
   7.5244362556316641e-02
