   7.5464329170942271e-02
   7.1051610799206091e-02
   6.0689707601893836e-02
   5.8004638576541367e-02
   6.8503708409892658e-02
   1.3224999046460426e-01
   2.9733090025648318e-01
   7.7586194169131573e-01
   1.6052665769526417e+00
   1.6052665769526420e+00
   7.7586194169131595e-01
   2.9733090025648323e-01
   1.3224999046460431e-01
   6.8503708409892700e-02
   5.8004638576541423e-02
   6.0689707601893877e-02
   7.1051610799206119e-02
   7.5464329170942271e-02
   7.5464329170942271e-02
   8.1679944269974700e-02
   1.0216064061017886e-01
   1.4290101425718066e-01
   2.1935236185603760e-01
   3.6248589320035973e-01
   6.3041500684402851e-01
   1.0970809233311782e+00
   1.6589883620159331e+00
   1.7701042174296562e+00
   1.2720422576314014e+00
   7.5112218557086097e-01
   4.3350002277868355e-01
   2.5623807689312833e-01
   1.6145470629918052e-01
   1.0673104218737378e-01
   7.9146157086179697e-02
   7.0308326822393713e-02
   7.0308326822393713e-02
   6.3799585533522621e-02
   4.7825857438160840e-02
   2.9906871823351205e-02
   1.5853158786656638e-02
   7.2833428040809060e-03
   2.9889873872115092e-03
   1.1611017516455207e-03
   5.3251299688310716e-04
   5.3251299688310706e-04
   1.1611017516455202e-03
   2.9889873872115083e-03
   7.2833428040809086e-03
   1.5853158786656645e-02
   2.9906871823351222e-02
   4.7825857438160861e-02
   6.3799585533522621e-02
   7.0308326822393713e-02
