   6.2451609703297856e-02
   5.8930219896195811e-02
   5.0630338273002791e-02
   5.0279010633746110e-02
   6.1537635826560994e-02
   1.2493422062244332e-01
   2.8771515448838270e-01
   7.7318474937412929e-01
   1.6354840528613037e+00
   1.6354840528613035e+00
   7.7318474937412918e-01
   2.8771515448838259e-01
   1.2493422062244321e-01
   6.1537635826560945e-02
   5.0279010633746062e-02
   5.0630338273002784e-02
   5.8930219896195811e-02
   6.2451609703297856e-02
   6.2451609703297856e-02
   6.7452151735136606e-02
   8.4586024543387817e-02
   1.1729134102293752e-01
   1.8270563812352836e-01
   3.0318304655867112e-01
   5.3904712509944186e-01
   9.6920363214200467e-01
   1.5726227037195417e+00
   1.8557109148528035e+00
   1.4173343982725122e+00
   8.4885434285968342e-01
   4.8800228969039910e-01
   2.8536766001631991e-01
   1.7911139536266887e-01
   1.1714073076492292e-01
   8.6624572101656597e-02
   7.6750309496878943e-02
   7.6750309496878943e-02
   6.9490102529475448e-02
   5.1747675048926065e-02
   3.2011280890824598e-02
   1.6721898655883596e-02
   7.5450400292991025e-03
   3.0315330520363703e-03
   1.1486860196242724e-03
   5.1270567045528148e-04
   5.1270567045528159e-04
   1.1486860196242732e-03
   3.0315330520363725e-03
   7.5450400292991085e-03
   1.6721898655883607e-02
   3.2011280890824619e-02
   5.1747675048926078e-02
   6.9490102529475462e-02
   7.6750309496878943e-02
