   7.4775480965208890e-02
   7.0474069639646461e-02
   6.0401761019780148e-02
   5.8037790829824590e-02
   6.8933868233279183e-02
   1.3303274561947967e-01
   2.9857002537738558e-01
   7.7617517098467548e-01
   1.6010632860036387e+00
   1.6010632860036385e+00
   7.7617517098467526e-01
   2.9857002537738558e-01
   1.3303274561947967e-01
   6.8933868233279211e-02
   5.8037790829824611e-02
   6.0401761019780197e-02
   7.0474069639646475e-02
   7.4775480965208890e-02
   7.4775480965208890e-02
   8.0839913344667877e-02
   1.0091390145759238e-01
   1.4061827934385171e-01
   2.1559454779325682e-01
   3.5530135075599306e-01
   6.1746994067265604e-01
   1.0752500023805791e+00
   1.6378486014221116e+00
   1.7745119956661843e+00
   1.2919870169849084e+00
   7.6820895620046281e-01
   4.4486342615284064e-01
   2.6340235774900772e-01
   1.6625528091642622e-01
   1.0997741857608148e-01
   8.1648470391441491e-02
   7.2557927184715640e-02
   7.2557927184715640e-02
   6.5861754409476364e-02
   4.9417846513015375e-02
   3.0949210047863513e-02
   1.6439233730732406e-02
   7.5716103514887560e-03
   3.1164662218502535e-03
   1.2148328637476865e-03
   5.5925996832608977e-04
   5.5925996832608966e-04
   1.2148328637476872e-03
   3.1164662218502543e-03
   7.5716103514887577e-03
   1.6439233730732417e-02
   3.0949210047863527e-02
   4.9417846513015395e-02
   6.5861754409476364e-02
   7.2557927184715640e-02
