   6.9851230095439532e-02
   6.5346029294770194e-02
   5.4536141554748452e-02
   5.1441983426801008e-02
   5.9626664351674595e-02
   1.2045611781841896e-01
   2.7992085449653470e-01
   7.7088794626198998e-01
   1.6628784563210404e+00
   1.6628784563210408e+00
   7.7088794626199020e-01
   2.7992085449653475e-01
   1.2045611781841901e-01
   5.9626664351674623e-02
   5.1441983426801056e-02
   5.4536141554748466e-02
   6.5346029294770208e-02
   6.9851230095439532e-02
   6.9851230095439532e-02
   7.6192234512949625e-02
   9.6826658041249999e-02
   1.3891960420949198e-01
   2.1715858418413025e-01
   3.6860282951752887e-01
   6.5610573838226338e-01
   1.1689448162324170e+00
   1.7679294620108290e+00
   1.8061732791212755e+00
   1.2255632085342003e+00
   6.9231223999479241e-01
   3.8788529517809101e-01
   2.2428537861924491e-01
   1.3893733025465646e-01
   9.0612761261171612e-02
   6.6408874812998758e-02
   5.8697196150813848e-02
   5.8697196150813848e-02
   5.3034024640436571e-02
   3.9250889484162825e-02
   2.4039837806766023e-02
   1.2390092204672449e-02
   5.4988376276339842e-03
   2.1670561314109230e-03
   8.0270000402228191e-04
   3.4945037217589504e-04
   3.4945037217589498e-04
   8.0270000402228223e-04
   2.1670561314109248e-03
   5.4988376276339877e-03
   1.2390092204672456e-02
   2.4039837806766034e-02
   3.9250889484162839e-02
   5.3034024640436571e-02
   5.8697196150813848e-02
