   7.5504685870049493e-02
   7.1055516269841010e-02
   6.0593066247055058e-02
   5.7798368895459154e-02
   6.8112101118840487e-02
   1.3166977203691796e-01
   2.9646233622334112e-01
   7.7563675123629183e-01
   1.6081497993541225e+00
   1.6081497993541218e+00
   7.7563675123629117e-01
   2.9646233622334078e-01
   1.3166977203691776e-01
   6.8112101118840418e-02
   5.7798368895459092e-02
   6.0593066247055058e-02
   7.1055516269841024e-02
   7.5504685870049493e-02
   7.5504685870049493e-02
   8.1769785459585756e-02
   1.0237946401391160e-01
   1.4347104242590472e-01
   2.2042344260862545e-01
   3.6482432594475056e-01
   6.3503804619430348e-01
   1.1056193313157812e+00
   1.6682552331465670e+00
   1.7697616737606181e+00
   1.2648512699528811e+00
   7.4441726383246398e-01
   4.2883842461549071e-01
   2.5319828447009179e-01
   1.5938012461653128e-01
   1.0529878729916996e-01
   7.8030894237649376e-02
   6.9300156786468045e-02
   6.9300156786468045e-02
   6.2871179560851032e-02
   4.7099830110349419e-02
   2.9422356023291036e-02
   1.5574505881141865e-02
   7.1430020951497048e-03
   2.9254729958432461e-03
   1.1337280845780749e-03
   5.1861564756591240e-04
   5.1861564756591207e-04
   1.1337280845780747e-03
   2.9254729958432465e-03
   7.1430020951497057e-03
   1.5574505881141874e-02
   2.9422356023291050e-02
   4.7099830110349440e-02
   6.2871179560851032e-02
   6.9300156786468045e-02
