   6.6785461156010015e-02
   6.3036769240233700e-02
   5.4252477700933895e-02
   5.3346876915589606e-02
   6.4788434795580094e-02
   1.2876454884482241e-01
   2.9307532016834370e-01
   7.7469159037518931e-01
   1.6181316593355202e+00
   1.6181316593355193e+00
   7.7469159037518864e-01
   2.9307532016834353e-01
   1.2876454884482236e-01
   6.4788434795580177e-02
   5.3346876915589654e-02
   5.4252477700933971e-02
   6.3036769240233714e-02
   6.6785461156010015e-02
   6.6785461156010015e-02
   7.2096976434725485e-02
   9.0086086028591514e-02
   1.2483413170569124e-01
   1.9294710103829074e-01
   3.1866521642622242e-01
   5.6095096810420986e-01
   9.9611922752523885e-01
   1.5838283096119143e+00
   1.8255772099859771e+00
   1.3810988133033077e+00
   8.2927085972270809e-01
   4.7946160093544821e-01
   2.8221209901200239e-01
   1.7775793490318875e-01
   1.1687283892227163e-01
   8.6635795895421683e-02
   7.6876493982241334e-02
   7.6876493982241334e-02
   6.9694295240167514e-02
   5.2098891846506727e-02
   3.2430227246313732e-02
   1.7084344376242105e-02
   7.7891160878539659e-03
   3.1679588246822619e-03
   1.2176862586123986e-03
   5.5207459373210314e-04
   5.5207459373210325e-04
   1.2176862586123990e-03
   3.1679588246822624e-03
   7.7891160878539667e-03
   1.7084344376242108e-02
   3.2430227246313746e-02
   5.2098891846506748e-02
   6.9694295240167528e-02
   7.6876493982241334e-02
