   2.5723813816251884e-01
   2.6285016067210670e-01
   2.6864098701962397e-01
   2.7459861823839654e-01
   2.8070962213512174e-01
   2.8695904933092886e-01
   2.9333035765960419e-01
   2.9980534775344403e-01
   3.0636411292200882e-01
   3.1298500666343682e-01
   3.1964463132184290e-01
   3.2631785149526293e-01
   3.3297783578262102e-01
   3.3959613031087793e-01
   3.4614276718148729e-01
   3.5258641049811917e-01
   3.5889454197003517e-01
   3.6503368721984275e-01
   3.7096968286298909e-01
   3.7666798318401618e-01
   3.8209400384017445e-01
   3.8721349852055403e-01
   3.9199296293758978e-01
   3.9640005900040964e-01
   4.0040405059939554e-01
   4.0397624120790981e-01
   4.0709040256983198e-01
   4.0972318317278855e-01
   4.1185448507475186e-01
   4.1346779800245692e-01
   4.1455048049263926e-01
   4.1509397918856178e-01
   4.1509397918856178e-01
   4.1455048049263932e-01
   4.1346779800245698e-01
   4.1185448507475203e-01
   4.0972318317278866e-01
   4.0709040256983214e-01
   4.0397624120790998e-01
   4.0040405059939582e-01
   3.9640005900040998e-01
   3.9199296293759001e-01
   3.8721349852055426e-01
   3.8209400384017472e-01
   3.7666798318401651e-01
   3.7096968286298942e-01
   3.6503368721984308e-01
   3.5889454197003551e-01
   3.5258641049811951e-01
   3.4614276718148768e-01
   3.3959613031087826e-01
   3.3297783578262141e-01
   3.2631785149526332e-01
   3.1964463132184334e-01
   3.1298500666343720e-01
   3.0636411292200921e-01
   2.9980534775344436e-01
   2.9333035765960447e-01
   2.8695904933092914e-01
   2.8070962213512196e-01
   2.7459861823839671e-01
   2.6864098701962408e-01
   2.6285016067210681e-01
   2.5723813816251889e-01
   2.4900347912127874e-01
   2.3816776175667176e-01
   2.2755904341866495e-01
   2.1718969919130127e-01
   2.0706885384890766e-01
   1.9720271003964215e-01
   1.8759486334063513e-01
   1.7824660039522469e-01
   1.6915717758038942e-01
   1.6032407867676654e-01
   1.5174325084075840e-01
   1.4340931882878230e-01
   1.3531577792032748e-01
   1.2745516635199305e-01
   1.1981921833095222e-01
   1.1239899886343499e-01
   1.0518502172979177e-01
   9.8167351978114714e-02
   9.1335694306560244e-02
   8.4679468671551766e-02
   7.9840394595562122e-02
   7.6804674710687096e-02
   7.3914757799062300e-02
   7.1165778361500440e-02
   6.8553041881296600e-02
   6.6072028818276299e-02
   6.3718397356014492e-02
   6.1487985091969941e-02
   5.9376809838047766e-02
   5.7381069679144754e-02
   5.5497142419372834e-02
   5.3721584529723317e-02
   5.2051129696758208e-02
   5.0482687059334258e-02
   4.9013339209225203e-02
   4.7640340021665874e-02
   4.6361112373163392e-02
   4.5173245796283824e-02
   4.4074494114412520e-02
   4.3062773093602721e-02
   4.2136158143472588e-02
   4.1292882094604098e-02
   4.0531333075959242e-02
   3.9850052512390648e-02
   3.9247733259324298e-02
   3.8723217889072035e-02
   3.8275497140943422e-02
   3.7903708545321671e-02
   3.7607135230106371e-02
   3.7385204916368098e-02
   3.7237489108672250e-02
   3.7163702484278388e-02
   3.7163702484278388e-02
   3.7237489108672250e-02
   3.7385204916368098e-02
   3.7607135230106371e-02
   3.7903708545321678e-02
   3.8275497140943422e-02
   3.8723217889072035e-02
   3.9247733259324298e-02
   3.9850052512390655e-02
   4.0531333075959242e-02
   4.1292882094604112e-02
   4.2136158143472595e-02
   4.3062773093602728e-02
   4.4074494114412527e-02
   4.5173245796283831e-02
   4.6361112373163399e-02
   4.7640340021665881e-02
   4.9013339209225223e-02
   5.0482687059334265e-02
   5.2051129696758215e-02
   5.3721584529723330e-02
   5.5497142419372848e-02
   5.7381069679144768e-02
   5.9376809838047780e-02
   6.1487985091969954e-02
   6.3718397356014519e-02
   6.6072028818276327e-02
   6.8553041881296628e-02
   7.1165778361500454e-02
   7.3914757799062328e-02
   7.6804674710687124e-02
   7.9840394595562136e-02
