   1.0642602677953254e-01
   1.1291166142668557e-01
   1.2057267365666757e-01
   1.2948465497311792e-01
   1.3973450682551602e-01
   1.5142070058211130e-01
   1.6465342809037187e-01
   1.7955456654218666e-01
   1.9625735436938668e-01
   2.1490563988369404e-01
   2.3565251974086487e-01
   2.5865812866212168e-01
   2.8408627452012208e-01
   3.1209953483691155e-01
   3.4285234595996933e-01
   3.7648153399532425e-01
   4.1309367480531506e-01
   4.5274865952534643e-01
   4.9543892997732653e-01
   5.4106410397343385e-01
   5.8940122328815159e-01
   6.4007172659037459e-01
   6.9250755656814034e-01
   7.4592055995707907e-01
   7.9928137249289710e-01
   8.5131587035360567e-01
   9.0052824754340721e-01
   9.4525879490667242e-01
   9.8378048307528476e-01
   1.0144310796961520e+00
   1.0357676958303415e+00
   1.0467210287753128e+00
   1.0467210287753124e+00
   1.0357676958303406e+00
   1.0144310796961504e+00
   9.8378048307528265e-01
   9.4525879490666997e-01
   9.0052824754340444e-01
   8.5131587035360268e-01
   7.9928137249289388e-01
   7.4592055995707585e-01
   6.9250755656813701e-01
   6.4007172659037137e-01
   5.8940122328814870e-01
   5.4106410397343108e-01
   4.9543892997732403e-01
   4.5274865952534410e-01
   4.1309367480531278e-01
   3.7648153399532225e-01
   3.4285234595996750e-01
   3.1209953483690994e-01
   2.8408627452012059e-01
   2.5865812866212040e-01
   2.3565251974086374e-01
   2.1490563988369302e-01
   1.9625735436938579e-01
   1.7955456654218588e-01
   1.6465342809037123e-01
   1.5142070058211077e-01
   1.3973450682551561e-01
   1.2948465497311759e-01
   1.2057267365666734e-01
   1.1291166142668545e-01
   1.0642602677953250e-01
   9.8263821115259914e-02
   8.8381627225871215e-02
   7.9462716108493953e-02
   7.1412258494629774e-02
   6.4144005142478699e-02
   5.7579608214694329e-02
   5.1647956318878994e-02
   4.6284535506527530e-02
   4.1430823616002477e-02
   3.7033721874731328e-02
   3.3045025258783965e-02
   2.9420931455891718e-02
   2.6121587176971089e-02
   2.3110669853691205e-02
   2.0355002329993786e-02
   1.7824197919399015e-02
   1.5490333096160120e-02
   1.3327645072598725e-02
   1.1312251555436805e-02
   9.4218900478883292e-03
   8.0903787638006742e-03
   7.2997686459283654e-03
   6.5869334754844440e-03
   5.9442796497804267e-03
   5.3649608523091367e-03
   4.8428052427547967e-03
   4.3722497964115677e-03
   3.9482811033346513e-03
   3.5663820037262288e-03
   3.2224834962993028e-03
   2.9129214111196736e-03
   2.6343973881455362e-03
   2.3839437477939534e-03
   2.1588918807702233e-03
   1.9568438214812144e-03
   1.7756467029722935e-03
   1.6133698218083305e-03
   1.4682840689657375e-03
   1.3388435078932957e-03
   1.2236689036904693e-03
   1.1215330280772572e-03
   1.0313475837040664e-03
   9.5215160857005149e-04
   8.8310123706404717e-04
   8.2346070857889394e-04
   7.7259452792963960e-04
   7.2996069406898131e-04
   6.9510492496906466e-04
   6.6765581714787765e-04
   6.4732088827348770e-04
   6.3388346068594774e-04
   6.2720035263478114e-04
   6.2720035263478114e-04
   6.3388346068594785e-04
   6.4732088827348781e-04
   6.6765581714787765e-04
   6.9510492496906477e-04
   7.2996069406898142e-04
   7.7259452792963982e-04
   8.2346070857889427e-04
   8.8310123706404739e-04
   9.5215160857005170e-04
   1.0313475837040668e-03
   1.1215330280772576e-03
   1.2236689036904697e-03
   1.3388435078932964e-03
   1.4682840689657377e-03
   1.6133698218083307e-03
   1.7756467029722937e-03
   1.9568438214812149e-03
   2.1588918807702237e-03
   2.3839437477939538e-03
   2.6343973881455358e-03
   2.9129214111196728e-03
   3.2224834962993024e-03
   3.5663820037262288e-03
   3.9482811033346504e-03
   4.3722497964115677e-03
   4.8428052427547958e-03
   5.3649608523091367e-03
   5.9442796497804259e-03
   6.5869334754844440e-03
   7.2997686459283636e-03
   8.0903787638006742e-03
