   2.5407654164029159e-01
   2.5925545299760988e-01
   2.6456603930323652e-01
   2.6999681081512367e-01
   2.7553512513373329e-01
   2.8116714083808408e-01
   2.8687777977513701e-01
   2.9265069999178134e-01
   2.9846828141100734e-01
   3.0431162642630027e-01
   3.1016057760902993e-01
   3.1599375468033508e-01
   3.2178861277953985e-01
   3.2752152385418132e-01
   3.3316788269275777e-01
   3.3870223871360877e-01
   3.4409845410910728e-01
   3.4932988832578055e-01
   3.5436960814627394e-01
   3.5919062184319767e-01
   3.6376613502002758e-01
   3.6806982486971240e-01
   3.7207612870338042e-01
   3.7576054177076063e-01
   3.7909991865525844e-01
   3.8207277192552891e-01
   3.8465956130522611e-01
   3.8684296642127869e-01
   3.8860813623774049e-01
   3.8994290859446173e-01
   3.9083799385096479e-01
   3.9128711747393313e-01
   3.9128711747393313e-01
   3.9083799385096490e-01
   3.8994290859446196e-01
   3.8860813623774071e-01
   3.8684296642127902e-01
   3.8465956130522638e-01
   3.8207277192552935e-01
   3.7909991865525894e-01
   3.7576054177076113e-01
   3.7207612870338097e-01
   3.6806982486971301e-01
   3.6376613502002819e-01
   3.5919062184319833e-01
   3.5436960814627472e-01
   3.4932988832578127e-01
   3.4409845410910800e-01
   3.3870223871360955e-01
   3.3316788269275860e-01
   3.2752152385418215e-01
   3.2178861277954068e-01
   3.1599375468033591e-01
   3.1016057760903076e-01
   3.0431162642630111e-01
   2.9846828141100806e-01
   2.9265069999178195e-01
   2.8687777977513751e-01
   2.8116714083808453e-01
   2.7553512513373368e-01
   2.6999681081512394e-01
   2.6456603930323674e-01
   2.5925545299760999e-01
   2.5407654164029164e-01
   2.4642762919831762e-01
   2.3632847792176473e-01
   2.2640756609385623e-01
   2.1667819901323310e-01
   2.0715082721764455e-01
   1.9783329834946739e-01
   1.8873110407692778e-01
   1.7984761830726365e-01
   1.7118432390345989e-01
   1.6274102595421466e-01
   1.5451605035099536e-01
   1.4650642700484084e-01
   1.3870805750040266e-01
   1.3111586734861469e-01
   1.2372394327585515e-01
   1.1652565618974910e-01
   1.0951377060229908e-01
   1.0268054138115543e-01
   9.6017798749615843e-02
   8.9517022474129529e-02
   8.4785274890158080e-02
   8.1810560944257357e-02
   7.8972840644737086e-02
   7.6268056738080972e-02
   7.3692273534428546e-02
   7.1241683026400646e-02
   6.8912609767638341e-02
   6.6701514676448706e-02
   6.4604997912547035e-02
   6.2619800959004671e-02
   6.0742808027079299e-02
   5.8971046888532129e-02
   5.7301689228234705e-02
   5.5732050599241433e-02
   5.4259590052960736e-02
   5.2881909508506977e-02
   5.1596752917668097e-02
   5.0402005275099311e-02
   4.9295691517270271e-02
   4.8275975348280216e-02
   4.7341158025843239e-02
   4.6489677136471355e-02
   4.5720105385087750e-02
   4.5031149420932580e-02
   4.4421648718630247e-02
   4.3890574530624109e-02
   4.3437028924810883e-02
   4.3060243919084557e-02
   4.2759580722592498e-02
   4.2534529091782743e-02
   4.2384706807750271e-02
   4.2309859279943553e-02
   4.2309859279943553e-02
   4.2384706807750271e-02
   4.2534529091782743e-02
   4.2759580722592505e-02
   4.3060243919084557e-02
   4.3437028924810883e-02
   4.3890574530624116e-02
   4.4421648718630254e-02
   4.5031149420932580e-02
   4.5720105385087757e-02
   4.6489677136471362e-02
   4.7341158025843252e-02
   4.8275975348280230e-02
   4.9295691517270285e-02
   5.0402005275099318e-02
   5.1596752917668104e-02
   5.2881909508506984e-02
   5.4259590052960750e-02
   5.5732050599241439e-02
   5.7301689228234719e-02
   5.8971046888532136e-02
   6.0742808027079313e-02
   6.2619800959004684e-02
   6.4604997912547049e-02
   6.6701514676448720e-02
   6.8912609767638355e-02
   7.1241683026400660e-02
   7.3692273534428560e-02
   7.6268056738081000e-02
   7.8972840644737113e-02
   8.1810560944257385e-02
   8.4785274890158080e-02
