   2.1616892936300808e-01
   2.1884556464165170e-01
   2.2151510531328797e-01
   2.2417244513085804e-01
   2.2681231985620315e-01
   2.2942931856858481e-01
   2.3201789679542792e-01
   2.3457239149965209e-01
   2.3708703793853808e-01
   2.3955598838734474e-01
   2.4197333269700982e-01
   2.4433312062946785e-01
   2.4662938588671890e-01
   2.4885617172116800e-01
   2.5100755798540120e-01
   2.5307768945000508e-01
   2.5506080518887936e-01
   2.5695126880339175e-01
   2.5874359923037299e-01
   2.6043250185506439e-01
   2.6201289962942093e-01
   2.6347996387932604e-01
   2.6482914447194011e-01
   2.6605619900713490e-01
   2.6715722069525250e-01
   2.6812866458760004e-01
   2.6896737183638314e-01
   2.6967059167723212e-01
   2.7023600084999305e-01
   2.7066172020175500e-01
   2.7094632824971904e-01
   2.7108887151988614e-01
   2.7108887151988614e-01
   2.7094632824971904e-01
   2.7066172020175500e-01
   2.7023600084999305e-01
   2.6967059167723212e-01
   2.6896737183638314e-01
   2.6812866458760004e-01
   2.6715722069525250e-01
   2.6605619900713490e-01
   2.6482914447194011e-01
   2.6347996387932604e-01
   2.6201289962942093e-01
   2.6043250185506445e-01
   2.5874359923037299e-01
   2.5695126880339181e-01
   2.5506080518887936e-01
   2.5307768945000508e-01
   2.5100755798540120e-01
   2.4885617172116803e-01
   2.4662938588671893e-01
   2.4433312062946788e-01
   2.4197333269700982e-01
   2.3955598838734474e-01
   2.3708703793853808e-01
   2.3457239149965209e-01
   2.3201789679542795e-01
   2.2942931856858481e-01
   2.2681231985620315e-01
   2.2417244513085804e-01
   2.2151510531328797e-01
   2.1884556464165170e-01
   2.1616892936300808e-01
   2.1210093950222392e-01
   2.0664894667890310e-01
   2.0121145171096114e-01
   1.9579699780957863e-01
   1.9041338259807608e-01
   1.8506767631970364e-01
   1.7976624411010869e-01
   1.7451477156817732e-01
   1.6931829291717629e-01
   1.6418122111064673e-01
   1.5910737930210553e-01
   1.5410003316244450e-01
   1.4916192359248451e-01
   1.4429529943926866e-01
   1.3950194988249032e-01
   1.3478323621132657e-01
   1.3014012276149325e-01
   1.2557320682734219e-01
   1.2108274740422831e-01
   1.1666869265224808e-01
   1.1343499721984264e-01
   1.1137850454894170e-01
   1.0939459420595810e-01
   1.0748289695182303e-01
   1.0564300986412084e-01
   1.0387450224223171e-01
   1.0217692109966256e-01
   1.0054979626384054e-01
   9.8992645103620158e-02
   9.7504976904544780e-02
   9.6086296911538124e-02
   9.4736110058205328e-02
   9.3453924401325272e-02
   9.2239254278431937e-02
   9.1091623205636171e-02
   9.0010566532040773e-02
   8.8995633866269602e-02
   8.8046391289772499e-02
   8.7162423370694728e-02
   8.6343334991218143e-02
   8.5588753000399032e-02
   8.4898327703648024e-02
   8.4271734199125925e-02
   8.3708673570468142e-02
   8.3208873944400213e-02
   8.2772091420971305e-02
   8.2398110883310338e-02
   8.2086746693000395e-02
   8.1837843276372710e-02
   8.1651275606238180e-02
   8.1526949582803612e-02
   8.1464802316757470e-02
   8.1464802316757470e-02
   8.1526949582803612e-02
   8.1651275606238180e-02
   8.1837843276372710e-02
   8.2086746693000395e-02
   8.2398110883310338e-02
   8.2772091420971305e-02
   8.3208873944400200e-02
   8.3708673570468142e-02
   8.4271734199125925e-02
   8.4898327703648024e-02
   8.5588753000399032e-02
   8.6343334991218129e-02
   8.7162423370694714e-02
   8.8046391289772499e-02
   8.8995633866269602e-02
   9.0010566532040773e-02
   9.1091623205636171e-02
   9.2239254278431937e-02
   9.3453924401325272e-02
   9.4736110058205328e-02
   9.6086296911538110e-02
   9.7504976904544780e-02
   9.8992645103620158e-02
   1.0054979626384054e-01
   1.0217692109966255e-01
   1.0387450224223171e-01
   1.0564300986412084e-01
   1.0748289695182302e-01
   1.0939459420595810e-01
   1.1137850454894170e-01
   1.1343499721984263e-01
