   8.0865337065526788e-02
   8.6468302157064927e-02
   9.3207324833905286e-02
   1.0116876972788219e-01
   1.1045403394232969e-01
   1.2118043377005146e-01
   1.3348211671829024e-01
   1.4751093743827301e-01
   1.6343720707186418e-01
   1.8145018483419634e-01
   2.0175812450364056e-01
   2.2458761220136697e-01
   2.5018183005835737e-01
   2.7879724765867536e-01
   3.1069807537114918e-01
   3.4614761068502703e-01
   3.8539537916862765e-01
   4.2865874140800481e-01
   4.7609746149746196e-01
   5.2777971329563889e-01
   5.8363830620064461e-01
   6.4341679227076354e-01
   7.0660689304381774e-01
   7.7238168543565056e-01
   8.3953337472395495e-01
   9.0642994109653929e-01
   9.7101024372876088e-01
   1.0308398104405792e+00
   1.0832459679337771e+00
   1.1255378637053270e+00
   1.1552938681805818e+00
   1.1706711309936029e+00
   1.1706711309936071e+00
   1.1552938681805935e+00
   1.1255378637053457e+00
   1.0832459679338018e+00
   1.0308398104406085e+00
   9.7101024372879330e-01
   9.0642994109657360e-01
   8.3953337472398981e-01
   7.7238168543568508e-01
   7.0660689304385127e-01
   6.4341679227079540e-01
   5.8363830620067436e-01
   5.2777971329566653e-01
   4.7609746149748744e-01
   4.2865874140802795e-01
   3.8539537916864863e-01
   3.4614761068504590e-01
   3.1069807537116606e-01
   2.7879724765869041e-01
   2.5018183005837075e-01
   2.2458761220137879e-01
   2.0175812450365097e-01
   1.8145018483420541e-01
   1.6343720707187206e-01
   1.4751093743827973e-01
   1.3348211671829591e-01
   1.2118043377005615e-01
   1.1045403394233345e-01
   1.0116876972788508e-01
   9.3207324833907312e-02
   8.6468302157066121e-02
   8.0865337065527190e-02
   7.3972358242516342e-02
   6.5736781006195177e-02
   5.8401443227152551e-02
   5.1866953931002227e-02
   4.6044454294013354e-02
   4.0854542507393350e-02
   3.6226284785245963e-02
   3.2096311921970842e-02
   2.8407998149971463e-02
   2.5110717471365750e-02
   2.2159171789822702e-02
   1.9512784806502044e-02
   1.7135155597203817e-02
   1.4993565938523391e-02
   1.3058535718285870e-02
   1.1303421094939597e-02
   9.7040504251283601e-03
   8.2383933340670536e-03
   6.8862586439644435e-03
   5.6290171917901428e-03
   4.7496466154924658e-03
   4.2336621768949848e-03
   3.7739101249803265e-03
   3.3642842046401689e-03
   2.9993438392663693e-03
   2.6742419023862217e-03
   2.3846603611999361e-03
   2.1267529403082496e-03
   1.8970940462566296e-03
   1.6926332760398158e-03
   1.5106549064250149e-03
   1.3487418267882215e-03
   1.2047434369515178e-03
   1.0767470840133090e-03
   9.6305265905616212e-04
   8.6215001650738422e-04
   7.7269891636231594e-04
   6.9351122294990578e-04
   6.2353512386412039e-04
   5.6184115949742914e-04
   5.0760987764766224e-04
   4.6012094924451031e-04
   4.1874360064213728e-04
   3.8292823540664718e-04
   3.5219913432307283e-04
   3.2614813666550786e-04
   3.0442921880587885e-04
   2.8675389815451885e-04
   2.7288740138731160e-04
   2.6264554606520184e-04
   2.5589229422707957e-04
   2.5253794546223210e-04
   2.5253794546223210e-04
   2.5589229422707952e-04
   2.6264554606520178e-04
   2.7288740138731155e-04
   2.8675389815451875e-04
   3.0442921880587868e-04
   3.2614813666550780e-04
   3.5219913432307266e-04
   3.8292823540664707e-04
   4.1874360064213717e-04
   4.6012094924451026e-04
   5.0760987764766213e-04
   5.6184115949742903e-04
   6.2353512386412028e-04
   6.9351122294990567e-04
   7.7269891636231605e-04
   8.6215001650738444e-04
   9.6305265905616234e-04
   1.0767470840133092e-03
   1.2047434369515180e-03
   1.3487418267882217e-03
   1.5106549064250153e-03
   1.6926332760398165e-03
   1.8970940462566302e-03
   2.1267529403082501e-03
   2.3846603611999370e-03
   2.6742419023862225e-03
   2.9993438392663702e-03
   3.3642842046401693e-03
   3.7739101249803270e-03
   4.2336621768949857e-03
   4.7496466154924658e-03
