   2.4186262818373569e-01
   2.4950553369364262e-01
   2.5774881505589958e-01
   2.6659153222866716e-01
   2.7603042303807090e-01
   2.8605934307922859e-01
   2.9666864505001544e-01
   3.0784449875265096e-01
   3.1956815578224290e-01
   3.3181516653224968e-01
   3.4455456167125698e-01
   3.5774801572966980e-01
   3.7134901685814931e-01
   3.8530207406218120e-01
   3.9954200102429910e-01
   4.1399332357065882e-01
   4.2856986529231539e-01
   4.4317457194424142e-01
   4.5769963895638044e-01
   4.7202700647710072e-01
   4.8602928154211972e-01
   4.9957113602641434e-01
   5.1251121110645059e-01
   5.2470453371384029e-01
   5.3600541840587379e-01
   5.4627079076378160e-01
   5.5536382855218169e-01
   5.6315777819461998e-01
   5.6953977115789589e-01
   5.7441444231933847e-01
   5.7770714452508765e-01
   5.7936656322991031e-01
   5.7936656322991031e-01
   5.7770714452508753e-01
   5.7441444231933836e-01
   5.6953977115789589e-01
   5.6315777819461987e-01
   5.5536382855218158e-01
   5.4627079076378149e-01
   5.3600541840587368e-01
   5.2470453371384018e-01
   5.1251121110645048e-01
   4.9957113602641423e-01
   4.8602928154211961e-01
   4.7202700647710061e-01
   4.5769963895638038e-01
   4.4317457194424137e-01
   4.2856986529231528e-01
   4.1399332357065882e-01
   3.9954200102429904e-01
   3.8530207406218109e-01
   3.7134901685814925e-01
   3.5774801572966969e-01
   3.4455456167125692e-01
   3.3181516653224963e-01
   3.1956815578224279e-01
   3.0784449875265091e-01
   2.9666864505001544e-01
   2.8605934307922859e-01
   2.7603042303807090e-01
   2.6659153222866711e-01
   2.5774881505589958e-01
   2.4950553369364262e-01
   2.4186262818373569e-01
   2.3116656256489870e-01
   2.1743572036293926e-01
   2.0431284180529843e-01
   1.9178385013046989e-01
   1.7983136194358104e-01
   1.6843542322248223e-01
   1.5757413517009589e-01
   1.4722418072957166e-01
   1.3736126274601052e-01
   1.2796046445243708e-01
   1.1899654234412947e-01
   1.1044416070977786e-01
   1.0227807620222243e-01
   9.4473279920919792e-02
   8.7005103587147442e-02
   7.9849295549803981e-02
   7.2982071581336128e-02
   6.6380144718257331e-02
   6.0020737771512754e-02
   5.3881581577278667e-02
   4.9453179337579534e-02
   4.6713065855145230e-02
   4.4139448187410377e-02
   4.1723352332506521e-02
   3.9456322745249343e-02
   3.7330399916422521e-02
   3.5338098425844303e-02
   3.3472385603362284e-02
   3.1726660899798954e-02
   3.0094736043556315e-02
   2.8570816037145754e-02
   2.7149481030543869e-02
   2.5825669094314784e-02
   2.4594659904316647e-02
   2.3452059341047257e-02
   2.2393784999879651e-02
   2.1416052603256294e-02
   2.0515363302068372e-02
   1.9688491850709498e-02
   1.8932475638463963e-02
   1.8244604558805454e-02
   1.7622411697707081e-02
   1.7063664822084646e-02
   1.6566358649919625e-02
   1.6128707884359134e-02
   1.5749140995103994e-02
   1.5426294731620719e-02
   1.5159009354106329e-02
   1.4946324569661072e-02
   1.4787476162755235e-02
   1.4681893310788190e-02
   1.4629196577312041e-02
   1.4629196577312041e-02
   1.4681893310788192e-02
   1.4787476162755239e-02
   1.4946324569661076e-02
   1.5159009354106329e-02
   1.5426294731620721e-02
   1.5749140995103994e-02
   1.6128707884359137e-02
   1.6566358649919628e-02
   1.7063664822084650e-02
   1.7622411697707084e-02
   1.8244604558805458e-02
   1.8932475638463966e-02
   1.9688491850709502e-02
   2.0515363302068376e-02
   2.1416052603256300e-02
   2.2393784999879662e-02
   2.3452059341047261e-02
   2.4594659904316654e-02
   2.5825669094314791e-02
   2.7149481030543876e-02
   2.8570816037145765e-02
   3.0094736043556329e-02
   3.1726660899798961e-02
   3.3472385603362298e-02
   3.5338098425844323e-02
   3.7330399916422535e-02
   3.9456322745249357e-02
   4.1723352332506534e-02
   4.4139448187410384e-02
   4.6713065855145237e-02
   4.9453179337579541e-02
