   1.7539275153246567e-01
   1.8327308894995831e-01
   1.9219722333047090e-01
   2.0220356618522031e-01
   2.1333307774377064e-01
   2.2562856009859283e-01
   2.3913373966202320e-01
   2.5389209027532100e-01
   2.6994534131295334e-01
   2.8733160879084213e-01
   3.0608308285732011e-01
   3.2622320366153645e-01
   3.4776326162664062e-01
   3.7069837051599269e-01
   3.9500278607164191e-01
   4.2062458382849044e-01
   4.4747977173371906e-01
   4.7544600083809085e-01
   5.0435615334921535e-01
   5.3399223094496895e-01
   5.6408013045211880e-01
   5.9428606264637485e-01
   6.2421551508173412e-01
   6.5341574084958010e-01
   6.8138272126554678e-01
   7.0757334904405911e-01
   7.3142316978015820e-01
   7.5236939672444336e-01
   7.6987812350441354e-01
   7.8347381341834843e-01
   7.9276841201380732e-01
   7.9748700664541816e-01
   7.9748700664541805e-01
   7.9276841201380688e-01
   7.8347381341834765e-01
   7.6987812350441243e-01
   7.5236939672444203e-01
   7.3142316978015665e-01
   7.0757334904405744e-01
   6.8138272126554489e-01
   6.5341574084957810e-01
   6.2421551508173212e-01
   5.9428606264637285e-01
   5.6408013045211680e-01
   5.3399223094496706e-01
   5.0435615334921335e-01
   4.7544600083808902e-01
   4.4747977173371722e-01
   4.2062458382848872e-01
   3.9500278607164030e-01
   3.7069837051599114e-01
   3.4776326162663918e-01
   3.2622320366153507e-01
   3.0608308285731883e-01
   2.8733160879084102e-01
   2.6994534131295239e-01
   2.5389209027532011e-01
   2.3913373966202245e-01
   2.2562856009859220e-01
   2.1333307774377011e-01
   2.0220356618521992e-01
   1.9219722333047065e-01
   1.8327308894995817e-01
   1.7539275153246564e-01
   1.6495719419485810e-01
   1.5195372739340976e-01
   1.3988007002457481e-01
   1.2867220036753776e-01
   1.1826849311772294e-01
   1.0861000511421076e-01
   9.9640637399772025e-02
   9.1307202506340057e-02
   8.3559420109336577e-02
   7.6349859418931548e-02
   6.9633842756834069e-02
   6.3369321581498286e-02
   5.7516733656537589e-02
   5.2038848001545013e-02
   4.6900602629373400e-02
   4.2068938780534082e-02
   3.7512634347615016e-02
   3.3202138385712676e-02
   2.9109407983902706e-02
   2.5207748291249298e-02
   2.2422727227136018e-02
   2.0730782619356947e-02
   1.9170157285102161e-02
   1.7730988444420965e-02
   1.6404176097251009e-02
   1.5181326913193469e-02
   1.4054702262203145e-02
   1.3017170128961876e-02
   1.2062160662991244e-02
   1.1183625127524048e-02
   1.0375998022176947e-02
   9.6341621670830505e-03
   8.9534165490058118e-03
   8.3294467428085585e-03
   7.7582977343127356e-03
   7.2363489829132804e-03
   6.7602915742440593e-03
   6.3271073246455277e-03
   5.9340497101504517e-03
   5.5786265031604002e-03
   5.2585840099382396e-03
   4.9718928115027637e-03
   4.7167349195014847e-03
   4.4914922671820696e-03
   4.2947364637115279e-03
   4.1252197478373158e-03
   3.9818670842795304e-03
   3.8637693533233966e-03
   3.7701775908812727e-03
   3.7004982428491769e-03
   3.6542894039296118e-03
   3.6312580172656152e-03
   3.6312580172656152e-03
   3.6542894039296118e-03
   3.7004982428491769e-03
   3.7701775908812723e-03
   3.8637693533233970e-03
   3.9818670842795304e-03
   4.1252197478373158e-03
   4.2947364637115288e-03
   4.4914922671820696e-03
   4.7167349195014847e-03
   4.9718928115027637e-03
   5.2585840099382405e-03
   5.5786265031604011e-03
   5.9340497101504517e-03
   6.3271073246455286e-03
   6.7602915742440593e-03
   7.2363489829132804e-03
   7.7582977343127373e-03
   8.3294467428085585e-03
   8.9534165490058135e-03
   9.6341621670830505e-03
   1.0375998022176949e-02
   1.1183625127524049e-02
   1.2062160662991246e-02
   1.3017170128961877e-02
   1.4054702262203147e-02
   1.5181326913193471e-02
   1.6404176097251012e-02
   1.7730988444420968e-02
   1.9170157285102164e-02
   2.0730782619356947e-02
   2.2422727227136018e-02
