   2.1176167357904099e-01
   2.1422014602421377e-01
   2.1666741333557304e-01
   2.1909894328742271e-01
   2.2151008416206910e-01
   2.2389607530788577e-01
   2.2625205911479571e-01
   2.2857309441721360e-01
   2.3085417131907962e-01
   2.3309022741874721e-01
   2.3527616539331128e-01
   2.3740687188269083e-01
   2.3947723759365352e-01
   2.4148217852329959e-01
   2.4341665818064626e-01
   2.4527571066426687e-01
   2.4705446443385468e-01
   2.4874816659455729e-01
   2.5035220749541826e-01
   2.5186214542774255e-01
   2.5327373119612695e-01
   2.5458293232469720e-01
   2.5578595665417081e-01
   2.5687927508205216e-01
   2.5785964319884230e-01
   2.5872412157780139e-01
   2.5947009448463226e-01
   2.6009528678646482e-01
   2.6059777885660462e-01
   2.6097601929245029e-01
   2.6122883528846963e-01
   2.6135544053373366e-01
   2.6135544053373366e-01
   2.6122883528846963e-01
   2.6097601929245029e-01
   2.6059777885660462e-01
   2.6009528678646482e-01
   2.5947009448463226e-01
   2.5872412157780139e-01
   2.5785964319884230e-01
   2.5687927508205216e-01
   2.5578595665417081e-01
   2.5458293232469720e-01
   2.5327373119612695e-01
   2.5186214542774260e-01
   2.5035220749541826e-01
   2.4874816659455731e-01
   2.4705446443385470e-01
   2.4527571066426690e-01
   2.4341665818064628e-01
   2.4148217852329959e-01
   2.3947723759365355e-01
   2.3740687188269083e-01
   2.3527616539331131e-01
   2.3309022741874724e-01
   2.3085417131907965e-01
   2.2857309441721363e-01
   2.2625205911479573e-01
   2.2389607530788580e-01
   2.2151008416206910e-01
   2.1909894328742274e-01
   2.1666741333557304e-01
   2.1422014602421383e-01
   2.1176167357904102e-01
   2.0801792908779537e-01
   2.0299532025438824e-01
   1.9798070817345859e-01
   1.9298185705205315e-01
   1.8800591207338133e-01
   1.8305941094856074e-01
   1.7814829901911053e-01
   1.7327794732240975e-01
   1.6845317306937024e-01
   1.6367826202490848e-01
   1.5895699232580041e-01
   1.5429265931576791e-01
   1.4968810102299560e-01
   1.4514572394975339e-01
   1.4066752888664949e-01
   1.3625513650468124e-01
   1.3190981251628278e-01
   1.2763249223171136e-01
   1.2342380436922090e-01
   1.1928409400648528e-01
   1.1624968161591091e-01
   1.1431797748325902e-01
   1.1245262152072055e-01
   1.1065344806267290e-01
   1.0892025443710562e-01
   1.0725280621987580e-01
   1.0565084215525639e-01
   1.0411407875601666e-01
   1.0264221459661850e-01
   1.0123493431328036e-01
   9.9891912324678978e-02
   9.8612816286946889e-02
   9.7397310296403791e-02
   9.6245057853145688e-02
   9.5155724598228172e-02
   9.4128980836726425e-02
   9.3164503858452777e-02
   9.2261980067568430e-02
   9.1421106931750817e-02
   9.0641594760979063e-02
   8.9923168325382385e-02
   8.9265568320967312e-02
   8.8668552691402322e-02
   8.8131897813396309e-02
   8.7655399552564267e-02
   8.7238874196030880e-02
   8.6882159267381714e-02
   8.6585114228934335e-02
   8.6347621075668110e-02
   8.6169584824521944e-02
   8.6050933902143231e-02
   8.5991620433550048e-02
   8.5991620433550048e-02
   8.6050933902143231e-02
   8.6169584824521944e-02
   8.6347621075668110e-02
   8.6585114228934307e-02
   8.6882159267381714e-02
   8.7238874196030880e-02
   8.7655399552564267e-02
   8.8131897813396309e-02
   8.8668552691402322e-02
   8.9265568320967298e-02
   8.9923168325382372e-02
   9.0641594760979063e-02
   9.1421106931750817e-02
   9.2261980067568417e-02
   9.3164503858452777e-02
   9.4128980836726425e-02
   9.5155724598228172e-02
   9.6245057853145674e-02
   9.7397310296403777e-02
   9.8612816286946889e-02
   9.9891912324678950e-02
   1.0123493431328036e-01
   1.0264221459661850e-01
   1.0411407875601665e-01
   1.0565084215525636e-01
   1.0725280621987578e-01
   1.0892025443710561e-01
   1.1065344806267290e-01
   1.1245262152072055e-01
   1.1431797748325902e-01
   1.1624968161591091e-01
