   1.3511143364152289e-01
   1.4234164262327437e-01
   1.5072975736823982e-01
   1.6033686985777781e-01
   1.7123143921151293e-01
   1.8348902224888824e-01
   1.9719181104768796e-01
   2.1242790378030935e-01
   2.2929021552746598e-01
   2.4787491255670049e-01
   2.6827922690232536e-01
   2.9059847887434742e-01
   3.1492210537427112e-01
   3.4132846539350875e-01
   3.6987817720721816e-01
   4.0060574454842934e-01
   4.3350926607914358e-01
   4.6853811373245186e-01
   5.0557863603788744e-01
   5.4443822022013300e-01
   5.8482845650917215e-01
   6.2634870043504920e-01
   6.6847200304930832e-01
   7.1053609982228527e-01
   7.5174276442035404e-01
   7.9116910534321261e-01
   8.2779400980565732e-01
   8.6054163130538619e-01
   8.8834143442090907e-01
   9.1020102625951660e-01
   9.2528442430091895e-01
   9.3298553218780544e-01
   9.3298553218780578e-01
   9.2528442430092006e-01
   9.1020102625951826e-01
   8.8834143442091129e-01
   8.6054163130538897e-01
   8.2779400980566054e-01
   7.9116910534321616e-01
   7.5174276442035759e-01
   7.1053609982228916e-01
   6.6847200304931220e-01
   6.2634870043505309e-01
   5.8482845650917581e-01
   5.4443822022013655e-01
   5.0557863603789088e-01
   4.6853811373245513e-01
   4.3350926607914664e-01
   4.0060574454843223e-01
   3.6987817720722088e-01
   3.4132846539351119e-01
   3.1492210537427334e-01
   2.9059847887434948e-01
   2.6827922690232719e-01
   2.4787491255670216e-01
   2.2929021552746739e-01
   2.1242790378031060e-01
   1.9719181104768904e-01
   1.8348902224888916e-01
   1.7123143921151365e-01
   1.6033686985777837e-01
   1.5072975736824024e-01
   1.4234164262327459e-01
   1.3511143364152295e-01
   1.2580870217857587e-01
   1.1440211130772435e-01
   1.0397748486199912e-01
   9.4450077764262230e-02
   8.5741249393485874e-02
   7.7778213185511980e-02
   7.0493730797116377e-02
   6.3825773624545279e-02
   5.7717168233761204e-02
   5.2115237514008053e-02
   4.6971445781280242e-02
   4.2241053370483311e-02
   3.7882784255728719e-02
   3.3858508763583636e-02
   3.0132942366890795e-02
   2.6673360768682555e-02
   2.3449330931276255e-02
   2.0432457317210270e-02
   1.7596142342421274e-02
   1.4915359864761802e-02
   1.3015301187253405e-02
   1.1875019602689146e-02
   1.0835943365047535e-02
   9.8892218332458110e-03
   9.0267898434653136e-03
   8.2412994034918429e-03
   7.5260573918763049e-03
   6.8749687571976002e-03
   6.2824847532147723e-03
   5.7435557837858375e-03
   5.2535884670586817e-03
   4.8084065616257948e-03
   4.4042154281478674e-03
   4.0375697284914863e-03
   3.7053440908131636e-03
   3.4047064933872616e-03
   3.1330941424556444e-03
   2.8881916401101372e-03
   2.6679112573408620e-03
   2.4703751450265389e-03
   2.2938993319336809e-03
   2.1369793738514791e-03
   1.9982775319329262e-03
   1.8766113712490188e-03
   1.7709436825942473e-03
   1.6803736418046875e-03
   1.6041291313561082e-03
   1.5415601588847170e-03
   1.4921333165991428e-03
   1.4554272344064877e-03
   1.4311289880317866e-03
   1.4190314315398697e-03
   1.4190314315398697e-03
   1.4311289880317869e-03
   1.4554272344064879e-03
   1.4921333165991430e-03
   1.5415601588847172e-03
   1.6041291313561082e-03
   1.6803736418046877e-03
   1.7709436825942477e-03
   1.8766113712490192e-03
   1.9982775319329262e-03
   2.1369793738514795e-03
   2.2938993319336813e-03
   2.4703751450265397e-03
   2.6679112573408628e-03
   2.8881916401101385e-03
   3.1330941424556457e-03
   3.4047064933872624e-03
   3.7053440908131649e-03
   4.0375697284914872e-03
   4.4042154281478691e-03
   4.8084065616257965e-03
   5.2535884670586834e-03
   5.7435557837858383e-03
   6.2824847532147732e-03
   6.8749687571976002e-03
   7.5260573918763040e-03
   8.2412994034918429e-03
   9.0267898434653136e-03
   9.8892218332458110e-03
   1.0835943365047535e-02
   1.1875019602689144e-02
   1.3015301187253404e-02
