   2.4639971529995658e-01
   2.5087676859747354e-01
   2.5542628545919593e-01
   2.6003823845503954e-01
   2.6470183837285471e-01
   2.6940552463144629e-01
   2.7413696277957733e-01
   2.7888305006657582e-01
   2.8362993006311266e-01
   2.8836301727756924e-01
   2.9306703265023476e-01
   2.9772605071080299e-01
   3.0232355905138236e-01
   3.0684253059550798e-01
   3.1126550893274013e-01
   3.1557470673913696e-01
   3.1975211701883000e-01
   3.2377963658573378e-01
   3.2763920086388132e-01
   3.3131292872897478e-01
   3.3478327575351846e-01
   3.3803319386622160e-01
   3.4104629510746698e-01
   3.4380701687156634e-01
   3.4630078578837309e-01
   3.4851417722590994e-01
   3.5043506730464086e-01
   3.5205277431292237e-01
   3.5335818650866468e-01
   3.5434387348687102e-01
   3.5500417858450362e-01
   3.5533529017629562e-01
   3.5533529017629562e-01
   3.5500417858450362e-01
   3.5434387348687107e-01
   3.5335818650866474e-01
   3.5205277431292242e-01
   3.5043506730464086e-01
   3.4851417722590994e-01
   3.4630078578837309e-01
   3.4380701687156640e-01
   3.4104629510746703e-01
   3.3803319386622160e-01
   3.3478327575351846e-01
   3.3131292872897478e-01
   3.2763920086388126e-01
   3.2377963658573383e-01
   3.1975211701883000e-01
   3.1557470673913696e-01
   3.1126550893274013e-01
   3.0684253059550803e-01
   3.0232355905138236e-01
   2.9772605071080305e-01
   2.9306703265023476e-01
   2.8836301727756930e-01
   2.8362993006311266e-01
   2.7888305006657582e-01
   2.7413696277957733e-01
   2.6940552463144629e-01
   2.6470183837285471e-01
   2.6003823845503959e-01
   2.5542628545919599e-01
   2.5087676859747360e-01
   2.4639971529995661e-01
   2.3972503675281487e-01
   2.3086906012115191e-01
   2.2212677582899273e-01
   2.1351147211627261e-01
   2.0503425081096102e-01
   1.9670417917370822e-01
   1.8852844430045718e-01
   1.8051250703102253e-01
   1.7266025289382103e-01
   1.6497413814488646e-01
   1.5745532942792148e-01
   1.5010383598997312e-01
   1.4291863373562447e-01
   1.3589778069455102e-01
   1.2903852371734512e-01
   1.2233739640782579e-01
   1.1579030845211789e-01
   1.0939262662108448e-01
   1.0313924780851481e-01
   9.7024664527727719e-02
   9.2565728299316571e-02
   8.9753250263740633e-02
   8.7061652542454820e-02
   8.4488108776274190e-02
   8.2029848318564330e-02
   7.9684164171488131e-02
   7.7448419824758225e-02
   7.5320055116454579e-02
   7.3296591225245358e-02
   7.1375634893724837e-02
   6.9554881973571334e-02
   6.7832120374834229e-02
   6.6205232493874402e-02
   6.4672197187289421e-02
   6.3231091352531008e-02
   6.1880091169840189e-02
   6.0617473054554775e-02
   5.9441614363751186e-02
   5.8350993896537258e-02
   5.7344192223078572e-02
   5.6419891873587251e-02
   5.5576877414995965e-02
   5.4814035439850202e-02
   5.4130354489048682e-02
   5.3524924927416957e-02
   5.2996938788684875e-02
   5.2545689604229499e-02
   5.2170572227916309e-02
   5.1871082667499423e-02
   5.1646817931305045e-02
   5.1497475897298695e-02
   5.1422855210106776e-02
   5.1422855210106776e-02
   5.1497475897298695e-02
   5.1646817931305038e-02
   5.1871082667499423e-02
   5.2170572227916309e-02
   5.2545689604229499e-02
   5.2996938788684868e-02
   5.3524924927416957e-02
   5.4130354489048682e-02
   5.4814035439850195e-02
   5.5576877414995958e-02
   5.6419891873587244e-02
   5.7344192223078565e-02
   5.8350993896537258e-02
   5.9441614363751186e-02
   6.0617473054554775e-02
   6.1880091169840189e-02
   6.3231091352531008e-02
   6.4672197187289421e-02
   6.6205232493874402e-02
   6.7832120374834215e-02
   6.9554881973571320e-02
   7.1375634893724837e-02
   7.3296591225245344e-02
   7.5320055116454565e-02
   7.7448419824758211e-02
   7.9684164171488131e-02
   8.2029848318564330e-02
   8.4488108776274176e-02
   8.7061652542454807e-02
   8.9753250263740633e-02
   9.2565728299316558e-02
