   3.2070937019555862e-01
   3.2367487486603924e-01
   3.2679706405401404e-01
   3.3006465546194697e-01
   3.3346544672333456e-01
   3.3698630513399808e-01
   3.4061316431559552e-01
   3.4433102914949965e-01
   3.4812399033435748e-01
   3.5197524990447471e-01
   3.5586715899281018e-01
   3.5978126902620106e-01
   3.6369839739649990e-01
   3.6759870845563569e-01
   3.7146181043277171e-01
   3.7526686856721619e-01
   3.7899273439349174e-01
   3.8261809070970193e-01
   3.8612161131491868e-01
   3.8948213412684612e-01
   3.9267884580184892e-01
   3.9569147549284112e-01
   3.9850049491624701e-01
   4.0108732147860965e-01
   4.0343452085840592e-01
   4.0552600517054060e-01
   4.0734722267916407e-01
   4.0888533498477997e-01
   4.1012937770525831e-01
   4.1107040090261865e-01
   4.1170158587690253e-01
   4.1201833544662014e-01
   4.1201833544662014e-01
   4.1170158587690259e-01
   4.1107040090261865e-01
   4.1012937770525837e-01
   4.0888533498477997e-01
   4.0734722267916407e-01
   4.0552600517054060e-01
   4.0343452085840598e-01
   4.0108732147860970e-01
   3.9850049491624706e-01
   3.9569147549284112e-01
   3.9267884580184897e-01
   3.8948213412684624e-01
   3.8612161131491873e-01
   3.8261809070970204e-01
   3.7899273439349179e-01
   3.7526686856721625e-01
   3.7146181043277171e-01
   3.6759870845563575e-01
   3.6369839739649995e-01
   3.5978126902620111e-01
   3.5586715899281018e-01
   3.5197524990447476e-01
   3.4812399033435759e-01
   3.4433102914949970e-01
   3.4061316431559552e-01
   3.3698630513399813e-01
   3.3346544672333461e-01
   3.3006465546194702e-01
   3.2679706405401410e-01
   3.2367487486603930e-01
   3.2070937019555862e-01
   3.1645967954927928e-01
   3.1094691380625350e-01
   3.0564055331149798e-01
   3.0055707583682451e-01
   2.9571129823089065e-01
   2.9111647661054896e-01
   2.8678441071977862e-01
   2.8272554984775489e-01
   2.7894909807381829e-01
   2.7546311695942910e-01
   2.7227462412927078e-01
   2.6938968647177147e-01
   2.6681350694185996e-01
   2.6455050416585685e-01
   2.6260438423138527e-01
   2.6097820419635365e-01
   2.5967442697333337e-01
   2.5869496734234831e-01
   2.5804122891977588e-01
   2.5771413196740373e-01
   2.5771413196740373e-01
   2.5804122891977593e-01
   2.5869496734234848e-01
   2.5967442697333354e-01
   2.6097820419635381e-01
   2.6260438423138549e-01
   2.6455050416585718e-01
   2.6681350694186035e-01
   2.6938968647177186e-01
   2.7227462412927123e-01
   2.7546311695942960e-01
   2.7894909807381885e-01
   2.8272554984775544e-01
   2.8678441071977923e-01
   2.9111647661054962e-01
   2.9571129823089143e-01
   3.0055707583682528e-01
   3.0564055331149870e-01
   3.1094691380625433e-01
   3.1645967954928012e-01
   3.2070937019555951e-01
   3.2367487486604007e-01
   3.2679706405401482e-01
   3.3006465546194774e-01
   3.3346544672333522e-01
   3.3698630513399874e-01
   3.4061316431559607e-01
   3.4433102914950015e-01
   3.4812399033435787e-01
   3.5197524990447498e-01
   3.5586715899281041e-01
   3.5978126902620128e-01
   3.6369839739650001e-01
   3.6759870845563569e-01
   3.7146181043277154e-01
   3.7526686856721603e-01
   3.7899273439349146e-01
   3.8261809070970160e-01
   3.8612161131491823e-01
   3.8948213412684568e-01
   3.9267884580184836e-01
   3.9569147549284051e-01
   3.9850049491624634e-01
   4.0108732147860893e-01
   4.0343452085840509e-01
   4.0552600517053972e-01
   4.0734722267916318e-01
   4.0888533498477903e-01
   4.1012937770525743e-01
   4.1107040090261765e-01
   4.1170158587690153e-01
   4.1201833544661914e-01
   4.1201833544661914e-01
   4.1170158587690153e-01
   4.1107040090261765e-01
   4.1012937770525743e-01
   4.0888533498477903e-01
   4.0734722267916318e-01
   4.0552600517053977e-01
   4.0343452085840509e-01
   4.0108732147860898e-01
   3.9850049491624634e-01
   3.9569147549284051e-01
   3.9267884580184836e-01
   3.8948213412684574e-01
   3.8612161131491829e-01
   3.8261809070970165e-01
   3.7899273439349151e-01
   3.7526686856721608e-01
   3.7146181043277160e-01
   3.6759870845563575e-01
   3.6369839739650001e-01
   3.5978126902620128e-01
   3.5586715899281041e-01
   3.5197524990447504e-01
   3.4812399033435787e-01
   3.4433102914950015e-01
   3.4061316431559607e-01
   3.3698630513399874e-01
   3.3346544672333522e-01
   3.3006465546194774e-01
   3.2679706405401487e-01
   3.2367487486604019e-01
   3.2070937019555951e-01
