   3.1753535958861562e-01
   3.2095635344629886e-01
   3.2457403313549377e-01
   3.2837600426241331e-01
   3.3234871145003875e-01
   3.3647740395338793e-01
   3.4074610888833645e-01
   3.4513761409500521e-01
   3.4963346275405166e-01
   3.5421396193220583e-01
   3.5885820724080664e-01
   3.6354412573628114e-01
   3.6824853906299054e-01
   3.7294724862607509e-01
   3.7761514427607412e-01
   3.8222633758213637e-01
   3.8675432026431789e-01
   3.9117214775035614e-01
   3.9545264712671369e-01
   3.9956864798236025e-01
   4.0349323381826685e-01
   4.0720001084426599e-01
   4.1066339014223302e-01
   4.1385887837986662e-01
   4.1676337155513665e-01
   4.1935544568087463e-01
   4.2161563792294643e-01
   4.2352671151964816e-01
   4.2507389786170602e-01
   4.2624510941767718e-01
   4.2703111775145358e-01
   4.2742569168513767e-01
   4.2742569168513767e-01
   4.2703111775145358e-01
   4.2624510941767718e-01
   4.2507389786170607e-01
   4.2352671151964821e-01
   4.2161563792294648e-01
   4.1935544568087474e-01
   4.1676337155513671e-01
   4.1385887837986673e-01
   4.1066339014223319e-01
   4.0720001084426610e-01
   4.0349323381826702e-01
   3.9956864798236036e-01
   3.9545264712671385e-01
   3.9117214775035630e-01
   3.8675432026431811e-01
   3.8222633758213653e-01
   3.7761514427607429e-01
   3.7294724862607526e-01
   3.6824853906299071e-01
   3.6354412573628131e-01
   3.5885820724080686e-01
   3.5421396193220606e-01
   3.4963346275405177e-01
   3.4513761409500532e-01
   3.4074610888833667e-01
   3.3647740395338804e-01
   3.3234871145003891e-01
   3.2837600426241342e-01
   3.2457403313549393e-01
   3.2095635344629903e-01
   3.1753535958861573e-01
   3.1265607225301784e-01
   3.0634220810544527e-01
   3.0027928680688770e-01
   2.9448442979738709e-01
   2.8897276314028497e-01
   2.8375757224937820e-01
   2.7885045762315802e-01
   2.7426148850271048e-01
   2.6999935193560115e-01
   2.6607149523494428e-01
   2.6248426026665894e-01
   2.5924300837792796e-01
   2.5635223509799371e-01
   2.5381567400236049e-01
   2.5163638933813065e-01
   2.4981685716717553e-01
   2.4835903490104305e-01
   2.4726441918288164e-01
   2.4653409212304056e-01
   2.4616875592197654e-01
   2.4616875592197657e-01
   2.4653409212304064e-01
   2.4726441918288178e-01
   2.4835903490104330e-01
   2.4981685716717586e-01
   2.5163638933813104e-01
   2.5381567400236094e-01
   2.5635223509799421e-01
   2.5924300837792857e-01
   2.6248426026665961e-01
   2.6607149523494494e-01
   2.6999935193560187e-01
   2.7426148850271131e-01
   2.7885045762315891e-01
   2.8375757224937914e-01
   2.8897276314028597e-01
   2.9448442979738820e-01
   3.0027928680688881e-01
   3.0634220810544643e-01
   3.1265607225301900e-01
   3.1753535958861689e-01
   3.2095635344630002e-01
   3.2457403313549488e-01
   3.2837600426241431e-01
   3.3234871145003969e-01
   3.3647740395338877e-01
   3.4074610888833723e-01
   3.4513761409500587e-01
   3.4963346275405227e-01
   3.5421396193220639e-01
   3.5885820724080703e-01
   3.6354412573628142e-01
   3.6824853906299077e-01
   3.7294724862607520e-01
   3.7761514427607412e-01
   3.8222633758213626e-01
   3.8675432026431772e-01
   3.9117214775035580e-01
   3.9545264712671330e-01
   3.9956864798235969e-01
   4.0349323381826629e-01
   4.0720001084426533e-01
   4.1066339014223230e-01
   4.1385887837986579e-01
   4.1676337155513576e-01
   4.1935544568087363e-01
   4.2161563792294537e-01
   4.2352671151964705e-01
   4.2507389786170485e-01
   4.2624510941767596e-01
   4.2703111775145247e-01
   4.2742569168513644e-01
   4.2742569168513644e-01
   4.2703111775145247e-01
   4.2624510941767602e-01
   4.2507389786170485e-01
   4.2352671151964705e-01
   4.2161563792294537e-01
   4.1935544568087363e-01
   4.1676337155513576e-01
   4.1385887837986579e-01
   4.1066339014223235e-01
   4.0720001084426538e-01
   4.0349323381826629e-01
   3.9956864798235980e-01
   3.9545264712671335e-01
   3.9117214775035586e-01
   3.8675432026431777e-01
   3.8222633758213631e-01
   3.7761514427607418e-01
   3.7294724862607526e-01
   3.6824853906299082e-01
   3.6354412573628148e-01
   3.5885820724080714e-01
   3.5421396193220639e-01
   3.4963346275405233e-01
   3.4513761409500593e-01
   3.4074610888833734e-01
   3.3647740395338882e-01
   3.3234871145003975e-01
   3.2837600426241431e-01
   3.2457403313549493e-01
   3.2095635344630008e-01
   3.1753535958861695e-01
