   3.2756168166945393e-01
   3.2855209295380799e-01
   3.2957707498075645e-01
   3.3063244997542474e-01
   3.3171387443557326e-01
   3.3281685346547063e-01
   3.3393675635932502e-01
   3.3506883344504457e-01
   3.3620823418446777e-01
   3.3735002650997775e-01
   3.3848921735976556e-01
   3.3962077435513915e-01
   3.4073964854345679e-01
   3.4184079810980589e-01
   3.4291921293980371e-01
   3.4396993989526342e-01
   3.4498810864438167e-01
   3.4596895786901277e-01
   3.4690786165398030e-01
   3.4780035584770519e-01
   3.4864216417017457e-01
   3.4942922383387431e-01
   3.5015771043616023e-01
   3.5082406187799958e-01
   3.5142500106434621e-01
   3.5195755714582699e-01
   3.5241908507000486e-01
   3.5280728322325605e-01
   3.5312020896115170e-01
   3.5335629184595058e-01
   3.5351434443407803e-01
   3.5359357048386780e-01
   3.5359357048386780e-01
   3.5351434443407803e-01
   3.5335629184595058e-01
   3.5312020896115170e-01
   3.5280728322325605e-01
   3.5241908507000486e-01
   3.5195755714582705e-01
   3.5142500106434621e-01
   3.5082406187799964e-01
   3.5015771043616023e-01
   3.4942922383387431e-01
   3.4864216417017457e-01
   3.4780035584770519e-01
   3.4690786165398030e-01
   3.4596895786901277e-01
   3.4498810864438167e-01
   3.4396993989526348e-01
   3.4291921293980371e-01
   3.4184079810980589e-01
   3.4073964854345679e-01
   3.3962077435513921e-01
   3.3848921735976562e-01
   3.3735002650997781e-01
   3.3620823418446782e-01
   3.3506883344504462e-01
   3.3393675635932502e-01
   3.3281685346547069e-01
   3.3171387443557332e-01
   3.3063244997542479e-01
   3.2957707498075650e-01
   3.2855209295380805e-01
   3.2756168166945399e-01
   3.2611622297367249e-01
   3.2422315047020334e-01
   3.2238379748713919e-01
   3.2060552773655093e-01
   3.1889533594469077e-01
   3.1725983428601406e-01
   3.1570524145216455e-01
   3.1423737408280050e-01
   3.1286164028035746e-01
   3.1158303493141604e-01
   3.1040613656262100e-01
   3.0933510546847548e-01
   3.0837368286120531e-01
   3.0752519080869251e-01
   3.0679253274471152e-01
   3.0617819435590637e-01
   3.0568424467172017e-01
   3.0531233720649498e-01
   3.0506371102690405e-01
   3.0493919164252625e-01
   3.0493919164252631e-01
   3.0506371102690411e-01
   3.0531233720649509e-01
   3.0568424467172034e-01
   3.0617819435590665e-01
   3.0679253274471185e-01
   3.0752519080869284e-01
   3.0837368286120576e-01
   3.0933510546847592e-01
   3.1040613656262150e-01
   3.1158303493141665e-01
   3.1286164028035807e-01
   3.1423737408280117e-01
   3.1570524145216528e-01
   3.1725983428601479e-01
   3.1889533594469160e-01
   3.2060552773655182e-01
   3.2238379748714002e-01
   3.2422315047020428e-01
   3.2611622297367332e-01
   3.2756168166945482e-01
   3.2855209295380877e-01
   3.2957707498075711e-01
   3.3063244997542535e-01
   3.3171387443557376e-01
   3.3281685346547107e-01
   3.3393675635932529e-01
   3.3506883344504479e-01
   3.3620823418446794e-01
   3.3735002650997781e-01
   3.3848921735976556e-01
   3.3962077435513904e-01
   3.4073964854345651e-01
   3.4184079810980555e-01
   3.4291921293980326e-01
   3.4396993989526292e-01
   3.4498810864438106e-01
   3.4596895786901205e-01
   3.4690786165397958e-01
   3.4780035584770436e-01
   3.4864216417017369e-01
   3.4942922383387331e-01
   3.5015771043615918e-01
   3.5082406187799853e-01
   3.5142500106434504e-01
   3.5195755714582583e-01
   3.5241908507000363e-01
   3.5280728322325478e-01
   3.5312020896115037e-01
   3.5335629184594919e-01
   3.5351434443407670e-01
   3.5359357048386647e-01
   3.5359357048386647e-01
   3.5351434443407670e-01
   3.5335629184594919e-01
   3.5312020896115037e-01
   3.5280728322325478e-01
   3.5241908507000363e-01
   3.5195755714582577e-01
   3.5142500106434504e-01
   3.5082406187799847e-01
   3.5015771043615918e-01
   3.4942922383387331e-01
   3.4864216417017369e-01
   3.4780035584770436e-01
   3.4690786165397952e-01
   3.4596895786901199e-01
   3.4498810864438106e-01
   3.4396993989526298e-01
   3.4291921293980326e-01
   3.4184079810980555e-01
   3.4073964854345651e-01
   3.3962077435513904e-01
   3.3848921735976556e-01
   3.3735002650997781e-01
   3.3620823418446788e-01
   3.3506883344504479e-01
   3.3393675635932529e-01
   3.3281685346547107e-01
   3.3171387443557376e-01
   3.3063244997542535e-01
   3.2957707498075711e-01
   3.2855209295380877e-01
   3.2756168166945482e-01
