   3.2539134985858881e-01
   3.2736710566042942e-01
   3.2942869964412497e-01
   3.3156807383535059e-01
   3.3377669501584500e-01
   3.3604556961838766e-01
   3.3836526262156608e-01
   3.4072592081668296e-01
   3.4311730078478936e-01
   3.4552880187583723e-01
   3.4794950442376343e-01
   3.5036821336071794e-01
   3.5277350731071405e-01
   3.5515379314825840e-01
   3.5749736590199915e-01
   3.5979247376864987e-01
   3.6202738788045469e-01
   3.6419047634286261e-01
   3.6627028193099431e-01
   3.6825560270746455e-01
   3.7013557470411407e-01
   3.7189975570035017e-01
   3.7353820903536522e-01
   3.7504158631463524e-01
   3.7640120781667968e-01
   3.7760913937745494e-01
   3.7865826452965751e-01
   3.7954235070444237e-01
   3.8025610836442658e-01
   3.8079524202902126e-01
   3.8115649227461507e-01
   3.8133766794023238e-01
   3.8133766794023238e-01
   3.8115649227461507e-01
   3.8079524202902126e-01
   3.8025610836442658e-01
   3.7954235070444242e-01
   3.7865826452965751e-01
   3.7760913937745494e-01
   3.7640120781667968e-01
   3.7504158631463524e-01
   3.7353820903536522e-01
   3.7189975570035022e-01
   3.7013557470411412e-01
   3.6825560270746460e-01
   3.6627028193099437e-01
   3.6419047634286267e-01
   3.6202738788045474e-01
   3.5979247376864992e-01
   3.5749736590199921e-01
   3.5515379314825851e-01
   3.5277350731071416e-01
   3.5036821336071799e-01
   3.4794950442376354e-01
   3.4552880187583729e-01
   3.4311730078478941e-01
   3.4072592081668301e-01
   3.3836526262156619e-01
   3.3604556961838777e-01
   3.3377669501584506e-01
   3.3156807383535064e-01
   3.2942869964412502e-01
   3.2736710566042942e-01
   3.2539134985858886e-01
   3.2253283469302896e-01
   3.1880616160876885e-01
   3.1520149090981348e-01
   3.1173185030138995e-01
   3.0840931520451287e-01
   3.0524502690549421e-01
   3.0224921615692607e-01
   2.9943123094040175e-01
   2.9679956719273992e-01
   2.9436190139700952e-01
   2.9212512404317786e-01
   2.9009537306740191e-01
   2.8827806648128190e-01
   2.8667793350085213e-01
   2.8529904357839192e-01
   2.8414483282749237e-01
   2.8321812741288477e-01
   2.8252116355136880e-01
   2.8205560383914086e-01
   2.8182254968454173e-01
   2.8182254968454168e-01
   2.8205560383914086e-01
   2.8252116355136886e-01
   2.8321812741288477e-01
   2.8414483282749237e-01
   2.8529904357839198e-01
   2.8667793350085219e-01
   2.8827806648128196e-01
   2.9009537306740196e-01
   2.9212512404317792e-01
   2.9436190139700963e-01
   2.9679956719273998e-01
   2.9943123094040186e-01
   3.0224921615692613e-01
   3.0524502690549432e-01
   3.0840931520451298e-01
   3.1173185030139006e-01
   3.1520149090981364e-01
   3.1880616160876896e-01
   3.2253283469302918e-01
   3.2539134985858897e-01
   3.2736710566042959e-01
   3.2942869964412513e-01
   3.3156807383535075e-01
   3.3377669501584512e-01
   3.3604556961838777e-01
   3.3836526262156624e-01
   3.4072592081668296e-01
   3.4311730078478941e-01
   3.4552880187583723e-01
   3.4794950442376349e-01
   3.5036821336071794e-01
   3.5277350731071405e-01
   3.5515379314825840e-01
   3.5749736590199904e-01
   3.5979247376864981e-01
   3.6202738788045458e-01
   3.6419047634286250e-01
   3.6627028193099415e-01
   3.6825560270746444e-01
   3.7013557470411396e-01
   3.7189975570035000e-01
   3.7353820903536500e-01
   3.7504158631463508e-01
   3.7640120781667946e-01
   3.7760913937745472e-01
   3.7865826452965728e-01
   3.7954235070444214e-01
   3.8025610836442630e-01
   3.8079524202902099e-01
   3.8115649227461479e-01
   3.8133766794023216e-01
   3.8133766794023216e-01
   3.8115649227461479e-01
   3.8079524202902104e-01
   3.8025610836442630e-01
   3.7954235070444214e-01
   3.7865826452965734e-01
   3.7760913937745472e-01
   3.7640120781667946e-01
   3.7504158631463508e-01
   3.7353820903536505e-01
   3.7189975570035000e-01
   3.7013557470411396e-01
   3.6825560270746444e-01
   3.6627028193099420e-01
   3.6419047634286250e-01
   3.6202738788045458e-01
   3.5979247376864981e-01
   3.5749736590199910e-01
   3.5515379314825840e-01
   3.5277350731071405e-01
   3.5036821336071794e-01
   3.4794950442376349e-01
   3.4552880187583723e-01
   3.4311730078478941e-01
   3.4072592081668301e-01
   3.3836526262156624e-01
   3.3604556961838777e-01
   3.3377669501584512e-01
   3.3156807383535075e-01
   3.2942869964412513e-01
   3.2736710566042959e-01
   3.2539134985858897e-01
