   3.1478779072404711e-01
   3.1853625500984512e-01
   3.2251337307882272e-01
   3.2670614950603821e-01
   3.3110024517356185e-01
   3.3567991943963305e-01
   3.4042797983014117e-01
   3.4532574184851200e-01
   3.5035300169338118e-01
   3.5548802482537301e-01
   3.6070755341833799e-01
   3.6598683574858060e-01
   3.7129968049921974e-01
   3.7661853876745699e-01
   3.8191461624324335e-01
   3.8715801756477652e-01
   3.9231792424028350e-01
   3.9736280675409541e-01
   4.0226067055385983e-01
   4.0697933456052110e-01
   4.1148673968007476e-01
   4.1575128356416780e-01
   4.1974217661450153e-01
   4.2342981301242238e-01
   4.2678614944576687e-01
   4.2978508326903009e-01
   4.3240282113799516e-01
   4.3461822876733991e-01
   4.3641315241863882e-01
   4.3777270306874078e-01
   4.3868549494553905e-01
   4.3914383123645440e-01
   4.3914383123645440e-01
   4.3868549494553899e-01
   4.3777270306874078e-01
   4.3641315241863887e-01
   4.3461822876733996e-01
   4.3240282113799522e-01
   4.2978508326903009e-01
   4.2678614944576687e-01
   4.2342981301242238e-01
   4.1974217661450164e-01
   4.1575128356416780e-01
   4.1148673968007476e-01
   4.0697933456052116e-01
   4.0226067055385989e-01
   3.9736280675409547e-01
   3.9231792424028350e-01
   3.8715801756477652e-01
   3.8191461624324335e-01
   3.7661853876745699e-01
   3.7129968049921974e-01
   3.6598683574858065e-01
   3.6070755341833810e-01
   3.5548802482537301e-01
   3.5035300169338124e-01
   3.4532574184851200e-01
   3.4042797983014117e-01
   3.3567991943963305e-01
   3.3110024517356185e-01
   3.2670614950603821e-01
   3.2251337307882272e-01
   3.1853625500984523e-01
   3.1478779072404711e-01
   3.0946042579442135e-01
   3.0257954322904645e-01
   2.9598398867302755e-01
   2.8969091267420211e-01
   2.8371523832864343e-01
   2.7806986129113487e-01
   2.7276584720123831e-01
   2.6781262324175392e-01
   2.6321816126102199e-01
   2.5898915051188176e-01
   2.5513115858781216e-01
   2.5164877957431614e-01
   2.4854576878706117e-01
   2.4582516374533656e-01
   2.4348939123853755e-01
   2.4154036049337604e-01
   2.3997954254892809e-01
   2.3880803600361777e-01
   2.3802661932039887e-01
   2.3763578987071915e-01
   2.3763578987071921e-01
   2.3802661932039901e-01
   2.3880803600361797e-01
   2.3997954254892839e-01
   2.4154036049337640e-01
   2.4348939123853802e-01
   2.4582516374533711e-01
   2.4854576878706178e-01
   2.5164877957431686e-01
   2.5513115858781293e-01
   2.5898915051188265e-01
   2.6321816126102293e-01
   2.6781262324175492e-01
   2.7276584720123936e-01
   2.7806986129113598e-01
   2.8371523832864465e-01
   2.8969091267420344e-01
   2.9598398867302894e-01
   3.0257954322904790e-01
   3.0946042579442284e-01
   3.1478779072404861e-01
   3.1853625500984661e-01
   3.2251337307882411e-01
   3.2670614950603943e-01
   3.3110024517356296e-01
   3.3567991943963410e-01
   3.4042797983014211e-01
   3.4532574184851283e-01
   3.5035300169338196e-01
   3.5548802482537362e-01
   3.6070755341833860e-01
   3.6598683574858104e-01
   3.7129968049922008e-01
   3.7661853876745716e-01
   3.8191461624324341e-01
   3.8715801756477652e-01
   3.9231792424028328e-01
   3.9736280675409513e-01
   4.0226067055385950e-01
   4.0697933456052060e-01
   4.1148673968007415e-01
   4.1575128356416702e-01
   4.1974217661450075e-01
   4.2342981301242144e-01
   4.2678614944576587e-01
   4.2978508326902903e-01
   4.3240282113799400e-01
   4.3461822876733869e-01
   4.3641315241863754e-01
   4.3777270306873944e-01
   4.3868549494553760e-01
   4.3914383123645301e-01
   4.3914383123645301e-01
   4.3868549494553760e-01
   4.3777270306873944e-01
   4.3641315241863748e-01
   4.3461822876733863e-01
   4.3240282113799394e-01
   4.2978508326902898e-01
   4.2678614944576582e-01
   4.2342981301242133e-01
   4.1974217661450069e-01
   4.1575128356416696e-01
   4.1148673968007410e-01
   4.0697933456052054e-01
   4.0226067055385933e-01
   3.9736280675409508e-01
   3.9231792424028317e-01
   3.8715801756477641e-01
   3.8191461624324330e-01
   3.7661853876745705e-01
   3.7129968049921991e-01
   3.6598683574858093e-01
   3.6070755341833843e-01
   3.5548802482537351e-01
   3.5035300169338190e-01
   3.4532574184851272e-01
   3.4042797983014206e-01
   3.3567991943963399e-01
   3.3110024517356290e-01
   3.2670614950603932e-01
   3.2251337307882394e-01
   3.1853625500984650e-01
   3.1478779072404856e-01
