   1.1230859979907151e-01
   1.0819363049236368e-01
   1.0457860075128962e-01
   1.0144841508967946e-01
   9.8789869924788526e-02
   9.6591657302527945e-02
   9.4844363883994101e-02
   9.3540467271749236e-02
   9.2674331292333947e-02
   9.2242201454343975e-02
   9.2242201454343975e-02
   9.2674331292333934e-02
   9.3540467271749250e-02
   9.4844363883994101e-02
   9.6591657302527945e-02
   9.8789869924788526e-02
   1.0144841508967944e-01
   1.0457860075128964e-01
   1.0819363049236366e-01
   1.1230859979907150e-01
   1.1618921942432947e-01
   1.1986568072069187e-01
   1.2410442411247123e-01
   1.2892269713540797e-01
   1.3433977119692858e-01
   1.4037687153917497e-01
   1.4705707948510932e-01
   1.5440519912806952e-01
   1.6244757904652413e-01
   1.7121187782443534e-01
   1.8072676013234429e-01
   1.9102150789203315e-01
   2.0212552865311287e-01
   2.1406774083836086e-01
   2.2687581310843843e-01
   2.4057523297615513e-01
   2.5518817828928186e-01
   2.7073216475425177e-01
   2.8721844390711510e-01
   3.0465012965551214e-01
   3.2302003871879581e-01
   3.4230824217383898e-01
   3.6247934319622283e-01
   3.8347952130644730e-01
   4.0523341711741290e-01
   4.2764097431238701e-01
   4.5057440690966427e-01
   4.7387551769395170e-01
   4.9735365359099326e-01
   5.2078463836737232e-01
   5.4391106174112225e-01
   1.1618921942432944e-01
   1.1986568072069188e-01
   1.2410442411247123e-01
   1.2892269713540799e-01
   1.3433977119692864e-01
   1.4037687153917502e-01
   1.4705707948510940e-01
   1.5440519912806963e-01
   1.6244757904652424e-01
   1.7121187782443542e-01
   1.8072676013234443e-01
   1.9102150789203329e-01
   2.0212552865311303e-01
   2.1406774083836105e-01
   2.2687581310843866e-01
   2.4057523297615538e-01
   2.5518817828928209e-01
   2.7073216475425199e-01
   2.8721844390711537e-01
   3.0465012965551241e-01
   3.2302003871879614e-01
   3.4230824217383932e-01
   3.6247934319622321e-01
   3.8347952130644758e-01
   4.0523341711741317e-01
   4.2764097431238723e-01
   4.5057440690966455e-01
   4.7387551769395198e-01
   4.9735365359099348e-01
   5.2078463836737254e-01
   5.4391106174112236e-01
   1.1618921942432946e-01
   1.1986568072069188e-01
   1.2410442411247125e-01
   1.2892269713540802e-01
   1.3433977119692864e-01
   1.4037687153917505e-01
   1.4705707948510940e-01
   1.5440519912806963e-01
   1.6244757904652427e-01
   1.7121187782443542e-01
   1.8072676013234440e-01
   1.9102150789203326e-01
   2.0212552865311292e-01
   2.1406774083836094e-01
   2.2687581310843849e-01
   2.4057523297615518e-01
   2.5518817828928186e-01
   2.7073216475425177e-01
   2.8721844390711510e-01
   3.0465012965551208e-01
   3.2302003871879575e-01
   3.4230824217383893e-01
   3.6247934319622294e-01
   3.8347952130644730e-01
   4.0523341711741290e-01
   4.2764097431238707e-01
   4.5057440690966444e-01
   4.7387551769395192e-01
   4.9735365359099337e-01
   5.2078463836737254e-01
   5.4391106174112236e-01
   5.7185388189067987e-01
   6.0424244843715325e-01
   6.3515226698083838e-01
   6.6402104578621235e-01
   6.9025792658499530e-01
   7.1326839183558532e-01
   7.3248417424804502e-01
   7.4739605653633201e-01
   7.5758655235013939e-01
   7.6275891234976656e-01
   7.6275891234976656e-01
   7.5758655235013939e-01
   7.4739605653633212e-01
   7.3248417424804513e-01
   7.1326839183558555e-01
   6.9025792658499530e-01
   6.6402104578621246e-01
   6.3515226698083849e-01
   6.0424244843715325e-01
   5.7185388189067976e-01
