   7.7050781795313703e-02
   7.3436579369347166e-02
   7.0276734579738612e-02
   6.7552335499108968e-02
   6.5247008641855592e-02
   6.3346852028921471e-02
   6.1840375660250683e-02
   6.0718450522837662e-02
   5.9974266960227673e-02
   5.9603302993067007e-02
   5.9603302993067007e-02
   5.9974266960227667e-02
   6.0718450522837655e-02
   6.1840375660250670e-02
   6.3346852028921471e-02
   6.5247008641855578e-02
   6.7552335499108954e-02
   7.0276734579738598e-02
   7.3436579369347152e-02
   7.7050781795313689e-02
   8.0477476706135129e-02
   8.3750362898527414e-02
   8.7552627847188563e-02
   9.1907133998308493e-02
   9.6839872312519004e-02
   1.0238002508096931e-01
   1.0856002112649184e-01
   1.1541557664408617e-01
   1.2298571304644457e-01
   1.3131274083252270e-01
   1.4044219559963017e-01
   1.5042270877396147e-01
   1.6130579134021683e-01
   1.7314550371426216e-01
   1.8599797885283148e-01
   1.9992075870840720e-01
   2.1497189627941476e-01
   2.3120876698198481e-01
   2.4868652430721336e-01
   2.6745612648217854e-01
   2.8756185434365517e-01
   3.0903823771033306e-01
   3.3190631086395683e-01
   3.5616913096286612e-01
   3.8180652102674673e-01
   4.0876904725600188e-01
   4.3697131517681120e-01
   4.6628477637633003e-01
   4.9653038130032584e-01
   5.2747159290484769e-01
   5.5880848173203190e-01
   8.0477476706135143e-02
   8.3750362898527442e-02
   8.7552627847188563e-02
   9.1907133998308507e-02
   9.6839872312519032e-02
   1.0238002508096934e-01
   1.0856002112649185e-01
   1.1541557664408619e-01
   1.2298571304644458e-01
   1.3131274083252273e-01
   1.4044219559963023e-01
   1.5042270877396152e-01
   1.6130579134021686e-01
   1.7314550371426218e-01
   1.8599797885283159e-01
   1.9992075870840734e-01
   2.1497189627941496e-01
   2.3120876698198500e-01
   2.4868652430721361e-01
   2.6745612648217887e-01
   2.8756185434365555e-01
   3.0903823771033345e-01
   3.3190631086395722e-01
   3.5616913096286651e-01
   3.8180652102674711e-01
   4.0876904725600227e-01
   4.3697131517681148e-01
   4.6628477637633031e-01
   4.9653038130032612e-01
   5.2747159290484791e-01
   5.5880848173203201e-01
   8.0477476706135129e-02
   8.3750362898527414e-02
   8.7552627847188536e-02
   9.1907133998308480e-02
   9.6839872312518990e-02
   1.0238002508096929e-01
   1.0856002112649181e-01
   1.1541557664408612e-01
   1.2298571304644454e-01
   1.3131274083252267e-01
   1.4044219559963014e-01
   1.5042270877396144e-01
   1.6130579134021678e-01
   1.7314550371426210e-01
   1.8599797885283151e-01
   1.9992075870840723e-01
   2.1497189627941485e-01
   2.3120876698198489e-01
   2.4868652430721350e-01
   2.6745612648217870e-01
   2.8756185434365539e-01
   3.0903823771033329e-01
   3.3190631086395711e-01
   3.5616913096286640e-01
   3.8180652102674706e-01
   4.0876904725600216e-01
   4.3697131517681148e-01
   4.6628477637633031e-01
   4.9653038130032606e-01
   5.2747159290484791e-01
   5.5880848173203213e-01
   5.9770372880424250e-01
   6.4362078638977138e-01
   6.8825702538687616e-01
   7.3070528093502729e-01
   7.6995036539849804e-01
   8.0491334201966880e-01
   8.3451336136346299e-01
   8.5774327549737739e-01
   8.7375138860524537e-01
   8.8191854762730659e-01
   8.8191854762730648e-01
   8.7375138860524526e-01
   8.5774327549737739e-01
   8.3451336136346299e-01
   8.0491334201966880e-01
   7.6995036539849804e-01
   7.3070528093502729e-01
   6.8825702538687605e-01
   6.4362078638977149e-01
   5.9770372880424250e-01
