   4.4052580164781092e-02
   4.1299076861929754e-02
   3.8909063004448075e-02
   3.6861652315053957e-02
   3.5138931245715661e-02
   3.3725812670220442e-02
   3.2609911507308284e-02
   3.1781441868897795e-02
   3.1233135334770710e-02
   3.0960179998491551e-02
   3.0960179998491551e-02
   3.1233135334770710e-02
   3.1781441868897795e-02
   3.2609911507308277e-02
   3.3725812670220436e-02
   3.5138931245715654e-02
   3.6861652315053950e-02
   3.8909063004448068e-02
   4.1299076861929740e-02
   4.4052580164781079e-02
   4.6684144801017541e-02
   4.9227784600122441e-02
   5.2215676193064713e-02
   5.5674458459186775e-02
   5.9634896595952884e-02
   6.4132116824029223e-02
   6.9205866040761829e-02
   7.4900794085443007e-02
   8.1266754962406845e-02
   8.8359121540037805e-02
   9.6239105743558012e-02
   1.0497407287939266e-01
   1.1463783420501319e-01
   1.2531089585891339e-01
   1.3708063438123191e-01
   1.5004135879156277e-01
   1.6429420596672401e-01
   1.7994679922840667e-01
   1.9711257893359585e-01
   2.1590968784909847e-01
   2.3645926280631238e-01
   2.5888294770887565e-01
   2.8329940250844099e-01
   3.0981954103745302e-01
   3.3854019301255267e-01
   3.6953586150876888e-01
   4.0284825178203215e-01
   4.3847330281204022e-01
   4.7634559010335620e-01
   5.1632022570721614e-01
   5.5815280124889466e-01
   4.6684144801017548e-02
   4.9227784600122448e-02
   5.2215676193064733e-02
   5.5674458459186796e-02
   5.9634896595952912e-02
   6.4132116824029251e-02
   6.9205866040761871e-02
   7.4900794085443048e-02
   8.1266754962406901e-02
   8.8359121540037860e-02
   9.6239105743558068e-02
   1.0497407287939271e-01
   1.1463783420501322e-01
   1.2531089585891339e-01
   1.3708063438123191e-01
   1.5004135879156280e-01
   1.6429420596672401e-01
   1.7994679922840670e-01
   1.9711257893359577e-01
   2.1590968784909842e-01
   2.3645926280631227e-01
   2.5888294770887554e-01
   2.8329940250844082e-01
   3.0981954103745285e-01
   3.3854019301255250e-01
   3.6953586150876871e-01
   4.0284825178203210e-01
   4.3847330281204011e-01
   4.7634559010335620e-01
   5.1632022570721614e-01
   5.5815280124889477e-01
   4.6684144801017548e-02
   4.9227784600122455e-02
   5.2215676193064733e-02
   5.5674458459186817e-02
   5.9634896595952933e-02
   6.4132116824029278e-02
   6.9205866040761913e-02
   7.4900794085443090e-02
   8.1266754962406942e-02
   8.8359121540037916e-02
   9.6239105743558137e-02
   1.0497407287939278e-01
   1.1463783420501333e-01
   1.2531089585891350e-01
   1.3708063438123208e-01
   1.5004135879156294e-01
   1.6429420596672417e-01
   1.7994679922840687e-01
   1.9711257893359602e-01
   2.1590968784909870e-01
   2.3645926280631258e-01
   2.5888294770887582e-01
   2.8329940250844116e-01
   3.0981954103745324e-01
   3.3854019301255289e-01
   3.6953586150876905e-01
   4.0284825178203237e-01
   4.3847330281204039e-01
   4.7634559010335636e-01
   5.1632022570721625e-01
   5.5815280124889488e-01
   6.1187976733464755e-01
   6.7683251416657064e-01
   7.4156424891044170e-01
   8.0469209551425724e-01
   8.6450856884960736e-01
   9.1904117006208119e-01
   9.6616884774551026e-01
   1.0037950870510628e+00
   1.0300617936227934e+00
   1.0435711439403594e+00
   1.0435711439403594e+00
   1.0300617936227934e+00
   1.0037950870510628e+00
   9.6616884774551015e-01
   9.1904117006208119e-01
   8.6450856884960736e-01
   8.0469209551425724e-01
   7.4156424891044170e-01
   6.7683251416657064e-01
   6.1187976733464755e-01
