   1.6372420009442651e-01
   1.5944116509007578e-01
   1.5565788013701512e-01
   1.5236619818701091e-01
   1.4955881309397473e-01
   1.4722933694803145e-01
   1.4537236177753596e-01
   1.4398350779235489e-01
   1.4305945993258551e-01
   1.4259799410207602e-01
   1.4259799410207602e-01
   1.4305945993258551e-01
   1.4398350779235486e-01
   1.4537236177753596e-01
   1.4722933694803145e-01
   1.4955881309397473e-01
   1.5236619818701091e-01
   1.5565788013701512e-01
   1.5944116509007575e-01
   1.6372420009442651e-01
   1.6773869457498505e-01
   1.7150661310452919e-01
   1.7581255466531198e-01
   1.8066462642823566e-01
   1.8607148191271863e-01
   1.9204214593073504e-01
   1.9858580469159079e-01
   2.0571155596277987e-01
   2.1342811369590603e-01
   2.2174346112384602e-01
   2.3066444606928826e-01
   2.4019631214575810e-01
   2.5034215977037449e-01
   2.6110233155524998e-01
   2.7247371783765628e-01
   2.8444898000683494e-01
   2.9701569206597239e-01
   3.1015540472061837e-01
   3.2384264139492658e-01
   3.3804384210223926e-01
   3.5271627913293996e-01
   3.6780697805927448e-01
   3.8325168841890966e-01
   3.9897396022146847e-01
   4.1488439442286734e-01
   4.3088014667377000e-01
   4.4684477252892285e-01
   4.6264850709813438e-01
   4.7814907075711011e-01
   4.9319308288264024e-01
   5.0761814574735997e-01
   1.6773869457498508e-01
   1.7150661310452928e-01
   1.7581255466531212e-01
   1.8066462642823580e-01
   1.8607148191271883e-01
   1.9204214593073524e-01
   1.9858580469159104e-01
   2.0571155596278021e-01
   2.1342811369590636e-01
   2.2174346112384644e-01
   2.3066444606928868e-01
   2.4019631214575859e-01
   2.5034215977037505e-01
   2.6110233155525059e-01
   2.7247371783765689e-01
   2.8444898000683561e-01
   2.9701569206597311e-01
   3.1015540472061914e-01
   3.2384264139492736e-01
   3.3804384210224003e-01
   3.5271627913294074e-01
   3.6780697805927520e-01
   3.8325168841891027e-01
   3.9897396022146914e-01
   4.1488439442286790e-01
   4.3088014667377050e-01
   4.4684477252892335e-01
   4.6264850709813476e-01
   4.7814907075711038e-01
   4.9319308288264047e-01
   5.0761814574736008e-01
   1.6773869457498505e-01
   1.7150661310452928e-01
   1.7581255466531209e-01
   1.8066462642823578e-01
   1.8607148191271883e-01
   1.9204214593073526e-01
   1.9858580469159104e-01
   2.0571155596278018e-01
   2.1342811369590636e-01
   2.2174346112384644e-01
   2.3066444606928865e-01
   2.4019631214575859e-01
   2.5034215977037505e-01
   2.6110233155525059e-01
   2.7247371783765689e-01
   2.8444898000683561e-01
   2.9701569206597311e-01
   3.1015540472061914e-01
   3.2384264139492741e-01
   3.3804384210224009e-01
   3.5271627913294074e-01
   3.6780697805927526e-01
   3.8325168841891027e-01
   3.9897396022146914e-01
   4.1488439442286795e-01
   4.3088014667377056e-01
   4.4684477252892341e-01
   4.6264850709813482e-01
   4.7814907075711038e-01
   4.9319308288264052e-01
   5.0761814574736008e-01
   5.2452958683180184e-01
   5.4373945951891101e-01
   5.6171491479439717e-01
   5.7819190686107191e-01
   5.9290928600850734e-01
   6.0561788056126653e-01
   6.1609014309538546e-01
   6.2412975753290711e-01
   6.2958051666436077e-01
   6.3233376410180786e-01
   6.3233376410180786e-01
   6.2958051666436066e-01
   6.2412975753290723e-01
   6.1609014309538557e-01
   6.0561788056126653e-01
   5.9290928600850723e-01
   5.7819190686107180e-01
   5.6171491479439706e-01
   5.4373945951891101e-01
   5.2452958683180173e-01
