   2.9887145243235191e-01
   2.8268850003191198e-01
   2.6986939042606500e-01
   2.6029843146461662e-01
   2.5388588768027526e-01
   2.5057008720348939e-01
   2.5031866519019419e-01
   2.5312915451291135e-01
   2.5902902910733905e-01
   2.6807520786405759e-01
   2.8035293005470291e-01
   2.9597380970170339e-01
   3.1507275911918431e-01
   3.3780333520548761e-01
   3.6433090254817080e-01
   3.9482282669503926e-01
   4.2943472037943725e-01
   4.6829159329262549e-01
   5.1146265783092582e-01
   5.5892861565097107e-01
   6.1054064377248285e-01
   6.6597122531650399e-01
   7.2465868100361319e-01
   7.8574997660598689e-01
   8.4805014803029122e-01
   9.0999109706388415e-01
   9.6963640835486453e-01
   1.0247401186421488e+00
   1.0728732736279376e+00
   1.1116203746626010e+00
   1.1388286967003962e+00
   1.1528716281751614e+00
   1.1528716281751616e+00
   1.1388286967003964e+00
   1.1116203746626014e+00
   1.0728732736279385e+00
   1.0247401186421496e+00
   9.6963640835486542e-01
   9.0999109706388515e-01
   8.4805014803029222e-01
   7.8574997660598789e-01
   7.2465868100361430e-01
   6.6597122531650499e-01
   6.1054064377248385e-01
   5.5892861565097196e-01
   5.1146265783092670e-01
   4.6829159329262626e-01
   4.2943472037943792e-01
   3.9482282669503993e-01
   3.6433090254817135e-01
   3.3780333520548822e-01
   3.1507275911918475e-01
   2.9597380970170378e-01
   2.8035293005470330e-01
   2.6807520786405792e-01
   2.5902902910733933e-01
   2.5312915451291157e-01
   2.5031866519019441e-01
   2.5057008720348956e-01
   2.5388588768027542e-01
   2.6029843146461673e-01
   2.6986939042606506e-01
   2.8268850003191204e-01
   2.9887145243235191e-01
   3.2876514571821952e-01
   3.7274108700910030e-01
   4.2087889862087613e-01
   4.7339448930633754e-01
   5.3038945757863543e-01
   5.9179622580130831e-01
   6.5730996669337849e-01
   7.2630953423260514e-01
   7.9777404183466716e-01
   8.7020818765291175e-01
   9.4159725893138380e-01
   1.0094197388053554e+00
   1.0707473434675561e+00
   1.1224535343736721e+00
   1.1615279243005832e+00
   1.1854575647751702e+00
   1.1925988800680150e+00
   1.1824456705865996e+00
   1.1557154511222723e+00
   1.1142275936386610e+00
   1.0606105169352300e+00
   9.9792140710269550e-01
   9.2927206734791334e-01
   8.5753138007119278e-01
   7.8513647929192143e-01
   7.1400997611588890e-01
   6.4555964884485617e-01
   5.8073049344399719e-01
   5.2008221428815937e-01
   4.6387262249694872e-01
   4.1213510692354943e-01
   3.6474445910207332e-01
   3.2146941547634517e-01
   2.8201260759395080e-01
   2.4603969205401008e-01
   2.1319974445511822e-01
   1.8313890146024167e-01
   1.5550895284450705e-01
   1.2997225385357658e-01
   1.0620401484059698e-01
   8.9572380232042864e-02
   7.9810359414301854e-02
   7.1111183273897469e-02
   6.3360803466288459e-02
   5.6457083985702240e-02
   5.0308673936305240e-02
   4.4833953597004053e-02
   3.9960060474043518e-02
   3.5621997065103529e-02
   3.1761818851749071e-02
   2.8327899054878227e-02
   2.5274265546698451e-02
   2.2560004741562920e-02
   2.0148727096218018e-02
   1.8008088904749857e-02
   1.6109365282786149e-02
   1.4427069536253390e-02
   1.2938614459511805e-02
   1.1624011477557216e-02
   1.0465603918690459e-02
   9.4478310659913880e-03
   8.5570199812017751e-03
   7.7812024195427982e-03
   7.1099544570525433e-03
   6.5342567331416043e-03
   6.0463734710675477e-03
   5.6397486793375914e-03
   5.3089181594225205e-03
   5.0494361515521866e-03
   4.8578156428004714e-03
   4.7314815422182755e-03
   4.6687360984892191e-03
   4.6687360984892191e-03
   4.7314815422182755e-03
   4.8578156428004714e-03
   5.0494361515521875e-03
   5.3089181594225231e-03
   5.6397486793375931e-03
   6.0463734710675503e-03
   6.5342567331416078e-03
   7.1099544570525476e-03
   7.7812024195428025e-03
   8.5570199812017821e-03
   9.4478310659913949e-03
   1.0465603918690466e-02
   1.1624011477557223e-02
   1.2938614459511813e-02
   1.4427069536253398e-02
   1.6109365282786160e-02
   1.8008088904749867e-02
   2.0148727096218032e-02
   2.2560004741562934e-02
   2.5274265546698465e-02
   2.8327899054878241e-02
   3.1761818851749092e-02
   3.5621997065103550e-02
   3.9960060474043539e-02
   4.4833953597004081e-02
   5.0308673936305261e-02
   5.6457083985702261e-02
   6.3360803466288487e-02
   7.1111183273897469e-02
   7.9810359414301854e-02
   8.9572380232042864e-02
