   1.1213957454456329e+00
   1.0717022718435980e+00
   1.0177895674086357e+00
   9.6208002233011203e-01
   9.0671752439122533e-01
   8.5349044139815022e-01
   8.0381485255155793e-01
   7.5875970018633632e-01
   7.1909572143686185e-01
   6.8535363394891247e-01
   6.5788163463900762e-01
   6.3689636272619110e-01
   6.2252448946590078e-01
   6.1483398566408931e-01
   6.1385509296896446e-01
   6.1959135787799957e-01
   6.3202102579780084e-01
   6.5108883802610251e-01
   6.7668799649335509e-01
   7.0863192434876265e-01
   7.4661564491364429e-01
   7.9016736142411992e-01
   8.3859241540880680e-01
   8.9091447399324442e-01
   9.4582260350139014e-01
   1.0016374347721577e+00
   1.0563137347028126e+00
   1.1074981865931766e+00
   1.1526571390962101e+00
   1.1892770603458873e+00
   1.2151205683780595e+00
   1.2284980047968428e+00
   1.2284980047968426e+00
   1.2151205683780593e+00
   1.1892770603458864e+00
   1.1526571390962093e+00
   1.1074981865931752e+00
   1.0563137347028113e+00
   1.0016374347721559e+00
   9.4582260350138836e-01
   8.9091447399324286e-01
   8.3859241540880514e-01
   7.9016736142411859e-01
   7.4661564491364296e-01
   7.0863192434876143e-01
   6.7668799649335398e-01
   6.5108883802610162e-01
   6.3202102579780006e-01
   6.1959135787799902e-01
   6.1385509296896401e-01
   6.1483398566408898e-01
   6.2252448946590055e-01
   6.3689636272619099e-01
   6.5788163463900740e-01
   6.8535363394891247e-01
   7.1909572143686173e-01
   7.5875970018633621e-01
   8.0381485255155805e-01
   8.5349044139815022e-01
   9.0671752439122544e-01
   9.6208002233011225e-01
   1.0177895674086359e+00
   1.0717022718435982e+00
   1.1213957454456331e+00
   1.1865778909735396e+00
   1.2630161433299623e+00
   1.3230124860496200e+00
   1.3616805208400822e+00
   1.3755697094330528e+00
   1.3633813734720281e+00
   1.3262568569572788e+00
   1.2675237407647564e+00
   1.1920008710326613e+00
   1.1051169234251492e+00
   1.0121112409669313e+00
   9.1748500608296346e-01
   8.2474021014552823e-01
   7.3635193497539908e-01
   6.5388535748208043e-01
   5.7817662086882804e-01
   5.0952190429585376e-01
   4.4784456614680834e-01
   3.9282888357890988e-01
   3.4401987076127982e-01
   3.0089380112954256e-01
   2.6290563797353839e-01
   2.2951933183187576e-01
   2.0022596140459042e-01
   1.7455356019352350e-01
   1.5207144716963308e-01
   1.3239105414352023e-01
   1.1516461867931956e-01
   1.0008265956115800e-01
   8.6870834222684282e-02
   7.5286559334744985e-02
   6.5115628603656425e-02
   5.6168964284322526e-02
   4.8279575335922670e-02
   4.1299754494570788e-02
   3.5098521147311823e-02
   2.9559301532031217e-02
   2.4577828923957244e-02
   2.0060241736802490e-02
   1.5921355296262651e-02
   1.3060164949098516e-02
   1.1413749446356949e-02
   9.9750706858260738e-03
   8.7179498113947596e-03
   7.6195097104149951e-03
   6.6597596339683408e-03
   5.8212320071956867e-03
   5.0886649351504810e-03
   4.4487247026435270e-03
   3.8897632686708773e-03
   3.4016063757461791e-03
   2.9753684402121536e-03
   2.6032908694059108e-03
   2.2786008728573432e-03
   1.9953882043265547e-03
   1.7484975955951909e-03
   1.5334349270381487e-03
   1.3462854290350378e-03
   1.1836424265991988e-03
   1.0425453310673742e-03
   9.2042575071530611e-04
   8.1506073975191754e-04
   7.2453233495034422e-04
   6.4719264353844247e-04
   5.8163384696135274e-04
   5.2666257457261399e-04
   4.8127818082972833e-04
   4.4465453060799998e-04
   4.1612496109309354e-04
   3.9517014652827614e-04
   3.8140864492783479e-04
   3.7458995468457124e-04
   3.7458995468457129e-04
   3.8140864492783490e-04
   3.9517014652827636e-04
   4.1612496109309387e-04
   4.4465453060800041e-04
   4.8127818082972887e-04
   5.2666257457261465e-04
   5.8163384696135350e-04
   6.4719264353844345e-04
   7.2453233495034508e-04
   8.1506073975191862e-04
   9.2042575071530730e-04
   1.0425453310673757e-03
   1.1836424265992004e-03
   1.3462854290350395e-03
   1.5334349270381504e-03
   1.7484975955951929e-03
   1.9953882043265564e-03
   2.2786008728573454e-03
   2.6032908694059130e-03
   2.9753684402121557e-03
   3.4016063757461809e-03
   3.8897632686708782e-03
   4.4487247026435278e-03
   5.0886649351504828e-03
   5.8212320071956893e-03
   6.6597596339683434e-03
   7.6195097104149985e-03
   8.7179498113947630e-03
   9.9750706858260756e-03
   1.1413749446356952e-02
   1.3060164949098518e-02
