   1.0444876865712751e+00
   9.9886630171958124e-01
   9.5093790543587997e-01
   9.0252622802829063e-01
   8.5521694863943964e-01
   8.1032318746947241e-01
   7.6888610746024388e-01
   7.3169883195881846e-01
   6.9934289538633843e-01
   6.7222885805677723e-01
   6.5063539072141408e-01
   6.3474342616423962e-01
   6.2466364402059649e-01
   6.2045660611625419e-01
   6.2214541132466539e-01
   6.2972094028539327e-01
   6.4313975296920378e-01
   6.6231461147649984e-01
   6.8709754297771564e-01
   7.1725545351814513e-01
   7.5243868713022233e-01
   7.9214374483460315e-01
   8.3567277331215062e-01
   8.8209447017854836e-01
   9.3021361545459302e-01
   9.7855907436012501e-01
   1.0254018977277122e+00
   1.0688146758503905e+00
   1.1067790449170896e+00
   1.1373393196817247e+00
   1.1587874917839287e+00
   1.1698516548468170e+00
   1.1698516548468170e+00
   1.1587874917839287e+00
   1.1373393196817247e+00
   1.1067790449170896e+00
   1.0688146758503905e+00
   1.0254018977277122e+00
   9.7855907436012513e-01
   9.3021361545459313e-01
   8.8209447017854858e-01
   8.3567277331215062e-01
   7.9214374483460326e-01
   7.5243868713022233e-01
   7.1725545351814524e-01
   6.8709754297771553e-01
   6.6231461147649995e-01
   6.4313975296920389e-01
   6.2972094028539327e-01
   6.2214541132466550e-01
   6.2045660611625431e-01
   6.2466364402059660e-01
   6.3474342616423973e-01
   6.5063539072141408e-01
   6.7222885805677735e-01
   6.9934289538633843e-01
   7.3169883195881835e-01
   7.6888610746024377e-01
   8.1032318746947229e-01
   8.5521694863943953e-01
   9.0252622802829063e-01
   9.5093790543587997e-01
   9.9886630171958124e-01
   1.0444876865712751e+00
   1.1072542488015318e+00
   1.1837467263504518e+00
   1.2478492154655754e+00
   1.2950006921230670e+00
   1.3214552529452674e+00
   1.3249607482896446e+00
   1.3052104667472857e+00
   1.2639070917361184e+00
   1.2044150159068838e+00
   1.1311276420189773e+00
   1.0487566063837248e+00
   9.6172968041349061e-01
   8.7379862317639967e-01
   7.8786672048260498e-01
   7.0598736044775356e-01
   6.2946644937920893e-01
   5.5900969835047154e-01
   4.9487452702479928e-01
   4.3700464242338549e-01
   3.8513872477282773e-01
   3.3889264866117369e-01
   2.9781855066722335e-01
   2.6144535535685604e-01
   2.2930529932063673e-01
   2.0095032890033113e-01
   1.7596142706317505e-01
   1.5395315722316139e-01
   1.3457507523601842e-01
   1.1751116790735033e-01
   1.0247811120475940e-01
   8.9222879078674031e-02
   7.7520049705240637e-02
   6.7169029132446920e-02
   5.7991326324684962e-02
   4.9827956191963819e-02
   4.2537009468459896e-02
   3.5991403969154678e-02
   3.0076816405956466e-02
   2.4689784555027856e-02
   1.9735964065951260e-02
   1.6301406011418895e-02
   1.4315522180824863e-02
   1.2571847078572042e-02
   1.1040890290313837e-02
   9.6967553969335690e-03
   8.5167036250753773e-03
   7.4807703211011599e-03
   6.5714279562794856e-03
   5.7732900944475396e-03
   5.0728514032480319e-03
   4.4582593706570701e-03
   3.9191139051944273e-03
   3.4462914566281777e-03
   3.0317906998368390e-03
   2.6685971832389843e-03
   2.3505646599634613e-03
   2.0723110994300803e-03
   1.8291276235351170e-03
   1.6168988290652167e-03
   1.4320331497770303e-03
   1.2714020808890915e-03
   1.1322872383106712e-03
   1.0123343572489890e-03
   9.0951345208844863e-04
   8.2208446357934814e-04
   7.4856781215203324e-04
   6.8771935914273220e-04
   6.3850935227469704e-04
   6.0010499913849900e-04
   5.7185637379498654e-04
   5.5328541801949417e-04
   5.4407785106889701e-04
   5.4407785106889701e-04
   5.5328541801949417e-04
   5.7185637379498643e-04
   6.0010499913849889e-04
   6.3850935227469693e-04
   6.8771935914273209e-04
   7.4856781215203324e-04
   8.2208446357934814e-04
   9.0951345208844863e-04
   1.0123343572489892e-03
   1.1322872383106712e-03
   1.2714020808890915e-03
   1.4320331497770301e-03
   1.6168988290652165e-03
   1.8291276235351168e-03
   2.0723110994300799e-03
   2.3505646599634609e-03
   2.6685971832389834e-03
   3.0317906998368381e-03
   3.4462914566281764e-03
   3.9191139051944256e-03
   4.4582593706570675e-03
   5.0728514032480293e-03
   5.7732900944475370e-03
   6.5714279562794830e-03
   7.4807703211011564e-03
   8.5167036250753739e-03
   9.6967553969335655e-03
   1.1040890290313833e-02
   1.2571847078572040e-02
   1.4315522180824863e-02
   1.6301406011418891e-02
