   1.4784625000049087e-01
   1.3591943837565287e-01
   1.2696004338313910e-01
   1.2077822607494655e-01
   1.1724230884794552e-01
   1.1627673211553313e-01
   1.1786083262721091e-01
   1.2202850334709048e-01
   1.2886874999272158e-01
   1.3852711917734761e-01
   1.5120792526060964e-01
   1.6717713376756649e-01
   1.8676565105258811e-01
   2.1037259862242230e-01
   2.3846788211667277e-01
   2.7159295171478276e-01
   3.1035802842510285e-01
   3.5543315864411296e-01
   4.0752916995546218e-01
   4.6736287092047524e-01
   5.3559870279484878e-01
   6.1275680430093893e-01
   6.9907592531619567e-01
   7.9432063217009352e-01
   8.9752906141336775e-01
   1.0067149315800745e+00
   1.1185705772714727e+00
   1.2282667568635908e+00
   1.3294963689564012e+00
   1.4149259567160284e+00
   1.4771455183663849e+00
   1.5100106596388341e+00
   1.5100106596388205e+00
   1.4771455183663453e+00
   1.4149259567159675e+00
   1.3294963689563242e+00
   1.2282667568635037e+00
   1.1185705772713816e+00
   1.0067149315799837e+00
   8.9752906141328059e-01
   7.9432063217001192e-01
   6.9907592531612095e-01
   6.1275680430087154e-01
   5.3559870279478872e-01
   4.6736287092042211e-01
   4.0752916995541555e-01
   3.5543315864407227e-01
   3.1035802842506738e-01
   2.7159295171475206e-01
   2.3846788211664627e-01
   2.1037259862239943e-01
   1.8676565105256848e-01
   1.6717713376754970e-01
   1.5120792526059532e-01
   1.3852711917733546e-01
   1.2886874999271131e-01
   1.2202850334708185e-01
   1.1786083262720379e-01
   1.1627673211552735e-01
   1.1724230884794096e-01
   1.2077822607494308e-01
   1.2696004338313668e-01
   1.3591943837565146e-01
   1.4784625000049043e-01
   1.7084527624831763e-01
   2.0553165254821623e-01
   2.4477592489700117e-01
   2.8936186569636185e-01
   3.4012463672278737e-01
   3.9793046959454192e-01
   4.6363682162045144e-01
   5.3802329424630368e-01
   6.2168077498518948e-01
   7.1484453347783750e-01
   8.1715897263596837e-01
   9.2737208396184900e-01
   1.0429830689768456e+00
   1.1599131341362394e+00
   1.2723346433008988e+00
   1.3728525501323705e+00
   1.4532259185379173e+00
   1.5056736339574681e+00
   1.5245146091606734e+00
   1.5075875696092877e+00
   1.4568371798445228e+00
   1.3777855439561488e+00
   1.2781430852510340e+00
   1.1661639861270310e+00
   1.0493129144458337e+00
   9.3351098826141177e-01
   8.2292938340927080e-01
   7.2014646380857905e-01
   6.2647251386804981e-01
   5.4230317692581365e-01
   4.6742844874546091e-01
   4.0127182448118365e-01
   3.4306062742088950e-01
   2.9193952624144581e-01
   2.4704153019728381e-01
   2.0752913880872986e-01
   1.7261551540189607e-01
   1.4157280700680719e-01
   1.1373249463340294e-01
   8.8480994363963825e-02
   7.1165661826921606e-02
   6.1335527506127141e-02
   5.2861875627299514e-02
   4.5558290901868963e-02
   3.9263743964132271e-02
   3.3839225530823282e-02
   2.9164794688936541e-02
   2.5137002565053766e-02
   2.1666651361836375e-02
   1.8676850029368103e-02
   1.6101330470887170e-02
   1.3882991431554212e-02
   1.1972640648806120e-02
   1.0327909203092787e-02
   8.9123151634351010e-03
   7.6944565089772246e-03
   6.6473159035128696e-03
   5.7476622073045639e-03
   4.9755356452742348e-03
   4.3138053353636739e-03
   3.7477894406723095e-03
   3.2649295692230456e-03
   2.8545122301371550e-03
   2.5074311871131254e-03
   2.2159854498743675e-03
   1.9737084300869086e-03
   1.7752244765924031e-03
   1.6161296102905577e-03
   1.4928938146657133e-03
   1.4027827154092750e-03
   1.3437969122696276e-03
   1.3146276175904593e-03
   1.3146276175904593e-03
   1.3437969122696276e-03
   1.4027827154092750e-03
   1.4928938146657133e-03
   1.6161296102905577e-03
   1.7752244765924031e-03
   1.9737084300869086e-03
   2.2159854498743675e-03
   2.5074311871131258e-03
   2.8545122301371554e-03
   3.2649295692230461e-03
   3.7477894406723103e-03
   4.3138053353636756e-03
   4.9755356452742365e-03
   5.7476622073045665e-03
   6.6473159035128722e-03
   7.6944565089772264e-03
   8.9123151634351028e-03
   1.0327909203092789e-02
   1.1972640648806121e-02
   1.3882991431554217e-02
   1.6101330470887174e-02
   1.8676850029368103e-02
   2.1666651361836375e-02
   2.5137002565053766e-02
   2.9164794688936541e-02
   3.3839225530823282e-02
   3.9263743964132264e-02
   4.5558290901868956e-02
   5.2861875627299507e-02
   6.1335527506127141e-02
   7.1165661826921606e-02
