   1.0696209989202474e+00
   1.0226730736916989e+00
   9.7283587301123120e-01
   9.2211518863149500e-01
   8.7226551612762104e-01
   8.2474379463178216e-01
   7.8070530534783666e-01
   7.4102806601412019e-01
   7.0635289878165175e-01
   6.7712910538754123e-01
   6.5365887675863865e-01
   6.3613634294937871e-01
   6.2467920402232435e-01
   6.1935216518068370e-01
   6.2018207084432564e-01
   6.2716487300829304e-01
   6.4026454880800687e-01
   6.5940394727760843e-01
   6.8444742788238000e-01
   7.1517518798825319e-01
   7.5124951552379893e-01
   7.9217402175601459e-01
   8.3724838426483550e-01
   8.8552337597789876e-01
   9.3576389727667308e-01
   9.8643091335969801e-01
   1.0356956097644523e+00
   1.0814990828852344e+00
   1.1216665679561610e+00
   1.1540752989844234e+00
   1.1768603246723659e+00
   1.1886267889957949e+00
   1.1886267889957949e+00
   1.1768603246723659e+00
   1.1540752989844234e+00
   1.1216665679561610e+00
   1.0814990828852344e+00
   1.0356956097644523e+00
   9.8643091335969790e-01
   9.3576389727667297e-01
   8.8552337597789876e-01
   8.3724838426483539e-01
   7.9217402175601459e-01
   7.5124951552379893e-01
   7.1517518798825319e-01
   6.8444742788237989e-01
   6.5940394727760843e-01
   6.4026454880800687e-01
   6.2716487300829304e-01
   6.2018207084432575e-01
   6.1935216518068370e-01
   6.2467920402232435e-01
   6.3613634294937871e-01
   6.5365887675863865e-01
   6.7712910538754123e-01
   7.0635289878165175e-01
   7.4102806601412030e-01
   7.8070530534783666e-01
   8.2474379463178227e-01
   8.7226551612762115e-01
   9.2211518863149511e-01
   9.7283587301123131e-01
   1.0226730736916989e+00
   1.0696209989202476e+00
   1.1332510020217672e+00
   1.2098852159982296e+00
   1.2728592368194664e+00
   1.3174818670056614e+00
   1.3400640643148307e+00
   1.3386196150242948e+00
   1.3132780057021693e+00
   1.2662567708005923e+00
   1.2014038974079546e+00
   1.1234779851643852e+00
   1.0373977598022237e+00
   9.4764729959198679e-01
   8.5792076724033717e-01
   7.7099568677324504e-01
   6.8877157583973869e-01
   6.1240053015845342e-01
   5.4245066917149687e-01
   4.7906495126095161e-01
   4.2209673631609218e-01
   3.7121627264653406e-01
   3.2598940586582914e-01
   2.8593291882716237e-01
   2.5055166523259664e-01
   2.1936225001258047e-01
   1.9190716163529942e-01
   1.6776235486066715e-01
   1.4654048395643560e-01
   1.2789134747894276e-01
   1.1150062306440708e-01
   9.7087619773143286e-02
   8.4402527348317297e-02
   7.3223469910039696e-02
   6.3353554703218601e-02
   5.4618028251382178e-02
   4.6861600700473273e-02
   3.9945965753546198e-02
   3.3747522442813219e-02
   2.8155291950057629e-02
   2.3069014965758632e-02
   1.8397410774923240e-02
   1.5161593064604229e-02
   1.3293556107385463e-02
   1.1655922708644236e-02
   1.0220318630418328e-02
   8.9618670778852140e-03
   7.8587590196738787e-03
   6.8918761774101238e-03
   6.0444603156940497e-03
   5.3018232119543809e-03
   4.6510923541671486e-03
   4.0809880090757027e-03
   3.5816278307176457e-03
   3.1443556452643200e-03
   2.7615914597215593e-03
   2.4267001048676679e-03
   2.1338762424016442e-03
   1.8780437476399569e-03
   1.6547677267460066e-03
   1.4601776454497355e-03
   1.2909002381284104e-03
   1.1440010351885233e-03
   1.0169334957686076e-03
   9.0749486440710146e-04
   8.1378798673577453e-04
   7.3418842246276018e-04
   6.6731628567337693e-04
   6.1201232438204585e-04
   5.6731782472746245e-04
   5.3245799148445515e-04
   5.0682851681546669e-04
   4.8998510444458879e-04
   4.8163576766405136e-04
   4.8163576766405136e-04
   4.8998510444458879e-04
   5.0682851681546680e-04
   5.3245799148445515e-04
   5.6731782472746255e-04
   6.1201232438204596e-04
   6.6731628567337714e-04
   7.3418842246276051e-04
   8.1378798673577485e-04
   9.0749486440710190e-04
   1.0169334957686085e-03
   1.1440010351885239e-03
   1.2909002381284113e-03
   1.4601776454497366e-03
   1.6547677267460075e-03
   1.8780437476399580e-03
   2.1338762424016455e-03
   2.4267001048676688e-03
   2.7615914597215606e-03
   3.1443556452643213e-03
   3.5816278307176466e-03
   4.0809880090757035e-03
   4.6510923541671495e-03
   5.3018232119543809e-03
   6.0444603156940505e-03
   6.8918761774101238e-03
   7.8587590196738787e-03
   8.9618670778852140e-03
   1.0220318630418328e-02
   1.1655922708644236e-02
   1.3293556107385463e-02
   1.5161593064604229e-02
