   6.7343276030272314e-01
   6.4600792071052904e-01
   6.2092351977691007e-01
   5.9846906477362760e-01
   5.7886532565139748e-01
   5.6227646381093976e-01
   5.4882126066480941e-01
   5.3858289055879494e-01
   5.3161692854173637e-01
   5.2795744640056075e-01
   5.2762114544039396e-01
   5.3060951937226353e-01
   5.3690905273527190e-01
   5.4648945565412810e-01
   5.5929992959419583e-01
   5.7526346620511848e-01
   5.9426921822692524e-01
   6.1616306490644834e-01
   6.4073664221262150e-01
   6.6771533634707259e-01
   6.9674605680100077e-01
   7.2738600656044505e-01
   7.5909411953570305e-01
   7.9122726738740778e-01
   8.2304363041879613e-01
   8.5371561665697848e-01
   8.8235421818423765e-01
   9.0804557128388841e-01
   9.2989871583766859e-01
   9.4710131546649445e-01
   9.5897783666904346e-01
   9.6504301709693385e-01
   9.6504301709693385e-01
   9.5897783666904346e-01
   9.4710131546649434e-01
   9.2989871583766848e-01
   9.0804557128388819e-01
   8.8235421818423743e-01
   8.5371561665697826e-01
   8.2304363041879602e-01
   7.9122726738740756e-01
   7.5909411953570294e-01
   7.2738600656044494e-01
   6.9674605680100066e-01
   6.6771533634707259e-01
   6.4073664221262128e-01
   6.1616306490644823e-01
   5.9426921822692524e-01
   5.7526346620511848e-01
   5.5929992959419583e-01
   5.4648945565412810e-01
   5.3690905273527201e-01
   5.3060951937226364e-01
   5.2762114544039407e-01
   5.2795744640056086e-01
   5.3161692854173637e-01
   5.3858289055879494e-01
   5.4882126066480963e-01
   5.6227646381093987e-01
   5.7886532565139759e-01
   5.9846906477362771e-01
   6.2092351977691018e-01
   6.4600792071052915e-01
   6.7343276030272314e-01
   7.1807160338483911e-01
   7.7924180858475167e-01
   8.4038166923134860e-01
   8.9982445288202562e-01
   9.5558851470715167e-01
   1.0054684701226142e+00
   1.0471901327084450e+00
   1.0786213419819608e+00
   1.0980118309012517e+00
   1.1042182888357925e+00
   1.0968643435133616e+00
   1.0763953963905084e+00
   1.0440138455872863e+00
   1.0015117463006566e+00
   9.5104252015942159e-01
   8.9488204377665581e-01
   8.3522180663597378e-01
   7.7401933700092418e-01
   7.1291230094544356e-01
   6.5318869674811875e-01
   5.9579848201232033e-01
   5.4139077381073664e-01
   4.9036314979238715e-01
   4.4291335969039625e-01
   3.9908747337245887e-01
   3.5882144674672695e-01
   3.2197511703338044e-01
   2.8835885949268192e-01
   2.5775375997638827e-01
   2.2992638890557549e-01
   2.0463926571256993e-01
   1.8165799120705434e-01
   1.6075586912211512e-01
   1.4171667700583490e-01
   1.2433610038069040e-01
   1.0842222043118246e-01
   9.3795345549991790e-02
   8.0287398816461117e-02
   6.7741013590653737e-02
   5.6008444373148072e-02
   4.7765344942758921e-02
   4.2892427320779698e-02
   3.8518437852526261e-02
   3.4592762340031738e-02
   3.1069901451752195e-02
   2.7908971857925426e-02
   2.5073252388220418e-02
   2.2529772353494584e-02
   2.0248938994203464e-02
   1.8204200987743550e-02
   1.6371745014892778e-02
   1.4730222515586030e-02
   1.3260503931331229e-02
   1.1945457918189857e-02
   1.0769753208518421e-02
   9.7196809936573071e-03
   8.7829958883276632e-03
   7.9487737174976127e-03
   7.2072845361252618e-03
   6.5498794506471999e-03
   5.9688899581715974e-03
   5.4575386552985564e-03
   5.0098602938474747e-03
   4.6206322762131959e-03
   4.2853137893883956e-03
   3.9999928747154068e-03
   3.7613408210178906e-03
   3.5665733527564178e-03
   3.4134181630787628e-03
   3.3000884148966900e-03
   3.2252619021898407e-03
   3.1880656293603259e-03
   3.1880656293603259e-03
   3.2252619021898420e-03
   3.3000884148966922e-03
   3.4134181630787659e-03
   3.5665733527564221e-03
   3.7613408210178958e-03
   3.9999928747154129e-03
   4.2853137893884025e-03
   4.6206322762132046e-03
   5.0098602938474842e-03
   5.4575386552985659e-03
   5.9688899581716078e-03
   6.5498794506472120e-03
   7.2072845361252731e-03
   7.9487737174976248e-03
   8.7829958883276771e-03
   9.7196809936573193e-03
   1.0769753208518435e-02
   1.1945457918189874e-02
   1.3260503931331245e-02
   1.4730222515586044e-02
   1.6371745014892795e-02
   1.8204200987743568e-02
   2.0248938994203481e-02
   2.2529772353494598e-02
   2.5073252388220432e-02
   2.7908971857925440e-02
   3.1069901451752202e-02
   3.4592762340031745e-02
   3.8518437852526267e-02
   4.2892427320779698e-02
   4.7765344942758921e-02
