   1.8740248161251005e-01
   1.7590747039955842e-01
   1.6589837670777119e-01
   1.5730200349988532e-01
   1.5005388849748935e-01
   1.4409859271294911e-01
   1.3938985564463865e-01
   1.3589066461063695e-01
   1.3357327357613846e-01
   1.3241919709785804e-01
   1.3241919709785804e-01
   1.3357327357613846e-01
   1.3589066461063692e-01
   1.3938985564463865e-01
   1.4409859271294911e-01
   1.5005388849748938e-01
   1.5730200349988535e-01
   1.6589837670777119e-01
   1.7590747039955845e-01
   1.8740248161251005e-01
   2.2266684492839106e-01
   2.8186606665490332e-01
   3.4309658367600671e-01
   4.0654657365642771e-01
   4.7225373373592933e-01
   5.4005721005495910e-01
   6.0954342500499237e-01
   6.7999028838827869e-01
   7.5031805820462649e-01
   8.1905952207205779e-01
   8.8436604703538346e-01
   9.4406730240726655e-01
   9.9579836003292233e-01
   1.0371961841744446e+00
   1.0661485053168684e+00
   1.0810563891968792e+00
   1.0810563891968794e+00
   1.0661485053168682e+00
   1.0371961841744444e+00
   9.9579836003292188e-01
   9.4406730240726600e-01
   8.8436604703538302e-01
   8.1905952207205723e-01
   7.5031805820462583e-01
   6.7999028838827802e-01
   6.0954342500499170e-01
   5.4005721005495844e-01
   4.7225373373592860e-01
   4.0654657365642694e-01
   3.4309658367600587e-01
   2.8186606665490255e-01
   2.2266684492839028e-01
   1.8597906086182736e-01
   1.7157094532492959e-01
   1.5856467683659381e-01
   1.4686711011734380e-01
   1.3639181512844298e-01
   1.2705941466996354e-01
   1.1879772979322704e-01
   1.1154179165796826e-01
   1.0523376477420349e-01
   9.9822815770264625e-02
   9.5264953404442423e-02
   9.1522859025652145e-02
   8.8565721691395219e-02
   8.6369088336819708e-02
   8.4914736483312325e-02
   8.4190574755146685e-02
   8.4190574755146685e-02
   8.4914736483312298e-02
   8.6369088336819638e-02
   8.8565721691395122e-02
   9.1522859025652006e-02
   9.5264953404442257e-02
   9.9822815770264417e-02
   1.0523376477420322e-01
   1.1154179165796800e-01
   1.1879772979322671e-01
   1.2705941466996315e-01
   1.3639181512844256e-01
   1.4686711011734332e-01
   1.5856467683659325e-01
   1.7157094532492900e-01
   1.8597906086182667e-01
   1.8597906086182739e-01
   1.7157094532492961e-01
   1.5856467683659384e-01
   1.4686711011734382e-01
   1.3639181512844301e-01
   1.2705941466996354e-01
   1.1879772979322706e-01
   1.1154179165796829e-01
   1.0523376477420349e-01
   9.9822815770264639e-02
   9.5264953404442437e-02
   9.1522859025652159e-02
   8.8565721691395233e-02
   8.6369088336819722e-02
   8.4914736483312339e-02
   8.4190574755146699e-02
   8.4190574755146685e-02
   8.4914736483312284e-02
   8.6369088336819638e-02
   8.8565721691395108e-02
   9.1522859025651992e-02
   9.5264953404442243e-02
   9.9822815770264417e-02
   1.0523376477420324e-01
   1.1154179165796799e-01
   1.1879772979322671e-01
   1.2705941466996315e-01
   1.3639181512844253e-01
   1.4686711011734332e-01
   1.5856467683659325e-01
   1.7157094532492903e-01
   1.8597906086182667e-01
   1.8740248161250928e-01
   1.7590747039955770e-01
   1.6589837670777052e-01
   1.5730200349988469e-01
   1.5005388849748874e-01
   1.4409859271294853e-01
   1.3938985564463807e-01
   1.3589066461063637e-01
   1.3357327357613788e-01
   1.3241919709785746e-01
   1.3241919709785746e-01
   1.3357327357613788e-01
   1.3589066461063637e-01
   1.3938985564463804e-01
   1.4409859271294850e-01
   1.5005388849748871e-01
   1.5730200349988466e-01
   1.6589837670777050e-01
   1.7590747039955770e-01
   1.8740248161250928e-01
