   5.5824724248408730e-01
   5.7127056727329106e-01
   5.8411136125557417e-01
   5.9673543168462218e-01
   6.0910720716868794e-01
   6.2118990523673989e-01
   6.3294572841314134e-01
   6.4433608871444226e-01
   6.5532185985847935e-01
   6.6586365578940776e-01
   6.7592213338763352e-01
   6.8545831647047006e-01
   6.9443393742154425e-01
   7.0281179204191713e-01
   7.1055610252369794e-01
   7.1763288283912419e-01
   7.2401030034610392e-01
   7.2965902706464136e-01
   7.3455257390327988e-01
   7.3866760113104779e-01
   7.4198419861154308e-01
   7.4448612974632622e-01
   7.4616103370985210e-01
   7.4700058138304137e-01
   7.4700058138304137e-01
   7.4616103370985210e-01
   7.4448612974632622e-01
   7.4198419861154308e-01
   7.3866760113104779e-01
   7.3455257390327988e-01
   7.2965902706464147e-01
   7.2401030034610403e-01
   7.1763288283912430e-01
   7.1055610252369805e-01
   7.0281179204191713e-01
   6.9443393742154425e-01
   6.8545831647047006e-01
   6.7592213338763352e-01
   6.6586365578940787e-01
   6.5532185985847946e-01
   6.4433608871444237e-01
   6.3294572841314145e-01
   6.2118990523673989e-01
   6.0910720716868805e-01
   5.9673543168462218e-01
   5.8411136125557439e-01
   5.7127056727329117e-01
   5.5824724248408741e-01
   5.4730436053354292e-01
   5.3846980415411794e-01
   5.2953289493567379e-01
   5.2051260411402001e-01
   5.1142720059461622e-01
   5.0229420735488806e-01
   4.9313036675473165e-01
   4.8395161427374261e-01
   4.7477306013440851e-01
   4.6560897822736808e-01
   4.5647280172657068e-01
   4.4737712476731772e-01
   4.3833370955715428e-01
   4.2935349829679731e-01
   4.2044662930414395e-01
   4.1162245675733133e-01
   4.0288957350137267e-01
   3.9425583639570660e-01
   3.8572839371584755e-01
   3.7731371416011317e-01
   3.6901761705119268e-01
   3.6084530336127479e-01
   3.5280138722791249e-01
   3.4488992766519494e-01
   3.3711446021069325e-01
   3.2947802828270717e-01
   3.2198321405432095e-01
   3.1463216868052124e-01
   3.0742664174203915e-01
   3.0036800979462608e-01
   2.9345730393516645e-01
   2.8669523631642546e-01
   2.8008222556041240e-01
   2.7361842103641038e-01
   2.6730372598380708e-01
   2.6113781947209380e-01
   2.5512017720091346e-01
   2.4925009115198599e-01
   2.4352668811224887e-01
   2.3794894709377237e-01
   2.3251571568106758e-01
   2.2722572534043106e-01
   2.2207760572908211e-01
   2.1706989804415616e-01
   2.1220106745322612e-01
   2.0746951464902652e-01
   2.0287358657153726e-01
   1.9841158634062431e-01
   1.9408178244210483e-01
   1.8988241720946325e-01
   1.8581171464255072e-01
   1.8186788760350439e-01
   1.7804914442886099e-01
   1.7435369499545875e-01
   1.7077975627624611e-01
   1.6732555742057986e-01
   1.6398934439201865e-01
   1.6076938419502412e-01
   1.5766396872038471e-01
   1.5467141823759475e-01
   1.5179008456086121e-01
   1.4901835391388471e-01
   1.4635464951707769e-01
   1.4379743391944336e-01
   1.4134521109595347e-01
   1.3899652832992995e-01
   1.3674997789865978e-01
   1.3460419857925285e-01
   1.3255787699059216e-01
   1.3060974878612144e-01
   1.2875859971116804e-01
   1.2700326653750738e-01
   1.2534263788693650e-01
   1.2377565495473804e-01
   1.2230131214307934e-01
   1.2091865761360222e-01
   5.4730436053354314e-01
   5.3846980415411794e-01
   5.2953289493567390e-01
   5.2051260411402012e-01
   5.1142720059461633e-01
   5.0229420735488817e-01
   4.9313036675473182e-01
   4.8395161427374273e-01
   4.7477306013440868e-01
   4.6560897822736824e-01
   4.5647280172657079e-01
   4.4737712476731789e-01
   4.3833370955715445e-01
   4.2935349829679742e-01
   4.2044662930414411e-01
   4.1162245675733150e-01
   4.0288957350137278e-01
   3.9425583639570677e-01
   3.8572839371584766e-01
   3.7731371416011333e-01
   3.6901761705119279e-01
   3.6084530336127491e-01
   3.5280138722791266e-01
   3.4488992766519505e-01
   3.3711446021069336e-01
   3.2947802828270728e-01
   3.2198321405432107e-01
   3.1463216868052135e-01
   3.0742664174203921e-01
   3.0036800979462619e-01
   2.9345730393516656e-01
   2.8669523631642557e-01
   2.8008222556041251e-01
   2.7361842103641049e-01
   2.6730372598380719e-01
   2.6113781947209386e-01
   2.5512017720091357e-01
   2.4925009115198610e-01
   2.4352668811224898e-01
   2.3794894709377248e-01
   2.3251571568106769e-01
   2.2722572534043115e-01
   2.2207760572908222e-01
   2.1706989804415625e-01
   2.1220106745322617e-01
   2.0746951464902660e-01
   2.0287358657153734e-01
   1.9841158634062436e-01
   1.9408178244210492e-01
   1.8988241720946331e-01
   1.8581171464255078e-01
   1.8186788760350445e-01
   1.7804914442886105e-01
   1.7435369499545880e-01
   1.7077975627624617e-01
   1.6732555742057989e-01
   1.6398934439201870e-01
   1.6076938419502418e-01
   1.5766396872038477e-01
   1.5467141823759481e-01
   1.5179008456086124e-01
   1.4901835391388474e-01
   1.4635464951707772e-01
   1.4379743391944338e-01
   1.4134521109595349e-01
   1.3899652832992998e-01
   1.3674997789865981e-01
   1.3460419857925288e-01
   1.3255787699059218e-01
   1.3060974878612144e-01
   1.2875859971116804e-01
   1.2700326653750740e-01
   1.2534263788693650e-01
   1.2377565495473804e-01
   1.2230131214307934e-01
   1.2091865761360224e-01
   5.4730436053354303e-01
   5.3846980415411794e-01
   5.2953289493567379e-01
   5.2051260411402001e-01
   5.1142720059461633e-01
   5.0229420735488817e-01
   4.9313036675473176e-01
   4.8395161427374261e-01
   4.7477306013440868e-01
   4.6560897822736819e-01
   4.5647280172657073e-01
   4.4737712476731784e-01
   4.3833370955715434e-01
   4.2935349829679736e-01
   4.2044662930414400e-01
   4.1162245675733145e-01
   4.0288957350137272e-01
   3.9425583639570666e-01
   3.8572839371584761e-01
   3.7731371416011322e-01
   3.6901761705119274e-01
   3.6084530336127485e-01
   3.5280138722791254e-01
   3.4488992766519500e-01
   3.3711446021069330e-01
   3.2947802828270722e-01
   3.2198321405432101e-01
   3.1463216868052130e-01
   3.0742664174203915e-01
   3.0036800979462613e-01
   2.9345730393516650e-01
   2.8669523631642552e-01
   2.8008222556041246e-01
   2.7361842103641043e-01
   2.6730372598380714e-01
   2.6113781947209386e-01
   2.5512017720091351e-01
   2.4925009115198604e-01
   2.4352668811224892e-01
   2.3794894709377243e-01
   2.3251571568106760e-01
   2.2722572534043109e-01
   2.2207760572908217e-01
   2.1706989804415619e-01
   2.1220106745322614e-01
   2.0746951464902655e-01
   2.0287358657153728e-01
   1.9841158634062431e-01
   1.9408178244210486e-01
   1.8988241720946328e-01
   1.8581171464255075e-01
   1.8186788760350442e-01
   1.7804914442886099e-01
   1.7435369499545875e-01
   1.7077975627624611e-01
   1.6732555742057986e-01
   1.6398934439201868e-01
   1.6076938419502415e-01
   1.5766396872038471e-01
   1.5467141823759475e-01
   1.5179008456086121e-01
   1.4901835391388471e-01
   1.4635464951707769e-01
   1.4379743391944338e-01
   1.4134521109595347e-01
   1.3899652832992995e-01
   1.3674997789865978e-01
   1.3460419857925282e-01
   1.3255787699059216e-01
   1.3060974878612142e-01
   1.2875859971116801e-01
   1.2700326653750735e-01
   1.2534263788693648e-01
   1.2377565495473801e-01
   1.2230131214307932e-01
   1.2091865761360222e-01
   1.1929609473550330e-01
   1.1743400218626165e-01
   1.1566183568038725e-01
   1.1397840406322415e-01
   1.1238256881242445e-01
   1.1087324443317244e-01
   1.0944939878787008e-01
   1.0811005336809935e-01
   1.0685428351603460e-01
   1.0568121860187631e-01
   1.0459004216331584e-01
   1.0357999201251258e-01
   1.0265036031557094e-01
   1.0180049364904137e-01
   1.0102979303753379e-01
   1.0033771397612221e-01
   9.9723766440833389e-02
   9.9187514890147183e-02
   9.8728578260090849e-02
   9.8346629955180481e-02
   9.8041397837149200e-02
   9.7812664213100725e-02
   9.7660265824437445e-02
   9.7584093837631086e-02
   9.7584093837631086e-02
   9.7660265824437445e-02
   9.7812664213100739e-02
   9.8041397837149200e-02
   9.8346629955180481e-02
   9.8728578260090849e-02
   9.9187514890147183e-02
   9.9723766440833389e-02
   1.0033771397612222e-01
   1.0102979303753379e-01
   1.0180049364904138e-01
   1.0265036031557095e-01
   1.0357999201251260e-01
   1.0459004216331586e-01
   1.0568121860187632e-01
   1.0685428351603460e-01
   1.0811005336809937e-01
   1.0944939878787008e-01
   1.1087324443317245e-01
   1.1238256881242448e-01
   1.1397840406322415e-01
   1.1566183568038728e-01
   1.1743400218626164e-01
   1.1929609473550330e-01
