   5.2120718700230895e-01
   5.2967557376374585e-01
   5.3796721834491501e-01
   5.4606281800792045e-01
   5.5394278306370670e-01
   5.6158732964487912e-01
   5.6897658023606368e-01
   5.7609067139348324e-01
   5.8290986792288191e-01
   5.8941468262152830e-01
   5.9558600052988198e-01
   6.0140520648608076e-01
   6.0685431463639106e-01
   6.1191609843194927e-01
   6.1657421954121272e-01
   6.2081335403292559e-01
   6.2461931414003935e-01
   6.2797916390414421e-01
   6.3088132702496491e-01
   6.3331568530171034e-01
   6.3527366615276903e-01
   6.3674831783640073e-01
   6.3773437116543286e-01
   6.3822828671006204e-01
   6.3822828671006204e-01
   6.3773437116543286e-01
   6.3674831783640073e-01
   6.3527366615276903e-01
   6.3331568530171034e-01
   6.3088132702496491e-01
   6.2797916390414421e-01
   6.2461931414003935e-01
   6.2081335403292559e-01
   6.1657421954121272e-01
   6.1191609843194938e-01
   6.0685431463639106e-01
   6.0140520648608087e-01
   5.9558600052988198e-01
   5.8941468262152830e-01
   5.8290986792288191e-01
   5.7609067139348324e-01
   5.6897658023606368e-01
   5.6158732964487912e-01
   5.5394278306370670e-01
   5.4606281800792045e-01
   5.3796721834491501e-01
   5.2967557376374585e-01
   5.2120718700230906e-01
   5.1404145659481737e-01
   5.0819603903497068e-01
   5.0222243843749614e-01
   4.9613252096893601e-01
   4.8993800560791584e-01
   4.8365042557552729e-01
   4.7728109317216139e-01
   4.7084106806601050e-01
   4.6434112903812652e-01
   4.5779174915221948e-01
   4.5120307428455986e-01
   4.4458490492052499e-01
   4.3794668109956447e-01
   4.3129747036958987e-01
   4.2464595859491006e-01
   4.1800044344866066e-01
   4.1136883041098093e-01
   4.0475863108772081e-01
   3.9817696366092259e-01
   3.9163055528141549e-01
   3.8512574621527990e-01
   3.7866849555936477e-01
   3.7226438834618941e-01
   3.6591864386512157e-01
   3.5963612503444303e-01
   3.5342134866752328e-01
   3.4727849648559650e-01
   3.4121142673936511e-01
   3.3522368631164651e-01
   3.2931852318337612e-01
   3.2349889915533458e-01
   3.1776750272786453e-01
   3.1212676205047801e-01
   3.0657885786255168e-01
   3.0112573635519524e-01
   2.9576912189281462e-01
   2.9051052954083911e-01
   2.8535127735351318e-01
   2.8029249838256598e-01
   2.7533515237395195e-01
   2.7048003712571450e-01
   2.6572779948536984e-01
   2.6107894597005371e-01
   2.5653385299704401e-01
   2.5209277671618074e-01
   2.4775586243918984e-01
   2.4352315366398758e-01
   2.3939460069474078e-01
   2.3537006886080283e-01
   2.3144934633966410e-01
   2.2763215159077885e-01
   2.2391814040858124e-01
   2.2030691260420548e-01
   2.1679801832640691e-01
   2.1339096403295871e-01
   2.1008521812439995e-01
   2.0688021625245021e-01
   2.0377536631570481e-01
   2.0077005315539911e-01
   1.9786364296409534e-01
   1.9505548742011694e-01
   1.9234492756044411e-01
   1.8973129740460457e-01
   1.8721392734185374e-01
   1.8479214729364946e-01
   1.8246528966309689e-01
   1.8023269208267523e-01
   1.7809369997116770e-01
   1.7604766891030565e-01
   1.7409396685121012e-01
   1.7223197616027672e-01
   1.7046109551370384e-01
   1.6878074164941476e-01
   1.6719035098467358e-01
   1.6568938110724424e-01
   1.6427731214749627e-01
   5.1404145659481737e-01
   5.0819603903497079e-01
   5.0222243843749625e-01
   4.9613252096893606e-01
   4.8993800560791595e-01
   4.8365042557552740e-01
   4.7728109317216150e-01
   4.7084106806601062e-01
   4.6434112903812658e-01
   4.5779174915221954e-01
   4.5120307428456002e-01
   4.4458490492052499e-01
   4.3794668109956458e-01
   4.3129747036958999e-01
   4.2464595859491017e-01
   4.1800044344866077e-01
   4.1136883041098105e-01
   4.0475863108772092e-01
   3.9817696366092264e-01
   3.9163055528141560e-01
   3.8512574621527995e-01
   3.7866849555936488e-01
   3.7226438834618947e-01
   3.6591864386512163e-01
   3.5963612503444309e-01
   3.5342134866752334e-01
   3.4727849648559661e-01
   3.4121142673936511e-01
   3.3522368631164651e-01
   3.2931852318337623e-01
   3.2349889915533470e-01
   3.1776750272786458e-01
   3.1212676205047801e-01
   3.0657885786255179e-01
   3.0112573635519529e-01
   2.9576912189281468e-01
   2.9051052954083922e-01
   2.8535127735351323e-01
   2.8029249838256609e-01
   2.7533515237395201e-01
   2.7048003712571456e-01
   2.6572779948536990e-01
   2.6107894597005377e-01
   2.5653385299704401e-01
   2.5209277671618080e-01
   2.4775586243918987e-01
   2.4352315366398763e-01
   2.3939460069474081e-01
   2.3537006886080286e-01
   2.3144934633966410e-01
   2.2763215159077890e-01
   2.2391814040858130e-01
   2.2030691260420554e-01
   2.1679801832640694e-01
   2.1339096403295874e-01
   2.1008521812439998e-01
   2.0688021625245023e-01
   2.0377536631570484e-01
   2.0077005315539914e-01
   1.9786364296409537e-01
   1.9505548742011694e-01
   1.9234492756044413e-01
   1.8973129740460459e-01
   1.8721392734185374e-01
   1.8479214729364946e-01
   1.8246528966309689e-01
   1.8023269208267523e-01
   1.7809369997116770e-01
   1.7604766891030565e-01
   1.7409396685121012e-01
   1.7223197616027672e-01
   1.7046109551370384e-01
   1.6878074164941476e-01
   1.6719035098467358e-01
   1.6568938110724421e-01
   1.6427731214749627e-01
   5.1404145659481748e-01
   5.0819603903497090e-01
   5.0222243843749625e-01
   4.9613252096893612e-01
   4.8993800560791589e-01
   4.8365042557552734e-01
   4.7728109317216150e-01
   4.7084106806601067e-01
   4.6434112903812658e-01
   4.5779174915221965e-01
   4.5120307428456002e-01
   4.4458490492052505e-01
   4.3794668109956458e-01
   4.3129747036958999e-01
   4.2464595859491022e-01
   4.1800044344866077e-01
   4.1136883041098105e-01
   4.0475863108772098e-01
   3.9817696366092270e-01
   3.9163055528141566e-01
   3.8512574621528001e-01
   3.7866849555936494e-01
   3.7226438834618958e-01
   3.6591864386512168e-01
   3.5963612503444314e-01
   3.5342134866752339e-01
   3.4727849648559661e-01
   3.4121142673936516e-01
   3.3522368631164656e-01
   3.2931852318337623e-01
   3.2349889915533470e-01
   3.1776750272786464e-01
   3.1212676205047807e-01
   3.0657885786255179e-01
   3.0112573635519529e-01
   2.9576912189281473e-01
   2.9051052954083922e-01
   2.8535127735351329e-01
   2.8029249838256609e-01
   2.7533515237395201e-01
   2.7048003712571456e-01
   2.6572779948536990e-01
   2.6107894597005382e-01
   2.5653385299704407e-01
   2.5209277671618080e-01
   2.4775586243918990e-01
   2.4352315366398763e-01
   2.3939460069474083e-01
   2.3537006886080289e-01
   2.3144934633966416e-01
   2.2763215159077890e-01
   2.2391814040858130e-01
   2.2030691260420551e-01
   2.1679801832640697e-01
   2.1339096403295876e-01
   2.1008521812440001e-01
   2.0688021625245026e-01
   2.0377536631570486e-01
   2.0077005315539914e-01
   1.9786364296409537e-01
   1.9505548742011697e-01
   1.9234492756044413e-01
   1.8973129740460459e-01
   1.8721392734185374e-01
   1.8479214729364946e-01
   1.8246528966309689e-01
   1.8023269208267523e-01
   1.7809369997116770e-01
   1.7604766891030565e-01
   1.7409396685121012e-01
   1.7223197616027672e-01
   1.7046109551370384e-01
   1.6878074164941478e-01
   1.6719035098467355e-01
   1.6568938110724421e-01
   1.6427731214749625e-01
   1.6261480858467847e-01
   1.6070268507415147e-01
   1.5887907693821013e-01
   1.5714330123468201e-01
   1.5549469768778706e-01
   1.5393263004654181e-01
   1.5245648733210132e-01
   1.5106568498123157e-01
   1.4975966589265022e-01
   1.4853790138253231e-01
   1.4739989205504861e-01
   1.4634516859338395e-01
   1.4537329247627834e-01
   1.4448385662473739e-01
   1.4367648598317592e-01
   1.4295083803888436e-01
   1.4230660328334721e-01
   1.4174350561858673e-01
   1.4126130271136431e-01
   1.4085978629773319e-01
   1.4053878244011028e-01
   1.4029815173871071e-01
   1.4013778949887415e-01
   1.4005762585549991e-01
   1.4005762585549991e-01
   1.4013778949887415e-01
   1.4029815173871071e-01
   1.4053878244011028e-01
   1.4085978629773321e-01
   1.4126130271136431e-01
   1.4174350561858673e-01
   1.4230660328334721e-01
   1.4295083803888436e-01
   1.4367648598317592e-01
   1.4448385662473742e-01
   1.4537329247627834e-01
   1.4634516859338395e-01
   1.4739989205504861e-01
   1.4853790138253231e-01
   1.4975966589265022e-01
   1.5106568498123160e-01
   1.5245648733210132e-01
   1.5393263004654181e-01
   1.5549469768778706e-01
   1.5714330123468201e-01
   1.5887907693821016e-01
   1.6070268507415150e-01
   1.6261480858467847e-01
