   5.9316172981856008e-01
   6.2212415250737618e-01
   6.5129517465371523e-01
   6.8060057171662691e-01
   7.0995415031825593e-01
   7.3925736786521556e-01
   7.6839913975082486e-01
   7.9725587875720316e-01
   8.2569181197594699e-01
   8.5355961894627741e-01
   8.8070143021090252e-01
   9.0695021762864492e-01
   9.3213159622917052e-01
   9.5606604205959078e-01
   9.7857151159270517e-01
   9.9946642647727180e-01
   1.0185729637844976e+00
   1.0357205679429735e+00
   1.0507495781155323e+00
   1.0635148459332135e+00
   1.0738892053560478e+00
   1.0817666508359629e+00
   1.0870650832748132e+00
   1.0897284961277496e+00
   1.0897284961277496e+00
   1.0870650832748130e+00
   1.0817666508359625e+00
   1.0738892053560471e+00
   1.0635148459332127e+00
   1.0507495781155312e+00
   1.0357205679429724e+00
   1.0185729637844965e+00
   9.9946642647727046e-01
   9.7857151159270361e-01
   9.5606604205958923e-01
   9.3213159622916875e-01
   9.0695021762864325e-01
   8.8070143021090075e-01
   8.5355961894627574e-01
   8.2569181197594554e-01
   7.9725587875720183e-01
   7.6839913975082363e-01
   7.3925736786521457e-01
   7.0995415031825504e-01
   6.8060057171662625e-01
   6.5129517465371467e-01
   6.2212415250737585e-01
   5.9316172981855997e-01
   5.6932825463851577e-01
   5.5066262072954597e-01
   5.3233643006234099e-01
   5.1437449268206192e-01
   4.9679756733604713e-01
   4.7962267279062193e-01
   4.6286339771860768e-01
   4.4653020464204124e-01
   4.3063072436218958e-01
   4.1517003815195647e-01
   4.0015094572203830e-01
   3.8557421760392291e-01
   3.7143883112541459e-01
   3.5774218959528531e-01
   3.4448032467161660e-01
   3.3164808217267766e-01
   3.1923929180913291e-01
   3.0724692148101296e-01
   2.9566321690070585e-01
   2.8447982738199484e-01
   2.7368791868188364e-01
   2.6327827380277008e-01
   2.5324138266282953e-01
   2.4356752152685060e-01
   2.3424682306213199e-01
   2.2526933784764827e-01
   2.1662508812222178e-01
   2.0830411451107644e-01
   2.0029651642165433e-01
   1.9259248675033241e-01
   1.8518234149275511e-01
   1.7805654480271030e-01
   1.7120572999841932e-01
   1.6462071697120406e-01
   1.5829252641001426e-01
   1.5221239121641250e-01
   1.4637176544839664e-01
   1.4076233109789990e-01
   1.3537600297589961e-01
   1.3020493195070798e-01
   1.2524150675909920e-01
   1.2047835458632068e-01
   1.1590834058960173e-01
   1.1152456652036648e-01
   1.0732036858283275e-01
   1.0328931465088775e-01
   9.9425200950938833e-02
   9.5722048305702134e-02
   9.2174098022490353e-02
   8.8775807499369169e-02
   8.5521845613458852e-02
   8.2407087947557481e-02
   7.9426611904058836e-02
   7.6575691748742528e-02
   7.3849793621343390e-02
   7.1244570544789401e-02
   6.8755857460562522e-02
   6.6379666313725383e-02
   6.4112181207710922e-02
   6.1949753645944648e-02
   5.9888897874711411e-02
   5.7926286339353192e-02
   5.6058745263852128e-02
   5.4283250362082570e-02
   5.2596922687478162e-02
   5.0997024626526929e-02
   4.9480956040357849e-02
   4.8046250557693758e-02
   4.6690572021599833e-02
   4.5411711091737646e-02
   4.4207582003226845e-02
   4.3076219482707089e-02
   4.2015775821769866e-02
   4.1024518107583473e-02
   4.0100825610254826e-02
   3.9243187326251358e-02
   5.6932825463851588e-01
   5.5066262072954597e-01
   5.3233643006234110e-01
   5.1437449268206203e-01
   4.9679756733604724e-01
   4.7962267279062198e-01
   4.6286339771860785e-01
   4.4653020464204135e-01
   4.3063072436218963e-01
   4.1517003815195652e-01
   4.0015094572203830e-01
   3.8557421760392302e-01
   3.7143883112541470e-01
   3.5774218959528536e-01
   3.4448032467161666e-01
   3.3164808217267777e-01
   3.1923929180913291e-01
   3.0724692148101301e-01
   2.9566321690070591e-01
   2.8447982738199490e-01
   2.7368791868188369e-01
   2.6327827380277014e-01
   2.5324138266282958e-01
   2.4356752152685063e-01
   2.3424682306213204e-01
   2.2526933784764827e-01
   2.1662508812222181e-01
   2.0830411451107650e-01
   2.0029651642165436e-01
   1.9259248675033244e-01
   1.8518234149275517e-01
   1.7805654480271033e-01
   1.7120572999841935e-01
   1.6462071697120409e-01
   1.5829252641001429e-01
   1.5221239121641253e-01
   1.4637176544839667e-01
   1.4076233109789993e-01
   1.3537600297589966e-01
   1.3020493195070801e-01
   1.2524150675909920e-01
   1.2047835458632071e-01
   1.1590834058960175e-01
   1.1152456652036651e-01
   1.0732036858283277e-01
   1.0328931465088778e-01
   9.9425200950938847e-02
   9.5722048305702162e-02
   9.2174098022490353e-02
   8.8775807499369169e-02
   8.5521845613458880e-02
   8.2407087947557495e-02
   7.9426611904058864e-02
   7.6575691748742541e-02
   7.3849793621343404e-02
   7.1244570544789415e-02
   6.8755857460562536e-02
   6.6379666313725397e-02
   6.4112181207710936e-02
   6.1949753645944662e-02
   5.9888897874711411e-02
   5.7926286339353206e-02
   5.6058745263852135e-02
   5.4283250362082584e-02
   5.2596922687478176e-02
   5.0997024626526936e-02
   4.9480956040357862e-02
   4.8046250557693772e-02
   4.6690572021599840e-02
   4.5411711091737653e-02
   4.4207582003226852e-02
   4.3076219482707095e-02
   4.2015775821769866e-02
   4.1024518107583480e-02
   4.0100825610254832e-02
   3.9243187326251365e-02
   5.6932825463851577e-01
   5.5066262072954586e-01
   5.3233643006234088e-01
   5.1437449268206192e-01
   4.9679756733604713e-01
   4.7962267279062193e-01
   4.6286339771860774e-01
   4.4653020464204118e-01
   4.3063072436218952e-01
   4.1517003815195641e-01
   4.0015094572203824e-01
   3.8557421760392291e-01
   3.7143883112541459e-01
   3.5774218959528525e-01
   3.4448032467161654e-01
   3.3164808217267766e-01
   3.1923929180913285e-01
   3.0724692148101296e-01
   2.9566321690070585e-01
   2.8447982738199484e-01
   2.7368791868188364e-01
   2.6327827380277008e-01
   2.5324138266282947e-01
   2.4356752152685057e-01
   2.3424682306213199e-01
   2.2526933784764822e-01
   2.1662508812222175e-01
   2.0830411451107644e-01
   2.0029651642165430e-01
   1.9259248675033241e-01
   1.8518234149275511e-01
   1.7805654480271030e-01
   1.7120572999841929e-01
   1.6462071697120403e-01
   1.5829252641001426e-01
   1.5221239121641250e-01
   1.4637176544839664e-01
   1.4076233109789990e-01
   1.3537600297589961e-01
   1.3020493195070798e-01
   1.2524150675909917e-01
   1.2047835458632070e-01
   1.1590834058960170e-01
   1.1152456652036646e-01
   1.0732036858283274e-01
   1.0328931465088775e-01
   9.9425200950938833e-02
   9.5722048305702134e-02
   9.2174098022490339e-02
   8.8775807499369155e-02
   8.5521845613458866e-02
   8.2407087947557481e-02
   7.9426611904058836e-02
   7.6575691748742528e-02
   7.3849793621343390e-02
   7.1244570544789401e-02
   6.8755857460562522e-02
   6.6379666313725383e-02
   6.4112181207710922e-02
   6.1949753645944648e-02
   5.9888897874711411e-02
   5.7926286339353199e-02
   5.6058745263852135e-02
   5.4283250362082577e-02
   5.2596922687478169e-02
   5.0997024626526929e-02
   4.9480956040357855e-02
   4.8046250557693765e-02
   4.6690572021599840e-02
   4.5411711091737646e-02
   4.4207582003226852e-02
   4.3076219482707095e-02
   4.2015775821769866e-02
   4.1024518107583473e-02
   4.0100825610254832e-02
   3.9243187326251365e-02
   3.8247205956774236e-02
   3.7112260751100593e-02
   3.6039456432126887e-02
   3.5027006513346982e-02
   3.4073224220353873e-02
   3.3176519836274503e-02
   3.2335398189577383e-02
   3.1548456282361852e-02
   3.0814381057202231e-02
   3.0131947300611552e-02
   2.9500015681204819e-02
   2.8917530920677677e-02
   2.8383520095770085e-02
   2.7897091069453997e-02
   2.7457431049666345e-02
   2.7063805274002893e-02
   2.6715555818892112e-02
   2.6412100531880735e-02
   2.6152932085781906e-02
   2.5937617153562183e-02
   2.5765795702974412e-02
   2.5637180410077981e-02
   2.5551556190926153e-02
   2.5508779850841250e-02
   2.5508779850841250e-02
   2.5551556190926153e-02
   2.5637180410077978e-02
   2.5765795702974409e-02
   2.5937617153562176e-02
   2.6152932085781899e-02
   2.6412100531880728e-02
   2.6715555818892098e-02
   2.7063805274002883e-02
   2.7457431049666334e-02
   2.7897091069453983e-02
   2.8383520095770071e-02
   2.8917530920677666e-02
   2.9500015681204816e-02
   3.0131947300611545e-02
   3.0814381057202224e-02
   3.1548456282361845e-02
   3.2335398189577383e-02
   3.3176519836274503e-02
   3.4073224220353873e-02
   3.5027006513346989e-02
   3.6039456432126894e-02
   3.7112260751100599e-02
   3.8247205956774243e-02
