   5.6510479780101774e-01
   6.0607772595943987e-01
   6.4803853740797757e-01
   6.9093721620126514e-01
   7.3469804273982853e-01
   7.7921647019335338e-01
   8.2435605433528436e-01
   8.6994558856949056e-01
   9.1577663468736092e-01
   9.6160167815769826e-01
   1.0071331703504680e+00
   1.0520437434938725e+00
   1.0959678906549006e+00
   1.1385053852644191e+00
   1.1792266656254653e+00
   1.2176803240636083e+00
   1.2534027158839434e+00
   1.2859295432088944e+00
   1.3148090827610814e+00
   1.3396165315081501e+00
   1.3599687628438781e+00
   1.3755386453873899e+00
   1.3860680028008268e+00
   1.3913783068281096e+00
   1.3913783068281098e+00
   1.3860680028008268e+00
   1.3755386453873899e+00
   1.3599687628438786e+00
   1.3396165315081505e+00
   1.3148090827610817e+00
   1.2859295432088944e+00
   1.2534027158839436e+00
   1.2176803240636085e+00
   1.1792266656254655e+00
   1.1385053852644194e+00
   1.0959678906549009e+00
   1.0520437434938730e+00
   1.0071331703504685e+00
   9.6160167815769848e-01
   9.1577663468736115e-01
   8.6994558856949078e-01
   8.2435605433528458e-01
   7.7921647019335361e-01
   7.3469804273982864e-01
   6.9093721620126525e-01
   6.4803853740797768e-01
   6.0607772595943998e-01
   5.6510479780101786e-01
   5.3191220172840104e-01
   5.0649142167772854e-01
   4.8207496017570006e-01
   4.5865416741038045e-01
   4.3621520508049877e-01
   4.1473997268508594e-01
   3.9420692639514449e-01
   3.7459179714920804e-01
   3.5586821558021609e-01
   3.3800825185495464e-01
   3.2098287861195179e-01
   3.0476236502047932e-01
   2.8931660963401390e-01
   2.7461541924075922e-01
   2.6062874037147737e-01
   2.4732684954850465e-01
   2.3468050777697003e-01
   2.2266108420941538e-01
   2.1124065337147160e-01
   2.0039206982736421e-01
   1.9008902369455824e-01
   1.8030607998886272e-01
   1.7101870439493927e-01
   1.6220327771120016e-01
   1.5383710091046129e-01
   1.4589839248582734e-01
   1.3836627951222613e-01
   1.3122078364478582e-01
   1.2444280309287951e-01
   1.1801409145029240e-01
   1.1191723412489335e-01
   1.0613562299292469e-01
   1.0065342980127139e-01
   9.5455578753770157e-02
   9.0527718642913993e-02
   8.5856194824546872e-02
   8.1428021278862062e-02
   7.7230852954927751e-02
   7.3252958556934061e-02
   6.9483193897396253e-02
   6.5910975914802258e-02
   6.2526257429906612e-02
   5.9319502695404099e-02
   5.6281663777502475e-02
   5.3404157794472759e-02
   5.0678845026173001e-02
   4.8098007899459276e-02
   4.5654330847010517e-02
   4.3340881031138992e-02
   4.1151089919412048e-02
   3.9078735695181027e-02
   3.7117926483237279e-02
   3.5263084368653518e-02
   3.3508930185303112e-02
   3.1850469049479933e-02
   3.0282976613381630e-02
   2.8801986012897785e-02
   2.7403275484100195e-02
   2.6082856623013809e-02
   2.4836963263610817e-02
   2.3662040949480066e-02
   2.2554736975249151e-02
   2.1511890974551456e-02
   2.0530526032114176e-02
   1.9607840298377813e-02
   1.8741199085928573e-02
   1.7928127427920503e-02
   1.7166303079573970e-02
   1.6453549944753870e-02
   1.5787831910547535e-02
   1.5167247073674768e-02
   1.4590022343465710e-02
   1.4054508407034191e-02
   1.3559175043152197e-02
   1.3102606772193761e-02
   1.2683498830362799e-02
   5.3191220172840126e-01
   5.0649142167772865e-01
   4.8207496017570017e-01
   4.5865416741038056e-01
   4.3621520508049894e-01
   4.1473997268508611e-01
   3.9420692639514460e-01
   3.7459179714920815e-01
   3.5586821558021625e-01
   3.3800825185495476e-01
   3.2098287861195191e-01
   3.0476236502047938e-01
   2.8931660963401395e-01
   2.7461541924075933e-01
   2.6062874037147749e-01
   2.4732684954850476e-01
   2.3468050777697008e-01
   2.2266108420941541e-01
   2.1124065337147166e-01
   2.0039206982736427e-01
   1.9008902369455832e-01
   1.8030607998886275e-01
   1.7101870439493932e-01
   1.6220327771120019e-01
   1.5383710091046135e-01
   1.4589839248582739e-01
   1.3836627951222616e-01
   1.3122078364478584e-01
   1.2444280309287956e-01
   1.1801409145029246e-01
   1.1191723412489339e-01
   1.0613562299292471e-01
   1.0065342980127143e-01
   9.5455578753770198e-02
   9.0527718642914035e-02
   8.5856194824546914e-02
   8.1428021278862076e-02
   7.7230852954927778e-02
   7.3252958556934075e-02
   6.9483193897396281e-02
   6.5910975914802286e-02
   6.2526257429906626e-02
   5.9319502695404126e-02
   5.6281663777502496e-02
   5.3404157794472780e-02
   5.0678845026173015e-02
   4.8098007899459297e-02
   4.5654330847010531e-02
   4.3340881031139006e-02
   4.1151089919412062e-02
   3.9078735695181041e-02
   3.7117926483237293e-02
   3.5263084368653524e-02
   3.3508930185303126e-02
   3.1850469049479947e-02
   3.0282976613381640e-02
   2.8801986012897796e-02
   2.7403275484100206e-02
   2.6082856623013819e-02
   2.4836963263610824e-02
   2.3662040949480073e-02
   2.2554736975249158e-02
   2.1511890974551463e-02
   2.0530526032114183e-02
   1.9607840298377820e-02
   1.8741199085928580e-02
   1.7928127427920507e-02
   1.7166303079573973e-02
   1.6453549944753874e-02
   1.5787831910547539e-02
   1.5167247073674771e-02
   1.4590022343465715e-02
   1.4054508407034195e-02
   1.3559175043152200e-02
   1.3102606772193765e-02
   1.2683498830362802e-02
   5.3191220172840126e-01
   5.0649142167772865e-01
   4.8207496017570012e-01
   4.5865416741038056e-01
   4.3621520508049888e-01
   4.1473997268508611e-01
   3.9420692639514460e-01
   3.7459179714920815e-01
   3.5586821558021620e-01
   3.3800825185495470e-01
   3.2098287861195191e-01
   3.0476236502047943e-01
   2.8931660963401401e-01
   2.7461541924075933e-01
   2.6062874037147749e-01
   2.4732684954850470e-01
   2.3468050777697008e-01
   2.2266108420941544e-01
   2.1124065337147166e-01
   2.0039206982736427e-01
   1.9008902369455830e-01
   1.8030607998886278e-01
   1.7101870439493932e-01
   1.6220327771120019e-01
   1.5383710091046135e-01
   1.4589839248582737e-01
   1.3836627951222616e-01
   1.3122078364478587e-01
   1.2444280309287957e-01
   1.1801409145029246e-01
   1.1191723412489338e-01
   1.0613562299292470e-01
   1.0065342980127141e-01
   9.5455578753770184e-02
   9.0527718642914021e-02
   8.5856194824546900e-02
   8.1428021278862076e-02
   7.7230852954927778e-02
   7.3252958556934075e-02
   6.9483193897396267e-02
   6.5910975914802286e-02
   6.2526257429906626e-02
   5.9319502695404126e-02
   5.6281663777502489e-02
   5.3404157794472780e-02
   5.0678845026173015e-02
   4.8098007899459290e-02
   4.5654330847010531e-02
   4.3340881031139006e-02
   4.1151089919412062e-02
   3.9078735695181034e-02
   3.7117926483237293e-02
   3.5263084368653524e-02
   3.3508930185303119e-02
   3.1850469049479947e-02
   3.0282976613381637e-02
   2.8801986012897796e-02
   2.7403275484100206e-02
   2.6082856623013816e-02
   2.4836963263610824e-02
   2.3662040949480073e-02
   2.2554736975249155e-02
   2.1511890974551463e-02
   2.0530526032114180e-02
   1.9607840298377817e-02
   1.8741199085928580e-02
   1.7928127427920507e-02
   1.7166303079573973e-02
   1.6453549944753874e-02
   1.5787831910547539e-02
   1.5167247073674768e-02
   1.4590022343465710e-02
   1.4054508407034193e-02
   1.3559175043152199e-02
   1.3102606772193763e-02
   1.2683498830362801e-02
   1.2202650409343823e-02
   1.1659246376560158e-02
   1.1149711772393697e-02
   1.0672566878564421e-02
   1.0226425983673036e-02
   9.8099933714641107e-03
   9.4220595684307296e-03
   9.0614978401746885e-03
   8.7272609266115866e-03
   8.4183780067638402e-03
   8.1339518845174111e-03
   7.8731563873307379e-03
   7.6352339704782090e-03
   7.4194935199864082e-03
   7.2253083479804532e-03
   7.0521143747013324e-03
   6.8994084919841584e-03
   6.7667471035030846e-03
   6.6537448375923822e-03
   6.5600734289460632e-03
   6.4854607659817001e-03
   6.4296901011289239e-03
   6.3925994217706658e-03
   6.3740809800268269e-03
   6.3740809800268269e-03
   6.3925994217706658e-03
   6.4296901011289230e-03
   6.4854607659816993e-03
   6.5600734289460623e-03
   6.6537448375923805e-03
   6.7667471035030829e-03
   6.8994084919841558e-03
   7.0521143747013307e-03
   7.2253083479804506e-03
   7.4194935199864065e-03
   7.6352339704782082e-03
   7.8731563873307361e-03
   8.1339518845174111e-03
   8.4183780067638419e-03
   8.7272609266115866e-03
   9.0614978401746902e-03
   9.4220595684307313e-03
   9.8099933714641124e-03
   1.0226425983673040e-02
   1.0672566878564422e-02
   1.1149711772393701e-02
   1.1659246376560161e-02
   1.2202650409343827e-02
