   5.9070271133007368e-01
   6.1296550413972239e-01
   6.3519456776821703e-01
   6.5732748547078823e-01
   6.7929561421222862e-01
   7.0102418893872265e-01
   7.2243254224514253e-01
   7.4343445293826749e-01
   7.6393863521780325e-01
   7.8384937754217909e-01
   8.0306733666227348e-01
   8.2149048779152367e-01
   8.3901522649775040e-01
   8.5553761178832699e-01
   8.7095473323586436e-01
   8.8516617815783949e-01
   8.9807556819483048e-01
   9.0959212855688520e-01
   9.1963224818085165e-01
   9.2812098550781996e-01
   9.3499347294164159e-01
   9.4019617358407337e-01
   9.4368794672264233e-01
   9.4544088377339497e-01
   9.4544088377339497e-01
   9.4368794672264222e-01
   9.4019617358407315e-01
   9.3499347294164126e-01
   9.2812098550781941e-01
   9.1963224818085110e-01
   9.0959212855688476e-01
   8.9807556819482981e-01
   8.8516617815783882e-01
   8.7095473323586381e-01
   8.5553761178832644e-01
   8.3901522649774984e-01
   8.2149048779152312e-01
   8.0306733666227303e-01
   7.8384937754217876e-01
   7.6393863521780281e-01
   7.4343445293826715e-01
   7.2243254224514231e-01
   7.0102418893872254e-01
   6.7929561421222850e-01
   6.5732748547078812e-01
   6.3519456776821703e-01
   6.1296550413972239e-01
   5.9070271133007379e-01
   5.7222779937796775e-01
   5.5758173804302047e-01
   5.4302901191317288e-01
   5.2859690872247456e-01
   5.1431016097258386e-01
   5.0019102830357631e-01
   4.8625939419111258e-01
   4.7253287377229664e-01
   4.5902692990015237e-01
   4.4575499483616249e-01
   4.3272859530128144e-01
   4.1995747890991408e-01
   4.0744974030213682e-01
   3.9521194556228606e-01
   3.8324925376382013e-01
   3.7156553470921477e-01
   3.6016348213877419e-01
   3.4904472186365759e-01
   3.3820991443678999e-01
   3.2765885211178986e-01
   3.1739054995605059e-01
   3.0740333108132811e-01
   2.9769490603537674e-01
   2.8826244646313864e-01
   2.7910265319750244e-01
   2.7021181897940183e-01
   2.6158588603662197e-01
   2.5322049877160574e-01
   2.4511105182214513e-01
   2.3725273376632466e-01
   2.2964056674552966e-01
   2.2226944227769746e-01
   2.1513415352809998e-01
   2.0822942429751892e-01
   2.0154993497832180e-01
   1.9509034571818532e-01
   1.8884531701947876e-01
   1.8280952798997221e-01
   1.7697769244786987e-01
   1.7134457307142711e-01
   1.6590499377077927e-01
   1.6065385044724548e-01
   1.5558612029337970e-01
   1.5069686977551477e-01
   1.4598126142953935e-01
   1.4143455959020607e-01
   1.3705213516441209e-01
   1.3282946954963423e-01
   1.2876215779003664e-01
   1.2484591105469335e-01
   1.2107655851486400e-01
   1.1745004869030966e-01
   1.1396245032821352e-01
   1.1060995287235281e-01
   1.0738886657472492e-01
   1.0429562229683782e-01
   1.0132677104329971e-01
   9.8478983266161765e-02
   9.5749047974651821e-02
   9.3133871681458397e-02
   9.0630477213560809e-02
   8.8236002412726180e-02
   8.5947698748185600e-02
   8.3762929861637886e-02
   8.1679170062591316e-02
   7.9694002790119262e-02
   7.7805119055361638e-02
   7.6010315877529960e-02
   7.4307494724757145e-02
   7.2694659969858827e-02
   7.1169917369928157e-02
   6.9731472577658646e-02
   6.8377629691369582e-02
   6.7106789849884274e-02
   6.5917449877675477e-02
   6.4808200985034412e-02
   5.7222779937796786e-01
   5.5758173804302058e-01
   5.4302901191317299e-01
   5.2859690872247467e-01
   5.1431016097258386e-01
   5.0019102830357642e-01
   4.8625939419111275e-01
   4.7253287377229675e-01
   4.5902692990015254e-01
   4.4575499483616265e-01
   4.3272859530128155e-01
   4.1995747890991414e-01
   4.0744974030213688e-01
   3.9521194556228612e-01
   3.8324925376382019e-01
   3.7156553470921483e-01
   3.6016348213877425e-01
   3.4904472186365770e-01
   3.3820991443679005e-01
   3.2765885211178991e-01
   3.1739054995605065e-01
   3.0740333108132817e-01
   2.9769490603537685e-01
   2.8826244646313870e-01
   2.7910265319750249e-01
   2.7021181897940189e-01
   2.6158588603662203e-01
   2.5322049877160574e-01
   2.4511105182214518e-01
   2.3725273376632475e-01
   2.2964056674552971e-01
   2.2226944227769749e-01
   2.1513415352810000e-01
   2.0822942429751895e-01
   2.0154993497832185e-01
   1.9509034571818537e-01
   1.8884531701947882e-01
   1.8280952798997224e-01
   1.7697769244786990e-01
   1.7134457307142717e-01
   1.6590499377077930e-01
   1.6065385044724551e-01
   1.5558612029337973e-01
   1.5069686977551480e-01
   1.4598126142953938e-01
   1.4143455959020607e-01
   1.3705213516441211e-01
   1.3282946954963426e-01
   1.2876215779003666e-01
   1.2484591105469336e-01
   1.2107655851486403e-01
   1.1745004869030967e-01
   1.1396245032821356e-01
   1.1060995287235281e-01
   1.0738886657472492e-01
   1.0429562229683785e-01
   1.0132677104329973e-01
   9.8478983266161793e-02
   9.5749047974651849e-02
   9.3133871681458411e-02
   9.0630477213560809e-02
   8.8236002412726194e-02
   8.5947698748185600e-02
   8.3762929861637900e-02
   8.1679170062591330e-02
   7.9694002790119275e-02
   7.7805119055361652e-02
   7.6010315877529974e-02
   7.4307494724757159e-02
   7.2694659969858841e-02
   7.1169917369928171e-02
   6.9731472577658660e-02
   6.8377629691369582e-02
   6.7106789849884288e-02
   6.5917449877675477e-02
   6.4808200985034412e-02
   5.7222779937796786e-01
   5.5758173804302058e-01
   5.4302901191317299e-01
   5.2859690872247467e-01
   5.1431016097258397e-01
   5.0019102830357642e-01
   4.8625939419111269e-01
   4.7253287377229675e-01
   4.5902692990015254e-01
   4.4575499483616260e-01
   4.3272859530128155e-01
   4.1995747890991414e-01
   4.0744974030213688e-01
   3.9521194556228612e-01
   3.8324925376382024e-01
   3.7156553470921483e-01
   3.6016348213877425e-01
   3.4904472186365765e-01
   3.3820991443679005e-01
   3.2765885211178991e-01
   3.1739054995605065e-01
   3.0740333108132817e-01
   2.9769490603537679e-01
   2.8826244646313870e-01
   2.7910265319750249e-01
   2.7021181897940189e-01
   2.6158588603662203e-01
   2.5322049877160574e-01
   2.4511105182214515e-01
   2.3725273376632475e-01
   2.2964056674552974e-01
   2.2226944227769749e-01
   2.1513415352810000e-01
   2.0822942429751898e-01
   2.0154993497832185e-01
   1.9509034571818537e-01
   1.8884531701947882e-01
   1.8280952798997224e-01
   1.7697769244786990e-01
   1.7134457307142714e-01
   1.6590499377077930e-01
   1.6065385044724551e-01
   1.5558612029337973e-01
   1.5069686977551480e-01
   1.4598126142953938e-01
   1.4143455959020609e-01
   1.3705213516441211e-01
   1.3282946954963426e-01
   1.2876215779003666e-01
   1.2484591105469335e-01
   1.2107655851486403e-01
   1.1745004869030966e-01
   1.1396245032821356e-01
   1.1060995287235281e-01
   1.0738886657472492e-01
   1.0429562229683784e-01
   1.0132677104329972e-01
   9.8478983266161779e-02
   9.5749047974651835e-02
   9.3133871681458411e-02
   9.0630477213560809e-02
   8.8236002412726194e-02
   8.5947698748185600e-02
   8.3762929861637900e-02
   8.1679170062591330e-02
   7.9694002790119275e-02
   7.7805119055361652e-02
   7.6010315877529960e-02
   7.4307494724757145e-02
   7.2694659969858827e-02
   7.1169917369928157e-02
   6.9731472577658646e-02
   6.8377629691369568e-02
   6.7106789849884274e-02
   6.5917449877675463e-02
   6.4808200985034412e-02
   6.3513940769849384e-02
   6.2034369931719763e-02
   6.0631487121540810e-02
   5.9303594298344829e-02
   5.8049081897438098e-02
   5.6866427297851303e-02
   5.5754193349933687e-02
   5.4711026965891273e-02
   5.3735657775676293e-02
   5.2826896850289892e-02
   5.1983635494256497e-02
   5.1204844108763303e-02
   5.0489571126727160e-02
   4.9836942020850074e-02
   4.9246158385551152e-02
   4.8716497093512862e-02
   4.8247309527451140e-02
   4.7838020887609363e-02
   4.7488129575382718e-02
   4.7197206653401089e-02
   4.6964895382331610e-02
   4.6790910834606222e-02
   4.6675039585232524e-02
   4.6617139479805732e-02
   4.6617139479805732e-02
   4.6675039585232524e-02
   4.6790910834606222e-02
   4.6964895382331610e-02
   4.7197206653401089e-02
   4.7488129575382711e-02
   4.7838020887609363e-02
   4.8247309527451140e-02
   4.8716497093512862e-02
   4.9246158385551145e-02
   4.9836942020850067e-02
   5.0489571126727160e-02
   5.1204844108763303e-02
   5.1983635494256490e-02
   5.2826896850289892e-02
   5.3735657775676293e-02
   5.4711026965891266e-02
   5.5754193349933694e-02
   5.6866427297851296e-02
   5.8049081897438098e-02
   5.9303594298344836e-02
   6.0631487121540803e-02
   6.2034369931719756e-02
   6.3513940769849384e-02
