   5.9265417478796756e-01
   6.2230742364856384e-01
   6.5220115641689047e-01
   6.8226064483163529e-01
   7.1239850177115149e-01
   7.4251421835218101e-01
   7.7249389400438040e-01
   8.0221020869941251e-01
   8.3152268789348993e-01
   8.6027830963582552e-01
   8.8831249904330134e-01
   9.1545054735349485e-01
   9.4150948061213113e-01
   9.6630038655581185e-01
   9.8963118760990043e-01
   1.0113098237825300e+00
   1.0311477827566944e+00
   1.0489638873318101e+00
   1.0645882246511142e+00
   1.0778660797627422e+00
   1.0886617204416820e+00
   1.0968618730463662e+00
   1.1023787321404854e+00
   1.1051523604778246e+00
   1.1051523604778246e+00
   1.1023787321404857e+00
   1.0968618730463664e+00
   1.0886617204416822e+00
   1.0778660797627426e+00
   1.0645882246511149e+00
   1.0489638873318106e+00
   1.0311477827566951e+00
   1.0113098237825306e+00
   9.8963118760990099e-01
   9.6630038655581252e-01
   9.4150948061213191e-01
   9.1545054735349574e-01
   8.8831249904330223e-01
   8.6027830963582630e-01
   8.3152268789349060e-01
   8.0221020869941317e-01
   7.7249389400438084e-01
   7.4251421835218145e-01
   7.1239850177115183e-01
   6.8226064483163551e-01
   6.5220115641689069e-01
   6.2230742364856373e-01
   5.9265417478796756e-01
   5.6827323581399125e-01
   5.4920251847236490e-01
   5.3050142811518575e-01
   5.1219398515523740e-01
   4.9430001845700455e-01
   4.7683550647584061e-01
   4.5981291385391510e-01
   4.4324151899003006e-01
   4.2712772911980806e-01
   4.1147538033808584e-01
   3.9628602076728847e-01
   3.8155917572915843e-01
   3.6729259432050743e-01
   3.5348247723652937e-01
   3.4012368603848625e-01
   3.2720993433733908e-01
   3.1473396157198708e-01
   3.0268769021046588e-01
   2.9106236730418494e-01
   2.7984869138759433e-01
   2.6903692574610111e-01
   2.5861699908019681e-01
   2.4857859457924741e-01
   2.3891122838902537e-01
   2.2960431841682724e-01
   2.2064724437020630e-01
   2.1202939987264915e-01
   2.0374023744407385e-01
   1.9576930707752632e-01
   1.8810628908720398e-01
   1.8074102184793461e-01
   1.7366352499320711e-01
   1.6686401858829911e-01
   1.6033293874731622e-01
   1.5406095011824250e-01
   1.4803895561849892e-01
   1.4225810376502443e-01
   1.3670979390747712e-01
   1.3138567964070766e-01
   1.2627767064304565e-01
   1.2137793316001699e-01
   1.1667888932870467e-01
   1.1217321551590886e-01
   1.0785383982337948e-01
   1.0371393889551490e-01
   9.9746934148878211e-02
   9.5946487528518587e-02
   9.2306496883249489e-02
   8.8821091040585554e-02
   8.5484624651845559e-02
   8.2291672868866544e-02
   7.9237025905732367e-02
   7.6315683531794659e-02
   7.3522849535962012e-02
   7.0853926196667041e-02
   6.8304508787014703e-02
   6.5870380140295684e-02
   6.3547505297254933e-02
   6.1332026253178226e-02
   5.9220256819947630e-02
   5.7208677615674178e-02
   5.5293931192301311e-02
   5.3472817309647702e-02
   5.1742288362690847e-02
   5.0099444967453298e-02
   4.8541531709614671e-02
   4.7065933058912025e-02
   4.5670169451487184e-02
   4.4351893541574108e-02
   4.3108886623275375e-02
   4.1939055222640312e-02
   4.0840427859814794e-02
   3.9811151980672831e-02
   3.8849491057053237e-02
   3.7953821854500754e-02
   3.7122631866243434e-02
   5.6827323581399125e-01
   5.4920251847236501e-01
   5.3050142811518575e-01
   5.1219398515523751e-01
   4.9430001845700455e-01
   4.7683550647584066e-01
   4.5981291385391515e-01
   4.4324151899003006e-01
   4.2712772911980812e-01
   4.1147538033808584e-01
   3.9628602076728842e-01
   3.8155917572915848e-01
   3.6729259432050748e-01
   3.5348247723652937e-01
   3.4012368603848625e-01
   3.2720993433733908e-01
   3.1473396157198708e-01
   3.0268769021046588e-01
   2.9106236730418500e-01
   2.7984869138759433e-01
   2.6903692574610105e-01
   2.5861699908019681e-01
   2.4857859457924744e-01
   2.3891122838902540e-01
   2.2960431841682727e-01
   2.2064724437020633e-01
   2.1202939987264915e-01
   2.0374023744407388e-01
   1.9576930707752635e-01
   1.8810628908720398e-01
   1.8074102184793464e-01
   1.7366352499320714e-01
   1.6686401858829911e-01
   1.6033293874731622e-01
   1.5406095011824250e-01
   1.4803895561849895e-01
   1.4225810376502443e-01
   1.3670979390747712e-01
   1.3138567964070766e-01
   1.2627767064304565e-01
   1.2137793316001698e-01
   1.1667888932870468e-01
   1.1217321551590886e-01
   1.0785383982337948e-01
   1.0371393889551492e-01
   9.9746934148878211e-02
   9.5946487528518587e-02
   9.2306496883249489e-02
   8.8821091040585554e-02
   8.5484624651845559e-02
   8.2291672868866544e-02
   7.9237025905732381e-02
   7.6315683531794673e-02
   7.3522849535962012e-02
   7.0853926196667041e-02
   6.8304508787014717e-02
   6.5870380140295684e-02
   6.3547505297254933e-02
   6.1332026253178226e-02
   5.9220256819947630e-02
   5.7208677615674185e-02
   5.5293931192301318e-02
   5.3472817309647709e-02
   5.1742288362690854e-02
   5.0099444967453298e-02
   4.8541531709614678e-02
   4.7065933058912032e-02
   4.5670169451487184e-02
   4.4351893541574115e-02
   4.3108886623275375e-02
   4.1939055222640319e-02
   4.0840427859814801e-02
   3.9811151980672838e-02
   3.8849491057053244e-02
   3.7953821854500754e-02
   3.7122631866243441e-02
   5.6827323581399136e-01
   5.4920251847236512e-01
   5.3050142811518586e-01
   5.1219398515523751e-01
   4.9430001845700461e-01
   4.7683550647584078e-01
   4.5981291385391521e-01
   4.4324151899003017e-01
   4.2712772911980817e-01
   4.1147538033808589e-01
   3.9628602076728853e-01
   3.8155917572915854e-01
   3.6729259432050754e-01
   3.5348247723652942e-01
   3.4012368603848631e-01
   3.2720993433733914e-01
   3.1473396157198713e-01
   3.0268769021046593e-01
   2.9106236730418505e-01
   2.7984869138759438e-01
   2.6903692574610116e-01
   2.5861699908019686e-01
   2.4857859457924750e-01
   2.3891122838902545e-01
   2.2960431841682732e-01
   2.2064724437020639e-01
   2.1202939987264918e-01
   2.0374023744407391e-01
   1.9576930707752638e-01
   1.8810628908720400e-01
   1.8074102184793467e-01
   1.7366352499320717e-01
   1.6686401858829913e-01
   1.6033293874731624e-01
   1.5406095011824253e-01
   1.4803895561849895e-01
   1.4225810376502446e-01
   1.3670979390747715e-01
   1.3138567964070769e-01
   1.2627767064304568e-01
   1.2137793316001702e-01
   1.1667888932870468e-01
   1.1217321551590888e-01
   1.0785383982337950e-01
   1.0371393889551493e-01
   9.9746934148878239e-02
   9.5946487528518601e-02
   9.2306496883249503e-02
   8.8821091040585567e-02
   8.5484624651845573e-02
   8.2291672868866558e-02
   7.9237025905732381e-02
   7.6315683531794673e-02
   7.3522849535962026e-02
   7.0853926196667041e-02
   6.8304508787014717e-02
   6.5870380140295698e-02
   6.3547505297254933e-02
   6.1332026253178233e-02
   5.9220256819947636e-02
   5.7208677615674178e-02
   5.5293931192301318e-02
   5.3472817309647702e-02
   5.1742288362690847e-02
   5.0099444967453298e-02
   4.8541531709614671e-02
   4.7065933058912025e-02
   4.5670169451487184e-02
   4.4351893541574101e-02
   4.3108886623275368e-02
   4.1939055222640305e-02
   4.0840427859814787e-02
   3.9811151980672824e-02
   3.8849491057053223e-02
   3.7953821854500740e-02
   3.7122631866243427e-02
   3.6157890252949763e-02
   3.5058951288857006e-02
   3.4020553759669191e-02
   3.3040912985501894e-02
   3.2118344569918959e-02
   3.1251261642470510e-02
   3.0438172251449649e-02
   2.9677676904490462e-02
   2.8968466254633039e-02
   2.8309318929509091e-02
   2.7699099501351011e-02
   2.7136756595595245e-02
   2.6621321135934486e-02
   2.6151904723770710e-02
   2.5727698150130283e-02
   2.5347970038221552e-02
   2.5012065614943089e-02
   2.4719405609785642e-02
   2.4469485279712027e-02
   2.4261873558745248e-02
   2.4096212331145724e-02
   2.3972215827212349e-02
   2.3889670140899044e-02
   2.3848432868597457e-02
   2.3848432868597457e-02
   2.3889670140899048e-02
   2.3972215827212352e-02
   2.4096212331145728e-02
   2.4261873558745255e-02
   2.4469485279712034e-02
   2.4719405609785652e-02
   2.5012065614943100e-02
   2.5347970038221566e-02
   2.5727698150130297e-02
   2.6151904723770728e-02
   2.6621321135934503e-02
   2.7136756595595262e-02
   2.7699099501351028e-02
   2.8309318929509109e-02
   2.8968466254633056e-02
   2.9677676904490476e-02
   3.0438172251449666e-02
   3.1251261642470524e-02
   3.2118344569918973e-02
   3.3040912985501901e-02
   3.4020553759669191e-02
   3.5058951288857020e-02
   3.6157890252949770e-02
