   5.9157251245714781e-01
   6.1448311228798658e-01
   6.3737833600799154e-01
   6.6019417906974420e-01
   6.8285993469659068e-01
   7.0529827242380749e-01
   7.2742543956975281e-01
   7.4915160118719482e-01
   7.7038133228491357e-01
   7.9101427336276231e-01
   8.1094595649513668e-01
   8.3006880430946917e-01
   8.4827329829181841e-01
   8.6544930605169368e-01
   8.8148754972999088e-01
   8.9628118997215833e-01
   9.0972749223753147e-01
   9.2172953516839451e-01
   9.3219791482906322e-01
   9.4105239437095067e-01
   9.4822344655378388e-01
   9.5365363691819249e-01
   9.5729879846812971e-01
   9.5912895449853919e-01
   9.5912895449853919e-01
   9.5729879846812949e-01
   9.5365363691819227e-01
   9.4822344655378354e-01
   9.4105239437095023e-01
   9.3219791482906267e-01
   9.2172953516839384e-01
   9.0972749223753069e-01
   8.9628118997215755e-01
   8.8148754972999011e-01
   8.6544930605169290e-01
   8.4827329829181763e-01
   8.3006880430946839e-01
   8.1094595649513601e-01
   7.9101427336276164e-01
   7.7038133228491301e-01
   7.4915160118719437e-01
   7.2742543956975236e-01
   7.0529827242380716e-01
   6.8285993469659045e-01
   6.6019417906974398e-01
   6.3737833600799143e-01
   6.1448311228798647e-01
   5.9157251245714770e-01
   5.7257566654389191e-01
   5.5753386060044796e-01
   5.4260549687329618e-01
   5.2781799202893187e-01
   5.1319605932088086e-01
   4.9876180803428366e-01
   4.8453485671605451e-01
   4.7053245678655425e-01
   4.5676962347832095e-01
   4.4325927140320770e-01
   4.3001235240050983e-01
   4.1703799365696198e-01
   4.0434363440867566e-01
   3.9193515983090194e-01
   3.7981703099129221e-01
   3.6799240998478133e-01
   3.5646327958309731e-01
   3.4523055691979176e-01
   3.3429420089378975e-01
   3.2365331311240514e-01
   3.1330623231047028e-01
   3.0325062227774119e-01
   2.9348355340418014e-01
   2.8400157801418285e-01
   2.7480079970831700e-01
   2.6587693696658588e-01
   2.5722538129237987e-01
   2.4884125019274100e-01
   2.4071943529978926e-01
   2.3285464594143002e-01
   2.2524144846791241e-01
   2.1787430163542715e-01
   2.1074758833956381e-01
   2.0385564398082387e-01
   1.9719278173211446e-01
   1.9075331496474393e-01
   1.8453157707532880e-01
   1.7852193894154836e-01
   1.7271882422012730e-01
   1.6711672268601416e-01
   1.6171020179762191e-01
   1.5649391665934467e-01
   1.5146261853945325e-01
   1.4661116208897371e-01
   1.4193451139531174e-01
   1.3742774499322430e-01
   1.3308605994527389e-01
   1.2890477509412102e-01
   1.2487933357991231e-01
   1.2100530470758059e-01
   1.1727838524106809e-01
   1.1369440019428546e-01
   1.1024930318199620e-01
   1.0693917638773795e-01
   1.0376023020032393e-01
   1.0070880256537727e-01
   9.7781358093706527e-02
   9.4974486964098881e-02
   9.2284903654259079e-02
   8.9709445530127038e-02
   8.7245071320637121e-02
   8.4888859502112723e-02
   8.2638006613893533e-02
   8.0489825524448624e-02
   7.8441743665114749e-02
   7.6491301246693483e-02
   7.4636149472427832e-02
   7.2874048759339005e-02
   7.1202866978522128e-02
   6.9620577723761401e-02
   6.8125258616717088e-02
   6.6715089655945969e-02
   6.5388351616133114e-02
   6.4143424503124685e-02
   6.2978786069650947e-02
   6.1893010396005407e-02
   5.7257566654389191e-01
   5.5753386060044796e-01
   5.4260549687329618e-01
   5.2781799202893187e-01
   5.1319605932088075e-01
   4.9876180803428360e-01
   4.8453485671605445e-01
   4.7053245678655425e-01
   4.5676962347832095e-01
   4.4325927140320764e-01
   4.3001235240050983e-01
   4.1703799365696198e-01
   4.0434363440867560e-01
   3.9193515983090194e-01
   3.7981703099129221e-01
   3.6799240998478133e-01
   3.5646327958309726e-01
   3.4523055691979176e-01
   3.3429420089378969e-01
   3.2365331311240508e-01
   3.1330623231047028e-01
   3.0325062227774119e-01
   2.9348355340418009e-01
   2.8400157801418285e-01
   2.7480079970831695e-01
   2.6587693696658588e-01
   2.5722538129237987e-01
   2.4884125019274098e-01
   2.4071943529978926e-01
   2.3285464594143002e-01
   2.2524144846791241e-01
   2.1787430163542715e-01
   2.1074758833956378e-01
   2.0385564398082387e-01
   1.9719278173211444e-01
   1.9075331496474390e-01
   1.8453157707532877e-01
   1.7852193894154833e-01
   1.7271882422012730e-01
   1.6711672268601416e-01
   1.6171020179762191e-01
   1.5649391665934467e-01
   1.5146261853945323e-01
   1.4661116208897371e-01
   1.4193451139531174e-01
   1.3742774499322430e-01
   1.3308605994527389e-01
   1.2890477509412102e-01
   1.2487933357991231e-01
   1.2100530470758057e-01
   1.1727838524106809e-01
   1.1369440019428548e-01
   1.1024930318199619e-01
   1.0693917638773795e-01
   1.0376023020032392e-01
   1.0070880256537727e-01
   9.7781358093706527e-02
   9.4974486964098867e-02
   9.2284903654259079e-02
   8.9709445530127038e-02
   8.7245071320637121e-02
   8.4888859502112723e-02
   8.2638006613893533e-02
   8.0489825524448624e-02
   7.8441743665114749e-02
   7.6491301246693483e-02
   7.4636149472427832e-02
   7.2874048759339019e-02
   7.1202866978522142e-02
   6.9620577723761415e-02
   6.8125258616717102e-02
   6.6715089655945983e-02
   6.5388351616133114e-02
   6.4143424503124685e-02
   6.2978786069650960e-02
   6.1893010396005414e-02
   5.7257566654389203e-01
   5.5753386060044796e-01
   5.4260549687329629e-01
   5.2781799202893187e-01
   5.1319605932088086e-01
   4.9876180803428366e-01
   4.8453485671605456e-01
   4.7053245678655431e-01
   4.5676962347832101e-01
   4.4325927140320770e-01
   4.3001235240050989e-01
   4.1703799365696204e-01
   4.0434363440867566e-01
   3.9193515983090199e-01
   3.7981703099129227e-01
   3.6799240998478139e-01
   3.5646327958309731e-01
   3.4523055691979182e-01
   3.3429420089378975e-01
   3.2365331311240514e-01
   3.1330623231047033e-01
   3.0325062227774124e-01
   2.9348355340418014e-01
   2.8400157801418285e-01
   2.7480079970831695e-01
   2.6587693696658588e-01
   2.5722538129237987e-01
   2.4884125019274100e-01
   2.4071943529978929e-01
   2.3285464594143004e-01
   2.2524144846791244e-01
   2.1787430163542718e-01
   2.1074758833956381e-01
   2.0385564398082390e-01
   1.9719278173211446e-01
   1.9075331496474393e-01
   1.8453157707532880e-01
   1.7852193894154836e-01
   1.7271882422012733e-01
   1.6711672268601419e-01
   1.6171020179762194e-01
   1.5649391665934470e-01
   1.5146261853945325e-01
   1.4661116208897373e-01
   1.4193451139531174e-01
   1.3742774499322433e-01
   1.3308605994527392e-01
   1.2890477509412102e-01
   1.2487933357991232e-01
   1.2100530470758057e-01
   1.1727838524106811e-01
   1.1369440019428548e-01
   1.1024930318199620e-01
   1.0693917638773795e-01
   1.0376023020032393e-01
   1.0070880256537729e-01
   9.7781358093706527e-02
   9.4974486964098881e-02
   9.2284903654259079e-02
   8.9709445530127038e-02
   8.7245071320637121e-02
   8.4888859502112723e-02
   8.2638006613893533e-02
   8.0489825524448624e-02
   7.8441743665114749e-02
   7.6491301246693483e-02
   7.4636149472427832e-02
   7.2874048759339005e-02
   7.1202866978522128e-02
   6.9620577723761401e-02
   6.8125258616717088e-02
   6.6715089655945969e-02
   6.5388351616133114e-02
   6.4143424503124671e-02
   6.2978786069650947e-02
   6.1893010396005407e-02
   6.0626670247996214e-02
   5.9179429100510758e-02
   5.7807576116792818e-02
   5.6509395918638135e-02
   5.5283263160912241e-02
   5.4127640880484017e-02
   5.3041078913738160e-02
   5.2022212385019841e-02
   5.1069760268004000e-02
   5.0182524021666376e-02
   4.9359386302259563e-02
   4.8599309752459414e-02
   4.7901335868643133e-02
   4.7264583947084320e-02
   4.6688250109701290e-02
   4.6171606409868240e-02
   4.5714000018692816e-02
   4.5314852492075536e-02
   4.4973659118793974e-02
   4.4689988349795602e-02
   4.4463481308836192e-02
   4.4293851384563342e-02
   4.4180883904115842e-02
   4.4124435888287558e-02
   4.4124435888287558e-02
   4.4180883904115842e-02
   4.4293851384563342e-02
   4.4463481308836192e-02
   4.4689988349795602e-02
   4.4973659118793981e-02
   4.5314852492075543e-02
   4.5714000018692816e-02
   4.6171606409868247e-02
   4.6688250109701297e-02
   4.7264583947084327e-02
   4.7901335868643140e-02
   4.8599309752459421e-02
   4.9359386302259570e-02
   5.0182524021666376e-02
   5.1069760268004000e-02
   5.2022212385019855e-02
   5.3041078913738167e-02
   5.4127640880484024e-02
   5.5283263160912255e-02
   5.6509395918638156e-02
   5.7807576116792832e-02
   5.9179429100510765e-02
   6.0626670247996221e-02
