   5.6800721919301855e-01
   6.0826651801094167e-01
   6.4945158209903031e-01
   6.9150828473602000e-01
   7.3435765923352803e-01
   7.7789303402594090e-01
   8.2197725241971820e-01
   8.6644012206260768e-01
   9.1107627347494413e-01
   9.5564363998864910e-01
   9.9986279929074395e-01
   1.0434174344611626e+00
   1.0859561740110795e+00
   1.1270960496512188e+00
   1.1664277614980931e+00
   1.2035228589795528e+00
   1.2379428307647395e+00
   1.2692499521190894e+00
   1.2970195723391382e+00
   1.3208533534982263e+00
   1.3403928148719297e+00
   1.3553324181457613e+00
   1.3654313690615036e+00
   1.3705233285777669e+00
   1.3705233285777669e+00
   1.3654313690615034e+00
   1.3553324181457611e+00
   1.3403928148719295e+00
   1.3208533534982259e+00
   1.2970195723391378e+00
   1.2692499521190890e+00
   1.2379428307647389e+00
   1.2035228589795521e+00
   1.1664277614980925e+00
   1.1270960496512181e+00
   1.0859561740110788e+00
   1.0434174344611620e+00
   9.9986279929074318e-01
   9.5564363998864821e-01
   9.1107627347494335e-01
   8.6644012206260690e-01
   8.2197725241971753e-01
   7.7789303402594034e-01
   7.3435765923352758e-01
   6.9150828473601966e-01
   6.4945158209903009e-01
   6.0826651801094156e-01
   5.6800721919301855e-01
   5.3535977559492753e-01
   5.1032079446695677e-01
   4.8623733046713652e-01
   4.6310417166066853e-01
   4.4091086317107597e-01
   4.1964259551680733e-01
   3.9928099514816334e-01
   3.7980482228401341e-01
   3.6119058225991291e-01
   3.4341305723148080e-01
   3.2644576534094299e-01
   3.1026135444458908e-01
   2.9483193729175450e-01
   2.8012937470387089e-01
   2.6612551287392627e-01
   2.5279238042986280e-01
   2.4010235040817926e-01
   2.2802827178686733e-01
   2.1654357474426891e-01
   2.0562235335224158e-01
   1.9523942898423086e-01
   1.8537039732480035e-01
   1.7599166150816326e-01
   1.6708045358914064e-01
   1.5861484625958741e-01
   1.5057375646487076e-01
   1.4293694234624352e-01
   1.3568499473351539e-01
   1.2879932423580256e-01
   1.2226214482387961e-01
   1.1605645466341093e-01
   1.1016601484187891e-01
   1.0457532653130236e-01
   9.9269607041962499e-02
   9.4234765147623620e-02
   8.9457375998614766e-02
   8.4924655884259306e-02
   8.0624437059286694e-02
   7.6545142808959410e-02
   7.2675762893757406e-02
   6.9005829485752318e-02
   6.5525393684554636e-02
   6.2225002680298368e-02
   5.9095677613993883e-02
   5.6128892171257945e-02
   5.3316551933509176e-02
   5.0650974500846595e-02
   4.8124870392701323e-02
   4.5731324725706991e-02
   4.3463779662846994e-02
   4.1316017623613359e-02
   3.9282145241487786e-02
   3.7356578052388234e-02
   3.5534025895694363e-02
   3.3809479007967734e-02
   3.2178194788431543e-02
   3.0635685214593828e-02
   2.9177704886024742e-02
   2.7800239674178415e-02
   2.6499495956237708e-02
   2.5271890411217010e-02
   2.4114040356951850e-02
   2.3022754607106771e-02
   2.1995024827922247e-02
   2.1028017375077333e-02
   2.0119065591752128e-02
   1.9265662549718902e-02
   1.8465454216062421e-02
   1.7716233028919122e-02
   1.7015931866424513e-02
   1.6362618393861827e-02
   1.5754489774808460e-02
   1.5189867732875888e-02
   1.4667193951430785e-02
   1.4185025799467850e-02
   1.3742032372576683e-02
   5.3535977559492764e-01
   5.1032079446695688e-01
   4.8623733046713663e-01
   4.6310417166066858e-01
   4.4091086317107608e-01
   4.1964259551680744e-01
   3.9928099514816345e-01
   3.7980482228401347e-01
   3.6119058225991296e-01
   3.4341305723148091e-01
   3.2644576534094305e-01
   3.1026135444458913e-01
   2.9483193729175461e-01
   2.8012937470387095e-01
   2.6612551287392633e-01
   2.5279238042986285e-01
   2.4010235040817932e-01
   2.2802827178686738e-01
   2.1654357474426894e-01
   2.0562235335224160e-01
   1.9523942898423091e-01
   1.8537039732480037e-01
   1.7599166150816328e-01
   1.6708045358914067e-01
   1.5861484625958747e-01
   1.5057375646487081e-01
   1.4293694234624355e-01
   1.3568499473351542e-01
   1.2879932423580259e-01
   1.2226214482387963e-01
   1.1605645466341095e-01
   1.1016601484187893e-01
   1.0457532653130237e-01
   9.9269607041962526e-02
   9.4234765147623648e-02
   8.9457375998614780e-02
   8.4924655884259320e-02
   8.0624437059286708e-02
   7.6545142808959424e-02
   7.2675762893757420e-02
   6.9005829485752332e-02
   6.5525393684554650e-02
   6.2225002680298382e-02
   5.9095677613993904e-02
   5.6128892171257959e-02
   5.3316551933509183e-02
   5.0650974500846602e-02
   4.8124870392701337e-02
   4.5731324725707005e-02
   4.3463779662847001e-02
   4.1316017623613366e-02
   3.9282145241487793e-02
   3.7356578052388241e-02
   3.5534025895694370e-02
   3.3809479007967741e-02
   3.2178194788431543e-02
   3.0635685214593832e-02
   2.9177704886024742e-02
   2.7800239674178419e-02
   2.6499495956237712e-02
   2.5271890411217014e-02
   2.4114040356951853e-02
   2.3022754607106774e-02
   2.1995024827922250e-02
   2.1028017375077333e-02
   2.0119065591752128e-02
   1.9265662549718905e-02
   1.8465454216062417e-02
   1.7716233028919118e-02
   1.7015931866424513e-02
   1.6362618393861827e-02
   1.5754489774808460e-02
   1.5189867732875884e-02
   1.4667193951430783e-02
   1.4185025799467848e-02
   1.3742032372576683e-02
   5.3535977559492753e-01
   5.1032079446695688e-01
   4.8623733046713657e-01
   4.6310417166066858e-01
   4.4091086317107608e-01
   4.1964259551680738e-01
   3.9928099514816340e-01
   3.7980482228401347e-01
   3.6119058225991291e-01
   3.4341305723148086e-01
   3.2644576534094305e-01
   3.1026135444458913e-01
   2.9483193729175455e-01
   2.8012937470387089e-01
   2.6612551287392627e-01
   2.5279238042986285e-01
   2.4010235040817932e-01
   2.2802827178686738e-01
   2.1654357474426894e-01
   2.0562235335224160e-01
   1.9523942898423088e-01
   1.8537039732480037e-01
   1.7599166150816328e-01
   1.6708045358914067e-01
   1.5861484625958744e-01
   1.5057375646487078e-01
   1.4293694234624352e-01
   1.3568499473351542e-01
   1.2879932423580256e-01
   1.2226214482387962e-01
   1.1605645466341095e-01
   1.1016601484187893e-01
   1.0457532653130237e-01
   9.9269607041962513e-02
   9.4234765147623634e-02
   8.9457375998614766e-02
   8.4924655884259320e-02
   8.0624437059286708e-02
   7.6545142808959424e-02
   7.2675762893757420e-02
   6.9005829485752318e-02
   6.5525393684554650e-02
   6.2225002680298375e-02
   5.9095677613993897e-02
   5.6128892171257952e-02
   5.3316551933509183e-02
   5.0650974500846602e-02
   4.8124870392701330e-02
   4.5731324725706998e-02
   4.3463779662847001e-02
   4.1316017623613366e-02
   3.9282145241487786e-02
   3.7356578052388234e-02
   3.5534025895694370e-02
   3.3809479007967734e-02
   3.2178194788431543e-02
   3.0635685214593832e-02
   2.9177704886024742e-02
   2.7800239674178415e-02
   2.6499495956237712e-02
   2.5271890411217014e-02
   2.4114040356951853e-02
   2.3022754607106774e-02
   2.1995024827922250e-02
   2.1028017375077333e-02
   2.0119065591752128e-02
   1.9265662549718905e-02
   1.8465454216062417e-02
   1.7716233028919118e-02
   1.7015931866424513e-02
   1.6362618393861827e-02
   1.5754489774808460e-02
   1.5189867732875888e-02
   1.4667193951430787e-02
   1.4185025799467850e-02
   1.3742032372576683e-02
   1.3233305884843163e-02
   1.2658027710021259e-02
   1.2118269199521364e-02
   1.1612516300857698e-02
   1.1139350282356981e-02
   1.0697443768570760e-02
   1.0285557029559581e-02
   9.9025345140039411e-03
   9.5473016167270108e-03
   9.2188616718253402e-03
   8.9162931631973832e-03
   8.6387471448357775e-03
   8.3854448638091550e-03
   8.1556755794031828e-03
   7.9487945724199503e-03
   7.7642213391502088e-03
   7.6014379650356286e-03
   7.4599876735291608e-03
   7.3394735461415018e-03
   7.2395574101321468e-03
   7.1599588907650894e-03
   7.1004546255033791e-03
   7.0608776379643022e-03
   7.0411168698991172e-03
   7.0411168698991172e-03
   7.0608776379643013e-03
   7.1004546255033800e-03
   7.1599588907650903e-03
   7.2395574101321468e-03
   7.3394735461415036e-03
   7.4599876735291625e-03
   7.6014379650356295e-03
   7.7642213391502088e-03
   7.9487945724199521e-03
   8.1556755794031811e-03
   8.3854448638091567e-03
   8.6387471448357792e-03
   8.9162931631973849e-03
   9.2188616718253420e-03
   9.5473016167270126e-03
   9.9025345140039429e-03
   1.0285557029559583e-02
   1.0697443768570762e-02
   1.1139350282356983e-02
   1.1612516300857700e-02
   1.2118269199521366e-02
   1.2658027710021261e-02
   1.3233305884843167e-02
