   5.8969298301256212e-01
   6.1131441943112852e-01
   6.3288499170041257e-01
   6.5434392787514351e-01
   6.7562468353831262e-01
   6.9665506792389065e-01
   7.1735747804078587e-01
   7.3764925244670698e-01
   7.5744315455073208e-01
   7.7664799277895280e-01
   7.9516938158388029e-01
   8.1291064312640493e-01
   8.2977384457665393e-01
   8.4566096049993578e-01
   8.6047514391829782e-01
   8.7412208363714017e-01
   8.8651141962888180e-01
   8.9755818304320389e-01
   9.0718422315484215e-01
   9.1531958064085062e-01
   9.2190376532670848e-01
   9.2688689719759476e-01
   9.3023067216480626e-01
   9.3190911879565508e-01
   9.3190911879565519e-01
   9.3023067216480659e-01
   9.2688689719759487e-01
   9.2190376532670903e-01
   9.1531958064085117e-01
   9.0718422315484282e-01
   8.9755818304320467e-01
   8.8651141962888269e-01
   8.7412208363714095e-01
   8.6047514391829871e-01
   8.4566096049993655e-01
   8.2977384457665471e-01
   8.1291064312640560e-01
   7.9516938158388106e-01
   7.7664799277895336e-01
   7.5744315455073286e-01
   7.3764925244670754e-01
   7.1735747804078642e-01
   6.9665506792389109e-01
   6.7562468353831318e-01
   6.5434392787514384e-01
   6.3288499170041290e-01
   6.1131441943112874e-01
   5.8969298301256234e-01
   5.7173559587206979e-01
   5.5748282079555922e-01
   5.4330426225960460e-01
   5.2922701154702056e-01
   5.1527575062589959e-01
   5.0147281871795613e-01
   4.8783829356061825e-01
   4.7439008437597913e-01
   4.6114403380916491e-01
   4.4811402636471048e-01
   4.3531210114210467e-01
   4.2274856694259016e-01
   4.1043211808208940e-01
   3.9836994949490268e-01
   3.8656786994608150e-01
   3.7503041238483420e-01
   3.6376094066569314e-01
   3.5276175203799892e-01
   3.4203417495772959e-01
   3.3157866190950658e-01
   3.2139487704178116e-01
   3.1148177851604519e-01
   3.0183769555284601e-01
   2.9246040022494091e-01
   2.8334717410262433e-01
   2.7449486989960414e-01
   2.6589996830121865e-01
   2.5755863018162395e-01
   2.4946674443408809e-01
   2.4161997164982513e-01
   2.3401378388692812e-01
   2.2664350077280437e-01
   2.1950432218189561e-01
   2.1259135772606841e-01
   2.0589965328849627e-01
   1.9942421482363890e-01
   1.9316002963649934e-01
   1.8710208534407061e-01
   1.8124538671108045e-01
   1.7558497054106045e-01
   1.7011591879260304e-01
   1.6483337007959969e-01
   1.5973252970339838e-01
   1.5480867835428128e-01
   1.5005717960951928e-01
   1.4547348634556015e-01
   1.4105314617268930e-01
   1.3679180599178845e-01
   1.3268521576461731e-01
   1.2872923158135857e-01
   1.2491981810199064e-01
   1.2125305044137413e-01
   1.1772511556173959e-01
   1.1433231323052871e-01
   1.1107105659624512e-01
   1.0793787243009199e-01
   1.0492940107668992e-01
   1.0204239615305322e-01
   9.9273724031234051e-02
   9.6620363136598331e-02
   9.4079403090550753e-02
   9.1648043723659103e-02
   8.9323593982517019e-02
   8.7103470751311335e-02
   8.4985197606905441e-02
   8.2966403524296184e-02
   8.1044821547532744e-02
   7.9218287439584339e-02
   7.7484738323198507e-02
   7.5842211323485051e-02
   7.4288842221784876e-02
   7.2822864129322804e-02
   7.1442606188190053e-02
   7.0146492306345773e-02
   6.8933039932557824e-02
   6.7800858876513728e-02
   5.7173559587206990e-01
   5.5748282079555922e-01
   5.4330426225960471e-01
   5.2922701154702068e-01
   5.1527575062589959e-01
   5.0147281871795601e-01
   4.8783829356061825e-01
   4.7439008437597918e-01
   4.6114403380916502e-01
   4.4811402636471054e-01
   4.3531210114210472e-01
   4.2274856694259022e-01
   4.1043211808208946e-01
   3.9836994949490273e-01
   3.8656786994608155e-01
   3.7503041238483431e-01
   3.6376094066569326e-01
   3.5276175203799898e-01
   3.4203417495772964e-01
   3.3157866190950663e-01
   3.2139487704178116e-01
   3.1148177851604525e-01
   3.0183769555284606e-01
   2.9246040022494096e-01
   2.8334717410262433e-01
   2.7449486989960420e-01
   2.6589996830121870e-01
   2.5755863018162400e-01
   2.4946674443408812e-01
   2.4161997164982518e-01
   2.3401378388692815e-01
   2.2664350077280437e-01
   2.1950432218189558e-01
   2.1259135772606844e-01
   2.0589965328849630e-01
   1.9942421482363892e-01
   1.9316002963649939e-01
   1.8710208534407063e-01
   1.8124538671108048e-01
   1.7558497054106048e-01
   1.7011591879260304e-01
   1.6483337007959969e-01
   1.5973252970339841e-01
   1.5480867835428130e-01
   1.5005717960951931e-01
   1.4547348634556018e-01
   1.4105314617268933e-01
   1.3679180599178845e-01
   1.3268521576461734e-01
   1.2872923158135857e-01
   1.2491981810199067e-01
   1.2125305044137415e-01
   1.1772511556173960e-01
   1.1433231323052874e-01
   1.1107105659624515e-01
   1.0793787243009201e-01
   1.0492940107668994e-01
   1.0204239615305322e-01
   9.9273724031234065e-02
   9.6620363136598331e-02
   9.4079403090550753e-02
   9.1648043723659103e-02
   8.9323593982517033e-02
   8.7103470751311349e-02
   8.4985197606905441e-02
   8.2966403524296198e-02
   8.1044821547532744e-02
   7.9218287439584339e-02
   7.7484738323198507e-02
   7.5842211323485037e-02
   7.4288842221784862e-02
   7.2822864129322804e-02
   7.1442606188190066e-02
   7.0146492306345787e-02
   6.8933039932557824e-02
   6.7800858876513728e-02
   5.7173559587206990e-01
   5.5748282079555922e-01
   5.4330426225960471e-01
   5.2922701154702056e-01
   5.1527575062589959e-01
   5.0147281871795601e-01
   4.8783829356061831e-01
   4.7439008437597913e-01
   4.6114403380916502e-01
   4.4811402636471054e-01
   4.3531210114210472e-01
   4.2274856694259022e-01
   4.1043211808208940e-01
   3.9836994949490268e-01
   3.8656786994608150e-01
   3.7503041238483426e-01
   3.6376094066569320e-01
   3.5276175203799898e-01
   3.4203417495772964e-01
   3.3157866190950663e-01
   3.2139487704178116e-01
   3.1148177851604525e-01
   3.0183769555284606e-01
   2.9246040022494096e-01
   2.8334717410262433e-01
   2.7449486989960420e-01
   2.6589996830121865e-01
   2.5755863018162395e-01
   2.4946674443408812e-01
   2.4161997164982515e-01
   2.3401378388692815e-01
   2.2664350077280437e-01
   2.1950432218189561e-01
   2.1259135772606844e-01
   2.0589965328849630e-01
   1.9942421482363890e-01
   1.9316002963649936e-01
   1.8710208534407061e-01
   1.8124538671108045e-01
   1.7558497054106048e-01
   1.7011591879260304e-01
   1.6483337007959969e-01
   1.5973252970339838e-01
   1.5480867835428128e-01
   1.5005717960951928e-01
   1.4547348634556015e-01
   1.4105314617268930e-01
   1.3679180599178845e-01
   1.3268521576461731e-01
   1.2872923158135857e-01
   1.2491981810199065e-01
   1.2125305044137415e-01
   1.1772511556173960e-01
   1.1433231323052873e-01
   1.1107105659624512e-01
   1.0793787243009199e-01
   1.0492940107668992e-01
   1.0204239615305322e-01
   9.9273724031234051e-02
   9.6620363136598331e-02
   9.4079403090550753e-02
   9.1648043723659103e-02
   8.9323593982517019e-02
   8.7103470751311335e-02
   8.4985197606905427e-02
   8.2966403524296184e-02
   8.1044821547532730e-02
   7.9218287439584339e-02
   7.7484738323198493e-02
   7.5842211323485037e-02
   7.4288842221784862e-02
   7.2822864129322790e-02
   7.1442606188190053e-02
   7.0146492306345773e-02
   6.8933039932557810e-02
   6.7800858876513714e-02
   6.6479299504374062e-02
   6.4968100655885194e-02
   6.3534845831387840e-02
   6.2177856146357582e-02
   6.0895539544770130e-02
   5.9686389386105577e-02
   5.8548983084048496e-02
   5.7481980800122408e-02
   5.6484124195074183e-02
   5.5554235240448557e-02
   5.4691215092462005e-02
   5.3894043029992886e-02
   5.3161775458247781e-02
   5.2493544979438339e-02
   5.1888559531605406e-02
   5.1346101596554852e-02
   5.0865527477718817e-02
   5.0446266648625684e-02
   5.0087821172548237e-02
   4.9789765193800850e-02
   4.9551744501071047e-02
   4.9373476163095863e-02
   4.9254748236928193e-02
   4.9195419548980393e-02
   4.9195419548980393e-02
   4.9254748236928193e-02
   4.9373476163095863e-02
   4.9551744501071047e-02
   4.9789765193800843e-02
   5.0087821172548223e-02
   5.0446266648625677e-02
   5.0865527477718803e-02
   5.1346101596554838e-02
   5.1888559531605385e-02
   5.2493544979438318e-02
   5.3161775458247768e-02
   5.3894043029992872e-02
   5.4691215092461984e-02
   5.5554235240448537e-02
   5.6484124195074155e-02
   5.7481980800122380e-02
   5.8548983084048475e-02
   5.9686389386105577e-02
   6.0895539544770123e-02
   6.2177856146357575e-02
   6.3534845831387840e-02
   6.4968100655885208e-02
   6.6479299504374076e-02
