   5.8426022996610705e-01
   6.0338969633682105e-01
   6.2241140081611279e-01
   6.4127155506291722e-01
   6.5991219580593463e-01
   6.7827136542370015e-01
   6.9628337304170174e-01
   7.1387914213198700e-01
   7.3098664904843802e-01
   7.4753145492786333e-01
   7.6343733094037913e-01
   7.7862697401753689e-01
   7.9302280699072059e-01
   8.0654785363724479e-01
   8.1912667559299701e-01
   8.3068635461454321e-01
   8.4115750045000914e-01
   8.5047526180947741e-01
   8.5858031581428329e-01
   8.6541981003629409e-01
   8.7094823096574281e-01
   8.7512817357304062e-01
   8.7793098859722174e-01
   8.7933728727063953e-01
   8.7933728727063953e-01
   8.7793098859722174e-01
   8.7512817357304062e-01
   8.7094823096574281e-01
   8.6541981003629398e-01
   8.5858031581428329e-01
   8.5047526180947741e-01
   8.4115750045000903e-01
   8.3068635461454310e-01
   8.1912667559299701e-01
   8.0654785363724479e-01
   7.9302280699072059e-01
   7.7862697401753689e-01
   7.6343733094037913e-01
   7.4753145492786333e-01
   7.3098664904843802e-01
   7.1387914213198700e-01
   6.9628337304170174e-01
   6.7827136542370015e-01
   6.5991219580593463e-01
   6.4127155506291722e-01
   6.2241140081611279e-01
   6.0338969633682105e-01
   5.8426022996610705e-01
   5.6832110511241674e-01
   5.5561048548893710e-01
   5.4290734890721559e-01
   5.3023741513244194e-01
   5.1762454731172203e-01
   5.0509076751185522e-01
   4.9265628699311448e-01
   4.8033954907064608e-01
   4.6815728251129513e-01
   4.5612456353617664e-01
   4.4425488464059903e-01
   4.3256022859636167e-01
   4.2105114616121897e-01
   4.0973683618161572e-01
   3.9862522693370139e-01
   3.8772305770103793e-01
   3.7703595973296233e-01
   3.6656853586358529e-01
   3.5632443819679310e-01
   3.4630644337676120e-01
   3.3651652506616342e-01
   3.2695592334558138e-01
   3.1762521082792483e-01
   3.0852435535150829e-01
   2.9965277917544392e-01
   2.9100941465195929e-01
   2.8259275639291181e-01
   2.7440090998296401e-01
   2.6643163732039121e-01
   2.5868239868909915e-01
   2.5115039168285436e-01
   2.4383258711566888e-01
   2.3672576206135845e-01
   2.2982653017109175e-01
   2.2313136942078649e-01
   2.1663664744094896e-01
   2.1033864458041493e-01
   2.0423357485279006e-01
   1.9831760491052319e-01
   1.9258687118675161e-01
   1.8703749533956487e-01
   1.8166559812734129e-01
   1.7646731183749023e-01
   1.7143879138441692e-01
   1.6657622418593604e-01
   1.6187583892078469e-01
   1.5733391326340324e-01
   1.5294678068582060e-01
   1.4871083641034680e-01
   1.4462254259087326e-01
   1.4067843279493489e-01
   1.3687511585331430e-01
   1.3320927913887801e-01
   1.2967769133153054e-01
   1.2627720472165543e-01
   1.2300475710017887e-01
   1.1985737327943558e-01
   1.1683216628532878e-01
   1.1392633825784797e-01
   1.1113718109382588e-01
   1.0846207686287114e-01
   1.0589849802469012e-01
   1.0344400747349963e-01
   1.0109625843291802e-01
   9.8852994222593693e-02
   9.6712047915875468e-02
   9.4671341906034628e-02
   9.2728887396906365e-02
   9.0882783832312922e-02
   8.9131218277256813e-02
   8.7472464762615151e-02
   8.5904883603920665e-02
   8.4426920703769143e-02
   8.3037106846440570e-02
   8.1734056992453674e-02
   8.0516469579983943e-02
   5.6832110511241685e-01
   5.5561048548893721e-01
   5.4290734890721570e-01
   5.3023741513244205e-01
   5.1762454731172214e-01
   5.0509076751185533e-01
   4.9265628699311470e-01
   4.8033954907064619e-01
   4.6815728251129518e-01
   4.5612456353617675e-01
   4.4425488464059920e-01
   4.3256022859636178e-01
   4.2105114616121908e-01
   4.0973683618161583e-01
   3.9862522693370150e-01
   3.8772305770103799e-01
   3.7703595973296239e-01
   3.6656853586358534e-01
   3.5632443819679316e-01
   3.4630644337676125e-01
   3.3651652506616347e-01
   3.2695592334558143e-01
   3.1762521082792494e-01
   3.0852435535150841e-01
   2.9965277917544403e-01
   2.9100941465195929e-01
   2.8259275639291187e-01
   2.7440090998296413e-01
   2.6643163732039127e-01
   2.5868239868909920e-01
   2.5115039168285441e-01
   2.4383258711566894e-01
   2.3672576206135851e-01
   2.2982653017109178e-01
   2.2313136942078657e-01
   2.1663664744094902e-01
   2.1033864458041499e-01
   2.0423357485279012e-01
   1.9831760491052322e-01
   1.9258687118675166e-01
   1.8703749533956493e-01
   1.8166559812734134e-01
   1.7646731183749029e-01
   1.7143879138441698e-01
   1.6657622418593607e-01
   1.6187583892078472e-01
   1.5733391326340329e-01
   1.5294678068582063e-01
   1.4871083641034682e-01
   1.4462254259087329e-01
   1.4067843279493494e-01
   1.3687511585331433e-01
   1.3320927913887806e-01
   1.2967769133153056e-01
   1.2627720472165546e-01
   1.2300475710017889e-01
   1.1985737327943560e-01
   1.1683216628532879e-01
   1.1392633825784799e-01
   1.1113718109382589e-01
   1.0846207686287115e-01
   1.0589849802469013e-01
   1.0344400747349966e-01
   1.0109625843291803e-01
   9.8852994222593707e-02
   9.6712047915875468e-02
   9.4671341906034642e-02
   9.2728887396906365e-02
   9.0882783832312922e-02
   8.9131218277256827e-02
   8.7472464762615165e-02
   8.5904883603920665e-02
   8.4426920703769143e-02
   8.3037106846440570e-02
   8.1734056992453688e-02
   8.0516469579983929e-02
   5.6832110511241696e-01
   5.5561048548893721e-01
   5.4290734890721581e-01
   5.3023741513244216e-01
   5.1762454731172225e-01
   5.0509076751185544e-01
   4.9265628699311476e-01
   4.8033954907064624e-01
   4.6815728251129524e-01
   4.5612456353617681e-01
   4.4425488464059926e-01
   4.3256022859636184e-01
   4.2105114616121919e-01
   4.0973683618161588e-01
   3.9862522693370156e-01
   3.8772305770103810e-01
   3.7703595973296244e-01
   3.6656853586358540e-01
   3.5632443819679321e-01
   3.4630644337676131e-01
   3.3651652506616353e-01
   3.2695592334558149e-01
   3.1762521082792500e-01
   3.0852435535150846e-01
   2.9965277917544408e-01
   2.9100941465195934e-01
   2.8259275639291193e-01
   2.7440090998296418e-01
   2.6643163732039132e-01
   2.5868239868909920e-01
   2.5115039168285447e-01
   2.4383258711566896e-01
   2.3672576206135856e-01
   2.2982653017109186e-01
   2.2313136942078657e-01
   2.1663664744094904e-01
   2.1033864458041501e-01
   2.0423357485279015e-01
   1.9831760491052328e-01
   1.9258687118675169e-01
   1.8703749533956496e-01
   1.8166559812734137e-01
   1.7646731183749031e-01
   1.7143879138441701e-01
   1.6657622418593609e-01
   1.6187583892078475e-01
   1.5733391326340329e-01
   1.5294678068582065e-01
   1.4871083641034682e-01
   1.4462254259087332e-01
   1.4067843279493494e-01
   1.3687511585331436e-01
   1.3320927913887806e-01
   1.2967769133153059e-01
   1.2627720472165546e-01
   1.2300475710017890e-01
   1.1985737327943560e-01
   1.1683216628532880e-01
   1.1392633825784799e-01
   1.1113718109382592e-01
   1.0846207686287117e-01
   1.0589849802469015e-01
   1.0344400747349966e-01
   1.0109625843291803e-01
   9.8852994222593721e-02
   9.6712047915875482e-02
   9.4671341906034642e-02
   9.2728887396906365e-02
   9.0882783832312936e-02
   8.9131218277256813e-02
   8.7472464762615165e-02
   8.5904883603920665e-02
   8.4426920703769143e-02
   8.3037106846440570e-02
   8.1734056992453688e-02
   8.0516469579983929e-02
   7.9093005731590116e-02
   7.7463564731339155e-02
   7.5916601823383251e-02
   7.4450532448806797e-02
   7.3063851413748077e-02
   7.1755131962333796e-02
   7.0523024867662001e-02
   6.9366257545715695e-02
   6.8283633196560070e-02
   6.7274029976696820e-02
   6.6336400206017471e-02
   6.5469769612407455e-02
   6.4673236616701435e-02
   6.3945971660373399e-02
   6.3287216578058816e-02
   6.2696284016748108e-02
   6.2172556903257785e-02
   6.1715487961373772e-02
   6.1324599279870370e-02
   6.0999481932433652e-02
   6.0739795650358100e-02
   6.0545268548738686e-02
   6.0415696906744289e-02
   6.0350945002430663e-02
   6.0350945002430663e-02
   6.0415696906744289e-02
   6.0545268548738679e-02
   6.0739795650358093e-02
   6.0999481932433652e-02
   6.1324599279870370e-02
   6.1715487961373765e-02
   6.2172556903257792e-02
   6.2696284016748122e-02
   6.3287216578058816e-02
   6.3945971660373413e-02
   6.4673236616701435e-02
   6.5469769612407469e-02
   6.6336400206017485e-02
   6.7274029976696820e-02
   6.8283633196560070e-02
   6.9366257545715709e-02
   7.0523024867662015e-02
   7.1755131962333810e-02
   7.3063851413748077e-02
   7.4450532448806811e-02
   7.5916601823383265e-02
   7.7463564731339168e-02
   7.9093005731590144e-02
