   5.8725439366944765e-01
   6.0761428359750225e-01
   6.2789258886453925e-01
   6.4803196442949795e-01
   6.6797013460350718e-01
   6.8764005242205328e-01
   7.0697015279983566e-01
   7.2588470796030458e-01
   7.4430429194221326e-01
   7.6214635869923553e-01
   7.7932593541710471e-01
   7.9575642920350842e-01
   8.1135054132996587e-01
   8.2602127884071819e-01
   8.3968304875895738e-01
   8.5225281552918419e-01
   8.6365129798772322e-01
   8.7380417832748980e-01
   8.8264329250004847e-01
   8.9010776954355697e-01
   8.9614508666429504e-01
   9.0071200769237647e-01
   9.0377537485355242e-01
   9.0531272762316994e-01
   9.0531272762317005e-01
   9.0377537485355264e-01
   9.0071200769237680e-01
   8.9614508666429549e-01
   8.9010776954355741e-01
   8.8264329250004914e-01
   8.7380417832749024e-01
   8.6365129798772378e-01
   8.5225281552918464e-01
   8.3968304875895794e-01
   8.2602127884071885e-01
   8.1135054132996642e-01
   7.9575642920350886e-01
   7.7932593541710504e-01
   7.6214635869923597e-01
   7.4430429194221359e-01
   7.2588470796030502e-01
   7.0697015279983588e-01
   6.8764005242205339e-01
   6.6797013460350740e-01
   6.4803196442949818e-01
   6.2789258886453947e-01
   6.0761428359750236e-01
   5.8725439366944776e-01
   5.7031726196479959e-01
   5.5684239257899593e-01
   5.4340644255729087e-01
   5.3003592562074420e-01
   5.1675522948013886e-01
   5.0358665451706575e-01
   4.9055046743518410e-01
   4.7766496731926222e-01
   4.6494656170460386e-01
   4.5240985044751547e-01
   4.4006771538967160e-01
   4.2793141401801155e-01
   4.1601067553087434e-01
   4.0431379792540323e-01
   3.9284774491694813e-01
   3.8161824168538838e-01
   3.7062986861402547e-01
   3.5988615234275650e-01
   3.4938965359805191e-01
   3.3914205138777131e-01
   3.2914422325938464e-01
   3.1939632141636326e-01
   3.0989784457020497e-01
   3.0064770547575548e-01
   2.9164429415624948e-01
   2.8288553687292706e-01
   2.7436895093328961e-01
   2.6609169546311356e-01
   2.5805061829126458e-01
   2.5024229911410745e-01
   2.4266308911876752e-01
   2.3530914725247953e-01
   2.2817647332947746e-01
   2.2126093816799089e-01
   2.1455831094848188e-01
   2.0806428398079177e-01
   2.0177449506279488e-01
   1.9568454760685847e-01
   1.8979002870319800e-01
   1.8408652528136565e-01
   1.7856963852284338e-01
   1.7323499666921696e-01
   1.6807826636183565e-01
   1.6309516264033691e-01
   1.5828145771903857e-01
   1.5363298865204181e-01
   1.4914566399001214e-01
   1.4481546952405150e-01
   1.4063847320487047e-01
   1.3661082931863985e-01
   1.3272878199445090e-01
   1.2898866811224796e-01
   1.2538691967441529e-01
   1.2192006569889158e-01
   1.1858473368674464e-01
   1.1537765071254628e-01
   1.1229564418163654e-01
   1.0933564229443216e-01
   1.0649467425430859e-01
   1.0376987025224257e-01
   1.0115846125833251e-01
   9.8657778647494809e-02
   9.6265253684052532e-02
   9.3978416887568819e-02
   9.1794897300118417e-02
   8.9712421673219953e-02
   8.7728813590854826e-02
   8.5841992543363346e-02
   8.4049972965520983e-02
   8.2350863250746517e-02
   8.0742864752167007e-02
   7.9224270780152664e-02
   7.7793465604927114e-02
   7.6448923471946720e-02
   7.5189207636917485e-02
   7.4012969426573164e-02
   5.7031726196479970e-01
   5.5684239257899604e-01
   5.4340644255729087e-01
   5.3003592562074420e-01
   5.1675522948013886e-01
   5.0358665451706575e-01
   4.9055046743518410e-01
   4.7766496731926228e-01
   4.6494656170460397e-01
   4.5240985044751553e-01
   4.4006771538967160e-01
   4.2793141401801149e-01
   4.1601067553087440e-01
   4.0431379792540323e-01
   3.9284774491694813e-01
   3.8161824168538838e-01
   3.7062986861402553e-01
   3.5988615234275650e-01
   3.4938965359805196e-01
   3.3914205138777131e-01
   3.2914422325938469e-01
   3.1939632141636326e-01
   3.0989784457020497e-01
   3.0064770547575548e-01
   2.9164429415624948e-01
   2.8288553687292711e-01
   2.7436895093328967e-01
   2.6609169546311356e-01
   2.5805061829126458e-01
   2.5024229911410739e-01
   2.4266308911876752e-01
   2.3530914725247953e-01
   2.2817647332947752e-01
   2.2126093816799089e-01
   2.1455831094848191e-01
   2.0806428398079180e-01
   2.0177449506279488e-01
   1.9568454760685844e-01
   1.8979002870319803e-01
   1.8408652528136568e-01
   1.7856963852284338e-01
   1.7323499666921699e-01
   1.6807826636183565e-01
   1.6309516264033694e-01
   1.5828145771903859e-01
   1.5363298865204181e-01
   1.4914566399001214e-01
   1.4481546952405153e-01
   1.4063847320487050e-01
   1.3661082931863988e-01
   1.3272878199445090e-01
   1.2898866811224799e-01
   1.2538691967441529e-01
   1.2192006569889161e-01
   1.1858473368674464e-01
   1.1537765071254631e-01
   1.1229564418163654e-01
   1.0933564229443216e-01
   1.0649467425430859e-01
   1.0376987025224259e-01
   1.0115846125833251e-01
   9.8657778647494823e-02
   9.6265253684052546e-02
   9.3978416887568819e-02
   9.1794897300118417e-02
   8.9712421673219953e-02
   8.7728813590854840e-02
   8.5841992543363346e-02
   8.4049972965520983e-02
   8.2350863250746517e-02
   8.0742864752167021e-02
   7.9224270780152664e-02
   7.7793465604927128e-02
   7.6448923471946734e-02
   7.5189207636917485e-02
   7.4012969426573164e-02
   5.7031726196479959e-01
   5.5684239257899604e-01
   5.4340644255729087e-01
   5.3003592562074420e-01
   5.1675522948013886e-01
   5.0358665451706575e-01
   4.9055046743518410e-01
   4.7766496731926222e-01
   4.6494656170460391e-01
   4.5240985044751553e-01
   4.4006771538967160e-01
   4.2793141401801149e-01
   4.1601067553087434e-01
   4.0431379792540323e-01
   3.9284774491694813e-01
   3.8161824168538838e-01
   3.7062986861402553e-01
   3.5988615234275650e-01
   3.4938965359805191e-01
   3.3914205138777131e-01
   3.2914422325938464e-01
   3.1939632141636326e-01
   3.0989784457020497e-01
   3.0064770547575548e-01
   2.9164429415624948e-01
   2.8288553687292706e-01
   2.7436895093328967e-01
   2.6609169546311356e-01
   2.5805061829126458e-01
   2.5024229911410745e-01
   2.4266308911876749e-01
   2.3530914725247956e-01
   2.2817647332947746e-01
   2.2126093816799089e-01
   2.1455831094848188e-01
   2.0806428398079180e-01
   2.0177449506279488e-01
   1.9568454760685847e-01
   1.8979002870319800e-01
   1.8408652528136565e-01
   1.7856963852284338e-01
   1.7323499666921696e-01
   1.6807826636183565e-01
   1.6309516264033691e-01
   1.5828145771903857e-01
   1.5363298865204181e-01
   1.4914566399001214e-01
   1.4481546952405150e-01
   1.4063847320487047e-01
   1.3661082931863985e-01
   1.3272878199445090e-01
   1.2898866811224796e-01
   1.2538691967441529e-01
   1.2192006569889159e-01
   1.1858473368674463e-01
   1.1537765071254630e-01
   1.1229564418163653e-01
   1.0933564229443214e-01
   1.0649467425430857e-01
   1.0376987025224257e-01
   1.0115846125833251e-01
   9.8657778647494809e-02
   9.6265253684052532e-02
   9.3978416887568819e-02
   9.1794897300118403e-02
   8.9712421673219953e-02
   8.7728813590854826e-02
   8.5841992543363346e-02
   8.4049972965520983e-02
   8.2350863250746503e-02
   8.0742864752167007e-02
   7.9224270780152650e-02
   7.7793465604927114e-02
   7.6448923471946720e-02
   7.5189207636917485e-02
   7.4012969426573150e-02
   7.2638893012643924e-02
   7.1066796008381214e-02
   6.9575013053605195e-02
   6.8161908938850102e-02
   6.6825931721905416e-02
   6.5565611556529013e-02
   6.4379559555973978e-02
   6.3266466695414206e-02
   6.2225102756874574e-02
   6.1254315319841074e-02
   6.0353028800342483e-02
   5.9520243540951707e-02
   5.8755034953848664e-02
   5.8056552718813617e-02
   5.7424020037776670e-02
   5.6856732947332393e-02
   5.6354059690435797e-02
   5.5915440148323579e-02
   5.5540385333551566e-02
   5.5228476944901544e-02
   5.4979366984787566e-02
   5.4792777439680411e-02
   5.4668500023967524e-02
   5.4606395987572623e-02
   5.4606395987572623e-02
   5.4668500023967524e-02
   5.4792777439680411e-02
   5.4979366984787566e-02
   5.5228476944901544e-02
   5.5540385333551566e-02
   5.5915440148323579e-02
   5.6354059690435804e-02
   5.6856732947332400e-02
   5.7424020037776670e-02
   5.8056552718813610e-02
   5.8755034953848657e-02
   5.9520243540951707e-02
   6.0353028800342483e-02
   6.1254315319841074e-02
   6.2225102756874581e-02
   6.3266466695414206e-02
   6.4379559555973978e-02
   6.5565611556529013e-02
   6.6825931721905416e-02
   6.8161908938850116e-02
   6.9575013053605209e-02
   7.1066796008381214e-02
   7.2638893012643924e-02
