   3.7042735404242089e-01
   3.7084239467726732e-01
   3.7152412600294821e-01
   3.7519682144925326e-01
   3.7777220790437660e-01
   3.8013386461311116e-01
   3.8396921075368001e-01
   3.9014669236675703e-01
   3.9745502714238118e-01
   4.0486329869485366e-01
   4.1278992212857757e-01
   4.2210762138915386e-01
   4.3313728058468909e-01
   4.4555465006310935e-01
   4.5908652816650941e-01
   4.7388150736901841e-01
   4.9024685082419767e-01
   5.0829699056349908e-01
   5.2790598069624273e-01
   5.4887559437489697e-01
   5.7102596799375527e-01
   5.9413440638569004e-01
   6.1786895366395400e-01
   6.4182561174296315e-01
   6.6562958106068204e-01
   6.8900658483187716e-01
   7.1178959638401107e-01
   7.3389004533808000e-01
   7.5526975450755418e-01
   7.7592515999429512e-01
   7.9587791668410479e-01
   8.1516583484951921e-01
   8.3383425354860807e-01
   8.5193030151462679e-01
   8.6950053281244699e-01
   8.8659034103390333e-01
   9.0324358099141322e-01
   9.1950201481312155e-01
   9.3540492871637437e-01
   9.5098914582490168e-01
   9.6628929077582515e-01
   9.8133806262309675e-01
   9.9616642550318713e-01
   1.0108037692104808e+00
   1.0252780988591459e+00
   1.0396162511829472e+00
   1.0538441031192312e+00
   1.0679867546220074e+00
   1.0820686931153285e+00
   1.0961139526129404e+00
   1.1101462710244439e+00
   1.1241892416358097e+00
   1.1382664556253421e+00
   1.1524016365146097e+00
   1.1666187687943721e+00
   1.1809422212182696e+00
   1.1953968632405021e+00
   1.2100081723225877e+00
   1.2248023297571524e+00
   1.2398063021098003e+00
   1.2550479041197273e+00
   1.2705558373481114e+00
   1.2863596974123095e+00
   1.3024899413173754e+00
   1.3189778051178143e+00
   1.3358551610731131e+00
   1.3531543029620918e+00
   1.3709076488250165e+00
   1.3891473526376468e+00
   1.4079048208602529e+00
   1.4272101369494590e+00
   1.4470914070679330e+00
   1.4675740531055557e+00
   1.4886800936467497e+00
   1.5104274675261562e+00
   1.5328294649381760e+00
   1.5558943340369802e+00
   1.5796251233948087e+00
   1.6040198011841249e+00
   1.6290716621379786e+00
   1.6547699981647743e+00
   1.6811009752829518e+00
   1.7080486358042151e+00
   1.7355959355322668e+00
   1.7637257320978159e+00
   1.7924216591397895e+00
   1.8216688459583821e+00
   1.8514544673044848e+00
   1.8817681285458128e+00
   1.9126021053975797e+00
   1.9439514646996108e+00
   1.9758140946435758e+00
   2.0081906711368283e+00
   2.0410845832531082e+00
