   2.5797295416031862e-01
   2.6372815740956884e-01
   2.6967983073698332e-01
   2.7581590444200416e-01
   2.8212277786637946e-01
   2.8858521979297586e-01
   2.9518627672036196e-01
   3.0190719215191147e-01
   3.0872734038847194e-01
   3.1562417862672443e-01
   3.2257322141780487e-01
   3.2954804170585522e-01
   3.3652030271461131e-01
   3.4345982485125653e-01
   3.5033469152028801e-01
   3.5711139725833901e-01
   3.6375504089143201e-01
   3.7022956546502261e-01
   3.7649804550216254e-01
   3.8252302071865685e-01
   3.8826687369619295e-01
   3.9369224723421853e-01
   3.9876249523760099e-01
   4.0344215913678327e-01
   4.0769746008213958e-01
   4.1149679561577213e-01
   4.1481122831528972e-01
   4.1761495313137104e-01
   4.1988572989361822e-01
   4.2160526780056767e-01
   4.2275954966852336e-01
   4.2333908527867148e-01
   4.2333908527867148e-01
   4.2275954966852336e-01
   4.2160526780056762e-01
   4.1988572989361816e-01
   4.1761495313137093e-01
   4.1481122831528960e-01
   4.1149679561577196e-01
   4.0769746008213942e-01
   4.0344215913678311e-01
   3.9876249523760077e-01
   3.9369224723421831e-01
   3.8826687369619267e-01
   3.8252302071865657e-01
   3.7649804550216226e-01
   3.7022956546502228e-01
   3.6375504089143168e-01
   3.5711139725833874e-01
   3.5033469152028768e-01
   3.4345982485125626e-01
   3.3652030271461103e-01
   3.2954804170585500e-01
   3.2257322141780453e-01
   3.1562417862672421e-01
   3.0872734038847172e-01
   3.0190719215191120e-01
   2.9518627672036174e-01
   2.8858521979297569e-01
   2.8212277786637935e-01
   2.7581590444200405e-01
   2.6967983073698326e-01
   2.6372815740956884e-01
   2.5797295416031862e-01
   2.4954767151357299e-01
   2.3847440546612583e-01
   2.2764595245381639e-01
   2.1707417643665092e-01
   2.0676756885489592e-01
   1.9673160434916956e-01
   1.8696907990852973e-01
   1.7748043376297165e-01
   1.6826404165681755e-01
   1.5931648921712108e-01
   1.5063281998836084e-01
   1.4220675936726646e-01
   1.3403091516684226e-01
   1.2609695589327000e-01
   1.1839576805841034e-01
   1.1091759399670817e-01
   1.0365215172830482e-01
   9.6588738427117599e-02
   8.9716319027883601e-02
   8.3023601451484005e-02
   7.8159997035696316e-02
   7.5111104468776974e-02
   7.2210703118198466e-02
   6.9453653803407872e-02
   6.6835006168689995e-02
   6.4350001784404962e-02
   6.1994076016865324e-02
   5.9762858863404961e-02
   5.7652174925368643e-02
   5.5658042670471766e-02
   5.3776673117033096e-02
   5.2004468055761754e-02
   5.0338017909883681e-02
   4.8774099321234957e-02
   4.7309672538352845e-02
   4.5941878672397927e-02
   4.4668036877791056e-02
   4.3485641506610676e-02
   4.2392359278943643e-02
   4.1386026505402934e-02
   4.0464646392816613e-02
   3.9626386459561340e-02
   3.8869576083078124e-02
   3.8192704198694104e-02
   3.7594417165913697e-02
   3.7073516815777675e-02
   3.6628958690664307e-02
   3.6259850485975104e-02
   3.5965450701464972e-02
   3.5745167508503706e-02
   3.5598557838255676e-02
   3.5525326694605279e-02
   3.5525326694605279e-02
   3.5598557838255669e-02
   3.5745167508503699e-02
   3.5965450701464965e-02
   3.6259850485975097e-02
   3.6628958690664293e-02
   3.7073516815777655e-02
   3.7594417165913677e-02
   3.8192704198694083e-02
   3.8869576083078096e-02
   3.9626386459561312e-02
   4.0464646392816592e-02
   4.1386026505402906e-02
   4.2392359278943623e-02
   4.3485641506610655e-02
   4.4668036877791042e-02
   4.5941878672397907e-02
   4.7309672538352832e-02
   4.8774099321234943e-02
   5.0338017909883674e-02
   5.2004468055761741e-02
   5.3776673117033082e-02
   5.5658042670471752e-02
   5.7652174925368636e-02
   5.9762858863404947e-02
   6.1994076016865310e-02
   6.4350001784404962e-02
   6.6835006168689981e-02
   6.9453653803407872e-02
   7.2210703118198452e-02
   7.5111104468776960e-02
   7.8159997035696316e-02
