   2.3810367756361789e-01
   2.4584138935772976e-01
   2.5421875202690913e-01
   2.6323703354156297e-01
   2.7289529060345430e-01
   2.8318976479511154e-01
   2.9411320604568275e-01
   3.0565412282230947e-01
   3.1779596131085291e-01
   3.3051621968802869e-01
   3.4378550854925438e-01
   3.5756657474778181e-01
   3.7181331335907963e-01
   3.8646980114089424e-01
   4.0146939448947583e-01
   4.1673394506346373e-01
   4.3217319626747130e-01
   4.4768443266977398e-01
   4.6315246087922013e-01
   4.7845000286387790e-01
   4.9343857943208280e-01
   5.0796995091173480e-01
   5.2188816254823434e-01
   5.3503221303099946e-01
   5.4723932611200599e-01
   5.5834875912123982e-01
   5.6820603151027282e-01
   5.7666740610577416e-01
   5.8360441145867770e-01
   5.8890816194636897e-01
   5.9249321902689778e-01
   5.9430074651302622e-01
   5.9430074651302633e-01
   5.9249321902689800e-01
   5.8890816194636930e-01
   5.8360441145867825e-01
   5.7666740610577483e-01
   5.6820603151027349e-01
   5.5834875912124060e-01
   5.4723932611200687e-01
   5.3503221303100046e-01
   5.2188816254823545e-01
   5.0796995091173602e-01
   4.9343857943208402e-01
   4.7845000286387918e-01
   4.6315246087922141e-01
   4.4768443266977531e-01
   4.3217319626747258e-01
   4.1673394506346495e-01
   4.0146939448947705e-01
   3.8646980114089546e-01
   3.7181331335908080e-01
   3.5756657474778292e-01
   3.4378550854925549e-01
   3.3051621968802980e-01
   3.1779596131085391e-01
   3.0565412282231036e-01
   2.9411320604568358e-01
   2.8318976479511221e-01
   2.7289529060345485e-01
   2.6323703354156347e-01
   2.5421875202690947e-01
   2.4584138935772995e-01
   2.3810367756361797e-01
   2.2732014867623856e-01
   2.1350759748673451e-01
   2.0033483893646192e-01
   1.8778424209106881e-01
   1.7583512411691268e-01
   1.6446449143949837e-01
   1.5364766312042497e-01
   1.4335878937464128e-01
   1.3357127790535533e-01
   1.2425814006884482e-01
   1.1539226796319423e-01
   1.0694665248661991e-01
   9.8894551319742480e-02
   9.1209614711268705e-02
   8.3865975926278091e-02
   7.6838312273329365e-02
   7.0101881772401314e-02
   6.3632539764012078e-02
   5.7406739089314651e-02
   5.1401516886893997e-02
   4.7072730114442678e-02
   4.4397511534811446e-02
   4.1887847936186336e-02
   3.9534555823721507e-02
   3.7328996149549612e-02
   3.5263049181961305e-02
   3.3329090097268393e-02
   3.1519965406953093e-02
   2.9828970302166174e-02
   2.8249826972886492e-02
   2.6776663939125769e-02
   2.5403996415641918e-02
   2.4126707719027064e-02
   2.2940031716189347e-02
   2.1839536305670613e-02
   2.0821107917534869e-02
   1.9880937013390821e-02
   1.9015504565198377e-02
   1.8221569489623467e-02
   1.7496157013656789e-02
   1.6836547946842469e-02
   1.6240268835642259e-02
   1.5705082976082488e-02
   1.5228982261807128e-02
   1.4810179845919024e-02
   1.4447103596474359e-02
   1.4138390327155120e-02
   1.3882880786442489e-02
   1.3679615390519638e-02
   1.3527830687120629e-02
   1.3426956539593150e-02
   1.3376614022540560e-02
   1.3376614022540560e-02
   1.3426956539593150e-02
   1.3527830687120631e-02
   1.3679615390519640e-02
   1.3882880786442491e-02
   1.4138390327155121e-02
   1.4447103596474359e-02
   1.4810179845919024e-02
   1.5228982261807128e-02
   1.5705082976082488e-02
   1.6240268835642259e-02
   1.6836547946842469e-02
   1.7496157013656789e-02
   1.8221569489623467e-02
   1.9015504565198380e-02
   1.9880937013390824e-02
   2.0821107917534873e-02
   2.1839536305670613e-02
   2.2940031716189354e-02
   2.4126707719027068e-02
   2.5403996415641918e-02
   2.6776663939125769e-02
   2.8249826972886496e-02
   2.9828970302166174e-02
   3.1519965406953100e-02
   3.3329090097268400e-02
   3.5263049181961305e-02
   3.7328996149549612e-02
   3.9534555823721507e-02
   4.1887847936186336e-02
   4.4397511534811446e-02
   4.7072730114442678e-02
