   2.5910320614104126e-01
   2.6538148703501335e-01
   2.7193121859751701e-01
   2.7874065276753501e-01
   2.8579614466617803e-01
   2.9308197902406941e-01
   3.0058020011234765e-01
   3.0827044947789045e-01
   3.1612981653194350e-01
   3.2413270779272635e-01
   3.3225074130026749e-01
   3.4045267335956558e-01
   3.4870436527056808e-01
   3.5696879800630055e-01
   3.6520614283337766e-01
   3.7337389555901646e-01
   3.8142708136491338e-01
   3.8931853598947880e-01
   3.9699926730164048e-01
   4.0441889905349199e-01
   4.1152619582225830e-01
   4.1826966491410100e-01
   4.2459822741148751e-01
   4.3046194676089311e-01
   4.3581279952436225e-01
   4.4060546940072765e-01
   4.4479814262618400e-01
   4.4835328065652730e-01
   4.5123834485721820e-01
   4.5342644797332854e-01
   4.5489690853319725e-01
   4.5563568707408048e-01
   4.5563568707408048e-01
   4.5489690853319725e-01
   4.5342644797332865e-01
   4.5123834485721820e-01
   4.4835328065652735e-01
   4.4479814262618400e-01
   4.4060546940072770e-01
   4.3581279952436230e-01
   4.3046194676089317e-01
   4.2459822741148762e-01
   4.1826966491410106e-01
   4.1152619582225836e-01
   4.0441889905349204e-01
   3.9699926730164059e-01
   3.8931853598947896e-01
   3.8142708136491349e-01
   3.7337389555901657e-01
   3.6520614283337777e-01
   3.5696879800630060e-01
   3.4870436527056820e-01
   3.4045267335956564e-01
   3.3225074130026760e-01
   3.2413270779272640e-01
   3.1612981653194355e-01
   3.0827044947789051e-01
   3.0058020011234771e-01
   2.9308197902406946e-01
   2.8579614466617809e-01
   2.7874065276753507e-01
   2.7193121859751707e-01
   2.6538148703501341e-01
   2.5910320614104132e-01
   2.4999650748498883e-01
   2.3808487101117845e-01
   2.2649134340003579e-01
   2.1522483235785356e-01
   2.0429049263851917e-01
   1.9369019063433579e-01
   1.8342293614649835e-01
   1.7348527874321179e-01
   1.6387166767017794e-01
   1.5457477547371098e-01
   1.4558578638231381e-01
   1.3689465111910884e-01
   1.2849031023295643e-01
   1.2036088828356954e-01
   1.1249386133311867e-01
   1.0487620021572373e-01
   9.7494492003415770e-02
   9.0335041984204223e-02
   8.3383958331988861e-02
   7.6627221492607561e-02
   7.1724869452952658e-02
   6.8660272641315676e-02
   6.5752879902787650e-02
   6.2996529816335509e-02
   6.0385321647579746e-02
   5.7913614278989181e-02
   5.5576024056980790e-02
   5.3367421769517337e-02
   5.1282928938508034e-02
   4.9317913585636280e-02
   4.7467985607780976e-02
   4.5728991878610570e-02
   4.4097011175887740e-02
   4.2568349019233342e-02
   4.1139532490292799e-02
   3.9807305096189419e-02
   3.8568621727620427e-02
   3.7420643754763588e-02
   3.6360734297144287e-02
   3.5386453697615519e-02
   3.4495555225492441e-02
   3.3685981029542733e-02
   3.2955858357860350e-02
   3.2303496058552220e-02
   3.1727381372565477e-02
   3.1226177027806473e-02
   3.0798718641889617e-02
   3.0444012439349692e-02
   3.0161233287907274e-02
   2.9949723057348929e-02
   2.9808989303734944e-02
   2.9738704280940442e-02
   2.9738704280940442e-02
   2.9808989303734944e-02
   2.9949723057348929e-02
   3.0161233287907274e-02
   3.0444012439349695e-02
   3.0798718641889617e-02
   3.1226177027806473e-02
   3.1727381372565477e-02
   3.2303496058552220e-02
   3.2955858357860357e-02
   3.3685981029542740e-02
   3.4495555225492441e-02
   3.5386453697615519e-02
   3.6360734297144287e-02
   3.7420643754763588e-02
   3.8568621727620434e-02
   3.9807305096189419e-02
   4.1139532490292799e-02
   4.2568349019233342e-02
   4.4097011175887747e-02
   4.5728991878610570e-02
   4.7467985607780989e-02
   4.9317913585636287e-02
   5.1282928938508034e-02
   5.3367421769517337e-02
   5.5576024056980790e-02
   5.7913614278989181e-02
   6.0385321647579752e-02
   6.2996529816335509e-02
   6.5752879902787650e-02
   6.8660272641315676e-02
   7.1724869452952672e-02
