   2.0326008641982993e-01
   2.0531193181596702e-01
   2.0734750250160075e-01
   2.0936327969382268e-01
   2.1135568090417728e-01
   2.1332106850354662e-01
   2.1525575911211745e-01
   2.1715603380166382e-01
   2.1901814908829945e-01
   2.2083834868427010e-01
   2.2261287596737314e-01
   2.2433798711633507e-01
   2.2600996485009334e-01
   2.2762513269857734e-01
   2.2917986972243795e-01
   2.3067062558942789e-01
   2.3209393590597646e-01
   2.3344643769413179e-01
   2.3472488489666621e-01
   2.3592616378693809e-01
   2.3704730815526864e-01
   2.3808551414028220e-01
   2.3903815457202274e-01
   2.3990279269380696e-01
   2.4067719513179903e-01
   2.4135934398523112e-01
   2.4194744791606820e-01
   2.4243995212468392e-01
   2.4283554710770855e-01
   2.4313317610551174e-01
   2.4333204115963686e-01
   2.4343160771471309e-01
   2.4343160771471309e-01
   2.4333204115963686e-01
   2.4313317610551174e-01
   2.4283554710770855e-01
   2.4243995212468394e-01
   2.4194744791606820e-01
   2.4135934398523112e-01
   2.4067719513179903e-01
   2.3990279269380696e-01
   2.3903815457202274e-01
   2.3808551414028220e-01
   2.3704730815526864e-01
   2.3592616378693809e-01
   2.3472488489666624e-01
   2.3344643769413181e-01
   2.3209393590597646e-01
   2.3067062558942789e-01
   2.2917986972243795e-01
   2.2762513269857737e-01
   2.2600996485009336e-01
   2.2433798711633507e-01
   2.2261287596737314e-01
   2.2083834868427010e-01
   2.1901814908829945e-01
   2.1715603380166384e-01
   2.1525575911211747e-01
   2.1332106850354662e-01
   2.1135568090417728e-01
   2.0936327969382268e-01
   2.0734750250160075e-01
   2.0531193181596705e-01
   2.0326008641982993e-01
   2.0012469162856697e-01
   1.9591053357591692e-01
   1.9169504293537085e-01
   1.8748451277420522e-01
   1.8328482069338461e-01
   1.7910143183598101e-01
   1.7493940445343983e-01
   1.7080339770066971e-01
   1.6669768134325724e-01
   1.6262614707575976e-01
   1.5859232116820207e-01
   1.5459937817785208e-01
   1.5065015548443031e-01
   1.4674716842854568e-01
   1.4289262585486645e-01
   1.3908844588292907e-01
   1.3533627174923563e-01
   1.3163748758414007e-01
   1.2799323400578330e-01
   1.2440442343087608e-01
   1.2177104194865285e-01
   1.2009143510197944e-01
   1.1846650481474480e-01
   1.1689639649628887e-01
   1.1538121627697555e-01
   1.1392103496756226e-01
   1.1251589181490654e-01
   1.1116579805764444e-01
   1.0987074028613228e-01
   1.0863068361146827e-01
   1.0744557464882031e-01
   1.0631534432058944e-01
   1.0523991048514920e-01
   1.0421918039702742e-01
   1.0325305300445031e-01
   1.0234142109015736e-01
   1.0148417326132675e-01
   1.0068119579433292e-01
   9.9932374339897212e-02
   9.9237595493994538e-02
   9.8596748239649160e-02
   9.8009725264495376e-02
   9.7476424158699768e-02
   9.6996748497541349e-02
   9.6570608812631173e-02
   9.6197923455423134e-02
   9.5878619356327938e-02
   9.5612632682392201e-02
   9.5399909396148494e-02
   9.5240405717878659e-02
   9.5134088493165667e-02
   9.5080935467238240e-02
   9.5080935467238240e-02
   9.5134088493165667e-02
   9.5240405717878646e-02
   9.5399909396148494e-02
   9.5612632682392201e-02
   9.5878619356327938e-02
   9.6197923455423134e-02
   9.6570608812631159e-02
   9.6996748497541349e-02
   9.7476424158699768e-02
   9.8009725264495390e-02
   9.8596748239649160e-02
   9.9237595493994551e-02
   9.9932374339897198e-02
   1.0068119579433293e-01
   1.0148417326132678e-01
   1.0234142109015737e-01
   1.0325305300445031e-01
   1.0421918039702743e-01
   1.0523991048514922e-01
   1.0631534432058945e-01
   1.0744557464882032e-01
   1.0863068361146828e-01
   1.0987074028613229e-01
   1.1116579805764445e-01
   1.1251589181490654e-01
   1.1392103496756227e-01
   1.1538121627697555e-01
   1.1689639649628887e-01
   1.1846650481474481e-01
   1.2009143510197945e-01
   1.2177104194865286e-01
