   1.7920672347883368e-01
   1.8712427896294023e-01
   1.9606969206051694e-01
   2.0607914350503911e-01
   2.1719096250387801e-01
   2.2944489758898287e-01
   2.4288118026186498e-01
   2.5753933586599070e-01
   2.7345669019630298e-01
   2.9066651533033755e-01
   3.0919575507393954e-01
   3.2906227074958494e-01
   3.5027155386970132e-01
   3.7281286622177540e-01
   3.9665479338237025e-01
   4.2174023852425196e-01
   4.4798094358524754e-01
   4.7525170786057208e-01
   5.0338458152901266e-01
   5.3216344168228247e-01
   5.6131950349306281e-01
   5.9052846343422605e-01
   6.1941008903040184e-01
   6.4753112418678704e-01
   6.7441232698642550e-01
   6.9954025452079027e-01
   7.2238402660121726e-01
   7.4241673693291776e-01
   7.5914048259678257e-01
   7.7211325091649541e-01
   7.8097528368041991e-01
   7.8547219608705854e-01
   7.8547219608705954e-01
   7.8097528368042246e-01
   7.7211325091649985e-01
   7.5914048259678868e-01
   7.4241673693292520e-01
   7.2238402660122591e-01
   6.9954025452079993e-01
   6.7441232698643605e-01
   6.4753112418679815e-01
   6.1941008903041339e-01
   5.9052846343423770e-01
   5.6131950349307436e-01
   5.3216344168229379e-01
   5.0338458152902366e-01
   4.7525170786058268e-01
   4.4798094358525764e-01
   4.2174023852426151e-01
   3.9665479338237919e-01
   3.7281286622178367e-01
   3.5027155386970898e-01
   3.2906227074959193e-01
   3.0919575507394592e-01
   2.9066651533034327e-01
   2.7345669019630803e-01
   2.5753933586599509e-01
   2.4288118026186875e-01
   2.2944489758898604e-01
   2.1719096250388062e-01
   2.0607914350504108e-01
   1.9606969206051836e-01
   1.8712427896294107e-01
   1.7920672347883398e-01
   1.6869325730885190e-01
   1.5557301235788920e-01
   1.4337302969722349e-01
   1.3203160069165357e-01
   1.2148905798696560e-01
   1.1168810580821287e-01
   1.0257402237029994e-01
   9.4094763266884499e-02
   8.6200989142399070e-02
   7.8846036287801527e-02
   7.1985844938961416e-02
   6.5578856892785892e-02
   5.9585891486787772e-02
   5.3970006916641784e-02
   4.8696352207546069e-02
   4.3732013834419513e-02
   3.9045859939784329e-02
   3.4608384273573704e-02
   3.0391551332199014e-02
   2.6368643669079189e-02
   2.3495333397688951e-02
   2.1747911248226996e-02
   2.0134429604906669e-02
   1.8644977624212744e-02
   1.7270400924956072e-02
   1.6002246912033492e-02
   1.4832714054395979e-02
   1.3754604882778269e-02
   1.2761282479277937e-02
   1.1846630239430250e-02
   1.1005014697344530e-02
   1.0231251215243075e-02
   9.5205723499926388e-03
   8.8685987206554590e-03
   8.2713122125011550e-03
   7.7250313641605024e-03
   7.2263887955607824e-03
   6.7723105448879665e-03
   6.3599971930295030e-03
   5.9869066637381627e-03
   5.6507385971142771e-03
   5.3494202029338760e-03
   5.0810935088656910e-03
   4.8441039267393179e-03
   4.6369900677731375e-03
   4.4584747450702646e-03
   4.3074571087726677e-03
   4.1830058660578730e-03
   4.0843535447005795e-03
   4.0108917652349413e-03
   3.9621674928741373e-03
   3.9378802463045700e-03
   3.9378802463045700e-03
   3.9621674928741373e-03
   4.0108917652349405e-03
   4.0843535447005787e-03
   4.1830058660578713e-03
   4.3074571087726669e-03
   4.4584747450702629e-03
   4.6369900677731349e-03
   4.8441039267393153e-03
   5.0810935088656884e-03
   5.3494202029338734e-03
   5.6507385971142745e-03
   5.9869066637381610e-03
   6.3599971930295013e-03
   6.7723105448879639e-03
   7.2263887955607807e-03
   7.7250313641605015e-03
   8.2713122125011532e-03
   8.8685987206554590e-03
   9.5205723499926370e-03
   1.0231251215243075e-02
   1.1005014697344530e-02
   1.1846630239430247e-02
   1.2761282479277934e-02
   1.3754604882778267e-02
   1.4832714054395979e-02
   1.6002246912033492e-02
   1.7270400924956072e-02
   1.8644977624212741e-02
   2.0134429604906665e-02
   2.1747911248226993e-02
   2.3495333397688948e-02
