   2.5843211273772465e-01
   2.6430016945653606e-01
   2.7037942727375142e-01
   2.7665780276355817e-01
   2.8312160329665825e-01
   2.8975541382513792e-01
   2.9654199098366218e-01
   3.0346216789572183e-01
   3.1049477349262661e-01
   3.1761657053901082e-01
   3.2480221688562622e-01
   3.3202425470766983e-01
   3.3925313260078327e-01
   3.4645726536077909e-01
   3.5360313603028692e-01
   3.6065544432113972e-01
   3.6757730478600187e-01
   3.7433049709600374e-01
   3.8087576947549739e-01
   3.8717319475995576e-01
   3.9318257670842816e-01
   3.9886390217077639e-01
   4.0417783255903456e-01
   4.0908622590141991e-01
   4.1355267868578205e-01
   4.1754307485863063e-01
   4.2102612787254623e-01
   4.2397390069833862e-01
   4.2636228834974654e-01
   4.2817144778817917e-01
   4.2938616112242078e-01
   4.2999611978421803e-01
   4.2999611978421803e-01
   4.2938616112242078e-01
   4.2817144778817917e-01
   4.2636228834974654e-01
   4.2397390069833862e-01
   4.2102612787254623e-01
   4.1754307485863068e-01
   4.1355267868578205e-01
   4.0908622590141996e-01
   4.0417783255903456e-01
   3.9886390217077639e-01
   3.9318257670842816e-01
   3.8717319475995576e-01
   3.8087576947549739e-01
   3.7433049709600374e-01
   3.6757730478600187e-01
   3.6065544432113972e-01
   3.5360313603028698e-01
   3.4645726536077909e-01
   3.3925313260078327e-01
   3.3202425470766989e-01
   3.2480221688562622e-01
   3.1761657053901088e-01
   3.1049477349262661e-01
   3.0346216789572183e-01
   2.9654199098366218e-01
   2.8975541382513792e-01
   2.8312160329665831e-01
   2.7665780276355822e-01
   2.7037942727375147e-01
   2.6430016945653606e-01
   2.5843211273772471e-01
   2.4985774371950417e-01
   2.3859953007080278e-01
   2.2760081289406256e-01
   2.1687297113084730e-01
   2.0642391928109588e-01
   1.9625848557376743e-01
   1.8637877056457522e-01
   1.7678448261144486e-01
   1.6747324805978978e-01
   1.5844089508454340e-01
   1.4968171101127489e-01
   1.4118867360519285e-01
   1.3295365730561193e-01
   1.2496761572454057e-01
   1.1722074194909000e-01
   1.0970260831305005e-01
   1.0240228735461440e-01
   9.5308455673000961e-02
   8.8409482351673854e-02
   8.1693503542321688e-02
   7.6814604824069821e-02
   7.3757906679162502e-02
   7.0851732445594770e-02
   6.8090725234399352e-02
   6.5469731584564289e-02
   6.2983803788918519e-02
   6.0628201007866513e-02
   5.8398389372329003e-02
   5.6290041252185383e-02
   5.4299033844217762e-02
   5.2421447213781676e-02
   5.0653561906938198e-02
   4.8991856234351899e-02
   4.7433003314679589e-02
   4.5973867953251611e-02
   4.4611503421400946e-02
   4.3343148192662530e-02
   4.2166222684097074e-02
   4.1078326044055098e-02
   4.0077233021667602e-02
   3.9160890948119351e-02
   3.8327416855232686e-02
   3.7575094752975748e-02
   3.6902373084130718e-02
   3.6307862371446779e-02
   3.5790333070094035e-02
   3.5348713636075620e-02
   3.4982088819393499e-02
   3.4689698189155418e-02
   3.4470934896414535e-02
   3.4325344679313544e-02
   3.4252625114026887e-02
   3.4252625114026887e-02
   3.4325344679313544e-02
   3.4470934896414528e-02
   3.4689698189155418e-02
   3.4982088819393499e-02
   3.5348713636075613e-02
   3.5790333070094035e-02
   3.6307862371446772e-02
   3.6902373084130712e-02
   3.7575094752975741e-02
   3.8327416855232693e-02
   3.9160890948119344e-02
   4.0077233021667602e-02
   4.1078326044055091e-02
   4.2166222684097074e-02
   4.3343148192662530e-02
   4.4611503421400939e-02
   4.5973867953251604e-02
   4.7433003314679582e-02
   4.8991856234351892e-02
   5.0653561906938198e-02
   5.2421447213781669e-02
   5.4299033844217769e-02
   5.6290041252185390e-02
   5.8398389372329003e-02
   6.0628201007866513e-02
   6.2983803788918519e-02
   6.5469731584564289e-02
   6.8090725234399352e-02
   7.0851732445594770e-02
   7.3757906679162502e-02
   7.6814604824069821e-02
