   1.2009402590343494e-01
   1.2696463710370398e-01
   1.3500951989207774e-01
   1.4429759490125868e-01
   1.5490717241458596e-01
   1.6692593767305378e-01
   1.8045077875447721e-01
   1.9558737983760113e-01
   2.1244947877443146e-01
   2.3115765813004990e-01
   2.5183750258494231e-01
   2.7461691273018141e-01
   2.9962231676589041e-01
   3.2697347024082896e-01
   3.5677648560291558e-01
   3.8911469853099717e-01
   4.2403697414014357e-01
   4.6154310960048772e-01
   5.0156613769009073e-01
   5.4395162613168080e-01
   5.8843455404044120e-01
   6.3461507652607518e-01
   6.8193547693995860e-01
   7.2966179778870643e-01
   7.7687485872047046e-01
   8.2247626975938115e-01
   8.6521511681462826e-01
   9.0373963935496460e-01
   9.3667498179254050e-01
   9.6272300381156017e-01
   9.8077400834168649e-01
   9.9001479146283355e-01
   9.9001479146283389e-01
   9.8077400834168760e-01
   9.6272300381156217e-01
   9.3667498179254305e-01
   9.0373963935496771e-01
   8.6521511681463159e-01
   8.2247626975938493e-01
   7.7687485872047457e-01
   7.2966179778871043e-01
   6.8193547693996259e-01
   6.3461507652607929e-01
   5.8843455404044509e-01
   5.4395162613168446e-01
   5.0156613769009428e-01
   4.6154310960049105e-01
   4.2403697414014668e-01
   3.8911469853100000e-01
   3.5677648560291825e-01
   3.2697347024083134e-01
   2.9962231676589257e-01
   2.7461691273018335e-01
   2.5183750258494403e-01
   2.3115765813005146e-01
   2.1244947877443279e-01
   1.9558737983760227e-01
   1.8045077875447818e-01
   1.6692593767305458e-01
   1.5490717241458657e-01
   1.4429759490125915e-01
   1.3500951989207804e-01
   1.2696463710370418e-01
   1.2009402590343500e-01
   1.1135308079457436e-01
   1.0070396508132505e-01
   9.1033236796251901e-02
   8.2250316111874139e-02
   7.4272050613156587e-02
   6.7022243880009338e-02
   6.0431163048271092e-02
   5.4435043209426361e-02
   4.8975600801381018e-02
   4.3999563944437166e-02
   3.9458224617535113e-02
   3.5307015363999349e-02
   3.1505111644947355e-02
   2.8015059856434581e-02
   2.4802430268329158e-02
   2.1835493635092948e-02
   1.9084919901107646e-02
   1.6523497223903706e-02
   1.4125869429114488e-02
   1.1868289962791170e-02
   1.0273129809898394e-02
   9.3208946353517067e-03
   8.4577473810083306e-03
   7.6754406975648171e-03
   6.9664990336340575e-03
   6.3241474271361810e-03
   5.7422469294102973e-03
   5.2152360611419802e-03
   4.7380777526935649e-03
   4.3062112707425481e-03
   3.9155086784801330e-03
   3.5622354182300990e-03
   3.2430146434656738e-03
   2.9547949620816649e-03
   2.6948212846708637e-03
   2.4606085007003922e-03
   2.2499177321174415e-03
   2.0607349382548022e-03
   1.8912516681615871e-03
   1.7398477768470913e-03
   1.6050759405761212e-03
   1.4856478234599425e-03
   1.3804217633037793e-03
   1.2883918591438145e-03
   1.2086783562678177e-03
   1.1405192368882492e-03
   1.0832629361407818e-03
   1.0363621138227807e-03
   9.9936842236666447e-04
   9.7192822105757800e-04
   9.5377919554361773e-04
   9.4474785033573999e-04
   9.4474785033573999e-04
   9.5377919554361752e-04
   9.7192822105757767e-04
   9.9936842236666382e-04
   1.0363621138227803e-03
   1.0832629361407810e-03
   1.1405192368882482e-03
   1.2086783562678166e-03
   1.2883918591438132e-03
   1.3804217633037780e-03
   1.4856478234599407e-03
   1.6050759405761192e-03
   1.7398477768470889e-03
   1.8912516681615847e-03
   2.0607349382547996e-03
   2.2499177321174384e-03
   2.4606085007003887e-03
   2.6948212846708603e-03
   2.9547949620816610e-03
   3.2430146434656699e-03
   3.5622354182300946e-03
   3.9155086784801287e-03
   4.3062112707425437e-03
   4.7380777526935597e-03
   5.2152360611419750e-03
   5.7422469294102938e-03
   6.3241474271361776e-03
   6.9664990336340540e-03
   7.6754406975648136e-03
   8.4577473810083289e-03
   9.3208946353517050e-03
   1.0273129809898394e-02
