   1.8786546691739900e-01
   1.9585054407777169e-01
   2.0482388530020379e-01
   2.1481657448628405e-01
   2.2586097799686158e-01
   2.3798997765387020e-01
   2.5123600731254475e-01
   2.6562985465152250e-01
   2.8119918617282236e-01
   2.9796675106502613e-01
   3.1594821954052738e-01
   3.3514961484822320e-01
   3.5556430713138742e-01
   3.7716955381239614e-01
   3.9992259776496653e-01
   4.2375637387001275e-01
   4.4857492911037178e-01
   4.7424873273094720e-01
   5.0061014090255962e-01
   5.2744938134260311e-01
   5.5451152934826531e-01
   5.8149504348519876e-01
   6.0805249570833386e-01
   6.3379413983279709e-01
   6.5829488392558766e-01
   6.8110503956049073e-01
   7.0176489977381351e-01
   7.1982275719307831e-01
   7.3485545585199863e-01
   7.4649005135390312e-01
   7.5442473766120943e-01
   7.5844699376588898e-01
   7.5844699376588931e-01
   7.5442473766121054e-01
   7.4649005135390489e-01
   7.3485545585200118e-01
   7.1982275719308142e-01
   7.0176489977381740e-01
   6.8110503956049473e-01
   6.5829488392559232e-01
   6.3379413983280175e-01
   6.0805249570833886e-01
   5.8149504348520387e-01
   5.5451152934827030e-01
   5.2744938134260799e-01
   5.0061014090256439e-01
   4.7424873273095186e-01
   4.4857492911037622e-01
   4.2375637387001702e-01
   3.9992259776497052e-01
   3.7716955381239980e-01
   3.5556430713139087e-01
   3.3514961484822636e-01
   3.1594821954053021e-01
   2.9796675106502868e-01
   2.8119918617282463e-01
   2.6562985465152450e-01
   2.5123600731254647e-01
   2.3798997765387161e-01
   2.2586097799686275e-01
   2.1481657448628494e-01
   2.0482388530020446e-01
   1.9585054407777208e-01
   1.8786546691739914e-01
   1.7719582704248879e-01
   1.6383490754010760e-01
   1.5136945948417804e-01
   1.3974324565953269e-01
   1.2890126644290117e-01
   1.1879018585011164e-01
   1.0935862185302368e-01
   1.0055732934694556e-01
   9.2339299101792227e-02
   8.4659791691915870e-02
   7.7476321729772188e-02
   7.0748604663582557e-02
   6.4438475865659081e-02
   5.8509789661912164e-02
   5.2928304264115350e-02
   4.7661557201234342e-02
   4.2678734748673772e-02
   3.7950537976584035e-02
   3.3449047339701651e-02
   2.9147587177553860e-02
   2.6071171875659990e-02
   2.4195828245901718e-02
   2.2460194375016430e-02
   2.0854283554268903e-02
   1.9368848508319467e-02
   1.7995330145815447e-02
   1.6725809833547052e-02
   1.5552965011203507e-02
   1.4470027964161155e-02
   1.3470747574914607e-02
   1.2549353878967356e-02
   1.1700525257638700e-02
   1.0919358107863266e-02
   1.0201338837306114e-02
   9.5423180417233480e-03
   8.9384867302632100e-03
   8.3863544731765348e-03
   7.8827293550786381e-03
   7.4246996254004674e-03
   7.0096169459325022e-03
   6.6350811433674621e-03
   6.2989263824693199e-03
   5.9992086829295972e-03
   5.7341947101195124e-03
   5.5023517768170533e-03
   5.3023389995950961e-03
   5.1329995599176574e-03
   4.9933540261265265e-03
   4.8825946984319074e-03
   4.8000809447719256e-03
   4.7453355010014450e-03
   4.7180417143358327e-03
   4.7180417143358327e-03
   4.7453355010014450e-03
   4.8000809447719265e-03
   4.8825946984319066e-03
   4.9933540261265265e-03
   5.1329995599176592e-03
   5.3023389995950961e-03
   5.5023517768170542e-03
   5.7341947101195133e-03
   5.9992086829295981e-03
   6.2989263824693208e-03
   6.6350811433674639e-03
   7.0096169459325040e-03
   7.4246996254004683e-03
   7.8827293550786381e-03
   8.3863544731765383e-03
   8.9384867302632134e-03
   9.5423180417233498e-03
   1.0201338837306118e-02
   1.0919358107863267e-02
   1.1700525257638702e-02
   1.2549353878967356e-02
   1.3470747574914607e-02
   1.4470027964161154e-02
   1.5552965011203505e-02
   1.6725809833547045e-02
   1.7995330145815440e-02
   1.9368848508319457e-02
   2.0854283554268899e-02
   2.2460194375016427e-02
   2.4195828245901718e-02
   2.6071171875659986e-02
