   1.9204224010437457e-01
   2.0005105970941064e-01
   2.0902730130606656e-01
   2.1899957723714489e-01
   2.2999738699587352e-01
   2.4205033840710424e-01
   2.5518717892639814e-01
   2.6943460223636168e-01
   2.8481579266252716e-01
   3.0134866873546834e-01
   3.1904378842621212e-01
   3.3790188342211486e-01
   3.5791099987276653e-01
   3.7904324023000457e-01
   4.0125112728346329e-01
   4.2446364943818859e-01
   4.4858209753153694e-01
   4.7347586892435811e-01
   4.9897849328255239e-01
   5.2488422251657374e-01
   5.5094561675817189e-01
   5.7687263585732895e-01
   6.0233379300690348e-01
   6.2695992057066963e-01
   6.5035101335820578e-01
   6.7208643087218811e-01
   6.9173844867450773e-01
   7.0888876156910674e-01
   7.2314709633811947e-01
   7.3417065577924878e-01
   7.4168277523931625e-01
   7.4548901634170994e-01
   7.4548901634171072e-01
   7.4168277523931858e-01
   7.3417065577925256e-01
   7.2314709633812468e-01
   7.0888876156911318e-01
   6.9173844867451528e-01
   6.7208643087219655e-01
   6.5035101335821488e-01
   6.2695992057067929e-01
   6.0233379300691359e-01
   5.7687263585733917e-01
   5.5094561675818210e-01
   5.2488422251658373e-01
   4.9897849328256227e-01
   4.7347586892436766e-01
   4.4858209753154604e-01
   4.2446364943819725e-01
   4.0125112728347145e-01
   3.7904324023001223e-01
   3.5791099987277364e-01
   3.3790188342212141e-01
   3.1904378842621817e-01
   3.0134866873547372e-01
   2.8481579266253199e-01
   2.6943460223636589e-01
   2.5518717892640175e-01
   2.4205033840710727e-01
   2.2999738699587599e-01
   2.1899957723714680e-01
   2.0902730130606789e-01
   2.0005105970941142e-01
   1.9204224010437482e-01
   1.8130807133962007e-01
   1.6784384338024899e-01
   1.5526152369898999e-01
   1.4350762458648778e-01
   1.3252951051633438e-01
   1.2227586737933645e-01
   1.1269703312448066e-01
   1.0374521773740092e-01
   9.5374635728840584e-02
   8.7541570160555082e-02
   8.0204383689332873e-02
   7.3323489117451249e-02
   6.6861289441823110e-02
   6.0782095331440272e-02
   5.5052026271597145e-02
   4.9638900236181109e-02
   4.4512115634357856e-02
   3.9642528380062561e-02
   3.5002326213057856e-02
   3.0564901826169510e-02
   2.7389209377264811e-02
   2.5451184730859340e-02
   2.3655555526155763e-02
   2.1992315704269252e-02
   2.0452189055240790e-02
   1.9026579708777601e-02
   1.7707525937186223e-02
   1.6487657112275372e-02
   1.5360153655495824e-02
   1.4318709821209455e-02
   1.3357499155939367e-02
   1.2471142481119458e-02
   1.1654678252744117e-02
   1.0903535158036295e-02
   1.0213506816510721e-02
   9.5807284603841771e-03
   9.0016554770062183e-03
   8.4730437037251905e-03
   7.9919313732729532e-03
   7.5556226152819405e-03
   7.1616724268949447e-03
   6.8078730325633061e-03
   6.4922415600370126e-03
   6.2130089662250617e-03
   5.9686101530479095e-03
   5.7576752196236668e-03
   5.5790218031377082e-03
   5.4316484665571365e-03
   5.3147290969844940e-03
   5.2276082839192639e-03
   5.1697976520316182e-03
   5.1409731282728117e-03
   5.1409731282728117e-03
   5.1697976520316182e-03
   5.2276082839192630e-03
   5.3147290969844949e-03
   5.4316484665571357e-03
   5.5790218031377065e-03
   5.7576752196236650e-03
   5.9686101530479095e-03
   6.2130089662250599e-03
   6.4922415600370117e-03
   6.8078730325633044e-03
   7.1616724268949439e-03
   7.5556226152819388e-03
   7.9919313732729515e-03
   8.4730437037251870e-03
   9.0016554770062165e-03
   9.5807284603841754e-03
   1.0213506816510721e-02
   1.0903535158036295e-02
   1.1654678252744119e-02
   1.2471142481119460e-02
   1.3357499155939369e-02
   1.4318709821209459e-02
   1.5360153655495829e-02
   1.6487657112275376e-02
   1.7707525937186230e-02
   1.9026579708777608e-02
   2.0452189055240794e-02
   2.1992315704269256e-02
   2.3655555526155767e-02
   2.5451184730859347e-02
   2.7389209377264814e-02
