   2.1099206995054948e-01
   2.1902679983153811e-01
   2.2791877305382324e-01
   2.3768533094106595e-01
   2.4834311550573199e-01
   2.5990729160523501e-01
   2.7239061867499087e-01
   2.8580235297707141e-01
   3.0014696223545256e-01
   3.1542263713885038e-01
   3.3161958911255518e-01
   3.4871813173736110e-01
   3.6668655505439796e-01
   3.8547881858125427e-01
   4.0503211091385755e-01
   4.2526435174592886e-01
   4.4607174589622572e-01
   4.6732653749612552e-01
   4.8887515358231931e-01
   5.1053696603338272e-01
   5.3210393324220795e-01
   5.5334140038547242e-01
   5.7399033047311976e-01
   5.9377119808456413e-01
   6.1238969596941339e-01
   6.2954427778878819e-01
   6.4493539141119016e-01
   6.5827605881772333e-01
   6.6930325337211682e-01
   6.7778934400806223e-01
   6.8355275369463075e-01
   6.8646694793433882e-01
   6.8646694793433893e-01
   6.8355275369463153e-01
   6.7778934400806368e-01
   6.6930325337211882e-01
   6.5827605881772577e-01
   6.4493539141119305e-01
   6.2954427778879152e-01
   6.1238969596941706e-01
   5.9377119808456791e-01
   5.7399033047312364e-01
   5.5334140038547641e-01
   5.3210393324221206e-01
   5.1053696603338683e-01
   4.8887515358232331e-01
   4.6732653749612946e-01
   4.4607174589622950e-01
   4.2526435174593247e-01
   4.0503211091386104e-01
   3.8547881858125749e-01
   3.6668655505440106e-01
   3.4871813173736399e-01
   3.3161958911255784e-01
   3.1542263713885282e-01
   3.0014696223545473e-01
   2.8580235297707329e-01
   2.7239061867499248e-01
   2.5990729160523640e-01
   2.4834311550573313e-01
   2.3768533094106681e-01
   2.2791877305382385e-01
   2.1902679983153847e-01
   2.1099206995054959e-01
   2.0006598395654776e-01
   1.8625290822503271e-01
   1.7324563885245614e-01
   1.6100410332389417e-01
   1.4948737059842845e-01
   1.3865428592016110e-01
   1.2846396261171433e-01
   1.1887615489952441e-01
   1.0985153267765325e-01
   1.0135187613031595e-01
   9.3340205393474443e-02
   8.5780857985604891e-02
   7.8639524588363027e-02
   7.1883251900635603e-02
   6.5480419703965287e-02
   5.9400697937180676e-02
   5.3614988454646878e-02
   4.8095355207471893e-02
   4.2814945813483420e-02
   3.7747906845462226e-02
   3.4111209164312283e-02
   3.1880712215266026e-02
   2.9803849432148893e-02
   2.7870685948628036e-02
   2.6071960914857875e-02
   2.4399046673964166e-02
   2.2843910254959698e-02
   2.1399077135737934e-02
   2.0057597214624679e-02
   1.8813012918368569e-02
   1.7659329367468706e-02
   1.6590986515603843e-02
   1.5602833178022241e-02
   1.4690102863576448e-02
   1.3848391326242101e-02
   1.3073635754125734e-02
   1.2362095516888352e-02
   1.1710334395988025e-02
   1.1115204226017210e-02
   1.0573829879554745e-02
   1.0083595532272394e-02
   9.6421321494578136e-03
   9.2473061395843582e-03
   8.8972091250322117e-03
   8.5901487845157238e-03
   8.3246407261785577e-03
   8.0994013546686235e-03
   7.9133416997923742e-03
   7.7655621785707174e-03
   7.6553482666784087e-03
   7.5821670593498314e-03
   7.5456647058834547e-03
   7.5456647058834547e-03
   7.5821670593498314e-03
   7.6553482666784078e-03
   7.7655621785707165e-03
   7.9133416997923742e-03
   8.0994013546686235e-03
   8.3246407261785577e-03
   8.5901487845157238e-03
   8.8972091250322117e-03
   9.2473061395843582e-03
   9.6421321494578119e-03
   1.0083595532272392e-02
   1.0573829879554745e-02
   1.1115204226017208e-02
   1.1710334395988025e-02
   1.2362095516888353e-02
   1.3073635754125736e-02
   1.3848391326242101e-02
   1.4690102863576448e-02
   1.5602833178022239e-02
   1.6590986515603843e-02
   1.7659329367468706e-02
   1.8813012918368566e-02
   2.0057597214624683e-02
   2.1399077135737934e-02
   2.2843910254959698e-02
   2.4399046673964166e-02
   2.6071960914857875e-02
   2.7870685948628040e-02
   2.9803849432148897e-02
   3.1880712215266026e-02
   3.4111209164312283e-02
