   2.5854012092303080e-01
   2.6509035690304894e-01
   2.7195873781716401e-01
   2.7913416913109068e-01
   2.8660347488780979e-01
   2.9435117314442677e-01
   3.0235925024553983e-01
   3.1060693875752543e-01
   3.1907050493634259e-01
   3.2772305270282776e-01
   3.3653435221213440e-01
   3.4547070217108317e-01
   3.5449483600575327e-01
   3.6356588272268214e-01
   3.7263939373731281e-01
   3.8166744694917309e-01
   3.9059883880709922e-01
   3.9937937391736988e-01
   4.0795225980809019e-01
   4.1625861171163447e-01
   4.2423806864811758e-01
   4.3182951773442907e-01
   4.3897191862894569e-01
   4.4560521455883101e-01
   4.5167131075547123e-01
   4.5711509570790398e-01
   4.6188547584927470e-01
   4.6593639055104813e-01
   4.6922777202379989e-01
   4.7172641425100459e-01
   4.7340671663550332e-01
   4.7425127168429793e-01
   4.7425127168429793e-01
   4.7340671663550338e-01
   4.7172641425100459e-01
   4.6922777202379989e-01
   4.6593639055104813e-01
   4.6188547584927464e-01
   4.5711509570790398e-01
   4.5167131075547123e-01
   4.4560521455883101e-01
   4.3897191862894575e-01
   4.3182951773442907e-01
   4.2423806864811758e-01
   4.1625861171163447e-01
   4.0795225980809019e-01
   3.9937937391736988e-01
   3.9059883880709922e-01
   3.8166744694917309e-01
   3.7263939373731281e-01
   3.6356588272268214e-01
   3.5449483600575327e-01
   3.4547070217108317e-01
   3.3653435221213440e-01
   3.2772305270282776e-01
   3.1907050493634259e-01
   3.1060693875752543e-01
   3.0235925024553989e-01
   2.9435117314442683e-01
   2.8660347488780985e-01
   2.7913416913109074e-01
   2.7195873781716406e-01
   2.6509035690304900e-01
   2.5854012092303086e-01
   2.4909014021718578e-01
   2.3676418394561016e-01
   2.2480035611485527e-01
   2.1320518547556255e-01
   2.0198131305426220e-01
   1.9112801706364069e-01
   1.8064169396654894e-01
   1.7051629425620513e-01
   1.6074371311796296e-01
   1.5131413731551496e-01
   1.4221635046825370e-01
   1.3343799942404111e-01
   1.2496582474325714e-01
   1.1678585844812110e-01
   1.0888359220009751e-01
   1.0124411898407011e-01
   9.3852251230131634e-02
   8.6692618115309525e-02
   7.9749744576040338e-02
   7.3008114341037836e-02
   6.8121107924938792e-02
   6.5070929707223266e-02
   6.2181680804003214e-02
   5.9446656408191682e-02
   5.6859454246450301e-02
   5.4413970698260566e-02
   5.2104395977574477e-02
   4.9925208592939051e-02
   4.7871169270312638e-02
   4.5937314495288477e-02
   4.4118949807624007e-02
   4.2411642960405511e-02
   4.0811217038457678e-02
   3.9313743615382486e-02
   3.7915536015565361e-02
   3.6613142736336951e-02
   3.5403341075979658e-02
   3.4283131005199620e-02
   3.3249729312856323e-02
   3.2300564050984339e-02
   3.1433269299308786e-02
   3.0645680265418949e-02
   2.9935828733411187e-02
   2.9301938871045499e-02
   2.8742423403194571e-02
   2.8255880157525746e-02
   2.7841088986880431e-02
   2.7497009071645543e-02
   2.7222776604497814e-02
   2.7017702859200445e-02
   2.6881272644604149e-02
   2.6813143144615699e-02
   2.6813143144615696e-02
   2.6881272644604146e-02
   2.7017702859200441e-02
   2.7222776604497810e-02
   2.7497009071645540e-02
   2.7841088986880421e-02
   2.8255880157525740e-02
   2.8742423403194564e-02
   2.9301938871045492e-02
   2.9935828733411177e-02
   3.0645680265418935e-02
   3.1433269299308772e-02
   3.2300564050984325e-02
   3.3249729312856309e-02
   3.4283131005199599e-02
   3.5403341075979637e-02
   3.6613142736336937e-02
   3.7915536015565340e-02
   3.9313743615382465e-02
   4.0811217038457658e-02
   4.2411642960405498e-02
   4.4118949807623993e-02
   4.5937314495288463e-02
   4.7871169270312632e-02
   4.9925208592939044e-02
   5.2104395977574477e-02
   5.4413970698260559e-02
   5.6859454246450308e-02
   5.9446656408191689e-02
   6.2181680804003214e-02
   6.5070929707223266e-02
   6.8121107924938806e-02
