   2.3600231405356983e-01
   2.4378482820301611e-01
   2.5222758795798422e-01
   2.6133309794244042e-01
   2.7110172667247645e-01
   2.8153108072739114e-01
   2.9261529957368654e-01
   3.0434426932856290e-01
   3.1670275660583491e-01
   3.2966946751032272e-01
   3.4321604200990385e-01
   3.5730600045970023e-01
   3.7189366705763210e-01
   3.8692310444247141e-01
   4.0232710430740248e-01
   4.1802629036943650e-01
   4.3392840159304408e-01
   4.4992783415846838e-01
   4.6590552887000231e-01
   4.8172929475878995e-01
   4.9725465755643433e-01
   5.1232631147404450e-01
   5.2678023256383255e-01
   5.4044648079070567e-01
   5.5315267585512362e-01
   5.6472808040105316e-01
   5.7500816697458490e-01
   5.8383948728912527e-01
   5.9108461081205399e-01
   5.9662686191763581e-01
   6.0037456787564303e-01
   6.0226453894972110e-01
   6.0226453894972110e-01
   6.0037456787564303e-01
   5.9662686191763581e-01
   5.9108461081205388e-01
   5.8383948728912527e-01
   5.7500816697458490e-01
   5.6472808040105305e-01
   5.5315267585512362e-01
   5.4044648079070567e-01
   5.2678023256383244e-01
   5.1232631147404439e-01
   4.9725465755643428e-01
   4.8172929475878989e-01
   4.6590552887000231e-01
   4.4992783415846832e-01
   4.3392840159304402e-01
   4.1802629036943645e-01
   4.0232710430740243e-01
   3.8692310444247136e-01
   3.7189366705763210e-01
   3.5730600045970023e-01
   3.4321604200990380e-01
   3.2966946751032272e-01
   3.1670275660583491e-01
   3.0434426932856284e-01
   2.9261529957368654e-01
   2.8153108072739114e-01
   2.7110172667247645e-01
   2.6133309794244042e-01
   2.5222758795798422e-01
   2.4378482820301611e-01
   2.3600231405356983e-01
   2.2518028471470561e-01
   2.1133462459252339e-01
   1.9814522766691539e-01
   1.8559253936686754e-01
   1.7365410336111192e-01
   1.6230530272631682e-01
   1.5151997962280672e-01
   1.4127094751230657e-01
   1.3153040947484645e-01
   1.2227029531793882e-01
   1.1346252908720651e-01
   1.0507923740413413e-01
   9.7092907857165817e-02
   8.9476505512443530e-02
   8.2203554524489714e-02
   7.5248190834244624e-02
   6.8585191050473157e-02
   6.2189981821758493e-02
   5.6038633316484433e-02
   5.0107839830905020e-02
   4.5834287356014483e-02
   4.3194918682841227e-02
   4.0720467060761177e-02
   3.8401648090072668e-02
   3.6229735114068025e-02
   3.4196532655188204e-02
   3.2294350708808782e-02
   3.0515979995105105e-02
   2.8854668239881403e-02
   2.7304097531438601e-02
   2.5858362781522450e-02
   2.4511951303313986e-02
   2.3259723507611869e-02
   2.2096894709235503e-02
   2.1019018028770556e-02
   2.0021968369685755e-02
   1.9101927447240947e-02
   1.8255369843206935e-02
   1.7479050059000877e-02
   1.6769990539220004e-02
   1.6125470637576769e-02
   1.5543016497774158e-02
   1.5020391822806881e-02
   1.4555589507448270e-02
   1.4146824110215119e-02
   1.3792525142837872e-02
   1.3491331157156514e-02
   1.3242084611377545e-02
   1.3043827499735669e-02
   1.2895797731782661e-02
   1.2797426249757443e-02
   1.2748334874761492e-02
   1.2748334874761492e-02
   1.2797426249757443e-02
   1.2895797731782664e-02
   1.3043827499735672e-02
   1.3242084611377549e-02
   1.3491331157156519e-02
   1.3792525142837877e-02
   1.4146824110215122e-02
   1.4555589507448273e-02
   1.5020391822806886e-02
   1.5543016497774164e-02
   1.6125470637576775e-02
   1.6769990539220014e-02
   1.7479050059000887e-02
   1.8255369843206942e-02
   1.9101927447240957e-02
   2.0021968369685766e-02
   2.1019018028770566e-02
   2.2096894709235509e-02
   2.3259723507611872e-02
   2.4511951303313989e-02
   2.5858362781522457e-02
   2.7304097531438604e-02
   2.8854668239881403e-02
   3.0515979995105105e-02
   3.2294350708808775e-02
   3.4196532655188204e-02
   3.6229735114068018e-02
   3.8401648090072668e-02
   4.0720467060761170e-02
   4.3194918682841227e-02
   4.5834287356014476e-02
