   2.5575599829498108e-01
   2.6114207055486333e-01
   2.6668123602591864e-01
   2.7236171214845661e-01
   2.7817043270695430e-01
   2.8409298517723947e-01
   2.9011355676802053e-01
   2.9621489152902841e-01
   3.0237826107699284e-01
   3.0858345162803713e-01
   3.1480877010538638e-01
   3.2103107209795240e-01
   3.2722581436129261e-01
   3.3336713436101728e-01
   3.3942795904494055e-01
   3.4538014458216010e-01
   3.5119464821741564e-01
   3.5684173265633568e-01
   3.6229120252812053e-01
   3.6751267148253630e-01
   3.7247585739354150e-01
   3.7715090199852197e-01
   3.8150871014591320e-01
   3.8552130270932283e-01
   3.8916217621352167e-01
   3.9240666136987196e-01
   3.9523227209733613e-01
   3.9761903626527562e-01
   3.9954979937970897e-01
   4.0101049277372486e-01
   4.0199035856406623e-01
   4.0248212468644951e-01
   4.0248212468644945e-01
   4.0199035856406617e-01
   4.0101049277372475e-01
   3.9954979937970875e-01
   3.9761903626527539e-01
   3.9523227209733580e-01
   3.9240666136987162e-01
   3.8916217621352128e-01
   3.8552130270932239e-01
   3.8150871014591270e-01
   3.7715090199852147e-01
   3.7247585739354094e-01
   3.6751267148253564e-01
   3.6229120252811992e-01
   3.5684173265633501e-01
   3.5119464821741503e-01
   3.4538014458215943e-01
   3.3942795904493983e-01
   3.3336713436101656e-01
   3.2722581436129189e-01
   3.2103107209795168e-01
   3.1480877010538566e-01
   3.0858345162803641e-01
   3.0237826107699223e-01
   2.9621489152902780e-01
   2.9011355676802003e-01
   2.8409298517723897e-01
   2.7817043270695396e-01
   2.7236171214845634e-01
   2.6668123602591842e-01
   2.6114207055486321e-01
   2.5575599829498108e-01
   2.4782528868758552e-01
   2.3737061343112642e-01
   2.2711657651944195e-01
   2.1707614522089827e-01
   2.0725923909995203e-01
   1.9767301703682127e-01
   1.8832215578290559e-01
   1.7920911621950672e-01
   1.7033439458900138e-01
   1.6169675689789031e-01
   1.5329345545879525e-01
   1.4512042715707321e-01
   1.3717247351352993e-01
   1.2944342298509148e-01
   1.2192627621749021e-01
   1.1461333515440772e-01
   1.0749631703108870e-01
   1.0056645435055150e-01
   9.3814581968803518e-02
   8.7231212411839079e-02
   8.2442069472023954e-02
   7.9434301227989862e-02
   7.6567861118840536e-02
   7.3838309232807889e-02
   7.1241350013792309e-02
   6.8772837467914183e-02
   6.6428779117340062e-02
   6.4205338879024923e-02
   6.2098839026309659e-02
   6.0105761373478957e-02
   5.8222747807297803e-02
   5.6446600275082505e-02
   5.4774280325895271e-02
   5.3202908289859040e-02
   5.1729762170248009e-02
   5.0352276313806149e-02
   4.9068039916571125e-02
   4.7874795415233540e-02
   4.6770436807645935e-02
   4.5753007940426041e-02
   4.4820700796593275e-02
   4.3971853811763759e-02
   4.3204950243539070e-02
   4.2518616615297052e-02
   4.1911621252573410e-02
   4.1382872927559322e-02
   4.0931419624887784e-02
   4.0556447439796361e-02
   4.0257279617899475e-02
   4.0033375744142508e-02
   3.9884331087011456e-02
   3.9809876102704027e-02
   3.9809876102704027e-02
   3.9884331087011456e-02
   4.0033375744142508e-02
   4.0257279617899475e-02
   4.0556447439796355e-02
   4.0931419624887784e-02
   4.1382872927559322e-02
   4.1911621252573403e-02
   4.2518616615297045e-02
   4.3204950243539063e-02
   4.3971853811763752e-02
   4.4820700796593269e-02
   4.5753007940426041e-02
   4.6770436807645935e-02
   4.7874795415233526e-02
   4.9068039916571111e-02
   5.0352276313806142e-02
   5.1729762170248009e-02
   5.3202908289859033e-02
   5.4774280325895257e-02
   5.6446600275082505e-02
   5.8222747807297803e-02
   6.0105761373478950e-02
   6.2098839026309652e-02
   6.4205338879024909e-02
   6.6428779117340048e-02
   6.8772837467914169e-02
   7.1241350013792296e-02
   7.3838309232807875e-02
   7.6567861118840522e-02
   7.9434301227989834e-02
   8.2442069472023954e-02
