   5.3611878800864554e-01
   5.1816813382317106e-01
   4.9978858563113637e-01
   4.8117560847668739e-01
   4.6250725235376672e-01
   4.4394273120401850e-01
   4.2562188444970445e-01
   4.0766536370506168e-01
   3.9017538307676192e-01
   3.7323687977381453e-01
   3.5691894822426584e-01
   3.4127643174661659e-01
   3.2635157807227688e-01
   3.1217568654541633e-01
   2.9877069429912068e-01
   2.8615066541478434e-01
   2.7432316077787083e-01
   2.6329047712868864e-01
   2.5305075194527837e-01
   2.4359893665701968e-01
   2.3492764467137001e-01
   2.2702788318717704e-01
   2.1988967911210944e-01
   2.1350260989417685e-01
   2.0785624996006771e-01
   2.0294054291762076e-01
   1.9874610887273389e-01
   1.9526449524084469e-01
   1.9248837837695032e-01
   1.9041172225823491e-01
   1.8902989936268538e-01
   1.8833977781387651e-01
   1.8833977781387648e-01
   1.8902989936268538e-01
   1.9041172225823491e-01
   1.9248837837695026e-01
   1.9526449524084463e-01
   1.9874610887273381e-01
   2.0294054291762070e-01
   2.0785624996006760e-01
   2.1350260989417671e-01
   2.1988967911210933e-01
   2.2702788318717690e-01
   2.3492764467136984e-01
   2.4359893665701948e-01
   2.5305075194527815e-01
   2.6329047712868847e-01
   2.7432316077787061e-01
   2.8615066541478407e-01
   2.9877069429912040e-01
   3.1217568654541605e-01
   3.2635157807227660e-01
   3.4127643174661637e-01
   3.5691894822426562e-01
   3.7323687977381426e-01
   3.9017538307676175e-01
   4.0766536370506157e-01
   4.2562188444970439e-01
   4.4394273120401834e-01
   4.6250725235376666e-01
   4.8117560847668739e-01
   4.9978858563113637e-01
   5.1816813382317106e-01
   5.3611878800864554e-01
   5.6240761337495992e-01
   5.9665325476821141e-01
   6.2934239904937206e-01
   6.5988532967733915e-01
   6.8765820432254920e-01
   7.1202972412611854e-01
   7.3239355796275729e-01
   7.4820423481173060e-01
   7.5901316453445200e-01
   7.6450078156266044e-01
   7.6450078156266044e-01
   7.5901316453445200e-01
   7.4820423481173060e-01
   7.3239355796275718e-01
   7.1202972412611831e-01
   6.8765820432254909e-01
   6.5988532967733882e-01
   6.2934239904937173e-01
   5.9665325476821118e-01
   5.6240761337495959e-01
   5.3611878800864532e-01
   5.1816813382317084e-01
   4.9978858563113621e-01
   4.8117560847668717e-01
   4.6250725235376650e-01
   4.4394273120401823e-01
   4.2562188444970422e-01
   4.0766536370506146e-01
   3.9017538307676164e-01
   3.7323687977381426e-01
   3.5691894822426562e-01
   3.4127643174661637e-01
   3.2635157807227666e-01
   3.1217568654541616e-01
   2.9877069429912045e-01
   2.8615066541478412e-01
   2.7432316077787067e-01
   2.6329047712868847e-01
   2.5305075194527821e-01
   2.4359893665701954e-01
   2.3492764467136987e-01
   2.2702788318717690e-01
   2.1988967911210933e-01
   2.1350260989417671e-01
   2.0785624996006760e-01
   2.0294054291762068e-01
   1.9874610887273378e-01
   1.9526449524084460e-01
   1.9248837837695021e-01
   1.9041172225823486e-01
   1.8902989936268533e-01
   1.8833977781387642e-01
   1.8833977781387642e-01
   1.8902989936268533e-01
   1.9041172225823486e-01
   1.9248837837695024e-01
   1.9526449524084460e-01
   1.9874610887273375e-01
   2.0294054291762065e-01
   2.0785624996006757e-01
   2.1350260989417669e-01
   2.1988967911210927e-01
   2.2702788318717687e-01
   2.3492764467136984e-01
   2.4359893665701948e-01
   2.5305075194527815e-01
   2.6329047712868847e-01
   2.7432316077787061e-01
   2.8615066541478407e-01
   2.9877069429912040e-01
   3.1217568654541611e-01
   3.2635157807227655e-01
   3.4127643174661632e-01
   3.5691894822426556e-01
   3.7323687977381415e-01
   3.9017538307676158e-01
   4.0766536370506140e-01
   4.2562188444970411e-01
   4.4394273120401817e-01
   4.6250725235376638e-01
   4.8117560847668711e-01
   4.9978858563113610e-01
   5.1816813382317073e-01
   5.3611878800864521e-01
