   5.2638428684151306e-01
   4.9670562286021586e-01
   4.6771282011411336e-01
   4.3961794006114502e-01
   4.1258306770549735e-01
   3.8672625113482662e-01
   3.6212773279524318e-01
   3.3883606321802900e-01
   3.1687382617546228e-01
   2.9624281612842657e-01
   2.7692859351990540e-01
   2.5890440357501576e-01
   2.4213448397611365e-01
   2.2657681063911136e-01
   2.1218534303858799e-01
   1.9891183466882562e-01
   1.8670727309047705e-01
   1.7552300969664977e-01
   1.6531163333441529e-01
   1.5602763525544097e-01
   1.4762790619732841e-01
   1.4007210010734208e-01
   1.3332289332176675e-01
   1.2734616299434939e-01
   1.2211110423580072e-01
   1.1759030174646509e-01
   1.1375976863430770e-01
   1.1059896253745924e-01
   1.0809078703935042e-01
   1.0622158460211811e-01
   1.0498112578267201e-01
   1.0436259827377081e-01
   1.0436259827377083e-01
   1.0498112578267201e-01
   1.0622158460211813e-01
   1.0809078703935043e-01
   1.1059896253745925e-01
   1.1375976863430771e-01
   1.1759030174646511e-01
   1.2211110423580075e-01
   1.2734616299434942e-01
   1.3332289332176678e-01
   1.4007210010734214e-01
   1.4762790619732843e-01
   1.5602763525544103e-01
   1.6531163333441529e-01
   1.7552300969664980e-01
   1.8670727309047702e-01
   1.9891183466882562e-01
   2.1218534303858794e-01
   2.2657681063911134e-01
   2.4213448397611359e-01
   2.5890440357501571e-01
   2.7692859351990529e-01
   2.9624281612842646e-01
   3.1687382617546223e-01
   3.3883606321802889e-01
   3.6212773279524318e-01
   3.8672625113482662e-01
   4.1258306770549735e-01
   4.3961794006114507e-01
   4.6771282011411341e-01
   4.9670562286021597e-01
   5.2638428684151306e-01
   5.7208995694878584e-01
   6.3330161917386629e-01
   6.9346551664493639e-01
   7.5137501466455614e-01
   8.0558450341227894e-01
   8.5446717960957241e-01
   8.9631305143260898e-01
   9.2946417472400911e-01
   9.5247381916048812e-01
   9.6426602993384802e-01
   9.6426602993385768e-01
   9.5247381916051665e-01
   9.2946417472405496e-01
   8.9631305143267015e-01
   8.5446717960964647e-01
   8.0558450341236298e-01
   7.5137501466464740e-01
   6.9346551664503242e-01
   6.3330161917396499e-01
   5.7208995694888520e-01
   5.2638428684161220e-01
   4.9670562286031372e-01
   4.6771282011420912e-01
   4.3961794006123811e-01
   4.1258306770558723e-01
   3.8672625113491305e-01
   3.6212773279532584e-01
   3.3883606321810777e-01
   3.1687382617553722e-01
   2.9624281612849762e-01
   2.7692859351997268e-01
   2.5890440357507943e-01
   2.4213448397617376e-01
   2.2657681063916812e-01
   2.1218534303864156e-01
   1.9891183466887621e-01
   1.8670727309052487e-01
   1.7552300969669501e-01
   1.6531163333445809e-01
   1.5602763525548161e-01
   1.4762790619736701e-01
   1.4007210010737889e-01
   1.3332289332180189e-01
   1.2734616299438309e-01
   1.2211110423583313e-01
   1.1759030174649637e-01
   1.1375976863433804e-01
   1.1059896253748880e-01
   1.0809078703937935e-01
   1.0622158460214662e-01
   1.0498112578270018e-01
   1.0436259827379883e-01
   1.0436259827379883e-01
   1.0498112578270018e-01
   1.0622158460214662e-01
   1.0809078703937940e-01
   1.1059896253748884e-01
   1.1375976863433809e-01
   1.1759030174649643e-01
   1.2211110423583318e-01
   1.2734616299438314e-01
   1.3332289332180197e-01
   1.4007210010737894e-01
   1.4762790619736710e-01
   1.5602763525548172e-01
   1.6531163333445817e-01
   1.7552300969669510e-01
   1.8670727309052493e-01
   1.9891183466887630e-01
   2.1218534303864164e-01
   2.2657681063916821e-01
   2.4213448397617382e-01
   2.5890440357507949e-01
   2.7692859351997273e-01
   2.9624281612849768e-01
   3.1687382617553733e-01
   3.3883606321810789e-01
   3.6212773279532595e-01
   3.8672625113491305e-01
   4.1258306770558734e-01
   4.3961794006123811e-01
   4.6771282011420917e-01
   4.9670562286031372e-01
   5.2638428684161220e-01
