   5.3106301603248296e-01
   5.1623051542814347e-01
   5.0083875433520342e-01
   4.8505554300688697e-01
   4.6903871206905179e-01
   4.5293414342604654e-01
   4.3687448750183794e-01
   4.2097849440922858e-01
   4.0535086904594675e-01
   3.9008255272080011e-01
   3.7525133460758131e-01
   3.6092270284555777e-01
   3.4715085533250278e-01
   3.3397980238985031e-01
   3.2144450611875758e-01
   3.0957201341178725e-01
   2.9838255059796642e-01
   2.8789055723281104e-01
   2.7810564447440189e-01
   2.6903346984047893e-01
   2.6067652504538680e-01
   2.5303483724757975e-01
   2.4610658659635143e-01
   2.3988864464678292e-01
   2.3437703919570285e-01
   2.2956735153750854e-01
   2.2545505218077511e-01
   2.2203578081360326e-01
   2.1930557584361529e-01
   2.1726105823323646e-01
   2.1589957365123377e-01
   2.1521929620235949e-01
   2.1521929620235949e-01
   2.1589957365123377e-01
   2.1726105823323649e-01
   2.1930557584361529e-01
   2.2203578081360328e-01
   2.2545505218077513e-01
   2.2956735153750860e-01
   2.3437703919570285e-01
   2.3988864464678294e-01
   2.4610658659635146e-01
   2.5303483724757980e-01
   2.6067652504538680e-01
   2.6903346984047893e-01
   2.7810564447440189e-01
   2.8789055723281104e-01
   2.9838255059796642e-01
   3.0957201341178725e-01
   3.2144450611875763e-01
   3.3397980238985037e-01
   3.4715085533250278e-01
   3.6092270284555777e-01
   3.7525133460758137e-01
   3.9008255272080017e-01
   4.0535086904594675e-01
   4.2097849440922858e-01
   4.3687448750183799e-01
   4.5293414342604660e-01
   4.6903871206905184e-01
   4.8505554300688697e-01
   5.0083875433520353e-01
   5.1623051542814347e-01
   5.3106301603248307e-01
   5.5247234679183632e-01
   5.8014391000557308e-01
   6.0635033629604917e-01
   6.3064836767342947e-01
   6.5258242646664799e-01
   6.7170293560313243e-01
   6.8758729481045433e-01
   6.9986205576819260e-01
   7.0822439863519826e-01
   7.1246079020042385e-01
   7.1246079020042385e-01
   7.0822439863519793e-01
   6.9986205576819194e-01
   6.8758729481045355e-01
   6.7170293560313166e-01
   6.5258242646664699e-01
   6.3064836767342825e-01
   6.0635033629604784e-01
   5.8014391000557153e-01
   5.5247234679183466e-01
   5.3106301603248152e-01
   5.1623051542814169e-01
   5.0083875433520153e-01
   4.8505554300688491e-01
   4.6903871206904962e-01
   4.5293414342604427e-01
   4.3687448750183561e-01
   4.2097849440922613e-01
   4.0535086904594425e-01
   3.9008255272079762e-01
   3.7525133460757876e-01
   3.6092270284555522e-01
   3.4715085533250017e-01
   3.3397980238984776e-01
   3.2144450611875502e-01
   3.0957201341178464e-01
   2.9838255059796387e-01
   2.8789055723280849e-01
   2.7810564447439934e-01
   2.6903346984047638e-01
   2.6067652504538430e-01
   2.5303483724757730e-01
   2.4610658659634899e-01
   2.3988864464678047e-01
   2.3437703919570041e-01
   2.2956735153750615e-01
   2.2545505218077269e-01
   2.2203578081360087e-01
   2.1930557584361290e-01
   2.1726105823323408e-01
   2.1589957365123139e-01
   2.1521929620235705e-01
   2.1521929620235705e-01
   2.1589957365123136e-01
   2.1726105823323402e-01
   2.1930557584361285e-01
   2.2203578081360079e-01
   2.2545505218077258e-01
   2.2956735153750604e-01
   2.3437703919570027e-01
   2.3988864464678031e-01
   2.4610658659634879e-01
   2.5303483724757708e-01
   2.6067652504538408e-01
   2.6903346984047616e-01
   2.7810564447439906e-01
   2.8789055723280821e-01
   2.9838255059796359e-01
   3.0957201341178436e-01
   3.2144450611875480e-01
   3.3397980238984754e-01
   3.4715085533249995e-01
   3.6092270284555500e-01
   3.7525133460757853e-01
   3.9008255272079745e-01
   4.0535086904594408e-01
   4.2097849440922597e-01
   4.3687448750183550e-01
   4.5293414342604416e-01
   4.6903871206904957e-01
   4.8505554300688486e-01
   5.0083875433520153e-01
   5.1623051542814169e-01
   5.3106301603248152e-01
