   5.1536580615585315e-01
   5.0509367386795212e-01
   4.9421075763388167e-01
   4.8283382364862665e-01
   4.7107770312018826e-01
   4.5905346293590082e-01
   4.4686691486189656e-01
   4.3461746731214407e-01
   4.2239730687329247e-01
   4.1029088398131136e-01
   3.9837466843655434e-01
   3.8671713548467174e-01
   3.7537894142572942e-01
   3.6441324847692652e-01
   3.5386616122228343e-01
   3.4377724080156208e-01
   3.3418006747590689e-01
   3.2510282692271458e-01
   3.1656890023066936e-01
   3.0859744186262777e-01
   3.0120393369039156e-01
   2.9440070651154943e-01
   2.8819742321637787e-01
   2.8260152000024458e-01
   2.7761860375519448e-01
   2.7325280507745237e-01
   2.6950708725477451e-01
   2.6638351220829343e-01
   2.6388346471366769e-01
   2.6200783636665387e-01
   2.6075717073318194e-01
   2.6013177097203460e-01
   2.6013177097203455e-01
   2.6075717073318189e-01
   2.6200783636665376e-01
   2.6388346471366758e-01
   2.6638351220829332e-01
   2.6950708725477435e-01
   2.7325280507745214e-01
   2.7761860375519426e-01
   2.8260152000024424e-01
   2.8819742321637754e-01
   2.9440070651154904e-01
   3.0120393369039117e-01
   3.0859744186262739e-01
   3.1656890023066886e-01
   3.2510282692271419e-01
   3.3418006747590645e-01
   3.4377724080156169e-01
   3.5386616122228298e-01
   3.6441324847692613e-01
   3.7537894142572897e-01
   3.8671713548467129e-01
   3.9837466843655400e-01
   4.1029088398131097e-01
   4.2239730687329213e-01
   4.3461746731214373e-01
   4.4686691486189623e-01
   4.5905346293590055e-01
   4.7107770312018804e-01
   4.8283382364862643e-01
   4.9421075763388150e-01
   5.0509367386795201e-01
   5.1536580615585303e-01
   5.2986044528236609e-01
   5.4836852114378276e-01
   5.6568861200588949e-01
   5.8156488994873035e-01
   5.9574497998207976e-01
   6.0798861293621931e-01
   6.1807677952587226e-01
   6.2582081799862566e-01
   6.3107079016633139e-01
   6.3372248920647600e-01
   6.3372248920647589e-01
   6.3107079016633127e-01
   6.2582081799862554e-01
   6.1807677952587203e-01
   6.0798861293621898e-01
   5.9574497998207943e-01
   5.8156488994873001e-01
   5.6568861200588905e-01
   5.4836852114378243e-01
   5.2986044528236564e-01
   5.1536580615585270e-01
   5.0509367386795156e-01
   4.9421075763388117e-01
   4.8283382364862598e-01
   4.7107770312018760e-01
   4.5905346293590016e-01
   4.4686691486189589e-01
   4.3461746731214340e-01
   4.2239730687329180e-01
   4.1029088398131069e-01
   3.9837466843655367e-01
   3.8671713548467107e-01
   3.7537894142572881e-01
   3.6441324847692597e-01
   3.5386616122228287e-01
   3.4377724080156152e-01
   3.3418006747590634e-01
   3.2510282692271408e-01
   3.1656890023066886e-01
   3.0859744186262739e-01
   3.0120393369039117e-01
   2.9440070651154904e-01
   2.8819742321637754e-01
   2.8260152000024424e-01
   2.7761860375519420e-01
   2.7325280507745209e-01
   2.6950708725477429e-01
   2.6638351220829326e-01
   2.6388346471366753e-01
   2.6200783636665370e-01
   2.6075717073318189e-01
   2.6013177097203449e-01
   2.6013177097203449e-01
   2.6075717073318189e-01
   2.6200783636665376e-01
   2.6388346471366764e-01
   2.6638351220829337e-01
   2.6950708725477446e-01
   2.7325280507745225e-01
   2.7761860375519443e-01
   2.8260152000024447e-01
   2.8819742321637781e-01
   2.9440070651154931e-01
   3.0120393369039150e-01
   3.0859744186262772e-01
   3.1656890023066925e-01
   3.2510282692271442e-01
   3.3418006747590662e-01
   3.4377724080156186e-01
   3.5386616122228315e-01
   3.6441324847692624e-01
   3.7537894142572908e-01
   3.8671713548467135e-01
   3.9837466843655395e-01
   4.1029088398131086e-01
   4.2239730687329202e-01
   4.3461746731214357e-01
   4.4686691486189606e-01
   4.5905346293590032e-01
   4.7107770312018782e-01
   4.8283382364862604e-01
   4.9421075763388123e-01
   5.0509367386795156e-01
   5.1536580615585270e-01
