  -4.9852248188910986e-02
  -4.9957438885480564e-02
  -5.0154327165302354e-02
  -5.0602839485304169e-02
  -5.1037119916408413e-02
  -5.1404372312617096e-02
  -5.1825674634836449e-02
  -5.2406651529155197e-02
  -5.3130215768628031e-02
  -5.3908259284774718e-02
  -5.4716836550429429e-02
  -5.5597707742533094e-02
  -5.6589965340031238e-02
  -5.7692589864733017e-02
  -5.8884244720780410e-02
  -6.0158318263328646e-02
  -6.1527512228363113e-02
  -6.3006216345052032e-02
  -6.4598891636701031e-02
  -6.6304090598645588e-02
  -6.8123269170780223e-02
  -7.0062885554085519e-02
  -7.2130409294667255e-02
  -7.4331012410776900e-02
  -7.6667991546070707e-02
  -7.9144677262895743e-02
  -8.1764957173566175e-02
  -8.4532222806786184e-02
  -8.7448247449800329e-02
  -9.0512866528112884e-02
  -9.3724083923247825e-02
  -9.7077963356317368e-02
  -1.0056823223407498e-01
  -1.0418596153715176e-01
  -1.0791959212971727e-01
  -1.1175528396376176e-01
  -1.1567744555057534e-01
  -1.1966936596991198e-01
  -1.2371393165020325e-01
  -1.2779437977061817e-01
  -1.3189498655708179e-01
  -1.3600159104084286e-01
  -1.4010191098559066e-01
  -1.4418566646186690e-01
  -1.4824455479343623e-01
  -1.5227212251660180e-01
  -1.5626357338068364e-01
  -1.6021554535454990e-01
  -1.6412588325016253e-01
  -1.6799342518091342e-01
  -1.7181781225376086e-01
  -1.7559932438818962e-01
  -1.7933874179809831e-01
  -1.8303723034641167e-01
  -1.8669624833942119e-01
