   1.8942953411466268e-01
   1.9084600177079214e-01
   1.9224437280714596e-01
   1.9362252941290670e-01
   1.9497834185242299e-01
   1.9630967341624614e-01
   1.9761438563953526e-01
   1.9889034377228010e-01
   2.0013542248291907e-01
   2.0134751177405300e-01
   2.0252452308609958e-01
   2.0366439556194954e-01
   2.0476510244299695e-01
   2.0582465756437937e-01
   2.0684112191490772e-01
   2.0781261022504016e-01
   2.0873729754439613e-01
   2.0961342576875397e-01
   2.1043931007527000e-01
   2.1121334522382315e-01
   2.1193401168196546e-01
   2.1259988153096004e-01
   2.1320962411084074e-01
   2.1376201136333525e-01
   2.1425592283286904e-01
   2.1469035028770009e-01
   2.1506440192552279e-01
   2.1537730613059622e-01
   2.1562841475258279e-01
   2.1581720588078424e-01
   2.1594328609130314e-01
   2.1600639214878770e-01
   2.1600639214878770e-01
   2.1594328609130314e-01
   2.1581720588078424e-01
   2.1562841475258279e-01
   2.1537730613059619e-01
   2.1506440192552279e-01
   2.1469035028770012e-01
   2.1425592283286904e-01
   2.1376201136333525e-01
   2.1320962411084074e-01
   2.1259988153096004e-01
   2.1193401168196546e-01
   2.1121334522382315e-01
   2.1043931007526998e-01
   2.0961342576875397e-01
   2.0873729754439613e-01
   2.0781261022504019e-01
   2.0684112191490772e-01
   2.0582465756437940e-01
   2.0476510244299698e-01
   2.0366439556194954e-01
   2.0252452308609958e-01
   2.0134751177405300e-01
   2.0013542248291910e-01
   1.9889034377228007e-01
   1.9761438563953529e-01
   1.9630967341624614e-01
   1.9497834185242299e-01
   1.9362252941290672e-01
   1.9224437280714599e-01
   1.9084600177079217e-01
   1.8942953411466271e-01
   1.8725420769185380e-01
   1.8432268154960821e-01
   1.8138204344228601e-01
   1.7843633992394309e-01
   1.7548943581726800e-01
   1.7254501160827973e-01
   1.6960656203652644e-01
   1.6667739578593899e-01
   1.6376063618032949e-01
   1.6085922278768855e-01
   1.5797591383874718e-01
   1.5511328936756841e-01
   1.5227375498505541e-01
   1.4945954620005508e-01
   1.4667273320705623e-01
   1.4391522606419646e-01
   1.4118878019028391e-01
   1.3849500211470353e-01
   1.3583535541931613e-01
   1.3321116681669648e-01
   1.3128232305109183e-01
   1.3004827781660921e-01
   1.2885080942026220e-01
   1.2769035110392754e-01
   1.2656730232825142e-01
   1.2548203073771774e-01
   1.2443487406646067e-01
   1.2342614198182750e-01
   1.2245611786320271e-01
   1.2152506051405979e-01
   1.2063320580561852e-01
   1.1978076825085378e-01
   1.1896794250792725e-01
   1.1819490481240257e-01
   1.1746181433785390e-01
   1.1676881448469598e-01
   1.1611603409724693e-01
   1.1550358860919105e-01
   1.1493158111773523e-01
   1.1440010338685441e-01
   1.1390923678010009e-01
   1.1345905312350207e-01
   1.1304961549913144e-01
   1.1268097896991201e-01
   1.1235319123627123e-01
   1.1206629322521022e-01
   1.1182031961235021e-01
   1.1161529927747674e-01
   1.1145125569405903e-01
   1.1132820725316915e-01
   1.1124616752216501e-01
   1.1120514543843543e-01
   1.1120514543843543e-01
   1.1124616752216501e-01
   1.1132820725316915e-01
   1.1145125569405903e-01
   1.1161529927747674e-01
   1.1182031961235021e-01
   1.1206629322521022e-01
   1.1235319123627123e-01
   1.1268097896991203e-01
   1.1304961549913142e-01
   1.1345905312350207e-01
   1.1390923678010009e-01
   1.1440010338685443e-01
   1.1493158111773522e-01
   1.1550358860919104e-01
   1.1611603409724693e-01
   1.1676881448469598e-01
   1.1746181433785390e-01
   1.1819490481240255e-01
   1.1896794250792725e-01
   1.1978076825085378e-01
   1.2063320580561852e-01
   1.2152506051405977e-01
   1.2245611786320271e-01
   1.2342614198182750e-01
   1.2443487406646067e-01
   1.2548203073771774e-01
   1.2656730232825139e-01
   1.2769035110392754e-01
   1.2885080942026220e-01
   1.3004827781660921e-01
   1.3128232305109183e-01
