   1.9139101963974636e-01
   1.9289627785259408e-01
   1.9438328057982879e-01
   1.9584972922441582e-01
   1.9729330827709060e-01
   1.9871169076271558e-01
   2.0010254400881378e-01
   2.0146353571982858e-01
   2.0279234033718424e-01
   2.0408664566170900e-01
   2.0534415971147915e-01
   2.0656261778469037e-01
   2.0773978969381618e-01
   2.0887348713411705e-01
   2.0996157114657768e-01
   2.1100195963262086e-01
   2.1199263487553086e-01
   2.1293165102146450e-01
   2.1381714147128766e-01
   2.1464732613328391e-01
   2.1542051848609003e-01
   2.1613513240104307e-01
   2.1678968867350784e-01
   2.1738282121370672e-01
   2.1791328284910400e-01
   2.1837995069250493e-01
   2.1878183103270535e-01
   2.1911806370774634e-01
   2.1938792592456713e-01
   2.1959083549305961e-01
   2.1972635344716715e-01
   2.1979418603067835e-01
   2.1979418603067835e-01
   2.1972635344716715e-01
   2.1959083549305961e-01
   2.1938792592456713e-01
   2.1911806370774634e-01
   2.1878183103270535e-01
   2.1837995069250493e-01
   2.1791328284910400e-01
   2.1738282121370672e-01
   2.1678968867350784e-01
   2.1613513240104307e-01
   2.1542051848609003e-01
   2.1464732613328394e-01
   2.1381714147128766e-01
   2.1293165102146452e-01
   2.1199263487553086e-01
   2.1100195963262089e-01
   2.0996157114657768e-01
   2.0887348713411705e-01
   2.0773978969381621e-01
   2.0656261778469037e-01
   2.0534415971147915e-01
   2.0408664566170903e-01
   2.0279234033718424e-01
   2.0146353571982858e-01
   2.0010254400881378e-01
   1.9871169076271561e-01
   1.9729330827709063e-01
   1.9584972922441582e-01
   1.9438328057982879e-01
   1.9289627785259411e-01
   1.9139101963974639e-01
   1.8908088166599146e-01
   1.8596878819248924e-01
   1.8284819615229991e-01
   1.7972345705278836e-01
   1.7659871408851566e-01
   1.7347789988051773e-01
   1.7036473557629234e-01
   1.6726273119360252e-01
   1.6417518709074946e-01
   1.6110519644707774e-01
   1.5805564863993002e-01
   1.5502923340785318e-01
   1.5202844569436513e-01
   1.4905559107182875e-01
   1.4611279165077287e-01
   1.4320199238618012e-01
   1.4032496769869543e-01
   1.3748332833526003e-01
   1.3467852840024117e-01
   1.3191187249461397e-01
   1.2987880540178554e-01
   1.2857865398753004e-01
   1.2731758189828490e-01
   1.2609599784649947e-01
   1.2491427541475546e-01
   1.2377275528319402e-01
   1.2267174738232665e-01
   1.2161153296862805e-01
   1.2059236662086027e-01
   1.1961447815557331e-01
   1.1867807446066693e-01
   1.1778334124628674e-01
   1.1693044471266835e-01
   1.1611953313483650e-01
   1.1535073836431861e-01
   1.1462417724824382e-01
   1.1393995296637431e-01
   1.1329815628675730e-01
   1.1269886674079632e-01
   1.1214215371862327e-01
   1.1162807748570779e-01
   1.1115669012167403e-01
   1.1072803638230506e-01
   1.1034215448570793e-01
   1.0999907682358633e-01
   1.0969883059852747e-01
   1.0944143838815547e-01
   1.0922691863693680e-01
   1.0905528607634769e-01
   1.0892655207402681e-01
   1.0884072491244470e-01
   1.0879780999752153e-01
   1.0879780999752153e-01
   1.0884072491244470e-01
   1.0892655207402681e-01
   1.0905528607634769e-01
   1.0922691863693680e-01
   1.0944143838815547e-01
   1.0969883059852746e-01
   1.0999907682358631e-01
   1.1034215448570793e-01
   1.1072803638230506e-01
   1.1115669012167403e-01
   1.1162807748570779e-01
   1.1214215371862327e-01
   1.1269886674079632e-01
   1.1329815628675731e-01
   1.1393995296637431e-01
   1.1462417724824382e-01
   1.1535073836431861e-01
   1.1611953313483650e-01
   1.1693044471266834e-01
   1.1778334124628673e-01
   1.1867807446066693e-01
   1.1961447815557331e-01
   1.2059236662086027e-01
   1.2161153296862805e-01
   1.2267174738232665e-01
   1.2377275528319402e-01
   1.2491427541475546e-01
   1.2609599784649947e-01
   1.2731758189828490e-01
   1.2857865398753007e-01
   1.2987880540178554e-01
