   2.5080670151352019e-01
   2.5565385277736830e-01
   2.6060227717336543e-01
   2.6564110158634108e-01
   2.7075849576802297e-01
   2.7594164651151126e-01
   2.8117673993419023e-01
   2.8644895332709608e-01
   2.9174245806778959e-01
   2.9704043509872197e-01
   3.0232510443659061e-01
   3.0757777009306619e-01
   3.1277888164691325e-01
   3.1790811350636955e-01
   3.2294446263476673e-01
   3.2786636518007023e-01
   3.3265183205140841e-01
   3.3727860302723450e-01
   3.4172431846879925e-01
   3.4596670716146050e-01
   3.4998378823146847e-01
   3.5375408450754953e-01
   3.5725684413844860e-01
   3.6047226676553618e-01
   3.6338173011067870e-01
   3.6596801250046196e-01
   3.6821550663302349e-01
   3.7011041982371695e-01
   3.7164095605546493e-01
   3.7279747541657982e-01
   3.7357262693242743e-01
   3.7396145137801307e-01
   3.7396145137801307e-01
   3.7357262693242743e-01
   3.7279747541657976e-01
   3.7164095605546488e-01
   3.7011041982371695e-01
   3.6821550663302344e-01
   3.6596801250046196e-01
   3.6338173011067865e-01
   3.6047226676553623e-01
   3.5725684413844855e-01
   3.5375408450754947e-01
   3.4998378823146847e-01
   3.4596670716146044e-01
   3.4172431846879919e-01
   3.3727860302723445e-01
   3.3265183205140836e-01
   3.2786636518007017e-01
   3.2294446263476673e-01
   3.1790811350636944e-01
   3.1277888164691320e-01
   3.0757777009306614e-01
   3.0232510443659055e-01
   2.9704043509872191e-01
   2.9174245806778953e-01
   2.8644895332709608e-01
   2.8117673993419018e-01
   2.7594164651151121e-01
   2.7075849576802297e-01
   2.6564110158634102e-01
   2.6060227717336537e-01
   2.5565385277736824e-01
   2.5080670151352019e-01
   2.4361475842358846e-01
   2.3409621369262887e-01
   2.2472331364800052e-01
   2.1550955518622711e-01
   2.0646589642397767e-01
   1.9760095759629748e-01
   1.8892122132401637e-01
   1.8043122875391515e-01
   1.7213376885503109e-01
   1.6403005884216024e-01
   1.5611991429118208e-01
   1.4840190801275407e-01
   1.4087351716674446e-01
   1.3353125843698632e-01
   1.2637081135308173e-01
   1.1938713005198105e-01
   1.1257454392569843e-01
   1.0592684771113335e-01
   9.9437381651215809e-02
   9.3099102400348438e-02
   8.8481525391109456e-02
   8.5574003120970077e-02
   8.2796114216110439e-02
   8.0144397022510874e-02
   7.7615478141798519e-02
   7.5206079641760695e-02
   7.2913025076984550e-02
   7.0733244463859674e-02
   6.8663778340323042e-02
   6.6701781027906207e-02
   6.4844523201841031e-02
   6.3089393864155380e-02
   6.1433901804798220e-02
   5.9875676626823929e-02
   5.8412469403481139e-02
   5.7042153027636315e-02
   5.5762722307258018e-02
   5.4572293854637875e-02
   5.3469105811573873e-02
   5.2451517447837132e-02
   5.1518008665834863e-02
   5.0667179440421657e-02
   4.9897749219253877e-02
   4.9208556305885956e-02
   4.8598557244932984e-02
   4.8066826226035080e-02
   4.7612554521021221e-02
   4.7235049966551819e-02
   4.6933736502590591e-02
   4.6708153775289300e-02
   4.6557956811237665e-02
   4.6482915768510463e-02
   4.6482915768510463e-02
   4.6557956811237665e-02
   4.6708153775289300e-02
   4.6933736502590591e-02
   4.7235049966551819e-02
   4.7612554521021221e-02
   4.8066826226035086e-02
   4.8598557244932984e-02
   4.9208556305885949e-02
   4.9897749219253884e-02
   5.0667179440421664e-02
   5.1518008665834870e-02
   5.2451517447837132e-02
   5.3469105811573873e-02
   5.4572293854637882e-02
   5.5762722307258018e-02
   5.7042153027636315e-02
   5.8412469403481132e-02
   5.9875676626823929e-02
   6.1433901804798220e-02
   6.3089393864155380e-02
   6.4844523201841031e-02
   6.6701781027906207e-02
   6.8663778340323042e-02
   7.0733244463859674e-02
   7.2913025076984550e-02
   7.5206079641760695e-02
   7.7615478141798547e-02
   8.0144397022510888e-02
   8.2796114216110439e-02
   8.5574003120970091e-02
   8.8481525391109456e-02
