   2.3766869037130892e-01
   2.4153897306433800e-01
   2.4544467156699828e-01
   2.4937735950863790e-01
   2.5332811473098904e-01
   2.5728752491222279e-01
   2.6124569827700755e-01
   2.6519227984947435e-01
   2.6911647367272407e-01
   2.7300707137097674e-01
   2.7685248736764911e-01
   2.8064080099385874e-01
   2.8435980562685587e-01
   2.8799706488696841e-01
   2.9153997579572744e-01
   2.9497583865852706e-01
   2.9829193328481046e-01
   3.0147560100047421e-01
   3.0451433174479359e-01
   3.0739585538221809e-01
   3.1010823620297823e-01
   3.1263996944108602e-01
   3.1498007850974269e-01
   3.1711821154808306e-01
   3.1904473579499171e-01
   3.2075082826023693e-01
   3.2222856115432508e-01
   3.2347098056908541e-01
   3.2447217697247838e-01
   3.2522734619337634e-01
   3.2573283972335249e-01
   3.2598620334943945e-01
   3.2598620334943945e-01
   3.2573283972335249e-01
   3.2522734619337629e-01
   3.2447217697247838e-01
   3.2347098056908546e-01
   3.2222856115432508e-01
   3.2075082826023693e-01
   3.1904473579499171e-01
   3.1711821154808301e-01
   3.1498007850974269e-01
   3.1263996944108602e-01
   3.1010823620297828e-01
   3.0739585538221809e-01
   3.0451433174479353e-01
   3.0147560100047416e-01
   2.9829193328481041e-01
   2.9497583865852706e-01
   2.9153997579572744e-01
   2.8799706488696836e-01
   2.8435980562685581e-01
   2.8064080099385869e-01
   2.7685248736764911e-01
   2.7300707137097679e-01
   2.6911647367272407e-01
   2.6519227984947435e-01
   2.6124569827700750e-01
   2.5728752491222279e-01
   2.5332811473098898e-01
   2.4937735950863787e-01
   2.4544467156699826e-01
   2.4153897306433800e-01
   2.3766869037130892e-01
   2.3185713537313482e-01
   2.2411748835861836e-01
   2.1644829870394003e-01
   2.0886178202788488e-01
   2.0136851900159877e-01
   1.9397754398538461e-01
   1.8669643864813820e-01
   1.7953142837440622e-01
   1.7248747958805097e-01
   1.6556839642921908e-01
   1.5877691550692291e-01
   1.5211479770938230e-01
   1.4558291628643688e-01
   1.3918134062231496e-01
   1.3290941529339165e-01
   1.2676583415560941e-01
   1.2074870933182441e-01
   1.1485563507265097e-01
   1.0908374654774218e-01
   1.0342977369023454e-01
   9.9300289108325585e-02
   9.6688363264841454e-02
   9.4181927502985235e-02
   9.1779115766463873e-02
   8.9478074877059249e-02
   8.7276972678754103e-02
   8.5174005293008781e-02
   8.3167403565163889e-02
   8.1255438776655878e-02
   7.9436427692544831e-02
   7.7708737008814643e-02
   7.6070787259052405e-02
   7.4521056235469202e-02
   7.3058081974807371e-02
   7.1680465355498352e-02
   7.0386872348493931e-02
   6.9176035960492863e-02
   6.8046757904818192e-02
   6.6997910031962718e-02
   6.6028435548800446e-02
   6.5137350052650186e-02
   6.4323742403761500e-02
   6.3586775457359870e-02
   6.2925686674124265e-02
   6.2339788625862189e-02
   6.1828469411180885e-02
   6.1391192994116085e-02
   6.1027499476955481e-02
   6.0737005316872497e-02
   6.0519403494450855e-02
   6.0374463640721146e-02
   6.0302032127932281e-02
   6.0302032127932281e-02
   6.0374463640721146e-02
   6.0519403494450848e-02
   6.0737005316872490e-02
   6.1027499476955474e-02
   6.1391192994116071e-02
   6.1828469411180864e-02
   6.2339788625862168e-02
   6.2925686674124237e-02
   6.3586775457359843e-02
   6.4323742403761472e-02
   6.5137350052650159e-02
   6.6028435548800418e-02
   6.6997910031962676e-02
   6.8046757904818150e-02
   6.9176035960492821e-02
   7.0386872348493876e-02
   7.1680465355498296e-02
   7.3058081974807315e-02
   7.4521056235469146e-02
   7.6070787259052350e-02
   7.7708737008814588e-02
   7.9436427692544789e-02
   8.1255438776655836e-02
   8.3167403565163847e-02
   8.5174005293008739e-02
   8.7276972678754075e-02
   8.9478074877059222e-02
   9.1779115766463845e-02
   9.4181927502985222e-02
   9.6688363264841454e-02
   9.9300289108325585e-02
