   2.3209163974997057e-01
   2.3562345072357188e-01
   2.3917486625931692e-01
   2.4273840764045190e-01
   2.4630621992139121e-01
   2.4987008157974128e-01
   2.5342141817355540e-01
   2.5695132027439738e-01
   2.6045056591327981e-01
   2.6390964773368220e-01
   2.6731880499332994e-01
   2.7066806049415898e-01
   2.7394726244815154e-01
   2.7714613120608173e-01
   2.8025431068762968e-01
   2.8326142425616962e-01
   2.8615713468160459e-01
   2.8893120773207959e-01
   2.9157357883282520e-01
   2.9407442213062601e-01
   2.9642422120860062e-01
   2.9861384061136720e-01
   3.0063459726853220e-01
   3.0247833084793835e-01
   3.0413747203213920e-01
   3.0560510769461646e-01
   3.0687504195825183e-01
   3.0794185214875835e-01
   3.0880093871061776e-01
   3.0944856823215722e-01
   3.0988190882843752e-01
   3.1009905725341852e-01
   3.1009905725341852e-01
   3.0988190882843747e-01
   3.0944856823215711e-01
   3.0880093871061759e-01
   3.0794185214875819e-01
   3.0687504195825166e-01
   3.0560510769461635e-01
   3.0413747203213903e-01
   3.0247833084793813e-01
   3.0063459726853203e-01
   2.9861384061136703e-01
   2.9642422120860046e-01
   2.9407442213062585e-01
   2.9157357883282509e-01
   2.8893120773207948e-01
   2.8615713468160442e-01
   2.8326142425616951e-01
   2.8025431068762957e-01
   2.7714613120608161e-01
   2.7394726244815143e-01
   2.7066806049415887e-01
   2.6731880499332983e-01
   2.6390964773368208e-01
   2.6045056591327970e-01
   2.5695132027439732e-01
   2.5342141817355535e-01
   2.4987008157974122e-01
   2.4630621992139115e-01
   2.4273840764045188e-01
   2.3917486625931689e-01
   2.3562345072357185e-01
   2.3209163974997055e-01
   2.2676880922556633e-01
   2.1966640323260048e-01
   2.1261487792840122e-01
   2.0562556202239801e-01
   1.9870843224987114e-01
   1.9187217538627022e-01
   1.8512425551783535e-01
   1.7847098484211318e-01
   1.7191759649016866e-01
   1.6546831807539567e-01
   1.5912644487682812e-01
   1.5289441175419041e-01
   1.4677386306529397e-01
   1.4076572001251353e-01
   1.3487024498351313e-01
   1.2908710257234621e-01
   1.2341541707120671e-01
   1.1785382631148289e-01
   1.1240053180660957e-01
   1.0705334520989107e-01
   1.0314456166318756e-01
   1.0066842349834340e-01
   9.8288731342226071e-02
   9.6004102360202168e-02
   9.3813148368958196e-02
   9.1714483645450984e-02
   8.9706731981156335e-02
   8.7788533041501041e-02
   8.5958548087172945e-02
   8.4215465110753687e-02
   8.2558003438858302e-02
   8.0984917846733978e-02
   7.9495002229102565e-02
   7.8087092867947447e-02
   7.6760071334966665e-02
   7.5512867063552494e-02
   7.4344459622421089e-02
   7.3253880720408782e-02
   7.2240215969478300e-02
   7.1302606430633589e-02
   7.0440249965227963e-02
   6.9652402412059153e-02
   6.8938378608672926e-02
   6.8297553273436812e-02
   6.7729361763190582e-02
   6.7233300719621525e-02
   6.6808928615943272e-02
   6.6455866213967957e-02
   6.6173796940242863e-02
   6.5962467188568713e-02
   6.5821686554914063e-02
   6.5751328009484591e-02
   6.5751328009484591e-02
   6.5821686554914050e-02
   6.5962467188568699e-02
   6.6173796940242849e-02
   6.6455866213967943e-02
   6.6808928615943258e-02
   6.7233300719621511e-02
   6.7729361763190568e-02
   6.8297553273436784e-02
   6.8938378608672884e-02
   6.9652402412059125e-02
   7.0440249965227922e-02
   7.1302606430633547e-02
   7.2240215969478258e-02
   7.3253880720408740e-02
   7.4344459622421033e-02
   7.5512867063552438e-02
   7.6760071334966595e-02
   7.8087092867947391e-02
   7.9495002229102510e-02
   8.0984917846733936e-02
   8.2558003438858260e-02
   8.4215465110753659e-02
   8.5958548087172890e-02
   8.7788533041501013e-02
   8.9706731981156307e-02
   9.1714483645450956e-02
   9.3813148368958182e-02
   9.6004102360202154e-02
   9.8288731342226057e-02
   1.0066842349834340e-01
   1.0314456166318756e-01
