  -4.6321357994142254e-01
  -4.6750888704612326e-01
  -4.7207641783639642e-01
  -4.9305397019043384e-01
  -5.3625410335016754e-01
  -5.7887446392136699e-01
  -6.1588118079339149e-01
  -6.5755654125366370e-01
  -7.1319693642911131e-01
  -7.8199332156502732e-01
  -8.0973749836534059e-01
  -8.5711279548231922e-01
  -9.3641339294788339e-01
  -1.0227628829127648e+00
  -1.1185249598389768e+00
  -1.2226441518633500e+00
  -1.3323582905489315e+00
  -1.4458757783072123e+00
  -1.5626915054456030e+00
  -1.6824323282259253e+00
  -1.8042691436327249e+00
  -1.9273296947304925e+00
  -2.0512646692212511e+00
