   9.5400801087420861e-01
   9.6228983183761763e-01
   9.7081672390043039e-01
   1.0074175266492449e+00
   1.0754798142231516e+00
   1.1376918508031892e+00
   1.1893991247624505e+00
   1.2458678750099208e+00
   1.3191294458859915e+00
   1.4072048183330135e+00
   1.4420914856642266e+00
   1.5009480110832603e+00
   1.5976999316725684e+00
   1.7008728897341183e+00
   1.8129544619649249e+00
   1.9322766200146293e+00
   2.0553214141367935e+00
   2.1798317302533023e+00
   2.3050344321694229e+00
   2.4302970706670859e+00
   2.5545305468263972e+00
   2.6766682377756936e+00
   2.7962264601694331e+00
