   1.7969947916653045e-01
   1.8006398862995665e-01
   1.8079367138021185e-01
   1.8188985489193682e-01
   1.8335452991976733e-01
   1.8519034987373389e-01
   1.8740062985874825e-01
   1.8998934526596870e-01
   1.9296112977233640e-01
   1.9632127257073453e-01
   2.0007571461654047e-01
   2.0423104363629641e-01
   2.0879448760027838e-01
   2.1377390631234386e-01
   2.1917778071702457e-01
   2.2501519946483350e-01
   2.3129584221161389e-01
   2.3802995905593749e-01
   2.4522834543955843e-01
   2.5290231174932648e-01
   2.6106364676443400e-01
   2.6972457399025496e-01
   2.7889769980936679e-01
   2.8859595226197304e-01
   2.9883250914256387e-01
   3.0962071396847390e-01
   3.2097397824084917e-01
   3.3290566828203100e-01
   3.4542897479909773e-01
   3.5855676319606622e-01
   3.7230140254326449e-01
   3.8667457101959363e-01
   4.0168703558174673e-01
   4.1734840359620112e-01
   4.3366684420980917e-01
   4.5064877735080916e-01
   4.6829852846483189e-01
   4.8661794742391229e-01
   5.0560599052755084e-01
   5.2525826517309260e-01
   5.4556653763961105e-01
   5.6651820553732457e-01
   5.8809573785447167e-01
   6.1027608721305204e-01
   6.3303008094441293e-01
   6.5632179992450213e-01
   6.8010795675928515e-01
   7.0433728785306027e-01
   7.2894997706629483e-01
   7.5387713197844530e-01
   7.7274953580076278e-01
   7.8550185368234371e-01
   7.9837775547077738e-01
   8.1132716448636444e-01
   8.2429715493126698e-01
   8.3723209849174696e-01
   8.5007386564411624e-01
   8.6276208515980668e-01
   8.7523446432262297e-01
   8.8742717114239233e-01
   8.9927527838034726e-01
   9.1071326751313864e-01
   9.2167558889043344e-01
   9.3209727233826123e-01
   9.4191458039562448e-01
   9.5106569432919796e-01
   9.5949142114592001e-01
   9.6713590811901140e-01
   9.7394734996406029e-01
   9.7987867284756736e-01
   9.8488817896712577e-01
   9.8894013557625959e-01
   9.9200529307679530e-01
   9.9406131817409038e-01
   9.9509313005663014e-01
   7.7274953580076267e-01
   7.8550185368234360e-01
   7.9837775547077727e-01
   8.1132716448636444e-01
   8.2429715493126687e-01
   8.3723209849174673e-01
   8.5007386564411624e-01
   8.6276208515980657e-01
   8.7523446432262297e-01
   8.8742717114239245e-01
   8.9927527838034738e-01
   9.1071326751313886e-01
   9.2167558889043366e-01
   9.3209727233826123e-01
   9.4191458039562470e-01
   9.5106569432919819e-01
   9.5949142114592023e-01
   9.6713590811901151e-01
   9.7394734996406063e-01
   9.7987867284756769e-01
   9.8488817896712599e-01
   9.8894013557625993e-01
   9.9200529307679564e-01
   9.9406131817409071e-01
   9.9509313005663036e-01
