   2.7111972988664212e-01
   2.7142776570389876e-01
   2.7204404215811523e-01
   2.7296896754003169e-01
   2.7420315089983632e-01
   2.7574739794410646e-01
   2.7760270549837757e-01
   2.7977025447798659e-01
   2.8225140129527682e-01
   2.8504766761657152e-01
   2.8816072836752693e-01
   2.9159239787059149e-01
   2.9534461398336337e-01
   2.9941942009172817e-01
   3.0381894479687216e-01
   3.0854537912073698e-01
   3.1360095104039593e-01
   3.1898789714840409e-01
   3.2470843122370702e-01
   3.3076470948651443e-01
   3.3715879230109214e-01
   3.4389260208319122e-01
   3.5096787716441374e-01
   3.5838612136490128e-01
   3.6614854902912264e-01
   3.7425602528814778e-01
   3.8270900132665486e-01
   3.9150744445518409e-01
   4.0065076281910300e-01
   4.1013772461677089e-01
   4.1996637175198109e-01
   4.3013392791149352e-01
   4.4063670113897002e-01
   4.5146998107351993e-01
   4.6262793113593759e-01
   4.7410347608001285e-01
   4.8588818548125057e-01
   4.9797215391184441e-01
   5.1034387874922604e-01
   5.2299013678574657e-01
   5.3589586104802001e-01
   5.4904401949413562e-01
   5.6241549753207709e-01
   5.7598898658860687e-01
   5.8974088124826662e-01
   6.0364518776890563e-01
   6.1767344705322347e-01
   6.3179467540314938e-01
   6.4597532659145895e-01
   6.6017927893701134e-01
   6.7082070809605931e-01
   6.7786896189548917e-01
   6.8485007970095746e-01
   6.9174252150969406e-01
   6.9852439227558338e-01
   7.0517353238956149e-01
   7.1166761711256443e-01
   7.1798426453945574e-01
   7.2410115149765986e-01
   7.2999613660402274e-01
   7.3564738952173425e-01
   7.4103352528050825e-01
   7.4613374235261831e-01
   7.5092796302007181e-01
   7.5539697442957332e-01
   7.5952256861724277e-01
   7.6328767969935629e-01
   7.6667651637309497e-01
   7.6967468785618154e-01
   7.7226932141908289e-01
   7.7444916972980882e-01
   7.7620470633952909e-01
   7.7752820778624709e-01
   7.7841382098109568e-01
   7.7885761476363125e-01
   6.7082070809605920e-01
   6.7786896189548906e-01
   6.8485007970095757e-01
   6.9174252150969429e-01
   6.9852439227558372e-01
   7.0517353238956182e-01
   7.1166761711256488e-01
   7.1798426453945641e-01
   7.2410115149766052e-01
   7.2999613660402340e-01
   7.3564738952173503e-01
   7.4103352528050925e-01
   7.4613374235261920e-01
   7.5092796302007292e-01
   7.5539697442957443e-01
   7.5952256861724399e-01
   7.6328767969935751e-01
   7.6667651637309631e-01
   7.6967468785618287e-01
   7.7226932141908422e-01
   7.7444916972981015e-01
   7.7620470633953054e-01
   7.7752820778624854e-01
   7.7841382098109713e-01
   7.7885761476363269e-01
