   5.8210149682830870e-01
   5.4807723677017584e-01
   5.1794504299240240e-01
   4.9181164597120663e-01
   4.6972545615001077e-01
   4.5169701405243051e-01
   4.3771522190753864e-01
   4.2775974707513859e-01
   4.2181006133280868e-01
   4.1985154820050008e-01
   4.2187901723578136e-01
   4.2789783822248251e-01
   4.3792276684353826e-01
   4.5197438773961324e-01
   4.7007295968270812e-01
   4.9222932197676600e-01
   5.1843242873382211e-01
   5.4863304718793571e-01
   5.8272323230999756e-01
   6.2051143615765336e-01
   6.6169360757429097e-01
   7.0582147319900279e-01
   7.5227042906277219e-01
   8.0021110214851376e-01
   8.4859049567728673e-01
   8.9613029542143918e-01
   9.4135067003069317e-01
   9.8262679621128213e-01
   1.0182814868924099e+00
   1.0467104020706093e+00
   1.0665273090457701e+00
   1.0767081944872881e+00
   1.0767081944872878e+00
   1.0665273090457696e+00
   1.0467104020706084e+00
   1.0182814868924086e+00
   9.8262679621128057e-01
   9.4135067003069139e-01
   8.9613029542143752e-01
   8.4859049567728495e-01
   8.0021110214851188e-01
   7.5227042906277031e-01
   7.0582147319900113e-01
   6.6169360757428952e-01
   6.2051143615765181e-01
   5.8272323230999612e-01
   5.4863304718793438e-01
   5.1843242873382089e-01
   4.9222932197676483e-01
   4.7007295968270701e-01
   4.5197438773961218e-01
   4.3792276684353731e-01
   4.2789783822248167e-01
   4.2187901723578058e-01
   4.1985154820049941e-01
   4.2181006133280807e-01
   4.2775974707513803e-01
   4.3771522190753825e-01
   4.5169701405243012e-01
   4.6972545615001049e-01
   4.9181164597120647e-01
   5.1794504299240229e-01
   5.4807723677017584e-01
   5.8210149682830870e-01
   6.3939258271041555e-01
   7.1957258010605463e-01
   8.0192561008209040e-01
   8.8469074466571018e-01
   9.6544058312131886e-01
   1.0411064859035715e+00
   1.1081286366439560e+00
   1.1627581482222267e+00
   1.2014991013966321e+00
   1.2216211266901755e+00
   1.2216211266901740e+00
   1.2014991013966272e+00
   1.1627581482222189e+00
   1.1081286366439458e+00
   1.0411064859035597e+00
   9.6544058312130587e-01
   8.8469074466569664e-01
   8.0192561008207663e-01
   7.1957258010604108e-01
   6.3939258271040256e-01
   5.8210149682829626e-01
   5.4807723677016384e-01
   5.1794504299239097e-01
   4.9181164597119575e-01
   4.6972545615000039e-01
   4.5169701405242074e-01
   4.3771522190752943e-01
   4.2775974707512993e-01
   4.2181006133280047e-01
   4.1985154820049242e-01
   4.2187901723577415e-01
   4.2789783822247573e-01
   4.3792276684353193e-01
   4.5197438773960735e-01
   4.7007295968270263e-01
   4.9222932197676100e-01
   5.1843242873381745e-01
   5.4863304718793149e-01
   5.8272323230999379e-01
   6.2051143615765014e-01
   6.6169360757428841e-01
   7.0582147319900068e-01
   7.5227042906277053e-01
   8.0021110214851288e-01
   8.4859049567728639e-01
   8.9613029542143952e-01
   9.4135067003069395e-01
   9.8262679621128357e-01
   1.0182814868924119e+00
   1.0467104020706117e+00
   1.0665273090457730e+00
   1.0767081944872912e+00
   1.0767081944872909e+00
   1.0665273090457723e+00
   1.0467104020706108e+00
   1.0182814868924106e+00
   9.8262679621128213e-01
   9.4135067003069239e-01
   8.9613029542143785e-01
   8.4859049567728462e-01
   8.0021110214851110e-01
   7.5227042906276875e-01
   7.0582147319899902e-01
   6.6169360757428686e-01
   6.2051143615764859e-01
   5.8272323230999246e-01
   5.4863304718793016e-01
   5.1843242873381623e-01
   4.9222932197675984e-01
   4.7007295968270157e-01
   4.5197438773960635e-01
   4.3792276684353099e-01
   4.2789783822247490e-01
   4.2187901723577337e-01
   4.1985154820049175e-01
   4.2181006133279986e-01
   4.2775974707512937e-01
   4.3771522190752893e-01
   4.5169701405242035e-01
   4.6972545615000005e-01
   4.9181164597119548e-01
   5.1794504299239075e-01
   5.4807723677016373e-01
   5.8210149682829626e-01
