   7.3797242020320475e-01
   7.6556426162799263e-01
   7.9591062467362461e-01
   8.2839369417885200e-01
   8.6225813341621271e-01
   8.9660878880466688e-01
   9.3042078912596038e-01
   9.6256585720999976e-01
   9.9185732898571155e-01
   1.0171138097310080e+00
   1.0372377300263200e+00
   1.0513009404542515e+00
   1.0586260392572864e+00
   1.0588506837351570e+00
   1.0519636580461103e+00
   1.0383060079143662e+00
   1.0185370274706402e+00
   9.9357142189828462e-01
   9.6449867168800318e-01
   9.3249734550870900e-01
   8.9875582992558112e-01
   8.6440758661331552e-01
   8.3048492934594564e-01
   7.9789159243776087e-01
   7.6739171934345130e-01
   7.3961150271630549e-01
   7.1504936354607174e-01
   6.9409091688617464e-01
   6.7702568445361433e-01
   6.6406331252187090e-01
   6.5534777379393538e-01
   6.5096860046715554e-01
   6.5096860046715554e-01
   6.5534777379393538e-01
   6.6406331252187079e-01
   6.7702568445361422e-01
   6.9409091688617464e-01
   7.1504936354607163e-01
   7.3961150271630538e-01
   7.6739171934345118e-01
   7.9789159243776075e-01
   8.3048492934594553e-01
   8.6440758661331540e-01
   8.9875582992558101e-01
   9.3249734550870877e-01
   9.6449867168800296e-01
   9.9357142189828451e-01
   1.0185370274706402e+00
   1.0383060079143662e+00
   1.0519636580461103e+00
   1.0588506837351570e+00
   1.0586260392572864e+00
   1.0513009404542517e+00
   1.0372377300263200e+00
   1.0171138097310080e+00
   9.9185732898571166e-01
   9.6256585720999988e-01
   9.3042078912596049e-01
   8.9660878880466699e-01
   8.6225813341621282e-01
   8.2839369417885211e-01
   7.9591062467362472e-01
   7.6556426162799274e-01
   7.3797242020320486e-01
   7.0100011549146735e-01
   6.5534634185509288e-01
   6.1419168750121522e-01
   5.7789541362320007e-01
   5.4667050062592060e-01
   5.2062685307030365e-01
   4.9980706313170448e-01
   4.8421459974390002e-01
   4.7383497539215691e-01
   4.6865068580185704e-01
   4.6865068580185709e-01
   4.7383497539215702e-01
   4.8421459974390019e-01
   4.9980706313170475e-01
   5.2062685307030387e-01
   5.4667050062592093e-01
   5.7789541362320052e-01
   6.1419168750121567e-01
   6.5534634185509333e-01
   7.0100011549146801e-01
   7.3797242020320564e-01
   7.6556426162799340e-01
   7.9591062467362517e-01
   8.2839369417885222e-01
   8.6225813341621260e-01
   8.9660878880466655e-01
   9.3042078912595982e-01
   9.6256585720999877e-01
   9.9185732898571033e-01
   1.0171138097310066e+00
   1.0372377300263187e+00
   1.0513009404542499e+00
   1.0586260392572850e+00
   1.0588506837351557e+00
   1.0519636580461091e+00
   1.0383060079143653e+00
   1.0185370274706396e+00
   9.9357142189828418e-01
   9.6449867168800307e-01
   9.3249734550870922e-01
   8.9875582992558178e-01
   8.6440758661331640e-01
   8.3048492934594675e-01
   7.9789159243776220e-01
   7.6739171934345296e-01
   7.3961150271630738e-01
   7.1504936354607362e-01
   6.9409091688617686e-01
   6.7702568445361644e-01
   6.6406331252187312e-01
   6.5534777379393760e-01
   6.5096860046715777e-01
   6.5096860046715777e-01
   6.5534777379393760e-01
   6.6406331252187301e-01
   6.7702568445361633e-01
   6.9409091688617663e-01
   7.1504936354607351e-01
   7.3961150271630716e-01
   7.6739171934345285e-01
   7.9789159243776209e-01
   8.3048492934594664e-01
   8.6440758661331618e-01
   8.9875582992558145e-01
   9.3249734550870911e-01
   9.6449867168800296e-01
   9.9357142189828418e-01
   1.0185370274706396e+00
   1.0383060079143651e+00
   1.0519636580461091e+00
   1.0588506837351557e+00
   1.0586260392572850e+00
   1.0513009404542499e+00
   1.0372377300263187e+00
   1.0171138097310066e+00
   9.9185732898571044e-01
   9.6256585720999888e-01
   9.3042078912595994e-01
   8.9660878880466666e-01
   8.6225813341621271e-01
   8.2839369417885234e-01
   7.9591062467362517e-01
   7.6556426162799351e-01
   7.3797242020320575e-01
