   7.4358440237792067e-01
   7.3722000776572116e-01
   7.3112260233139026e-01
   7.2541615842422058e-01
   7.2021385092484624e-01
   7.1561647498972913e-01
   7.1171122820921273e-01
   7.0857080609763268e-01
   7.0625275608151472e-01
   7.0479903715447101e-01
   7.0423573903019809e-01
   7.0457292482205314e-01
   7.0580457393648277e-01
   7.0790861599914390e-01
   7.1084706131918440e-01
   7.1456624775259514e-01
   7.1899723694446527e-01
   7.2405640384384973e-01
   7.2964627104131852e-01
   7.3565664275992204e-01
   7.4196609112143252e-01
   7.4844383863042896e-01
   7.5495206500556322e-01
   7.6134864341734110e-01
   7.6749028151139143e-01
   7.7323600790490699e-01
   7.7845090777181092e-01
   7.8300997525192007e-01
   7.8680191995119542e-01
   7.8973274410751360e-01
   7.9172889992303408e-01
   7.9273984571994827e-01
   7.9273984571994827e-01
   7.9172889992303397e-01
   7.8973274410751360e-01
   7.8680191995119531e-01
   7.8300997525192007e-01
   7.7845090777181070e-01
   7.7323600790490676e-01
   7.6749028151139120e-01
   7.6134864341734099e-01
   7.5495206500556322e-01
   7.4844383863042896e-01
   7.4196609112143252e-01
   7.3565664275992204e-01
   7.2964627104131841e-01
   7.2405640384384973e-01
   7.1899723694446527e-01
   7.1456624775259514e-01
   7.1084706131918429e-01
   7.0790861599914390e-01
   7.0580457393648277e-01
   7.0457292482205314e-01
   7.0423573903019809e-01
   7.0479903715447101e-01
   7.0625275608151483e-01
   7.0857080609763279e-01
   7.1171122820921295e-01
   7.1561647498972925e-01
   7.2021385092484624e-01
   7.2541615842422080e-01
   7.3112260233139026e-01
   7.3722000776572127e-01
   7.4358440237792067e-01
   7.5345312394853248e-01
   7.6661042910590305e-01
   7.7937813047361548e-01
   7.9144206076214785e-01
   8.0249136561641998e-01
   8.1222921262051340e-01
   8.2038425961384243e-01
   8.2672216219633166e-01
   8.3105627560506257e-01
   8.3325667213807242e-01
   8.3325667213807242e-01
   8.3105627560506257e-01
   8.2672216219633188e-01
   8.2038425961384243e-01
   8.1222921262051340e-01
   8.0249136561642020e-01
   7.9144206076214796e-01
   7.7937813047361570e-01
   7.6661042910590316e-01
   7.5345312394853259e-01
   7.4358440237792089e-01
   7.3722000776572127e-01
   7.3112260233139026e-01
   7.2541615842422080e-01
   7.2021385092484635e-01
   7.1561647498972936e-01
   7.1171122820921284e-01
   7.0857080609763279e-01
   7.0625275608151472e-01
   7.0479903715447090e-01
   7.0423573903019798e-01
   7.0457292482205303e-01
   7.0580457393648277e-01
   7.0790861599914390e-01
   7.1084706131918429e-01
   7.1456624775259503e-01
   7.1899723694446516e-01
   7.2405640384384962e-01
   7.2964627104131841e-01
   7.3565664275992193e-01
   7.4196609112143252e-01
   7.4844383863042885e-01
   7.5495206500556322e-01
   7.6134864341734099e-01
   7.6749028151139120e-01
   7.7323600790490687e-01
   7.7845090777181070e-01
   7.8300997525192007e-01
   7.8680191995119531e-01
   7.8973274410751360e-01
   7.9172889992303397e-01
   7.9273984571994827e-01
   7.9273984571994827e-01
   7.9172889992303408e-01
   7.8973274410751360e-01
   7.8680191995119542e-01
   7.8300997525192018e-01
   7.7845090777181081e-01
   7.7323600790490699e-01
   7.6749028151139131e-01
   7.6134864341734121e-01
   7.5495206500556333e-01
   7.4844383863042896e-01
   7.4196609112143264e-01
   7.3565664275992204e-01
   7.2964627104131852e-01
   7.2405640384384973e-01
   7.1899723694446527e-01
   7.1456624775259514e-01
   7.1084706131918440e-01
   7.0790861599914390e-01
   7.0580457393648277e-01
   7.0457292482205314e-01
   7.0423573903019798e-01
   7.0479903715447090e-01
   7.0625275608151472e-01
   7.0857080609763268e-01
   7.1171122820921273e-01
   7.1561647498972925e-01
   7.2021385092484613e-01
   7.2541615842422069e-01
   7.3112260233139015e-01
   7.3722000776572116e-01
   7.4358440237792067e-01
