   7.7613496388845016e-01
   7.9061116170170798e-01
   8.0560323252069488e-01
   8.2074933458936283e-01
   8.3566264096151754e-01
   8.4994099496344044e-01
   8.6317922457870688e-01
   8.7498377576791975e-01
   8.8498896739130284e-01
   8.9287382492832346e-01
   8.9837818234463529e-01
   9.0131661772467830e-01
   9.0158885814330314e-01
   8.9918556799133020e-01
   8.9418889360611831e-01
   8.8676770437732078e-01
   8.7716804835526474e-01
   8.6569982797792422e-01
   8.5272102056190158e-01
   8.3862088051066130e-01
   8.2380347258056674e-01
   8.0867264181456255e-01
   7.9361919044413831e-01
   7.7901067234291488e-01
   7.6518388691375450e-01
   7.5243989254504462e-01
   7.4104118037343891e-01
   7.3121055059736184e-01
   7.2313120365779315e-01
   7.1694757999056036e-01
   7.1276653731030293e-01
   7.1065852882640312e-01
   7.1065852882640312e-01
   7.1276653731030282e-01
   7.1694757999056036e-01
   7.2313120365779304e-01
   7.3121055059736173e-01
   7.4104118037343880e-01
   7.5243989254504451e-01
   7.6518388691375427e-01
   7.7901067234291466e-01
   7.9361919044413809e-01
   8.0867264181456244e-01
   8.2380347258056663e-01
   8.3862088051066108e-01
   8.5272102056190135e-01
   8.6569982797792411e-01
   8.7716804835526463e-01
   8.8676770437732055e-01
   8.9418889360611831e-01
   8.9918556799133020e-01
   9.0158885814330303e-01
   9.0131661772467830e-01
   8.9837818234463529e-01
   8.9287382492832346e-01
   8.8498896739130295e-01
   8.7498377576791986e-01
   8.6317922457870699e-01
   8.4994099496344055e-01
   8.3566264096151777e-01
   8.2074933458936294e-01
   8.0560323252069499e-01
   7.9061116170170809e-01
   7.7613496388845038e-01
   7.5543588845915122e-01
   7.2900125148634976e-01
   7.0442516696363733e-01
   6.8214128930511841e-01
   6.6249864362513455e-01
   6.4577113621937510e-01
   6.3216780471795098e-01
   6.2184263254224226e-01
   6.1490310844047313e-01
   6.1141699710436836e-01
   6.1141699710436836e-01
   6.1490310844047336e-01
   6.2184263254224259e-01
   6.3216780471795131e-01
   6.4577113621937543e-01
   6.6249864362513511e-01
   6.8214128930511897e-01
   7.0442516696363799e-01
   7.2900125148635042e-01
   7.5543588845915211e-01
   7.7613496388845093e-01
   7.9061116170170842e-01
   8.0560323252069499e-01
   8.2074933458936272e-01
   8.3566264096151710e-01
   8.4994099496343978e-01
   8.6317922457870588e-01
   8.7498377576791864e-01
   8.8498896739130151e-01
   8.9287382492832201e-01
   8.9837818234463362e-01
   9.0131661772467664e-01
   9.0158885814330159e-01
   8.9918556799132876e-01
   8.9418889360611686e-01
   8.8676770437731944e-01
   8.7716804835526363e-01
   8.6569982797792344e-01
   8.5272102056190091e-01
   8.3862088051066097e-01
   8.2380347258056674e-01
   8.0867264181456300e-01
   7.9361919044413887e-01
   7.7901067234291577e-01
   7.6518388691375561e-01
   7.5243989254504595e-01
   7.4104118037344047e-01
   7.3121055059736362e-01
   7.2313120365779493e-01
   7.1694757999056236e-01
   7.1276653731030493e-01
   7.1065852882640512e-01
   7.1065852882640512e-01
   7.1276653731030482e-01
   7.1694757999056224e-01
   7.2313120365779493e-01
   7.3121055059736351e-01
   7.4104118037344047e-01
   7.5243989254504584e-01
   7.6518388691375550e-01
   7.7901067234291566e-01
   7.9361919044413876e-01
   8.0867264181456289e-01
   8.2380347258056674e-01
   8.3862088051066097e-01
   8.5272102056190091e-01
   8.6569982797792333e-01
   8.7716804835526363e-01
   8.8676770437731944e-01
   8.9418889360611675e-01
   8.9918556799132876e-01
   9.0158885814330159e-01
   9.0131661772467664e-01
   8.9837818234463362e-01
   8.9287382492832212e-01
   8.8498896739130162e-01
   8.7498377576791875e-01
   8.6317922457870599e-01
   8.4994099496343989e-01
   8.3566264096151721e-01
   8.2074933458936283e-01
   8.0560323252069510e-01
   7.9061116170170853e-01
   7.7613496388845093e-01
