   6.1040404556655747e-01
   5.8008391636784995e-01
   5.5297867751761465e-01
   5.2926548358046110e-01
   5.0906070421516303e-01
   4.9243627249168398e-01
   4.7943330810781348e-01
   4.7007297558441541e-01
   4.6436469202662645e-01
   4.6231185601156805e-01
   4.6391526077925910e-01
   4.6917430607204014e-01
   4.7808605232348017e-01
   4.9064208294939604e-01
   5.0682306822559420e-01
   5.2659087182602204e-01
   5.4987802653891649e-01
   5.7657445302905597e-01
   6.0651143606913527e-01
   6.3944314389131918e-01
   6.7502641653635143e-01
   7.1280018531988243e-01
   7.5216671201702257e-01
   7.9237778332872000e-01
   8.3252989422238477e-01
   8.7157300875294519e-01
   9.0833729334678392e-01
   9.4158084365493777e-01
   9.7005859338794698e-01
   9.9260842237719804e-01
   1.0082456984180925e+00
   1.0162534263186824e+00
   1.0162534263186822e+00
   1.0082456984180921e+00
   9.9260842237719726e-01
   9.7005859338794598e-01
   9.4158084365493677e-01
   9.0833729334678270e-01
   8.7157300875294386e-01
   8.3252989422238333e-01
   7.9237778332871855e-01
   7.5216671201702112e-01
   7.1280018531988110e-01
   6.7502641653635020e-01
   6.3944314389131796e-01
   6.0651143606913405e-01
   5.7657445302905486e-01
   5.4987802653891538e-01
   5.2659087182602093e-01
   5.0682306822559331e-01
   4.9064208294939521e-01
   4.7808605232347934e-01
   4.6917430607203947e-01
   4.6391526077925838e-01
   4.6231185601156743e-01
   4.6436469202662600e-01
   4.7007297558441496e-01
   4.7943330810781304e-01
   4.9243627249168370e-01
   5.0906070421516292e-01
   5.2926548358046088e-01
   5.5297867751761454e-01
   5.8008391636784995e-01
   6.1040404556655758e-01
   6.6094024917420269e-01
   7.3120835714006305e-01
   8.0278294126424621e-01
   8.7402905874276748e-01
   9.4282921737927983e-01
   1.0066338051949721e+00
   1.0626005576759703e+00
   1.1078325475622834e+00
   1.1396976403902705e+00
   1.1561789062057295e+00
   1.1561789062057295e+00
   1.1396976403902708e+00
   1.1078325475622834e+00
   1.0626005576759703e+00
   1.0066338051949724e+00
   9.4282921737927994e-01
   8.7402905874276760e-01
   8.0278294126424643e-01
   7.3120835714006338e-01
   6.6094024917420280e-01
   6.1040404556655747e-01
   5.8008391636784995e-01
   5.5297867751761454e-01
   5.2926548358046099e-01
   5.0906070421516303e-01
   4.9243627249168392e-01
   4.7943330810781337e-01
   4.7007297558441530e-01
   4.6436469202662639e-01
   4.6231185601156793e-01
   4.6391526077925899e-01
   4.6917430607204008e-01
   4.7808605232348000e-01
   4.9064208294939593e-01
   5.0682306822559420e-01
   5.2659087182602182e-01
   5.4987802653891626e-01
   5.7657445302905586e-01
   6.0651143606913505e-01
   6.3944314389131907e-01
   6.7502641653635131e-01
   7.1280018531988232e-01
   7.5216671201702257e-01
   7.9237778332871989e-01
   8.3252989422238477e-01
   8.7157300875294519e-01
   9.0833729334678392e-01
   9.4158084365493766e-01
   9.7005859338794698e-01
   9.9260842237719793e-01
   1.0082456984180928e+00
   1.0162534263186824e+00
   1.0162534263186822e+00
   1.0082456984180921e+00
   9.9260842237719726e-01
   9.7005859338794609e-01
   9.4158084365493655e-01
   9.0833729334678270e-01
   8.7157300875294375e-01
   8.3252989422238333e-01
   7.9237778332871867e-01
   7.5216671201702123e-01
   7.1280018531988110e-01
   6.7502641653635020e-01
   6.3944314389131784e-01
   6.0651143606913405e-01
   5.7657445302905486e-01
   5.4987802653891549e-01
   5.2659087182602105e-01
   5.0682306822559331e-01
   4.9064208294939515e-01
   4.7808605232347934e-01
   4.6917430607203947e-01
   4.6391526077925838e-01
   4.6231185601156749e-01
   4.6436469202662595e-01
   4.7007297558441496e-01
   4.7943330810781304e-01
   4.9243627249168370e-01
   5.0906070421516292e-01
   5.2926548358046088e-01
   5.5297867751761443e-01
   5.8008391636784995e-01
   6.1040404556655758e-01
