   5.1469860462059824e-01
   5.5781271744410288e-01
   6.1112316235097319e-01
   6.7487029732986348e-01
   7.4907631633909122e-01
   8.3336546746725138e-01
   9.2672962978885320e-01
   1.0272498855861392e+00
   1.1318130680994114e+00
   1.2359052242344533e+00
   1.3336113457719874e+00
   1.4179725272350863e+00
   1.4817997243454233e+00
   1.5188818886392415e+00
   1.5252918156726381e+00
   1.5003263367111852e+00
   1.4466835821322765e+00
   1.3697974332921605e+00
   1.2766211543382855e+00
   1.1743309733418223e+00
   1.0693324515039726e+00
   9.6672379831864352e-01
   8.7016888519940139e-01
   7.8203810473548885e-01
   7.0367333709378532e-01
   6.3567524029351929e-01
   5.7815802892237900e-01
   5.3095146681296412e-01
   4.9374956260428698e-01
   4.6621415143656070e-01
   4.4804370621034934e-01
   4.3901671013636512e-01
   4.3901671013636501e-01
   4.4804370621034922e-01
   4.6621415143656042e-01
   4.9374956260428665e-01
   5.3095146681296379e-01
   5.7815802892237844e-01
   6.3567524029351863e-01
   7.0367333709378455e-01
   7.8203810473548807e-01
   8.7016888519940061e-01
   9.6672379831864252e-01
   1.0693324515039717e+00
   1.1743309733418212e+00
   1.2766211543382846e+00
   1.3697974332921594e+00
   1.4466835821322757e+00
   1.5003263367111845e+00
   1.5252918156726376e+00
   1.5188818886392412e+00
   1.4817997243454235e+00
   1.4179725272350867e+00
   1.3336113457719883e+00
   1.2359052242344544e+00
   1.1318130680994127e+00
   1.0272498855861403e+00
   9.2672962978885431e-01
   8.3336546746725249e-01
   7.4907631633909222e-01
   6.7487029732986425e-01
   6.1112316235097375e-01
   5.5781271744410332e-01
   5.1469860462059847e-01
   4.6420985233941442e-01
   4.0617140223402393e-01
   3.5702352588775782e-01
   3.1595827383130098e-01
   2.8222061093887379e-01
   2.5514201639768341e-01
   2.3415781531752503e-01
   2.1881485782755539e-01
   2.0877392206822845e-01
   2.0380963680969896e-01
   2.0380963680969894e-01
   2.0877392206822837e-01
   2.1881485782755525e-01
   2.3415781531752478e-01
   2.5514201639768314e-01
   2.8222061093887346e-01
   3.1595827383130054e-01
   3.5702352588775732e-01
   4.0617140223402326e-01
   4.6420985233941364e-01
   5.1469860462059780e-01
   5.5781271744410288e-01
   6.1112316235097353e-01
   6.7487029732986448e-01
   7.4907631633909244e-01
   8.3336546746725293e-01
   9.2672962978885498e-01
   1.0272498855861412e+00
   1.1318130680994138e+00
   1.2359052242344555e+00
   1.3336113457719891e+00
   1.4179725272350878e+00
   1.4817997243454242e+00
   1.5188818886392415e+00
   1.5252918156726376e+00
   1.5003263367111839e+00
   1.4466835821322748e+00
   1.3697974332921585e+00
   1.2766211543382835e+00
   1.1743309733418201e+00
   1.0693324515039706e+00
   9.6672379831864164e-01
   8.7016888519939972e-01
   7.8203810473548752e-01
   7.0367333709378421e-01
   6.3567524029351852e-01
   5.7815802892237855e-01
   5.3095146681296401e-01
   4.9374956260428710e-01
   4.6621415143656114e-01
   4.4804370621035011e-01
   4.3901671013636623e-01
   4.3901671013636651e-01
   4.4804370621035100e-01
   4.6621415143656264e-01
   4.9374956260428926e-01
   5.3095146681296679e-01
   5.7815802892238199e-01
   6.3567524029352263e-01
   7.0367333709378899e-01
   7.8203810473549296e-01
   8.7016888519940594e-01
   9.6672379831864830e-01
   1.0693324515039775e+00
   1.1743309733418270e+00
   1.2766211543382897e+00
   1.3697974332921636e+00
   1.4466835821322790e+00
   1.5003263367111861e+00
   1.5252918156726378e+00
   1.5188818886392397e+00
   1.4817997243454204e+00
   1.4179725272350825e+00
   1.3336113457719831e+00
   1.2359052242344488e+00
   1.1318130680994072e+00
   1.0272498855861349e+00
   9.2672962978884943e-01
   8.3336546746724804e-01
   7.4907631633908844e-01
   6.7487029732986126e-01
   6.1112316235097131e-01
   5.5781271744410155e-01
   5.1469860462059736e-01
