   4.7782898097120530e-01
   4.3238498314884283e-01
   3.9336541621161186e-01
   3.6043484146272364e-01
   3.3325598852805360e-01
   3.1151626153752143e-01
   2.9494501545841489e-01
   2.8332444918325139e-01
   2.7649621086499826e-01
   2.7436517739763172e-01
   2.7690135467943611e-01
   2.8414042277887563e-01
   2.9618308455862863e-01
   3.1319302878587024e-01
   3.3539294977586581e-01
   3.6305763639497213e-01
   3.9650261850866986e-01
   4.3606621458237466e-01
   4.8208206445905244e-01
   5.3483842292253525e-01
   5.9451982002916548e-01
   6.6112656132322478e-01
   7.3436866498511510e-01
   8.1353433967125277e-01
   8.9734044895374321e-01
   9.8378485940028770e-01
   1.0700379408215079e+00
   1.1524289352508184e+00
   1.2265926746768767e+00
   1.2878279319053176e+00
   1.3316669570800213e+00
   1.3545697244370103e+00
   1.3545697244370123e+00
   1.3316669570800272e+00
   1.2878279319053272e+00
   1.2265926746768887e+00
   1.1524289352508326e+00
   1.0700379408215235e+00
   9.8378485940030369e-01
   8.9734044895375897e-01
   8.1353433967126809e-01
   7.3436866498512954e-01
   6.6112656132323822e-01
   5.9451982002917791e-01
   5.3483842292254657e-01
   4.8208206445906254e-01
   4.3606621458238370e-01
   3.9650261850867796e-01
   3.6305763639497923e-01
   3.3539294977587214e-01
   3.1319302878587579e-01
   2.9618308455863346e-01
   2.8414042277887991e-01
   2.7690135467943983e-01
   2.7436517739763494e-01
   2.7649621086500109e-01
   2.8332444918325383e-01
   2.9494501545841689e-01
   3.1151626153752315e-01
   3.3325598852805499e-01
   3.6043484146272470e-01
   3.9336541621161264e-01
   4.3238498314884333e-01
   4.7782898097120552e-01
   5.5704273545308636e-01
   6.7052071335857721e-01
   7.9081313369242612e-01
   9.1636221817159447e-01
   1.0440743549427220e+00
   1.1690228754555010e+00
   1.2844118072822766e+00
   1.3820252476057229e+00
   1.4533180115354090e+00
   1.4910568698034155e+00
   1.4910568698034152e+00
   1.4533180115354085e+00
   1.3820252476057220e+00
   1.2844118072822757e+00
   1.1690228754554999e+00
   1.0440743549427212e+00
   9.1636221817159358e-01
   7.9081313369242523e-01
   6.7052071335857655e-01
   5.5704273545308591e-01
   4.7782898097120496e-01
   4.3238498314884238e-01
   3.9336541621161142e-01
   3.6043484146272314e-01
   3.3325598852805305e-01
   3.1151626153752088e-01
   2.9494501545841423e-01
   2.8332444918325073e-01
   2.7649621086499748e-01
   2.7436517739763083e-01
   2.7690135467943511e-01
   2.8414042277887452e-01
   2.9618308455862741e-01
   3.1319302878586885e-01
   3.3539294977586437e-01
   3.6305763639497046e-01
   3.9650261850866819e-01
   4.3606621458237277e-01
   4.8208206445905033e-01
   5.3483842292253303e-01
   5.9451982002916304e-01
   6.6112656132322223e-01
   7.3436866498511222e-01
   8.1353433967124977e-01
   8.9734044895373999e-01
   9.8378485940028448e-01
   1.0700379408215048e+00
   1.1524289352508155e+00
   1.2265926746768743e+00
   1.2878279319053159e+00
   1.3316669570800201e+00
   1.3545697244370098e+00
   1.3545697244370127e+00
   1.3316669570800284e+00
   1.2878279319053290e+00
   1.2265926746768911e+00
   1.1524289352508352e+00
   1.0700379408215266e+00
   9.8378485940030680e-01
   8.9734044895376208e-01
   8.1353433967127109e-01
   7.3436866498513242e-01
   6.6112656132324088e-01
   5.9451982002918036e-01
   5.3483842292254868e-01
   4.8208206445906449e-01
   4.3606621458238543e-01
   3.9650261850867946e-01
   3.6305763639498057e-01
   3.3539294977587331e-01
   3.1319302878587679e-01
   2.9618308455863435e-01
   2.8414042277888057e-01
   2.7690135467944044e-01
   2.7436517739763544e-01
   2.7649621086500142e-01
   2.8332444918325406e-01
   2.9494501545841706e-01
   3.1151626153752321e-01
   3.3325598852805499e-01
   3.6043484146272453e-01
   3.9336541621161236e-01
   4.3238498314884299e-01
   4.7782898097120513e-01
