   7.0111416223344947e-01
   7.3401666764669149e-01
   7.7126008727117668e-01
   8.1223119301020197e-01
   8.5611222073193061e-01
   9.0185222463603132e-01
   9.4815264030385571e-01
   9.9347669295991226e-01
   1.0360923894332934e+00
   1.0741561184554393e+00
   1.1058374598723912e+00
   1.1294759262498220e+00
   1.1437491511348139e+00
   1.1478234248953751e+00
   1.1414558365349545e+00
   1.1250250596645084e+00
   1.0994835604955817e+00
   1.0662423812561035e+00
   1.0270139824733890e+00
   9.8364429932669806e-01
   9.3796166875043319e-01
   8.9166070428625765e-01
   8.4622799448917341e-01
   8.0290727526125250e-01
   7.6269615301126659e-01
   7.2636446327306281e-01
   6.9448490542346863e-01
   6.6746847018557198e-01
   6.4559939988426052e-01
   6.2906640889489507e-01
   6.1798839583551279e-01
   6.1243386980792491e-01
   6.1243386980792491e-01
   6.1798839583551279e-01
   6.2906640889489518e-01
   6.4559939988426052e-01
   6.6746847018557209e-01
   6.9448490542346875e-01
   7.2636446327306303e-01
   7.6269615301126681e-01
   8.0290727526125261e-01
   8.4622799448917363e-01
   8.9166070428625788e-01
   9.3796166875043341e-01
   9.8364429932669828e-01
   1.0270139824733890e+00
   1.0662423812561037e+00
   1.0994835604955819e+00
   1.1250250596645084e+00
   1.1414558365349547e+00
   1.1478234248953751e+00
   1.1437491511348139e+00
   1.1294759262498217e+00
   1.1058374598723912e+00
   1.0741561184554391e+00
   1.0360923894332932e+00
   9.9347669295991203e-01
   9.4815264030385549e-01
   9.0185222463603121e-01
   8.5611222073193038e-01
   8.1223119301020175e-01
   7.7126008727117656e-01
   7.3401666764669127e-01
   7.0111416223344947e-01
   6.5841440248467542e-01
   6.0655906024238371e-01
   5.6049829329049250e-01
   5.2039467222548808e-01
   4.8627312206796197e-01
   4.5807546735053833e-01
   4.3570215397854656e-01
   4.1904296226880294e-01
   4.0799874930270802e-01
   4.0249606123115539e-01
   4.0249606123115544e-01
   4.0799874930270802e-01
   4.1904296226880311e-01
   4.3570215397854678e-01
   4.5807546735053850e-01
   4.8627312206796225e-01
   5.2039467222548830e-01
   5.6049829329049283e-01
   6.0655906024238404e-01
   6.5841440248467575e-01
   7.0111416223344980e-01
   7.3401666764669160e-01
   7.7126008727117645e-01
   8.1223119301020141e-01
   8.5611222073192972e-01
   9.0185222463603032e-01
   9.4815264030385449e-01
   9.9347669295991081e-01
   1.0360923894332918e+00
   1.0741561184554380e+00
   1.1058374598723897e+00
   1.1294759262498206e+00
   1.1437491511348128e+00
   1.1478234248953743e+00
   1.1414558365349541e+00
   1.1250250596645082e+00
   1.0994835604955819e+00
   1.0662423812561039e+00
   1.0270139824733897e+00
   9.8364429932669917e-01
   9.3796166875043452e-01
   8.9166070428625932e-01
   8.4622799448917507e-01
   8.0290727526125416e-01
   7.6269615301126858e-01
   7.2636446327306481e-01
   6.9448490542347052e-01
   6.6746847018557398e-01
   6.4559939988426229e-01
   6.2906640889489696e-01
   6.1798839583551468e-01
   6.1243386980792658e-01
   6.1243386980792658e-01
   6.1798839583551446e-01
   6.2906640889489673e-01
   6.4559939988426196e-01
   6.6746847018557365e-01
   6.9448490542347008e-01
   7.2636446327306436e-01
   7.6269615301126803e-01
   8.0290727526125361e-01
   8.4622799448917452e-01
   8.9166070428625865e-01
   9.3796166875043396e-01
   9.8364429932669861e-01
   1.0270139824733893e+00
   1.0662423812561035e+00
   1.0994835604955815e+00
   1.1250250596645079e+00
   1.1414558365349539e+00
   1.1478234248953745e+00
   1.1437491511348130e+00
   1.1294759262498208e+00
   1.1058374598723901e+00
   1.0741561184554385e+00
   1.0360923894332923e+00
   9.9347669295991148e-01
   9.4815264030385493e-01
   9.0185222463603087e-01
   8.5611222073193027e-01
   8.1223119301020175e-01
   7.7126008727117690e-01
   7.3401666764669193e-01
   7.0111416223345002e-01
