   7.6302989719560022e-01
   7.6303050473529466e-01
   7.6303109967473226e-01
   7.6303166865988437e-01
   7.6303219891929142e-01
   7.6303267855073331e-01
   7.6303309678838516e-01
   7.6303344424446973e-01
   7.6303371311997414e-01
   7.6303389737970873e-01
   7.6303399288777196e-01
   7.6303399750038603e-01
   7.6303391111401608e-01
   7.6303373566769395e-01
   7.6303347509949482e-01
   7.6303313525814265e-01
   7.6303272377172948e-01
   7.6303224987649421e-01
   7.6303172420950649e-01
   7.6303115856990522e-01
   7.6303056565405536e-01
   7.6302995877056445e-01
   7.6302935154155660e-01
   7.6302875759691091e-01
   7.6302819026832380e-01
   7.6302766229006602e-01
   7.6302718551314930e-01
   7.6302677063931779e-01
   7.6302642698083767e-01
   7.6302616225147357e-01
   7.6302598239334474e-01
   7.6302589144355015e-01
   7.6302589144355015e-01
   7.6302598239334474e-01
   7.6302616225147346e-01
   7.6302642698083767e-01
   7.6302677063931779e-01
   7.6302718551314908e-01
   7.6302766229006580e-01
   7.6302819026832369e-01
   7.6302875759691080e-01
   7.6302935154155660e-01
   7.6302995877056434e-01
   7.6303056565405525e-01
   7.6303115856990511e-01
   7.6303172420950627e-01
   7.6303224987649421e-01
   7.6303272377172937e-01
   7.6303313525814265e-01
   7.6303347509949482e-01
   7.6303373566769395e-01
   7.6303391111401608e-01
   7.6303399750038603e-01
   7.6303399288777185e-01
   7.6303389737970873e-01
   7.6303371311997426e-01
   7.6303344424446984e-01
   7.6303309678838527e-01
   7.6303267855073331e-01
   7.6303219891929153e-01
   7.6303166865988437e-01
   7.6303109967473237e-01
   7.6303050473529477e-01
   7.6302989719560022e-01
   7.6302897616506848e-01
   7.6302776313193121e-01
   7.6302660087322050e-01
   7.6302551645607608e-01
   7.6302453513482837e-01
   7.6302367976286734e-01
   7.6302297026042443e-01
   7.6302242315066415e-01
   7.6302205117488675e-01
   7.6302186299580532e-01
   7.6302186299580532e-01
   7.6302205117488686e-01
   7.6302242315066438e-01
   7.6302297026042454e-01
   7.6302367976286745e-01
   7.6302453513482849e-01
   7.6302551645607619e-01
   7.6302660087322061e-01
   7.6302776313193121e-01
   7.6302897616506860e-01
   7.6302989719560022e-01
   7.6303050473529466e-01
   7.6303109967473215e-01
   7.6303166865988403e-01
   7.6303219891929119e-01
   7.6303267855073287e-01
   7.6303309678838493e-01
   7.6303344424446928e-01
   7.6303371311997381e-01
   7.6303389737970817e-01
   7.6303399288777141e-01
   7.6303399750038547e-01
   7.6303391111401564e-01
   7.6303373566769350e-01
   7.6303347509949448e-01
   7.6303313525814231e-01
   7.6303272377172904e-01
   7.6303224987649398e-01
   7.6303172420950616e-01
   7.6303115856990511e-01
   7.6303056565405525e-01
   7.6302995877056445e-01
   7.6302935154155671e-01
   7.6302875759691102e-01
   7.6302819026832391e-01
   7.6302766229006624e-01
   7.6302718551314952e-01
   7.6302677063931823e-01
   7.6302642698083811e-01
   7.6302616225147391e-01
   7.6302598239334529e-01
   7.6302589144355060e-01
   7.6302589144355060e-01
   7.6302598239334529e-01
   7.6302616225147391e-01
   7.6302642698083811e-01
   7.6302677063931812e-01
   7.6302718551314941e-01
   7.6302766229006613e-01
   7.6302819026832380e-01
   7.6302875759691102e-01
   7.6302935154155671e-01
   7.6302995877056434e-01
   7.6303056565405525e-01
   7.6303115856990489e-01
   7.6303172420950605e-01
   7.6303224987649387e-01
   7.6303272377172893e-01
   7.6303313525814231e-01
   7.6303347509949437e-01
   7.6303373566769350e-01
   7.6303391111401564e-01
   7.6303399750038547e-01
   7.6303399288777141e-01
   7.6303389737970828e-01
   7.6303371311997370e-01
   7.6303344424446939e-01
   7.6303309678838493e-01
   7.6303267855073298e-01
   7.6303219891929130e-01
   7.6303166865988414e-01
   7.6303109967473226e-01
   7.6303050473529466e-01
   7.6302989719560033e-01
