   7.6932282708676569e-01
   7.8841715345177454e-01
   8.0858959511160944e-01
   8.2936559865071635e-01
   8.5021662079288174e-01
   8.7057057916211522e-01
   8.8982780093169844e-01
   9.0738253858424622e-01
   9.2264936475023651e-01
   9.3509287942695696e-01
   9.4425831542132277e-01
   9.4980001035569339e-01
   9.5150452164196242e-01
   9.4930552123492418e-01
   9.4328851959865012e-01
   9.3368478394025445e-01
   9.2085526672949958e-01
   9.0526663790780881e-01
   8.8746236187214733e-01
   8.6803204747658824e-01
   8.4758204415346572e-01
   8.2670959900075058e-01
   8.0598202781984596e-01
   7.8592148270860351e-01
   7.6699516451762684e-01
   7.4961030608200385e-01
   7.3411295446301927e-01
   7.2078947672373417e-01
   7.0986975212094405e-01
   7.0153113929934163e-01
   6.9590247400192928e-01
   6.9306752837323538e-01
   6.9306752837323538e-01
   6.9590247400192928e-01
   7.0153113929934163e-01
   7.0986975212094405e-01
   7.2078947672373417e-01
   7.3411295446301938e-01
   7.4961030608200396e-01
   7.6699516451762684e-01
   7.8592148270860351e-01
   8.0598202781984585e-01
   8.2670959900075058e-01
   8.4758204415346572e-01
   8.6803204747658824e-01
   8.8746236187214744e-01
   9.0526663790780892e-01
   9.2085526672949958e-01
   9.3368478394025445e-01
   9.4328851959865012e-01
   9.4930552123492418e-01
   9.5150452164196242e-01
   9.4980001035569328e-01
   9.4425831542132277e-01
   9.3509287942695696e-01
   9.2264936475023651e-01
   9.0738253858424611e-01
   8.8982780093169833e-01
   8.7057057916211511e-01
   8.5021662079288163e-01
   8.2936559865071635e-01
   8.0858959511160933e-01
   7.8841715345177454e-01
   7.6932282708676569e-01
   7.4259376039402969e-01
   7.0883236101417779e-01
   6.7776589067019788e-01
   6.4986015544475517e-01
   6.2546654334845275e-01
   6.0484238392591072e-01
   5.8817032956117477e-01
   5.7557541709885318e-01
   5.6713906713243178e-01
   5.6290967485286880e-01
   5.6290967485286880e-01
   5.6713906713243178e-01
   5.7557541709885296e-01
   5.8817032956117443e-01
   6.0484238392591039e-01
   6.2546654334845242e-01
   6.4986015544475473e-01
   6.7776589067019755e-01
   7.0883236101417757e-01
   7.4259376039402947e-01
   7.6932282708676558e-01
   7.8841715345177454e-01
   8.0858959511160944e-01
   8.2936559865071635e-01
   8.5021662079288163e-01
   8.7057057916211522e-01
   8.8982780093169844e-01
   9.0738253858424622e-01
   9.2264936475023651e-01
   9.3509287942695707e-01
   9.4425831542132288e-01
   9.4980001035569339e-01
   9.5150452164196242e-01
   9.4930552123492429e-01
   9.4328851959865012e-01
   9.3368478394025445e-01
   9.2085526672949958e-01
   9.0526663790780892e-01
   8.8746236187214744e-01
   8.6803204747658824e-01
   8.4758204415346572e-01
   8.2670959900075058e-01
   8.0598202781984585e-01
   7.8592148270860340e-01
   7.6699516451762673e-01
   7.4961030608200374e-01
   7.3411295446301927e-01
   7.2078947672373417e-01
   7.0986975212094394e-01
   7.0153113929934152e-01
   6.9590247400192939e-01
   6.9306752837323526e-01
   6.9306752837323526e-01
   6.9590247400192939e-01
   7.0153113929934163e-01
   7.0986975212094405e-01
   7.2078947672373406e-01
   7.3411295446301938e-01
   7.4961030608200385e-01
   7.6699516451762684e-01
   7.8592148270860351e-01
   8.0598202781984585e-01
   8.2670959900075047e-01
   8.4758204415346572e-01
   8.6803204747658813e-01
   8.8746236187214744e-01
   9.0526663790780892e-01
   9.2085526672949969e-01
   9.3368478394025456e-01
   9.4328851959865012e-01
   9.4930552123492429e-01
   9.5150452164196253e-01
   9.4980001035569339e-01
   9.4425831542132288e-01
   9.3509287942695696e-01
   9.2264936475023651e-01
   9.0738253858424633e-01
   8.8982780093169844e-01
   8.7057057916211511e-01
   8.5021662079288163e-01
   8.2936559865071635e-01
   8.0858959511160933e-01
   7.8841715345177454e-01
   7.6932282708676558e-01
