   7.3656516780588432e-01
   7.2835206953700338e-01
   7.2053109170734009e-01
   7.1325541368915446e-01
   7.0666295685992031e-01
   7.0087491886892872e-01
   6.9599477916793784e-01
   6.9210767459589106e-01
   6.8928004561180090e-01
   6.8755946323253014e-01
   6.8697456181842764e-01
   6.8753502179749892e-01
   6.8923156780493378e-01
   6.9203597042527609e-01
   6.9590106285707642e-01
   7.0076080654825423e-01
   7.0653046127552799e-01
   7.1310693415476689e-01
   7.2036939725511728e-01
   7.2818027309310496e-01
   7.3638668927297812e-01
   7.4482249579522453e-01
   7.5331091918485260e-01
   7.6166789537758339e-01
   7.6970607822638348e-01
   7.7723946424312818e-01
   7.8408851053665318e-01
   7.9008555775739686e-01
   7.9508031088873299e-01
   7.9894508650619167e-01
   8.0157951378899239e-01
   8.0291438422690442e-01
   8.0291438422690431e-01
   8.0157951378899239e-01
   7.9894508650619167e-01
   7.9508031088873299e-01
   7.9008555775739686e-01
   7.8408851053665318e-01
   7.7723946424312818e-01
   7.6970607822638348e-01
   7.6166789537758317e-01
   7.5331091918485260e-01
   7.4482249579522442e-01
   7.3638668927297812e-01
   7.2818027309310474e-01
   7.2036939725511717e-01
   7.1310693415476678e-01
   7.0653046127552788e-01
   7.0076080654825423e-01
   6.9590106285707631e-01
   6.9203597042527609e-01
   6.8923156780493378e-01
   6.8753502179749904e-01
   6.8697456181842764e-01
   6.8755946323253014e-01
   6.8928004561180090e-01
   6.9210767459589106e-01
   6.9599477916793784e-01
   7.0087491886892872e-01
   7.0666295685992031e-01
   7.1325541368915446e-01
   7.2053109170734009e-01
   7.2835206953700349e-01
   7.3656516780588444e-01
   7.4938027647806071e-01
   7.6652453851258417e-01
   7.8322215307253096e-01
   7.9905804066136743e-01
   8.1361434118015585e-01
   8.2648576010489549e-01
   8.3729669337011847e-01
   8.4571897877778490e-01
   8.5148883055707036e-01
   8.5442138625736186e-01
   8.5442138625736186e-01
   8.5148883055707048e-01
   8.4571897877778501e-01
   8.3729669337011847e-01
   8.2648576010489561e-01
   8.1361434118015596e-01
   7.9905804066136765e-01
   7.8322215307253107e-01
   7.6652453851258440e-01
   7.4938027647806082e-01
   7.3656516780588455e-01
   7.2835206953700360e-01
   7.2053109170734031e-01
   7.1325541368915457e-01
   7.0666295685992042e-01
   7.0087491886892894e-01
   6.9599477916793806e-01
   6.9210767459589129e-01
   6.8928004561180112e-01
   6.8755946323253048e-01
   6.8697456181842798e-01
   6.8753502179749915e-01
   6.8923156780493400e-01
   6.9203597042527620e-01
   6.9590106285707665e-01
   7.0076080654825434e-01
   7.0653046127552810e-01
   7.1310693415476689e-01
   7.2036939725511739e-01
   7.2818027309310485e-01
   7.3638668927297823e-01
   7.4482249579522442e-01
   7.5331091918485260e-01
   7.6166789537758328e-01
   7.6970607822638337e-01
   7.7723946424312806e-01
   7.8408851053665296e-01
   7.9008555775739675e-01
   7.9508031088873277e-01
   7.9894508650619145e-01
   8.0157951378899217e-01
   8.0291438422690420e-01
   8.0291438422690420e-01
   8.0157951378899217e-01
   7.9894508650619145e-01
   7.9508031088873277e-01
   7.9008555775739675e-01
   7.8408851053665307e-01
   7.7723946424312806e-01
   7.6970607822638337e-01
   7.6166789537758328e-01
   7.5331091918485260e-01
   7.4482249579522453e-01
   7.3638668927297823e-01
   7.2818027309310485e-01
   7.2036939725511739e-01
   7.1310693415476700e-01
   7.0653046127552821e-01
   7.0076080654825434e-01
   6.9590106285707665e-01
   6.9203597042527620e-01
   6.8923156780493400e-01
   6.8753502179749915e-01
   6.8697456181842786e-01
   6.8755946323253037e-01
   6.8928004561180112e-01
   6.9210767459589129e-01
   6.9599477916793795e-01
   7.0087491886892883e-01
   7.0666295685992042e-01
   7.1325541368915457e-01
   7.2053109170734031e-01
   7.2835206953700360e-01
   7.3656516780588444e-01
