   3.7635858211580564e-01
   3.7857343247624092e-01
   3.8109034161939764e-01
   3.8389727194759116e-01
   3.8698046936475933e-01
   3.9032442278223861e-01
   3.9391182820938964e-01
   3.9772356047034158e-01
   4.0173865586500185e-01
   4.0593430932389268e-01
   4.1028588977342606e-01
   4.1476697750961833e-01
   4.1934942735099623e-01
   4.2400346118207283e-01
   4.2869779318473650e-01
   4.3339979056654998e-01
   4.3807567191767666e-01
   4.4269074445481865e-01
   4.4720968034393160e-01
   4.5159683104854464e-01
   4.5581657725617269e-01
   4.5983371043542370e-01
   4.6361384052969407e-01
   4.6712382277190356e-01
   4.7033219519102604e-01
   4.7320961716357274e-01
   4.7572929842994810e-01
   4.7786740742802974e-01
   4.7960344766139995e-01
   4.8092059116298358e-01
   4.8180595895476175e-01
   4.8225083972774191e-01
   4.8225083972774191e-01
   4.8180595895476175e-01
   4.8092059116298358e-01
   4.7960344766140001e-01
   4.7786740742802980e-01
   4.7572929842994816e-01
   4.7320961716357285e-01
   4.7033219519102609e-01
   4.6712382277190367e-01
   4.6361384052969418e-01
   4.5983371043542381e-01
   4.5581657725617286e-01
   4.5159683104854476e-01
   4.4720968034393171e-01
   4.4269074445481876e-01
   4.3807567191767677e-01
   4.3339979056655009e-01
   4.2869779318473661e-01
   4.2400346118207299e-01
   4.1934942735099634e-01
   4.1476697750961844e-01
   4.1028588977342617e-01
   4.0593430932389279e-01
   4.0173865586500190e-01
   3.9772356047034163e-01
   3.9391182820938975e-01
   3.9032442278223867e-01
   3.8698046936475938e-01
   3.8389727194759121e-01
   3.8109034161939770e-01
   3.7857343247624098e-01
   3.7635858211580570e-01
   3.7346957066341530e-01
   3.6993181542307385e-01
   3.6674815767682978e-01
   3.6393275299792188e-01
   3.6149774780488597e-01
   3.5945336810464301e-01
   3.5780800074199448e-01
   3.5656826467443181e-01
   3.5573907027560175e-01
   3.5532366512012614e-01
   3.5532366512012614e-01
   3.5573907027560181e-01
   3.5656826467443198e-01
   3.5780800074199465e-01
   3.5945336810464329e-01
   3.6149774780488625e-01
   3.6393275299792222e-01
   3.6674815767683028e-01
   3.6993181542307435e-01
   3.7346957066341574e-01
   3.7635858211580614e-01
   3.7857343247624137e-01
   3.8109034161939809e-01
   3.8389727194759155e-01
   3.8698046936475972e-01
   3.9032442278223894e-01
   3.9391182820939002e-01
   3.9772356047034191e-01
   4.0173865586500218e-01
   4.0593430932389296e-01
   4.1028588977342634e-01
   4.1476697750961855e-01
   4.1934942735099645e-01
   4.2400346118207299e-01
   4.2869779318473666e-01
   4.3339979056655004e-01
   4.3807567191767671e-01
   4.4269074445481871e-01
   4.4720968034393160e-01
   4.5159683104854464e-01
   4.5581657725617269e-01
   4.5983371043542359e-01
   4.6361384052969395e-01
   4.6712382277190340e-01
   4.7033219519102587e-01
   4.7320961716357252e-01
   4.7572929842994782e-01
   4.7786740742802947e-01
   4.7960344766139962e-01
   4.8092059116298330e-01
   4.8180595895476142e-01
   4.8225083972774152e-01
   4.8225083972774152e-01
   4.8180595895476136e-01
   4.8092059116298325e-01
   4.7960344766139962e-01
   4.7786740742802941e-01
   4.7572929842994777e-01
   4.7320961716357246e-01
   4.7033219519102581e-01
   4.6712382277190334e-01
   4.6361384052969390e-01
   4.5983371043542354e-01
   4.5581657725617264e-01
   4.5159683104854453e-01
   4.4720968034393155e-01
   4.4269074445481865e-01
   4.3807567191767660e-01
   4.3339979056655004e-01
   4.2869779318473661e-01
   4.2400346118207288e-01
   4.1934942735099640e-01
   4.1476697750961850e-01
   4.1028588977342628e-01
   4.0593430932389291e-01
   4.0173865586500213e-01
   3.9772356047034185e-01
   3.9391182820938997e-01
   3.9032442278223894e-01
   3.8698046936475966e-01
   3.8389727194759149e-01
   3.8109034161939803e-01
   3.7857343247624131e-01
   3.7635858211580608e-01
