   1.3757183741299067e-01
   1.4478206307303612e-01
   1.5315234313044160e-01
   1.6274238145753789e-01
   1.7361905272903946e-01
   1.8585610318132675e-01
   1.9953365545758980e-01
   2.1473744449726923e-01
   2.3155769239340152e-01
   2.5008750772637167e-01
   2.7042066935788206e-01
   2.9264862700114663e-01
   3.1685652317273427e-01
   3.4311801722056451e-01
   3.7148867838505162e-01
   4.0199772111982840e-01
   4.3463789638652661e-01
   4.6935344650387789e-01
   5.0602620206855065e-01
   5.4446017328681262e-01
   5.8436538687442341e-01
   6.2534225115864961e-01
   6.6686837280708755e-01
   7.0829042327691460e-01
   7.4882421408675126e-01
   7.8756636076282127e-01
   8.2352051429514628e-01
   8.5563985319790403e-01
   8.8288524136633562e-01
   9.0429534644630916e-01
   9.1906165963217878e-01
   9.2659869407477746e-01
   9.2659869407477746e-01
   9.1906165963217890e-01
   9.0429534644630927e-01
   8.8288524136633573e-01
   8.5563985319790403e-01
   8.2352051429514650e-01
   7.8756636076282138e-01
   7.4882421408675137e-01
   7.0829042327691472e-01
   6.6686837280708766e-01
   6.2534225115864972e-01
   5.8436538687442341e-01
   5.4446017328681273e-01
   5.0602620206855076e-01
   4.6935344650387800e-01
   4.3463789638652667e-01
   4.0199772111982846e-01
   3.7148867838505167e-01
   3.4311801722056451e-01
   3.1685652317273427e-01
   2.9264862700114663e-01
   2.7042066935788212e-01
   2.5008750772637167e-01
   2.3155769239340152e-01
   2.1473744449726920e-01
   1.9953365545758980e-01
   1.8585610318132678e-01
   1.7361905272903946e-01
   1.6274238145753789e-01
   1.5315234313044163e-01
   1.4478206307303612e-01
   1.3757183741299070e-01
   1.2830456552452052e-01
   1.1695072299934083e-01
   1.0658614357775971e-01
   9.7128094241712398e-02
   8.8499875766722483e-02
   8.0630606355640330e-02
   7.3454947733602949e-02
   6.6912796875210429e-02
   6.0948960324953137e-02
   5.5512823330249803e-02
   5.0558022414482776e-02
   4.6042127317783857e-02
   4.1926336221128915e-02
   3.8175186683224581e-02
   3.4756283633852678e-02
   3.1640044984288913e-02
   2.8799464860086041e-02
   2.6209894076437670e-02
   2.3848837217714455e-02
   2.1695765517342962e-02
   1.9731944636851066e-02
   1.7940276394716480e-02
   1.6305153482448410e-02
   1.4812326216529404e-02
   1.3448780402594807e-02
   1.2202625426742606e-02
   1.1062991733908022e-02
   1.0019936901732670e-02
   9.0643595681044412e-03
   8.1879205199879377e-03
   7.3829702992330246e-03
   6.6424827270221455e-03
   5.9599937920352640e-03
   5.3295453880025795e-03
   4.7456334239411174e-03
   4.2031598649881746e-03
   3.6973882933730891e-03
   3.2239026077722833e-03
   2.7785685051609729e-03
   2.3574974124126475e-03
   2.0589612116780412e-03
   1.8797027262941232e-03
   1.7162646129018184e-03
   1.5672713267585589e-03
   1.4314688905367405e-03
   1.3077143419982088e-03
   1.1949661156023638e-03
   1.0922752771967046e-03
   9.9877753809408205e-04
   9.1368598138201332e-04
   8.3628443928975796e-04
   7.6592146590774687e-04
   7.0200485455656982e-04
   6.4399665368057406e-04
   5.9140863933224738e-04
   5.4379820615287912e-04
   5.0076464227454703e-04
   4.6194575679769001e-04
   4.2701483146440500e-04
   3.9567787087501402e-04
   3.6767112810722434e-04
   3.4275888491444779e-04
   3.2073146782198123e-04
   3.0140348342479179e-04
   2.8461225803525381e-04
   2.7021646854886598e-04
   2.5809495300518816e-04
   2.4814569083350576e-04
   2.4028494420077925e-04
   2.3444655323527294e-04
   2.3058137919429125e-04
   2.2865689088957133e-04
   2.2865689088957136e-04
   2.3058137919429130e-04
   2.3444655323527302e-04
   2.4028494420077936e-04
   2.4814569083350592e-04
   2.5809495300518833e-04
   2.7021646854886614e-04
   2.8461225803525403e-04
   3.0140348342479211e-04
   3.2073146782198161e-04
   3.4275888491444822e-04
   3.6767112810722483e-04
   3.9567787087501450e-04
   4.2701483146440555e-04
   4.6194575679769061e-04
   5.0076464227454768e-04
   5.4379820615287977e-04
   5.9140863933224825e-04
   6.4399665368057493e-04
   7.0200485455657068e-04
   7.6592146590774763e-04
   8.3628443928975872e-04
   9.1368598138201397e-04
   9.9877753809408270e-04
   1.0922752771967052e-03
   1.1949661156023645e-03
   1.3077143419982095e-03
   1.4314688905367409e-03
   1.5672713267585591e-03
   1.7162646129018186e-03
   1.8797027262941234e-03
   2.0589612116780412e-03
