   1.6961035466365282e-03
   2.6197592159718777e-03
   3.7433954420137095e-03
   1.9962815740093454e-02
   8.1228878149545464e-02
   1.5117068005653606e-01
   2.0854440884219688e-01
   2.7114849651691553e-01
   3.5937247108791365e-01
   4.7474179620165580e-01
   6.0142829615794091e-01
   6.6477315346578969e-01
   7.3199899767703458e-01
   8.7244041890196145e-01
   1.0303429378577795e+00
   1.2064575951097463e+00
   1.3966472300862833e+00
   1.5985538390343579e+00
   1.8135530932010888e+00
   2.0439013565810615e+00
   2.2902141405093346e+00
   2.5517575141434445e+00
   2.8280567779278676e+00
   3.1195465737513439e+00
   3.4269990576229041e+00
   3.7508734533498269e+00
   4.0913000311641969e+00
