   2.5430239728381532e-01
   2.5430239728381560e-01
   2.5430239728381576e-01
   2.5430239728381598e-01
   2.5430239728381615e-01
   2.5430239728381632e-01
   2.5430239728381648e-01
   2.5430239728381665e-01
   2.5430239728381682e-01
   2.5430239728381698e-01
   2.5430239728381709e-01
   2.5430239728381715e-01
   2.5430239728381732e-01
   2.5430239728381737e-01
   2.5430239728381743e-01
   2.5430239728381754e-01
   2.5430239728381754e-01
   2.5430239728381759e-01
   2.5430239728381765e-01
   2.5430239728381765e-01
   2.5430239728381765e-01
   2.5430239728381765e-01
   2.5430239728381759e-01
   2.5430239728381754e-01
   2.5430239728381748e-01
   2.5430239728381743e-01
   2.5430239728381737e-01
   2.5430239728381726e-01
   2.5430239728381715e-01
   2.5430239728381704e-01
   2.5430239728381693e-01
   2.5430239728381676e-01
   2.5430239728381659e-01
   2.5430239728381648e-01
   2.5430239728381632e-01
   2.5430239728381610e-01
   2.5430239728381593e-01
   2.5430239728381571e-01
   2.5430239728381548e-01
   2.5430239728381526e-01
   2.5430239728381504e-01
   2.5430239728381465e-01
   2.5430239728381432e-01
   2.5430239728381399e-01
   2.5430239728381360e-01
   2.5430239728381326e-01
   2.5430239728381288e-01
   2.5430239728381254e-01
   2.5430239728381215e-01
   2.5430239728381182e-01
   2.5430239728381160e-01
   2.5430239728381154e-01
   2.5430239728381149e-01
   2.5430239728381138e-01
   2.5430239728381138e-01
   2.5430239728381127e-01
   2.5430239728381121e-01
   2.5430239728381115e-01
   2.5430239728381110e-01
   2.5430239728381104e-01
   2.5430239728381104e-01
   2.5430239728381099e-01
   2.5430239728381099e-01
   2.5430239728381093e-01
   2.5430239728381088e-01
   2.5430239728381088e-01
   2.5430239728381088e-01
   2.5430239728381088e-01
   2.5430239728381082e-01
   2.5430239728381082e-01
   2.5430239728381082e-01
   2.5430239728381082e-01
   2.5430239728381088e-01
   2.5430239728381088e-01
   2.5430239728381088e-01
   2.5430239728381088e-01
   2.5430239728381093e-01
   2.5430239728381099e-01
   2.5430239728381099e-01
   2.5430239728381104e-01
   2.5430239728381104e-01
   2.5430239728381110e-01
   2.5430239728381115e-01
   2.5430239728381127e-01
   2.5430239728381127e-01
   2.5430239728381132e-01
   2.5430239728381143e-01
   2.5430239728381149e-01
   2.5430239728381154e-01
   2.5430239728381160e-01
