   2.3490943335309364e-01
   2.4185650367996198e-01
   2.4901058013644189e-01
   2.5636092952107337e-01
   2.6389498851854598e-01
   2.7159821691055136e-01
   2.7945395633421521e-01
   2.8744329850462885e-01
   2.9554496742011410e-01
   3.0373522065452224e-01
   3.1198777537769806e-01
   3.2027376519375816e-01
   3.2856173420092333e-01
   3.3681767480480329e-01
   3.4500511570448877e-01
   3.5308526606275209e-01
   3.6101722111754936e-01
   3.6875823335088803e-01
   3.7626405177774525e-01
   3.8348932994908863e-01
   3.9038810090459169e-01
   3.9691431462139926e-01
   4.0302243058101594e-01
   4.0866805504962950e-01
   4.1380860970358857e-01
   4.1840401552200690e-01
   4.2241737361578047e-01
   4.2581562306611587e-01
   4.2857015508286361e-01
   4.3065736299833202e-01
   4.3205910886089766e-01
   4.3276308968647703e-01
   4.3276308968647703e-01
   4.3205910886089766e-01
   4.3065736299833202e-01
   4.2857015508286367e-01
   4.2581562306611592e-01
   4.2241737361578047e-01
   4.1840401552200690e-01
   4.1380860970358863e-01
   4.0866805504962955e-01
   4.0302243058101589e-01
   3.9691431462139931e-01
   3.9038810090459169e-01
   3.8348932994908863e-01
   3.7626405177774519e-01
   3.6875823335088803e-01
   3.6101722111754941e-01
   3.5308526606275209e-01
   3.4500511570448883e-01
   3.3681767480480335e-01
   3.2856173420092333e-01
   3.2027376519375822e-01
   3.1198777537769806e-01
   3.0373522065452219e-01
   2.9554496742011410e-01
   2.8744329850462885e-01
   2.7945395633421521e-01
   2.7159821691055136e-01
   2.6389498851854604e-01
   2.5636092952107337e-01
   2.4901058013644184e-01
   2.4185650367996200e-01
   2.3490943335309364e-01
   2.2468777468333434e-01
   2.1121099286669476e-01
   1.9798042300473340e-01
   1.8500207868472801e-01
   1.7227781657356706e-01
   1.5980582506832530e-01
   1.4758107862533423e-01
   1.3559575500287005e-01
   1.2383961439264479e-01
   1.1230034076082010e-01
   1.0096384672737681e-01
   8.9814544040409519e-02
   7.8835582203028012e-02
   6.8009058133620848e-02
   5.7316199927789885e-02
   4.6737527878529889e-02
   3.6252995930393106e-02
   2.5842116718061137e-02
   1.5484073289619869e-02
   5.1578205552573874e-03
  -5.1578205552578037e-03
  -1.5484073289620287e-02
  -2.5842116718061556e-02
  -3.6252995930393529e-02
  -4.6737527878530312e-02
  -5.7316199927790315e-02
  -6.8009058133621292e-02
  -7.8835582203028470e-02
  -8.9814544040409991e-02
  -1.0096384672737727e-01
  -1.1230034076082057e-01
  -1.2383961439264528e-01
  -1.3559575500287052e-01
  -1.4758107862533473e-01
  -1.5980582506832580e-01
  -1.7227781657356755e-01
  -1.8500207868472848e-01
  -1.9798042300473387e-01
  -2.1121099286669526e-01
  -2.2468777468333484e-01
  -2.3490943335309414e-01
  -2.4185650367996248e-01
  -2.4901058013644231e-01
  -2.5636092952107375e-01
  -2.6389498851854637e-01
  -2.7159821691055169e-01
  -2.7945395633421555e-01
  -2.8744329850462913e-01
  -2.9554496742011432e-01
  -3.0373522065452241e-01
  -3.1198777537769823e-01
  -3.2027376519375833e-01
  -3.2856173420092338e-01
  -3.3681767480480335e-01
  -3.4500511570448877e-01
  -3.5308526606275203e-01
  -3.6101722111754930e-01
  -3.6875823335088792e-01
  -3.7626405177774508e-01
  -3.8348932994908846e-01
  -3.9038810090459147e-01
  -3.9691431462139903e-01
  -4.0302243058101561e-01
  -4.0866805504962928e-01
  -4.1380860970358824e-01
  -4.1840401552200651e-01
  -4.2241737361578008e-01
  -4.2581562306611542e-01
  -4.2857015508286317e-01
  -4.3065736299833157e-01
  -4.3205910886089721e-01
  -4.3276308968647653e-01
  -4.3276308968647653e-01
  -4.3205910886089721e-01
  -4.3065736299833157e-01
  -4.2857015508286317e-01
  -4.2581562306611542e-01
  -4.2241737361578008e-01
  -4.1840401552200657e-01
  -4.1380860970358824e-01
  -4.0866805504962922e-01
  -4.0302243058101561e-01
  -3.9691431462139898e-01
  -3.9038810090459147e-01
  -3.8348932994908846e-01
  -3.7626405177774508e-01
  -3.6875823335088792e-01
  -3.6101722111754930e-01
  -3.5308526606275209e-01
  -3.4500511570448883e-01
  -3.3681767480480340e-01
  -3.2856173420092338e-01
  -3.2027376519375833e-01
  -3.1198777537769828e-01
  -3.0373522065452241e-01
  -2.9554496742011438e-01
  -2.8744329850462913e-01
  -2.7945395633421555e-01
  -2.7159821691055175e-01
  -2.6389498851854643e-01
  -2.5636092952107375e-01
  -2.4901058013644234e-01
  -2.4185650367996250e-01
  -2.3490943335309417e-01
