   1.9589875644605265e-01
   2.0089554466242024e-01
   2.0589580680147865e-01
   2.1089155620194280e-01
   2.1587421881342667e-01
   2.2083463669490877e-01
   2.2576307708044388e-01
   2.3064924757055097e-01
   2.3548231797712510e-01
   2.4025094930232119e-01
   2.4494333026614143e-01
   2.4954722171230181e-01
   2.5405000911673570e-01
   2.5843876329782162e-01
   2.6270030928286614e-01
   2.6682130312313979e-01
   2.7078831627241795e-01
   2.7458792695504736e-01
   2.7820681775355482e-01
   2.8163187844816978e-01
   2.8485031294757762e-01
   2.8784974896859855e-01
   2.9061834895952049e-01
   2.9314492062477560e-01
   2.9541902530454134e-01
   2.9743108239799032e-01
   2.9917246799860869e-01
   3.0063560593811811e-01
   3.0181404951423763e-01
   3.0270255230700005e-01
   3.0329712666668007e-01
   3.0359508867954882e-01
   3.0359508867954882e-01
   3.0329712666668013e-01
   3.0270255230700005e-01
   3.0181404951423768e-01
   3.0063560593811817e-01
   2.9917246799860869e-01
   2.9743108239799032e-01
   2.9541902530454134e-01
   2.9314492062477560e-01
   2.9061834895952049e-01
   2.8784974896859855e-01
   2.8485031294757762e-01
   2.8163187844816978e-01
   2.7820681775355482e-01
   2.7458792695504741e-01
   2.7078831627241795e-01
   2.6682130312313979e-01
   2.6270030928286620e-01
   2.5843876329782162e-01
   2.5405000911673575e-01
   2.4954722171230187e-01
   2.4494333026614146e-01
   2.4025094930232122e-01
   2.3548231797712513e-01
   2.3064924757055100e-01
   2.2576307708044391e-01
   2.2083463669490880e-01
   2.1587421881342669e-01
   2.1089155620194283e-01
   2.0589580680147865e-01
   2.0089554466242027e-01
   1.9589875644605267e-01
   1.8832718986768116e-01
   1.7819177455800786e-01
   1.6809022911541074e-01
   1.5803239302153488e-01
   1.4802601808935278e-01
   1.3807691257287538e-01
   1.2818908791850911e-01
   1.1836490564582325e-01
   1.0860522236565524e-01
   9.8909531416775193e-02
   8.9276100024947611e-02
   7.9702101259297886e-02
   7.0183740381707493e-02
   6.0716375458342492e-02
   5.1294632332136270e-02
   4.1912514245391656e-02
   3.2563506557086550e-02
   2.3240677124301234e-02
   1.3936773015464131e-02
   4.6443142984105715e-03
  -4.6443142984106678e-03
  -1.3936773015464228e-02
  -2.3240677124301331e-02
  -3.2563506557086647e-02
  -4.1912514245391760e-02
  -5.1294632332136367e-02
  -6.0716375458342589e-02
  -7.0183740381707577e-02
  -7.9702101259297969e-02
  -8.9276100024947708e-02
  -9.8909531416775290e-02
  -1.0860522236565534e-01
  -1.1836490564582335e-01
  -1.2818908791850922e-01
  -1.3807691257287549e-01
  -1.4802601808935290e-01
  -1.5803239302153502e-01
  -1.6809022911541088e-01
  -1.7819177455800797e-01
  -1.8832718986768127e-01
  -1.9589875644605273e-01
  -2.0089554466242029e-01
  -2.0589580680147868e-01
  -2.1089155620194286e-01
  -2.1587421881342669e-01
  -2.2083463669490880e-01
  -2.2576307708044388e-01
  -2.3064924757055097e-01
  -2.3548231797712510e-01
  -2.4025094930232119e-01
  -2.4494333026614143e-01
  -2.4954722171230181e-01
  -2.5405000911673564e-01
  -2.5843876329782162e-01
  -2.6270030928286614e-01
  -2.6682130312313973e-01
  -2.7078831627241789e-01
  -2.7458792695504736e-01
  -2.7820681775355477e-01
  -2.8163187844816967e-01
  -2.8485031294757751e-01
  -2.8784974896859850e-01
  -2.9061834895952038e-01
  -2.9314492062477548e-01
  -2.9541902530454123e-01
  -2.9743108239799021e-01
  -2.9917246799860858e-01
  -3.0063560593811800e-01
  -3.0181404951423757e-01
  -3.0270255230699994e-01
  -3.0329712666667996e-01
  -3.0359508867954871e-01
  -3.0359508867954871e-01
  -3.0329712666667996e-01
  -3.0270255230699994e-01
  -3.0181404951423757e-01
  -3.0063560593811800e-01
  -2.9917246799860858e-01
  -2.9743108239799021e-01
  -2.9541902530454123e-01
  -2.9314492062477548e-01
  -2.9061834895952038e-01
  -2.8784974896859850e-01
  -2.8485031294757751e-01
  -2.8163187844816967e-01
  -2.7820681775355477e-01
  -2.7458792695504736e-01
  -2.7078831627241789e-01
  -2.6682130312313973e-01
  -2.6270030928286614e-01
  -2.5843876329782162e-01
  -2.5405000911673564e-01
  -2.4954722171230184e-01
  -2.4494333026614143e-01
  -2.4025094930232122e-01
  -2.3548231797712510e-01
  -2.3064924757055100e-01
  -2.2576307708044388e-01
  -2.2083463669490880e-01
  -2.1587421881342669e-01
  -2.1089155620194286e-01
  -2.0589580680147868e-01
  -2.0089554466242029e-01
  -1.9589875644605273e-01
