   2.3436012764751524e-01
   2.4125750060000523e-01
   2.4835352725740309e-01
   2.5563741770985793e-01
   2.6309659168746297e-01
   2.7071654005949214e-01
   2.7848069239752277e-01
   2.8637029439487938e-01
   2.9436429949153287e-01
   3.0243927958897626e-01
   3.1056936022273579e-01
   3.1872618595373381e-01
   3.2687892200055557e-01
   3.3499429821509508e-01
   3.4303670135389402e-01
   3.5096832116720195e-01
   3.5874935507243888e-01
   3.6633827506297972e-01
   3.7369215900675579e-01
   3.8076708661281988e-01
   3.8751859811491052e-01
   3.9390221119721763e-01
   3.9987398896036647e-01
   4.0539114891953931e-01
   4.1041270029539340e-01
   4.1490009437739633e-01
   4.1881787069388976e-01
   4.2213428029434630e-01
   4.2482186679591383e-01
   4.2685798608830700e-01
   4.2822524679343887e-01
   4.2891185573729435e-01
   4.2891185573729429e-01
   4.2822524679343882e-01
   4.2685798608830694e-01
   4.2482186679591372e-01
   4.2213428029434619e-01
   4.1881787069388965e-01
   4.1490009437739617e-01
   4.1041270029539323e-01
   4.0539114891953909e-01
   3.9987398896036624e-01
   3.9390221119721736e-01
   3.8751859811491024e-01
   3.8076708661281966e-01
   3.7369215900675551e-01
   3.6633827506297945e-01
   3.5874935507243849e-01
   3.5096832116720161e-01
   3.4303670135389369e-01
   3.3499429821509469e-01
   3.2687892200055524e-01
   3.1872618595373348e-01
   3.1056936022273546e-01
   3.0243927958897593e-01
   2.9436429949153259e-01
   2.8637029439487910e-01
   2.7848069239752249e-01
   2.7071654005949203e-01
   2.6309659168746280e-01
   2.5563741770985782e-01
   2.4835352725740303e-01
   2.4125750060000520e-01
   2.3436012764751524e-01
   2.2420138988462826e-01
   2.1080062880071770e-01
   1.9763800426359338e-01
   1.8471989729358582e-01
   1.7204857350853731e-01
   1.5962265989693436e-01
   1.4743758924435990e-01
   1.3548600929343524e-01
   1.2375815543476260e-01
   1.1224218706314765e-01
   1.0092448874285760e-01
   8.9789938061706223e-02
   7.8822142567545869e-02
   6.8003648518883228e-02
   5.7316124384841668e-02
   4.6740522133719362e-02
   3.6257219383364271e-02
   2.5846145474615424e-02
   1.5486894490492986e-02
   5.1588281938288825e-03
  -5.1588281938294749e-03
  -1.5486894490493581e-02
  -2.5846145474616021e-02
  -3.6257219383364875e-02
  -4.6740522133719958e-02
  -5.7316124384842279e-02
  -6.8003648518883852e-02
  -7.8822142567546494e-02
  -8.9789938061706848e-02
  -1.0092448874285824e-01
  -1.1224218706314827e-01
  -1.2375815543476325e-01
  -1.3548600929343591e-01
  -1.4743758924436060e-01
  -1.5962265989693503e-01
  -1.7204857350853800e-01
  -1.8471989729358654e-01
  -1.9763800426359412e-01
  -2.1080062880071848e-01
  -2.2420138988462907e-01
  -2.3436012764751601e-01
  -2.4125750060000595e-01
  -2.4835352725740376e-01
  -2.5563741770985854e-01
  -2.6309659168746347e-01
  -2.7071654005949258e-01
  -2.7848069239752304e-01
  -2.8637029439487960e-01
  -2.9436429949153303e-01
  -3.0243927958897632e-01
  -3.1056936022273579e-01
  -3.1872618595373370e-01
  -3.2687892200055552e-01
  -3.3499429821509491e-01
  -3.4303670135389386e-01
  -3.5096832116720167e-01
  -3.5874935507243860e-01
  -3.6633827506297945e-01
  -3.7369215900675545e-01
  -3.8076708661281949e-01
  -3.8751859811491007e-01
  -3.9390221119721719e-01
  -3.9987398896036591e-01
  -4.0539114891953876e-01
  -4.1041270029539284e-01
  -4.1490009437739572e-01
  -4.1881787069388915e-01
  -4.2213428029434569e-01
  -4.2482186679591322e-01
  -4.2685798608830638e-01
  -4.2822524679343826e-01
  -4.2891185573729373e-01
  -4.2891185573729373e-01
  -4.2822524679343826e-01
  -4.2685798608830644e-01
  -4.2482186679591322e-01
  -4.2213428029434574e-01
  -4.1881787069388920e-01
  -4.1490009437739578e-01
  -4.1041270029539290e-01
  -4.0539114891953881e-01
  -3.9987398896036597e-01
  -3.9390221119721719e-01
  -3.8751859811491013e-01
  -3.8076708661281955e-01
  -3.7369215900675551e-01
  -3.6633827506297945e-01
  -3.5874935507243860e-01
  -3.5096832116720172e-01
  -3.4303670135389380e-01
  -3.3499429821509497e-01
  -3.2687892200055552e-01
  -3.1872618595373381e-01
  -3.1056936022273579e-01
  -3.0243927958897632e-01
  -2.9436429949153309e-01
  -2.8637029439487960e-01
  -2.7848069239752304e-01
  -2.7071654005949258e-01
  -2.6309659168746347e-01
  -2.5563741770985854e-01
  -2.4835352725740376e-01
  -2.4125750060000598e-01
  -2.3436012764751604e-01
