   1.8368761455778526e-01
   1.8825902958160495e-01
   1.9281296378815713e-01
   1.9734254432003123e-01
   2.0184047631961402e-01
   2.0629905252730488e-01
   2.1071016703418399e-01
   2.1506533348250781e-01
   2.1935570797364998e-01
   2.2357211689933967e-01
   2.2770508985788002e-01
   2.3174489775233148e-01
   2.3568159609261147e-01
   2.3950507343866104e-01
   2.4320510482823729e-01
   2.4677140993192540e-01
   2.5019371557149384e-01
   2.5346182212805846e-01
   2.5656567325640034e-01
   2.5949542821428850e-01
   2.6224153601415684e-01
   2.6479481051250203e-01
   2.6714650547348789e-01
   2.6928838858091142e-01
   2.7121281333010699e-01
   2.7291278771128402e-01
   2.7438203860036897e-01
   2.7561507080407266e-01
   2.7660721976318153e-01
   2.7735469700159709e-01
   2.7785462751704981e-01
   2.7810507844036075e-01
   2.7810507844036075e-01
   2.7785462751704981e-01
   2.7735469700159709e-01
   2.7660721976318153e-01
   2.7561507080407266e-01
   2.7438203860036897e-01
   2.7291278771128402e-01
   2.7121281333010699e-01
   2.6928838858091142e-01
   2.6714650547348789e-01
   2.6479481051250203e-01
   2.6224153601415684e-01
   2.5949542821428850e-01
   2.5656567325640034e-01
   2.5346182212805846e-01
   2.5019371557149384e-01
   2.4677140993192540e-01
   2.4320510482823729e-01
   2.3950507343866104e-01
   2.3568159609261150e-01
   2.3174489775233148e-01
   2.2770508985788002e-01
   2.2357211689933967e-01
   2.1935570797365000e-01
   2.1506533348250781e-01
   2.1071016703418399e-01
   2.0629905252730488e-01
   2.0184047631961399e-01
   1.9734254432003123e-01
   1.9281296378815715e-01
   1.8825902958160495e-01
   1.8368761455778526e-01
   1.7672874318445028e-01
   1.6739130010891792e-01
   1.5806257684982672e-01
   1.4875168522976082e-01
   1.3946607367315961e-01
   1.3021162910827802e-01
   1.2099278283910529e-01
   1.1181261848145807e-01
   1.0267298039775725e-01
   9.3574581382788583e-02
   8.4517108643862610e-02
   7.5499327380988995e-02
   6.6519181505236571e-02
   5.7573891236784074e-02
   4.8660047499509466e-02
   3.9773703178075166e-02
   3.0910461428398511e-02
   2.2065561335302471e-02
   1.3233961294128011e-02
   4.4104205580947622e-03
  -4.4104205580943667e-03
  -1.3233961294127615e-02
  -2.2065561335302079e-02
  -3.0910461428398119e-02
  -3.9773703178074778e-02
  -4.8660047499509085e-02
  -5.7573891236783706e-02
  -6.6519181505236211e-02
  -7.5499327380988634e-02
  -8.4517108643862263e-02
  -9.3574581382788263e-02
  -1.0267298039775695e-01
  -1.1181261848145778e-01
  -1.2099278283910503e-01
  -1.3021162910827777e-01
  -1.3946607367315936e-01
  -1.4875168522976059e-01
  -1.5806257684982650e-01
  -1.6739130010891770e-01
  -1.7672874318445006e-01
  -1.8368761455778501e-01
  -1.8825902958160476e-01
  -1.9281296378815693e-01
  -1.9734254432003109e-01
  -2.0184047631961394e-01
  -2.0629905252730488e-01
  -2.1071016703418402e-01
  -2.1506533348250789e-01
  -2.1935570797365012e-01
  -2.2357211689933990e-01
  -2.2770508985788027e-01
  -2.3174489775233179e-01
  -2.3568159609261183e-01
  -2.3950507343866143e-01
  -2.4320510482823773e-01
  -2.4677140993192587e-01
  -2.5019371557149439e-01
  -2.5346182212805907e-01
  -2.5656567325640095e-01
  -2.5949542821428917e-01
  -2.6224153601415751e-01
  -2.6479481051250275e-01
  -2.6714650547348862e-01
  -2.6928838858091220e-01
  -2.7121281333010783e-01
  -2.7291278771128485e-01
  -2.7438203860036986e-01
  -2.7561507080407355e-01
  -2.7660721976318248e-01
  -2.7735469700159804e-01
  -2.7785462751705070e-01
  -2.7810507844036170e-01
  -2.7810507844036170e-01
  -2.7785462751705070e-01
  -2.7735469700159804e-01
  -2.7660721976318248e-01
  -2.7561507080407355e-01
  -2.7438203860036986e-01
  -2.7291278771128491e-01
  -2.7121281333010783e-01
  -2.6928838858091220e-01
  -2.6714650547348867e-01
  -2.6479481051250275e-01
  -2.6224153601415751e-01
  -2.5949542821428917e-01
  -2.5656567325640095e-01
  -2.5346182212805907e-01
  -2.5019371557149439e-01
  -2.4677140993192589e-01
  -2.4320510482823773e-01
  -2.3950507343866143e-01
  -2.3568159609261183e-01
  -2.3174489775233179e-01
  -2.2770508985788027e-01
  -2.2357211689933987e-01
  -2.1935570797365014e-01
  -2.1506533348250792e-01
  -2.1071016703418405e-01
  -2.0629905252730488e-01
  -2.0184047631961397e-01
  -1.9734254432003112e-01
  -1.9281296378815696e-01
  -1.8825902958160476e-01
  -1.8368761455778501e-01
