   2.2012057436136645e-01
   2.2613079891591295e-01
   2.3222341899436302e-01
   2.3838815367567018e-01
   2.4461358547343964e-01
   2.5088712103112754e-01
   2.5719496038985129e-01
   2.6352207664825728e-01
   2.6985220792214260e-01
   2.7616786356120371e-01
   2.8245034658101348e-01
   2.8867979420948209e-01
   2.9483523831832636e-01
   3.0089468730212132e-01
   3.0683523067276536e-01
   3.1263316725076312e-01
   3.1826415735528940e-01
   3.2370339882572668e-01
   3.2892582605671888e-01
   3.3390633051110352e-01
   3.3862000041085011e-01
   3.4304237652188646e-01
   3.4714972017635154e-01
   3.5091928895156904e-01
   3.5432961478761249e-01
   3.5736077881382095e-01
   3.5999467680586711e-01
   3.6221526904085405e-01
   3.6400880838252558e-01
   3.6536404072594542e-01
   3.6627237246276123e-01
   3.6672800038304970e-01
   3.6672800038304970e-01
   3.6627237246276112e-01
   3.6536404072594525e-01
   3.6400880838252542e-01
   3.6221526904085372e-01
   3.5999467680586672e-01
   3.5736077881382056e-01
   3.5432961478761199e-01
   3.5091928895156843e-01
   3.4714972017635104e-01
   3.4304237652188585e-01
   3.3862000041084950e-01
   3.3390633051110280e-01
   3.2892582605671811e-01
   3.2370339882572585e-01
   3.1826415735528862e-01
   3.1263316725076229e-01
   3.0683523067276453e-01
   3.0089468730212054e-01
   2.9483523831832564e-01
   2.8867979420948137e-01
   2.8245034658101287e-01
   2.7616786356120310e-01
   2.6985220792214210e-01
   2.6352207664825683e-01
   2.5719496038985090e-01
   2.5088712103112720e-01
   2.4461358547343937e-01
   2.3838815367566996e-01
   2.3222341899436291e-01
   2.2613079891591287e-01
   2.2012057436136648e-01
   2.1113257944017699e-01
   1.9918273870265701e-01
   1.8735385627077639e-01
   1.7565588152875475e-01
   1.6409555925929822e-01
   1.5267672038590774e-01
   1.4140056472945306e-01
   1.3026593207729018e-01
   1.1926955900089785e-01
   1.0840631982380257e-01
   9.7669450944867564e-02
   8.7050758377137979e-02
   7.6540808886346526e-02
   6.6129105523899487e-02
   5.5804248664517893e-02
   4.5554083895549394e-02
   3.5365838278629977e-02
   2.5226246628400967e-02
   1.5121669538987262e-02
   5.0382049465735358e-03
  -5.0382049465733103e-03
  -1.5121669538987036e-02
  -2.5226246628400745e-02
  -3.5365838278629755e-02
  -4.5554083895549186e-02
  -5.5804248664517671e-02
  -6.6129105523899293e-02
  -7.6540808886346332e-02
  -8.7050758377137771e-02
  -9.7669450944867370e-02
  -1.0840631982380239e-01
  -1.1926955900089767e-01
  -1.3026593207729001e-01
  -1.4140056472945287e-01
  -1.5267672038590757e-01
  -1.6409555925929806e-01
  -1.7565588152875455e-01
  -1.8735385627077625e-01
  -1.9918273870265682e-01
  -2.1113257944017685e-01
  -2.2012057436136634e-01
  -2.2613079891591284e-01
  -2.3222341899436294e-01
  -2.3838815367567007e-01
  -2.4461358547343959e-01
  -2.5088712103112748e-01
  -2.5719496038985123e-01
  -2.6352207664825728e-01
  -2.6985220792214254e-01
  -2.7616786356120365e-01
  -2.8245034658101348e-01
  -2.8867979420948209e-01
  -2.9483523831832642e-01
  -3.0089468730212138e-01
  -3.0683523067276541e-01
  -3.1263316725076318e-01
  -3.1826415735528951e-01
  -3.2370339882572674e-01
  -3.2892582605671900e-01
  -3.3390633051110363e-01
  -3.3862000041085027e-01
  -3.4304237652188657e-01
  -3.4714972017635171e-01
  -3.5091928895156910e-01
  -3.5432961478761260e-01
  -3.5736077881382111e-01
  -3.5999467680586728e-01
  -3.6221526904085422e-01
  -3.6400880838252575e-01
  -3.6536404072594558e-01
  -3.6627237246276134e-01
  -3.6672800038304987e-01
  -3.6672800038304981e-01
  -3.6627237246276123e-01
  -3.6536404072594542e-01
  -3.6400880838252553e-01
  -3.6221526904085394e-01
  -3.5999467680586689e-01
  -3.5736077881382067e-01
  -3.5432961478761221e-01
  -3.5091928895156860e-01
  -3.4714972017635115e-01
  -3.4304237652188596e-01
  -3.3862000041084955e-01
  -3.3390633051110291e-01
  -3.2892582605671822e-01
  -3.2370339882572596e-01
  -3.1826415735528868e-01
  -3.1263316725076234e-01
  -3.0683523067276458e-01
  -3.0089468730212054e-01
  -2.9483523831832564e-01
  -2.8867979420948137e-01
  -2.8245034658101281e-01
  -2.7616786356120304e-01
  -2.6985220792214204e-01
  -2.6352207664825678e-01
  -2.5719496038985079e-01
  -2.5088712103112715e-01
  -2.4461358547343928e-01
  -2.3838815367566984e-01
  -2.3222341899436277e-01
  -2.2613079891591276e-01
  -2.2012057436136634e-01
