   2.0526059937824004e-01
   2.1061455109447466e-01
   2.1599467184471025e-01
   2.2139207369658698e-01
   2.2679711354609311e-01
   2.3219938709528004e-01
   2.3758772963150979e-01
   2.4295022449576339e-01
   2.4827422011381248e-01
   2.5354635642612411e-01
   2.5875260148690604e-01
   2.6387829890677117e-01
   2.6890822668481162e-01
   2.7382666781300741e-01
   2.7861749283857273e-01
   2.8326425433918045e-01
   2.8775029300470140e-01
   2.9205885473164911e-01
   2.9617321782927086e-01
   3.0007682911739170e-01
   3.0375344737565113e-01
   3.0718729229312070e-01
   3.1036319677899482e-01
   3.1326676024223898e-01
   3.1588450024381826e-01
   3.1820399978170094e-01
   3.2021404739696374e-01
   3.2190476729744028e-01
   3.2326773678887422e-01
   3.2429608848431885e-01
   3.2498459502849658e-01
   3.2532973441883833e-01
   3.2532973441883833e-01
   3.2498459502849664e-01
   3.2429608848431890e-01
   3.2326773678887438e-01
   3.2190476729744044e-01
   3.2021404739696396e-01
   3.1820399978170122e-01
   3.1588450024381853e-01
   3.1326676024223926e-01
   3.1036319677899515e-01
   3.0718729229312103e-01
   3.0375344737565146e-01
   3.0007682911739209e-01
   2.9617321782927120e-01
   2.9205885473164944e-01
   2.8775029300470167e-01
   2.8326425433918079e-01
   2.7861749283857307e-01
   2.7382666781300768e-01
   2.6890822668481190e-01
   2.6387829890677134e-01
   2.5875260148690626e-01
   2.5354635642612428e-01
   2.4827422011381267e-01
   2.4295022449576353e-01
   2.3758772963150993e-01
   2.3219938709528018e-01
   2.2679711354609319e-01
   2.2139207369658709e-01
   2.1599467184471030e-01
   2.1061455109447472e-01
   2.0526059937824007e-01
   1.9718224163897666e-01
   1.8639218557463813e-01
   1.7566200663576820e-01
   1.6500190643952614e-01
   1.5441961636317958e-01
   1.4392058552360648e-01
   1.3350816910313709e-01
   1.2318381400264314e-01
   1.1294723951278191e-01
   1.0279661132575672e-01
   9.2728707761050466e-02
   8.2739077551343215e-02
   7.2822188933917786e-02
   6.2971570124648768e-02
   5.3179941523429759e-02
   4.3439340219182124e-02
   3.3741237536824308e-02
   2.4076650504701144e-02
   1.4436248225225384e-02
   4.8104542092770345e-03
  -4.8104542092766963e-03
  -1.4436248225225044e-02
  -2.4076650504700804e-02
  -3.3741237536823961e-02
  -4.3439340219181784e-02
  -5.3179941523429426e-02
  -6.2971570124648421e-02
  -7.2822188933917439e-02
  -8.2739077551342882e-02
  -9.2728707761050133e-02
  -1.0279661132575638e-01
  -1.1294723951278157e-01
  -1.2318381400264282e-01
  -1.3350816910313676e-01
  -1.4392058552360612e-01
  -1.5441961636317922e-01
  -1.6500190643952584e-01
  -1.7566200663576786e-01
  -1.8639218557463780e-01
  -1.9718224163897627e-01
  -2.0526059937823968e-01
  -2.1061455109447433e-01
  -2.1599467184470994e-01
  -2.2139207369658670e-01
  -2.2679711354609280e-01
  -2.3219938709527979e-01
  -2.3758772963150951e-01
  -2.4295022449576312e-01
  -2.4827422011381223e-01
  -2.5354635642612389e-01
  -2.5875260148690582e-01
  -2.6387829890677095e-01
  -2.6890822668481151e-01
  -2.7382666781300730e-01
  -2.7861749283857262e-01
  -2.8326425433918040e-01
  -2.8775029300470134e-01
  -2.9205885473164905e-01
  -2.9617321782927086e-01
  -3.0007682911739170e-01
  -3.0375344737565113e-01
  -3.0718729229312070e-01
  -3.1036319677899482e-01
  -3.1326676024223893e-01
  -3.1588450024381814e-01
  -3.1820399978170083e-01
  -3.2021404739696357e-01
  -3.2190476729744005e-01
  -3.2326773678887399e-01
  -3.2429608848431857e-01
  -3.2498459502849625e-01
  -3.2532973441883795e-01
  -3.2532973441883789e-01
  -3.2498459502849625e-01
  -3.2429608848431840e-01
  -3.2326773678887388e-01
  -3.2190476729743989e-01
  -3.2021404739696341e-01
  -3.1820399978170061e-01
  -3.1588450024381792e-01
  -3.1326676024223865e-01
  -3.1036319677899449e-01
  -3.0718729229312036e-01
  -3.0375344737565080e-01
  -3.0007682911739142e-01
  -2.9617321782927053e-01
  -2.9205885473164878e-01
  -2.8775029300470106e-01
  -2.8326425433918012e-01
  -2.7861749283857240e-01
  -2.7382666781300702e-01
  -2.6890822668481129e-01
  -2.6387829890677073e-01
  -2.5875260148690565e-01
  -2.5354635642612372e-01
  -2.4827422011381209e-01
  -2.4295022449576301e-01
  -2.3758772963150940e-01
  -2.3219938709527965e-01
  -2.2679711354609272e-01
  -2.2139207369658662e-01
  -2.1599467184470988e-01
  -2.1061455109447433e-01
  -2.0526059937823968e-01
