   2.3844662882018250e-01
   2.4589858518686369e-01
   2.5365841353014490e-01
   2.6171687470478194e-01
   2.7006250339587623e-01
   2.7868135293805019e-01
   2.8755673578549179e-01
   2.9666896462385484e-01
   3.0599510035385191e-01
   3.1550871450688933e-01
   3.2517967503223111e-01
   3.3497396576132477e-01
   3.4485355112580762e-01
   3.5477629877753808e-01
   3.6469597350747429e-01
   3.7456231614418362e-01
   3.8432122078107883e-01
   3.9391502258377820e-01
   4.0328290643038112e-01
   4.1236144363685562e-01
   4.2108525997072033e-01
   4.2938783308840162e-01
   4.3720241156987133e-01
   4.4446304110166113e-01
   4.5110567642138605e-01
   4.5706935083114580e-01
   4.6229736893843110e-01
   4.6673848335227197e-01
   4.7034801289135797e-01
   4.7308885890984675e-01
   4.7493237793030846e-01
   4.7585907300698338e-01
   4.7585907300698338e-01
   4.7493237793030851e-01
   4.7308885890984675e-01
   4.7034801289135797e-01
   4.6673848335227197e-01
   4.6229736893843110e-01
   4.5706935083114580e-01
   4.5110567642138605e-01
   4.4446304110166118e-01
   4.3720241156987133e-01
   4.2938783308840162e-01
   4.2108525997072038e-01
   4.1236144363685573e-01
   4.0328290643038112e-01
   3.9391502258377825e-01
   3.8432122078107883e-01
   3.7456231614418362e-01
   3.6469597350747429e-01
   3.5477629877753808e-01
   3.4485355112580762e-01
   3.3497396576132477e-01
   3.2517967503223111e-01
   3.1550871450688933e-01
   3.0599510035385191e-01
   2.9666896462385489e-01
   2.8755673578549185e-01
   2.7868135293805024e-01
   2.7006250339587629e-01
   2.6171687470478194e-01
   2.5365841353014490e-01
   2.4589858518686369e-01
   2.3844662882018250e-01
   2.2760870689857185e-01
   2.1340477835959509e-01
   1.9954176519597622e-01
   1.8602036743200270e-01
   1.7283683218620977e-01
   1.5998356849192838e-01
   1.4744970286737855e-01
   1.3522157560406098e-01
   1.2328317954048906e-01
   1.1161654435160709e-01
   1.0020207021802441e-01
   8.9018815238331855e-02
   7.8044741194515321e-02
   6.7256922344066550e-02
   5.6631721849631611e-02
   4.6144940313542430e-02
   3.5771940696231012e-02
   2.5487753692022774e-02
   1.5267167434104688e-02
   5.0848052181021791e-03
  -5.0848052181024185e-03
  -1.5267167434104927e-02
  -2.5487753692023014e-02
  -3.5771940696231255e-02
  -4.6144940313542673e-02
  -5.6631721849631861e-02
  -6.7256922344066800e-02
  -7.8044741194515571e-02
  -8.9018815238332119e-02
  -1.0020207021802467e-01
  -1.1161654435160738e-01
  -1.2328317954048935e-01
  -1.3522157560406128e-01
  -1.4744970286737885e-01
  -1.5998356849192871e-01
  -1.7283683218621007e-01
  -1.8602036743200304e-01
  -1.9954176519597655e-01
  -2.1340477835959545e-01
  -2.2760870689857221e-01
  -2.3844662882018289e-01
  -2.4589858518686408e-01
  -2.5365841353014523e-01
  -2.6171687470478228e-01
  -2.7006250339587656e-01
  -2.7868135293805046e-01
  -2.8755673578549207e-01
  -2.9666896462385511e-01
  -3.0599510035385213e-01
  -3.1550871450688955e-01
  -3.2517967503223127e-01
  -3.3497396576132493e-01
  -3.4485355112580779e-01
  -3.5477629877753813e-01
  -3.6469597350747429e-01
  -3.7456231614418362e-01
  -3.8432122078107883e-01
  -3.9391502258377820e-01
  -4.0328290643038101e-01
  -4.1236144363685556e-01
  -4.2108525997072022e-01
  -4.2938783308840145e-01
  -4.3720241156987116e-01
  -4.4446304110166096e-01
  -4.5110567642138583e-01
  -4.5706935083114558e-01
  -4.6229736893843082e-01
  -4.6673848335227175e-01
  -4.7034801289135764e-01
  -4.7308885890984642e-01
  -4.7493237793030818e-01
  -4.7585907300698305e-01
  -4.7585907300698305e-01
  -4.7493237793030818e-01
  -4.7308885890984642e-01
  -4.7034801289135769e-01
  -4.6673848335227169e-01
  -4.6229736893843082e-01
  -4.5706935083114558e-01
  -4.5110567642138583e-01
  -4.4446304110166096e-01
  -4.3720241156987116e-01
  -4.2938783308840145e-01
  -4.2108525997072022e-01
  -4.1236144363685562e-01
  -4.0328290643038106e-01
  -3.9391502258377814e-01
  -3.8432122078107883e-01
  -3.7456231614418367e-01
  -3.6469597350747435e-01
  -3.5477629877753813e-01
  -3.4485355112580773e-01
  -3.3497396576132493e-01
  -3.2517967503223127e-01
  -3.1550871450688950e-01
  -3.0599510035385213e-01
  -2.9666896462385511e-01
  -2.8755673578549207e-01
  -2.7868135293805052e-01
  -2.7006250339587656e-01
  -2.6171687470478228e-01
  -2.5365841353014523e-01
  -2.4589858518686405e-01
  -2.3844662882018289e-01
