   1.2859452669576872e+00
   1.2272402452104270e+00
   1.1589088839748156e+00
   1.0851296433174136e+00
   1.0097125364970727e+00
   9.3584642153469444e-01
   8.6601036609053517e-01
   8.0200427924019102e-01
   7.4504781888108662e-01
   6.9590583626091573e-01
   6.5501281388603771e-01
   6.2258154606632976e-01
   5.9869033020877549e-01
   5.8334817727418309e-01
   5.7653993473117227e-01
   5.7825376628144975e-01
   5.8849294399813445e-01
   6.0727290384262811e-01
   6.3460332071076819e-01
   6.7045380994931303e-01
   7.1470101717694223e-01
   7.6705471057497265e-01
   8.2696166720087105e-01
   8.9348954949690906e-01
   9.6519964425382110e-01
   1.0400279687774641e+00
   1.1152080830612299e+00
   1.1872821758486178e+00
   1.2522514596436261e+00
   1.3059012291390100e+00
   1.3442916346592091e+00
   1.3643376132142362e+00
   1.3643376132142364e+00
   1.3442916346592095e+00
   1.3059012291390102e+00
   1.2522514596436267e+00
   1.1872821758486185e+00
   1.1152080830612305e+00
   1.0400279687774645e+00
   9.6519964425382165e-01
   8.9348954949690962e-01
   8.2696166720087150e-01
   7.6705471057497310e-01
   7.1470101717694268e-01
   6.7045380994931347e-01
   6.3460332071076841e-01
   6.0727290384262822e-01
   5.8849294399813457e-01
   5.7825376628144987e-01
   5.7653993473117227e-01
   5.8334817727418298e-01
   5.9869033020877538e-01
   6.2258154606632943e-01
   6.5501281388603749e-01
   6.9590583626091551e-01
   7.4504781888108629e-01
   8.0200427924019091e-01
   8.6601036609053506e-01
   9.3584642153469422e-01
   1.0097125364970725e+00
   1.0851296433174131e+00
   1.1589088839748154e+00
   1.2272402452104267e+00
   1.2859452669576872e+00
   1.3542226323117907e+00
   1.4259170708095981e+00
   1.4709744061154810e+00
   1.4847129221790734e+00
   1.4656343218615957e+00
   1.4158102730058544e+00
   1.3403511858780786e+00
   1.2461985986640502e+00
   1.1407353746739817e+00
   1.0306619417568874e+00
   9.2134998992604378e-01
   8.1665067721664863e-01
   7.1901191507753559e-01
   6.2974571974949101e-01
   5.4932903530614818e-01
   4.7767352284658493e-01
   4.1433940228130323e-01
   3.5869151179948439e-01
   3.1000615210890331e-01
   2.6754014566484868e-01
   2.3057277234646908e-01
   1.9842917324048698e-01
   1.7049160295582119e-01
   1.4620302357207376e-01
   1.2506608450426016e-01
   1.0663948725497999e-01
   9.0533009964868738e-02
   7.6401979560946340e-02
   6.3941658956876035e-02
   5.2881810132122072e-02
   4.2981563066458575e-02
   3.4024639228617676e-02
   2.5814928943109133e-02
   1.8172392775980883e-02
   1.0929240430254710e-02
   3.9263315766283292e-03
  -2.9902615902520314e-03
  -9.9725924560420242e-03
  -1.7174142035152436e-02
  -2.4753148496448694e-02
  -3.0808242461165057e-02
  -3.5447780805013970e-02
  -4.0837560410089978e-02
  -4.7091330616811679e-02
  -5.4340901796372132e-02
  -6.2738804292202910e-02
  -7.2461313383696685e-02
  -8.3711864670219197e-02
  -9.6724871077206648e-02
  -1.1176992824339968e-01
  -1.2915635283405474e-01
  -1.4923792844125708e-01
  -1.7241762136134606e-01
  -1.9915185187132858e-01
  -2.2995363429881188e-01
  -2.6539348759375309e-01
  -3.0609640975907459e-01
  -3.5273233510588770e-01
  -4.0599628378290126e-01
  -4.6657283302759017e-01
  -5.3507766323858541e-01
  -6.1196709218945355e-01
  -6.9740555662363590e-01
  -7.9108266690738904e-01
  -8.9197872741588835e-01
  -9.9809461969175062e-01
  -1.1061924567350836e+00
  -1.2116364366027788e+00
  -1.3084653094678906e+00
  -1.3898357780921895e+00
  -1.4489041745596352e+00
  -1.4800393735247124e+00
  -1.4800393735246702e+00
  -1.4489041745595128e+00
  -1.3898357780919990e+00
  -1.3084653094676495e+00
  -1.2116364366025056e+00
  -1.1061924567347963e+00
  -9.9809461969146307e-01
  -8.9197872741561124e-01
  -7.9108266690712914e-01
  -6.9740555662339709e-01
  -6.1196709218923739e-01
  -5.3507766323839212e-01
  -4.6657283302741881e-01
  -4.0599628378275038e-01
  -3.5273233510575552e-01
  -3.0609640975895930e-01
  -2.6539348759365289e-01
  -2.2995363429872509e-01
  -1.9915185187125362e-01
  -1.7241762136128144e-01
  -1.4923792844120154e-01
  -1.2915635283400725e-01
  -1.1176992824335924e-01
  -9.6724871077172481e-02
  -8.3711864670190539e-02
  -7.2461313383672968e-02
  -6.2738804292183620e-02
  -5.4340901796356873e-02
  -4.7091330616800126e-02
  -4.0837560410081894e-02
  -3.5447780805009189e-02
  -3.0808242461163472e-02
