   6.3665139415331595e-01  -1.1328407328949932e-08
   6.3665137430585217e-01   9.5658518450250814e-08
   6.3665135546684293e-01   1.9720941333038408e-07
   6.3665133784839678e-01   2.9218091302101069e-07
   6.3665132164888050e-01   3.7950373083074716e-07
   6.3665130705068473e-01   4.5819469679312644e-07
   6.3665129421817090e-01   5.2736782720154863e-07
   6.3665128329582088e-01   5.8624429992173391e-07
   6.3665127440660962e-01   6.3416122316882918e-07
   6.3665126765062086e-01   6.7057909902187428e-07
   6.3665126310392051e-01   6.9508789764386781e-07
   6.3665126081770007e-01   7.0741167381709763e-07
   6.3665126081770007e-01   7.0741167381708407e-07
   6.3665126310392051e-01   6.9508789764382716e-07
   6.3665126765062086e-01   6.7057909902184718e-07
   6.3665127440660962e-01   6.3416122316880207e-07
   6.3665128329582088e-01   5.8624429992173391e-07
   6.3665129421817102e-01   5.2736782720152152e-07
   6.3665130705068473e-01   4.5819469679309933e-07
   6.3665132164888050e-01   3.7950373083076071e-07
   6.3665133784839689e-01   2.9218091302101069e-07
   6.3665135546684304e-01   1.9720941333039763e-07
   6.3665137430585228e-01   9.5658518450264366e-08
   6.3665139415331595e-01  -1.1328407328936379e-08
   6.3665141129257152e-01  -1.0371685083859934e-07
   6.3665142552130949e-01  -1.8041627067675047e-07
   6.3665144017505437e-01  -2.5940667180832837e-07
   6.3665145509142129e-01  -3.3981272738947148e-07
   6.3665147010511591e-01  -4.2074342308986778e-07
   6.3665148504976465e-01  -5.0130193080825894e-07
   6.3665149975975954e-01  -5.8059554681314627e-07
   6.3665151407209297e-01  -6.5774558417987575e-07
   6.3665152782816348e-01  -7.3189710990164807e-07
   6.3665154087553411e-01  -8.0222841877338776e-07
   6.3665155306962129e-01  -8.6796013906409702e-07
   6.3665156427529712e-01  -9.2836386907387778e-07
   6.3665157436838682e-01  -9.8277024887002121e-07
   6.3665158323704418e-01  -1.0305763777558076e-06
   6.3665159078299183e-01  -1.0712524952756681e-06
   6.3665159692260997e-01  -1.1043478517216380e-06
   6.3665160158786283e-01  -1.1294957030873513e-06
   6.3665160472705262e-01  -1.1464173751182777e-06
   6.3665160630539253e-01  -1.1549253514227346e-06
   6.3665160630539253e-01  -1.1549253514227346e-06
   6.3665160472705251e-01  -1.1464173751182913e-06
   6.3665160158786260e-01  -1.1294957030873377e-06
   6.3665159692260986e-01  -1.1043478517216109e-06
   6.3665159078299161e-01  -1.0712524952756207e-06
   6.3665158323704385e-01  -1.0305763777557398e-06
   6.3665157436838637e-01  -9.8277024886993312e-07
   6.3665156427529679e-01  -9.2836386907378969e-07
   6.3665155306962085e-01  -8.6796013906400893e-07
   6.3665154087553355e-01  -8.0222841877329967e-07
   6.3665152782816292e-01  -7.3189710990155321e-07
   6.3665151407209242e-01  -6.5774558417978427e-07
   6.3665149975975910e-01  -5.8059554681305140e-07
   6.3665148504976399e-01  -5.0130193080815899e-07
   6.3665147010511525e-01  -4.2074342308976741e-07
   6.3665145509142074e-01  -3.3981272738937069e-07
   6.3665144017505371e-01  -2.5940667180822842e-07
   6.3665142552130904e-01  -1.8041627067664882e-07
   6.3665141129257097e-01  -1.0371685083849092e-07
   6.3665141129257163e-01  -1.0371685083867388e-07
   6.3665142552130960e-01  -1.8041627067697747e-07
   6.3665144017505426e-01  -2.5940667180869937e-07
   6.3665145509142129e-01  -3.3981272738998648e-07
   6.3665147010511580e-01  -4.2074342309052212e-07
   6.3665148504976465e-01  -5.0130193080904329e-07
   6.3665149975975965e-01  -5.8059554681405429e-07
   6.3665151407209297e-01  -6.5774558418088541e-07
   6.3665152782816348e-01  -7.3189710990275599e-07
   6.3665154087553399e-01  -8.0222841877456683e-07
   6.3665155306962129e-01  -8.6796013906533030e-07
   6.3665156427529712e-01  -9.2836386907515849e-07
   6.3665157436838682e-01  -9.8277024887132903e-07
   6.3665158323704418e-01  -1.0305763777571290e-06
   6.3665159078299183e-01  -1.0712524952769827e-06
   6.3665159692260997e-01  -1.1043478517229255e-06
   6.3665160158786271e-01  -1.1294957030885981e-06
   6.3665160472705251e-01  -1.1464173751194975e-06
   6.3665160630539253e-01  -1.1549253514239136e-06
   6.3665160630539241e-01  -1.1549253514238594e-06
   6.3665160472705240e-01  -1.1464173751193484e-06
   6.3665160158786260e-01  -1.1294957030883270e-06
   6.3665159692260975e-01  -1.1043478517225324e-06
   6.3665159078299161e-01  -1.0712524952764948e-06
   6.3665158323704374e-01  -1.0305763777565665e-06
   6.3665157436838626e-01  -9.8277024887071917e-07
   6.3665156427529679e-01  -9.2836386907450120e-07
   6.3665155306962073e-01  -8.6796013906464590e-07
   6.3665154087553344e-01  -8.0222841877387565e-07
   6.3665152782816281e-01  -7.3189710990207498e-07
   6.3665151407209231e-01  -6.5774558418024506e-07
   6.3665149975975899e-01  -5.8059554681345798e-07
   6.3665148504976410e-01  -5.0130193080850627e-07
   6.3665147010511525e-01  -4.2074342309005201e-07
   6.3665145509142063e-01  -3.3981272738959176e-07
   6.3665144017505371e-01  -2.5940667180838428e-07
   6.3665142552130904e-01  -1.8041627067674369e-07
   6.3665141129257097e-01  -1.0371685083852481e-07
   6.3665141129257175e-01  -1.0371685083866711e-07
   6.3665142552130971e-01  -1.8041627067695375e-07
   6.3665144017505448e-01  -2.5940667180865194e-07
   6.3665145509142140e-01  -3.3981272738991702e-07
   6.3665147010511591e-01  -4.2074342309042894e-07
   6.3665148504976465e-01  -5.0130193080893148e-07
   6.3665149975975965e-01  -5.8059554681392215e-07
   6.3665151407209297e-01  -6.5774558418074311e-07
   6.3665152782816348e-01  -7.3189710990260353e-07
   6.3665154087553399e-01  -8.0222841877442452e-07
   6.3665155306962129e-01  -8.6796013906518800e-07
   6.3665156427529712e-01  -9.2836386907500941e-07
   6.3665157436838671e-01  -9.8277024887117996e-07
   6.3665158323704407e-01  -1.0305763777569731e-06
   6.3665159078299172e-01  -1.0712524952768201e-06
   6.3665159692260986e-01  -1.1043478517227628e-06
   6.3665160158786260e-01  -1.1294957030884490e-06
   6.3665160472705240e-01  -1.1464173751193213e-06
   6.3665160630539241e-01  -1.1549253514237374e-06
   6.3665160630539241e-01  -1.1549253514236968e-06
   6.3665160472705229e-01  -1.1464173751191993e-06
   6.3665160158786249e-01  -1.1294957030882051e-06
   6.3665159692260964e-01  -1.1043478517224376e-06
   6.3665159078299138e-01  -1.0712524952764135e-06
   6.3665158323704374e-01  -1.0305763777565259e-06
   6.3665157436838626e-01  -9.8277024887071239e-07
   6.3665156427529657e-01  -9.2836386907455541e-07
   6.3665155306962062e-01  -8.6796013906474754e-07
   6.3665154087553344e-01  -8.0222841877399762e-07
   6.3665152782816281e-01  -7.3189710990221050e-07
   6.3665151407209231e-01  -6.5774558418036703e-07
   6.3665149975975899e-01  -5.8059554681356640e-07
   6.3665148504976399e-01  -5.0130193080859775e-07
   6.3665147010511525e-01  -4.2074342309012782e-07
   6.3665145509142063e-01  -3.3981272738965021e-07
   6.3665144017505371e-01  -2.5940667180842493e-07
   6.3665142552130904e-01  -1.8041627067676741e-07
   6.3665141129257097e-01  -1.0371685083853158e-07
   6.3665139415331540e-01  -1.1328407328861840e-08
   6.3665137430585161e-01   9.5658518450277919e-08
   6.3665135546684215e-01   1.9720941333035020e-07
   6.3665133784839589e-01   2.9218091302091583e-07
   6.3665132164887950e-01   3.7950373083059808e-07
   6.3665130705068351e-01   4.5819469679292315e-07
   6.3665129421816979e-01   5.2736782720131823e-07
   6.3665128329581966e-01   5.8624429992147641e-07
   6.3665127440660818e-01   6.3416122316853102e-07
   6.3665126765061941e-01   6.7057909902157613e-07
   6.3665126310391906e-01   6.9508789764354255e-07
   6.3665126081769852e-01   7.0741167381678592e-07
   6.3665126081769852e-01   7.0741167381675881e-07
   6.3665126310391906e-01   6.9508789764351545e-07
   6.3665126765061941e-01   6.7057909902153547e-07
   6.3665127440660818e-01   6.3416122316847681e-07
   6.3665128329581966e-01   5.8624429992142220e-07
   6.3665129421816979e-01   5.2736782720130468e-07
   6.3665130705068351e-01   4.5819469679290960e-07
   6.3665132164887950e-01   3.7950373083058453e-07
   6.3665133784839589e-01   2.9218091302088872e-07
   6.3665135546684215e-01   1.9720941333032987e-07
   6.3665137430585161e-01   9.5658518450264366e-08
   6.3665139415331540e-01  -1.1328407328875393e-08
