   6.3510705322022487e-01   1.4522091570673315e-03
   6.3420482005618795e-01   2.2604798512623194e-03
   6.3334861722675029e-01   3.0259205776824410e-03
   6.3254805756588950e-01   3.7401956473718375e-03
   6.3181212154095212e-01   4.3955892924013289e-03
   6.3114905797998955e-01   4.9850751521121079e-03
   6.3056629326393010e-01   5.5023771333435022e-03
   6.3007034989673949e-01   5.9420217905718766e-03
   6.2966677525038628e-01   6.2993824572739098e-03
   6.2936008116362618e-01   6.5707154082987078e-03
   6.2915369495610196e-01   6.7531883466394440e-03
   6.2904992230321266e-01   6.8449014902536819e-03
   6.2904992230321277e-01   6.8449014902536819e-03
   6.2915369495610207e-01   6.7531883466394440e-03
   6.2936008116362629e-01   6.5707154082987078e-03
   6.2966677525038639e-01   6.2993824572739106e-03
   6.3007034989673960e-01   5.9420217905718775e-03
   6.3056629326393010e-01   5.5023771333435030e-03
   6.3114905797998955e-01   4.9850751521121088e-03
   6.3181212154095223e-01   4.3955892924013298e-03
   6.3254805756588961e-01   3.7401956473718384e-03
   6.3334861722675040e-01   3.0259205776824415e-03
   6.3420482005618817e-01   2.2604798512623203e-03
   6.3510705322022498e-01   1.4522091570673317e-03
   6.3588634800293176e-01   7.5257943927501823e-04
   6.3653351239370271e-01   1.6975071393486010e-04
   6.3720020848650394e-01  -4.3247541651036801e-04
   6.3787904747093971e-01  -1.0474496611699621e-03
   6.3856250164523409e-01  -1.6683387163447091e-03
   6.3924298793844525e-01  -2.2881993483728838e-03
   6.3991295223206379e-01  -2.9000556432636718e-03
   6.4056495352644405e-01  -3.4969785922791302e-03
   6.4119174699235715e-01  -4.0721670684376269e-03
   6.4178636495553720e-01  -4.6190291464981940e-03
   6.4234219488247213e-01  -5.1312626335162396e-03
   6.4285305346852462e-01  -5.6029336133898251e-03
   6.4331325597416800e-01  -6.0285517712244715e-03
   6.4371768001078289e-01  -6.4031412553039110e-03
   6.4406182304300941e-01  -6.7223058584094048e-03
   6.4434185294886281e-01  -6.9822873574296581e-03
   6.4455465106040422e-01  -7.1800159405804526e-03
   6.4469784719543166e-01  -7.3131517736730427e-03
   6.4476984628317291e-01  -7.3801169079452189e-03
   6.4476984628317291e-01  -7.3801169079452198e-03
   6.4469784719543166e-01  -7.3131517736730470e-03
   6.4455465106040422e-01  -7.1800159405804578e-03
   6.4434185294886281e-01  -6.9822873574296659e-03
   6.4406182304300930e-01  -6.7223058584094135e-03
   6.4371768001078278e-01  -6.4031412553039214e-03
   6.4331325597416800e-01  -6.0285517712244836e-03
   6.4285305346852462e-01  -5.6029336133898390e-03
   6.4234219488247213e-01  -5.1312626335162552e-03
   6.4178636495553720e-01  -4.6190291464982105e-03
   6.4119174699235704e-01  -4.0721670684376451e-03
   6.4056495352644405e-01  -3.4969785922791480e-03
   6.3991295223206368e-01  -2.9000556432636901e-03
   6.3924298793844536e-01  -2.2881993483729016e-03
   6.3856250164523409e-01  -1.6683387163447267e-03
   6.3787904747093982e-01  -1.0474496611699792e-03
   6.3720020848650383e-01  -4.3247541651038443e-04
   6.3653351239370271e-01   1.6975071393484471e-04
   6.3588634800293187e-01   7.5257943927500403e-04
   6.3588634800293187e-01   7.5257943927501867e-04
   6.3653351239370282e-01   1.6975071393486124e-04
   6.3720020848650394e-01  -4.3247541651036622e-04
   6.3787904747093971e-01  -1.0474496611699595e-03
   6.3856250164523409e-01  -1.6683387163447057e-03
   6.3924298793844536e-01  -2.2881993483728795e-03
   6.3991295223206379e-01  -2.9000556432636671e-03
   6.4056495352644405e-01  -3.4969785922791246e-03
   6.4119174699235715e-01  -4.0721670684376208e-03
   6.4178636495553720e-01  -4.6190291464981862e-03
   6.4234219488247224e-01  -5.1312626335162309e-03
   6.4285305346852462e-01  -5.6029336133898138e-03
   6.4331325597416800e-01  -6.0285517712244593e-03
   6.4371768001078278e-01  -6.4031412553038980e-03
   6.4406182304300930e-01  -6.7223058584093918e-03
   6.4434185294886270e-01  -6.9822873574296434e-03
   6.4455465106040410e-01  -7.1800159405804361e-03
   6.4469784719543166e-01  -7.3131517736730236e-03
   6.4476984628317302e-01  -7.3801169079451990e-03
   6.4476984628317302e-01  -7.3801169079451990e-03
   6.4469784719543166e-01  -7.3131517736730236e-03
   6.4455465106040410e-01  -7.1800159405804335e-03
   6.4434185294886270e-01  -6.9822873574296417e-03
   6.4406182304300930e-01  -6.7223058584093892e-03
   6.4371768001078267e-01  -6.4031412553038980e-03
   6.4331325597416789e-01  -6.0285517712244602e-03
   6.4285305346852462e-01  -5.6029336133898164e-03
   6.4234219488247202e-01  -5.1312626335162335e-03
   6.4178636495553709e-01  -4.6190291464981905e-03
   6.4119174699235693e-01  -4.0721670684376252e-03
   6.4056495352644394e-01  -3.4969785922791307e-03
   6.3991295223206379e-01  -2.9000556432636749e-03
   6.3924298793844525e-01  -2.2881993483728881e-03
   6.3856250164523398e-01  -1.6683387163447156e-03
   6.3787904747093971e-01  -1.0474496611699705e-03
   6.3720020848650383e-01  -4.3247541651037804e-04
   6.3653351239370271e-01   1.6975071393484866e-04
   6.3588634800293176e-01   7.5257943927500544e-04
   6.3588634800293176e-01   7.5257943927501878e-04
   6.3653351239370271e-01   1.6975071393486124e-04
   6.3720020848650383e-01  -4.3247541651036638e-04
   6.3787904747093971e-01  -1.0474496611699599e-03
   6.3856250164523409e-01  -1.6683387163447063e-03
   6.3924298793844525e-01  -2.2881993483728803e-03
   6.3991295223206368e-01  -2.9000556432636684e-03
   6.4056495352644405e-01  -3.4969785922791268e-03
   6.4119174699235704e-01  -4.0721670684376234e-03
   6.4178636495553709e-01  -4.6190291464981896e-03
   6.4234219488247202e-01  -5.1312626335162361e-03
   6.4285305346852450e-01  -5.6029336133898208e-03
   6.4331325597416789e-01  -6.0285517712244671e-03
   6.4371768001078267e-01  -6.4031412553039067e-03
   6.4406182304300930e-01  -6.7223058584094005e-03
   6.4434185294886270e-01  -6.9822873574296538e-03
   6.4455465106040410e-01  -7.1800159405804483e-03
   6.4469784719543166e-01  -7.3131517736730375e-03
   6.4476984628317291e-01  -7.3801169079452137e-03
   6.4476984628317291e-01  -7.3801169079452146e-03
   6.4469784719543166e-01  -7.3131517736730392e-03
   6.4455465106040422e-01  -7.1800159405804509e-03
   6.4434185294886281e-01  -6.9822873574296590e-03
   6.4406182304300941e-01  -6.7223058584094065e-03
   6.4371768001078278e-01  -6.4031412553039154e-03
   6.4331325597416800e-01  -6.0285517712244776e-03
   6.4285305346852462e-01  -5.6029336133898329e-03
   6.4234219488247213e-01  -5.1312626335162500e-03
   6.4178636495553720e-01  -4.6190291464982044e-03
   6.4119174699235704e-01  -4.0721670684376399e-03
   6.4056495352644405e-01  -3.4969785922791441e-03
   6.3991295223206379e-01  -2.9000556432636861e-03
   6.3924298793844536e-01  -2.2881993483728981e-03
   6.3856250164523409e-01  -1.6683387163447239e-03
   6.3787904747093982e-01  -1.0474496611699771e-03
   6.3720020848650394e-01  -4.3247541651038275e-04
   6.3653351239370271e-01   1.6975071393484579e-04
   6.3588634800293187e-01   7.5257943927500447e-04
   6.3510705322022509e-01   1.4522091570673187e-03
   6.3420482005618839e-01   2.2604798512623077e-03
   6.3334861722675073e-01   3.0259205776824298e-03
   6.3254805756588994e-01   3.7401956473718280e-03
   6.3181212154095279e-01   4.3955892924013211e-03
   6.3114905797999010e-01   4.9850751521121010e-03
   6.3056629326393077e-01   5.5023771333434970e-03
   6.3007034989674016e-01   5.9420217905718732e-03
   6.2966677525038706e-01   6.2993824572739080e-03
   6.2936008116362696e-01   6.5707154082987069e-03
   6.2915369495610274e-01   6.7531883466394431e-03
   6.2904992230321344e-01   6.8449014902536810e-03
   6.2904992230321344e-01   6.8449014902536810e-03
   6.2915369495610285e-01   6.7531883466394431e-03
   6.2936008116362696e-01   6.5707154082987078e-03
   6.2966677525038706e-01   6.2993824572739089e-03
   6.3007034989674016e-01   5.9420217905718749e-03
   6.3056629326393077e-01   5.5023771333434987e-03
   6.3114905797999021e-01   4.9850751521121036e-03
   6.3181212154095279e-01   4.3955892924013237e-03
   6.3254805756589005e-01   3.7401956473718302e-03
   6.3334861722675073e-01   3.0259205776824319e-03
   6.3420482005618839e-01   2.2604798512623090e-03
   6.3510705322022520e-01   1.4522091570673191e-03
