   7.6904387635747040e-01
   7.6904387635758487e-01
   7.6904387635769755e-01
   7.6904387635780591e-01
   7.6904387635790739e-01
   7.6904387635799987e-01
   7.6904387635808114e-01
   7.6904387635814930e-01
   7.6904387635820282e-01
   7.6904387635824034e-01
   7.6904387635826121e-01
   7.6904387635826499e-01
   7.6904387635825144e-01
   7.6904387635822102e-01
   7.6904387635817417e-01
   7.6904387635811222e-01
   7.6904387635803639e-01
   7.6904387635794846e-01
   7.6904387635785065e-01
   7.6904387635774485e-01
   7.6904387635763372e-01
   7.6904387635751970e-01
   7.6904387635740534e-01
   7.6904387635729343e-01
   7.6904387635718630e-01
   7.6904387635708638e-01
   7.6904387635699634e-01
   7.6904387635691773e-01
   7.6904387635685267e-01
   7.6904387635680249e-01
   7.6904387635676830e-01
   7.6904387635675109e-01
   7.6904387635675109e-01
   7.6904387635676830e-01
   7.6904387635680249e-01
   7.6904387635685267e-01
   7.6904387635691773e-01
   7.6904387635699634e-01
   7.6904387635708649e-01
   7.6904387635718630e-01
   7.6904387635729343e-01
   7.6904387635740534e-01
   7.6904387635751970e-01
   7.6904387635763372e-01
   7.6904387635774485e-01
   7.6904387635785054e-01
   7.6904387635794846e-01
   7.6904387635803639e-01
   7.6904387635811222e-01
   7.6904387635817406e-01
   7.6904387635822091e-01
   7.6904387635825144e-01
   7.6904387635826499e-01
   7.6904387635826121e-01
   7.6904387635824023e-01
   7.6904387635820270e-01
   7.6904387635814919e-01
   7.6904387635808102e-01
   7.6904387635799987e-01
   7.6904387635790750e-01
   7.6904387635780591e-01
   7.6904387635769744e-01
   7.6904387635758487e-01
   7.6904387635747029e-01
   7.6904387635729787e-01
   7.6904387635707150e-01
   7.6904387635685512e-01
   7.6904387635665439e-01
   7.6904387635647375e-01
   7.6904387635631766e-01
   7.6904387635618976e-01
   7.6904387635609284e-01
   7.6904387635602933e-01
   7.6904387635600102e-01
   7.6904387635600824e-01
   7.6904387635605098e-01
   7.6904387635612803e-01
   7.6904387635623783e-01
   7.6904387635637772e-01
   7.6904387635654425e-01
   7.6904387635673355e-01
   7.6904387635694116e-01
   7.6904387635716220e-01
   7.6904387635739135e-01
   7.6904387635762328e-01
   7.6904387635785254e-01
   7.6904387635807359e-01
   7.6904387635828120e-01
   7.6904387635847049e-01
   7.6904387635863691e-01
   7.6904387635877680e-01
   7.6904387635888660e-01
   7.6904387635896376e-01
   7.6904387635900640e-01
   7.6904387635901361e-01
   7.6904387635898530e-01
   7.6904387635892191e-01
   7.6904387635882498e-01
   7.6904387635869698e-01
   7.6904387635854088e-01
   7.6904387635836025e-01
   7.6904387635815952e-01
   7.6904387635794325e-01
   7.6904387635771676e-01
   7.6904387635754423e-01
   7.6904387635742977e-01
   7.6904387635731697e-01
   7.6904387635720850e-01
   7.6904387635710691e-01
   7.6904387635701466e-01
   7.6904387635693339e-01
   7.6904387635686522e-01
   7.6904387635681171e-01
   7.6904387635677407e-01
   7.6904387635675320e-01
   7.6904387635674942e-01
   7.6904387635676297e-01
   7.6904387635679350e-01
   7.6904387635684035e-01
   7.6904387635690230e-01
   7.6904387635697824e-01
   7.6904387635706606e-01
   7.6904387635716398e-01
   7.6904387635726967e-01
   7.6904387635738092e-01
   7.6904387635749505e-01
   7.6904387635760940e-01
   7.6904387635772142e-01
   7.6904387635782856e-01
   7.6904387635792826e-01
   7.6904387635801852e-01
   7.6904387635809712e-01
   7.6904387635816218e-01
   7.6904387635821247e-01
   7.6904387635824656e-01
   7.6904387635826377e-01
   7.6904387635826377e-01
   7.6904387635824656e-01
   7.6904387635821247e-01
   7.6904387635816229e-01
   7.6904387635809712e-01
   7.6904387635801852e-01
   7.6904387635792826e-01
   7.6904387635782845e-01
   7.6904387635772142e-01
   7.6904387635760940e-01
   7.6904387635749505e-01
   7.6904387635738092e-01
   7.6904387635726967e-01
   7.6904387635716387e-01
   7.6904387635706595e-01
   7.6904387635697824e-01
   7.6904387635690241e-01
   7.6904387635684035e-01
   7.6904387635679350e-01
   7.6904387635676297e-01
   7.6904387635674942e-01
   7.6904387635675320e-01
   7.6904387635677407e-01
   7.6904387635681171e-01
   7.6904387635686522e-01
   7.6904387635693339e-01
   7.6904387635701466e-01
   7.6904387635710714e-01
   7.6904387635720861e-01
   7.6904387635731697e-01
   7.6904387635742977e-01
   7.6904387635754423e-01
