   1.0957613499575092e+00
   1.0957613499575092e+00
   1.0957613499575094e+00
   1.0957613499575092e+00
   1.0957613499575092e+00
   1.0957613499575090e+00
   1.0957613499575087e+00
   1.0957613499575085e+00
   1.0957613499575081e+00
   1.0957613499575076e+00
   1.0957613499575072e+00
   1.0957613499575067e+00
   1.0957613499575063e+00
   1.0957613499575061e+00
   1.0957613499575056e+00
   1.0957613499575054e+00
   1.0957613499575054e+00
   1.0957613499575052e+00
   1.0957613499575054e+00
   1.0957613499575054e+00
   1.0957613499575056e+00
   1.0957613499575061e+00
   1.0957613499575063e+00
   1.0957613499575067e+00
   1.0957613499575072e+00
   1.0957613499575074e+00
   1.0957613499575078e+00
   1.0957613499575083e+00
   1.0957613499575085e+00
   1.0957613499575090e+00
   1.0957613499575092e+00
   1.0957613499575092e+00
   1.0957613499575092e+00
   1.0957613499575092e+00
   1.0957613499575090e+00
   1.0957613499575090e+00
   1.0957613499575085e+00
   1.0957613499575083e+00
   1.0957613499575078e+00
   1.0957613499575074e+00
   1.0957613499575070e+00
   1.0957613499575065e+00
   1.0957613499575061e+00
   1.0957613499575058e+00
   1.0957613499575056e+00
   1.0957613499575054e+00
   1.0957613499575054e+00
   1.0957613499575054e+00
   1.0957613499575054e+00
   1.0957613499575056e+00
   1.0957613499575058e+00
   1.0957613499575063e+00
   1.0957613499575065e+00
   1.0957613499575070e+00
   1.0957613499575074e+00
   1.0957613499575076e+00
   1.0957613499575081e+00
   1.0957613499575085e+00
   1.0957613499575087e+00
   1.0957613499575090e+00
   1.0957613499575092e+00
   1.0957613499575092e+00
   1.0957613499575092e+00
   1.0957613499575092e+00
   1.0957613499575092e+00
   1.0957613499575092e+00
   1.0957613499575092e+00
   1.0957613499575090e+00
   1.0957613499575087e+00
   1.0957613499575083e+00
   1.0957613499575081e+00
   1.0957613499575076e+00
   1.0957613499575074e+00
   1.0957613499575070e+00
   1.0957613499575065e+00
   1.0957613499575061e+00
   1.0957613499575058e+00
   1.0957613499575056e+00
   1.0957613499575054e+00
   1.0957613499575056e+00
   1.0957613499575056e+00
   1.0957613499575056e+00
   1.0957613499575058e+00
   1.0957613499575061e+00
   1.0957613499575065e+00
   1.0957613499575067e+00
   1.0957613499575072e+00
   1.0957613499575074e+00
   1.0957613499575078e+00
   1.0957613499575083e+00
   1.0957613499575085e+00
   1.0957613499575087e+00
   1.0957613499575090e+00
   1.0957613499575090e+00
   1.0957613499575090e+00
   1.0957613499575090e+00
   1.0957613499575090e+00
   1.0957613499575087e+00
   1.0957613499575083e+00
   1.0957613499575078e+00
   1.0957613499575076e+00
   1.0957613499575072e+00
   1.0957613499575070e+00
   1.0957613499575065e+00
   1.0957613499575065e+00
   1.0957613499575063e+00
   1.0957613499575063e+00
   1.0957613499575063e+00
   1.0957613499575063e+00
   1.0957613499575061e+00
   1.0957613499575063e+00
   1.0957613499575065e+00
   1.0957613499575067e+00
   1.0957613499575070e+00
   1.0957613499575072e+00
   1.0957613499575074e+00
   1.0957613499575076e+00
   1.0957613499575078e+00
   1.0957613499575081e+00
   1.0957613499575083e+00
   1.0957613499575083e+00
   1.0957613499575085e+00
   1.0957613499575085e+00
   1.0957613499575083e+00
   1.0957613499575083e+00
   1.0957613499575081e+00
   1.0957613499575078e+00
   1.0957613499575076e+00
   1.0957613499575074e+00
   1.0957613499575072e+00
   1.0957613499575070e+00
   1.0957613499575067e+00
   1.0957613499575065e+00
   1.0957613499575065e+00
   1.0957613499575063e+00
   1.0957613499575063e+00
   1.0957613499575063e+00
   1.0957613499575063e+00
   1.0957613499575063e+00
   1.0957613499575065e+00
   1.0957613499575065e+00
   1.0957613499575067e+00
   1.0957613499575070e+00
   1.0957613499575072e+00
   1.0957613499575076e+00
   1.0957613499575078e+00
   1.0957613499575081e+00
   1.0957613499575081e+00
   1.0957613499575083e+00
   1.0957613499575083e+00
   1.0957613499575085e+00
   1.0957613499575083e+00
   1.0957613499575083e+00
   1.0957613499575081e+00
   1.0957613499575081e+00
   1.0957613499575078e+00
   1.0957613499575076e+00
   1.0957613499575072e+00
   1.0957613499575070e+00
   1.0957613499575070e+00
   1.0957613499575067e+00
   1.0957613499575065e+00
   1.0957613499575063e+00
   1.0957613499575063e+00
   1.0957613499575063e+00
   1.0957613499575063e+00
   1.0957613499575065e+00
   1.0957613499575065e+00
