   1.0435768817489994e+00
   1.0435768817496711e+00
   1.0435768817486224e+00
   1.0435768817458972e+00
   1.0435768817416102e+00
   1.0435768817359410e+00
   1.0435768817291278e+00
   1.0435768817214568e+00
   1.0435768817132498e+00
   1.0435768817048519e+00
   1.0435768816966149e+00
   1.0435768816888853e+00
   1.0435768816819875e+00
   1.0435768816762110e+00
   1.0435768816717983e+00
   1.0435768816689348e+00
   1.0435768816677407e+00
   1.0435768816682660e+00
   1.0435768816704889e+00
   1.0435768816743158e+00
   1.0435768816795863e+00
   1.0435768816860789e+00
   1.0435768816935209e+00
   1.0435768817016002e+00
   1.0435768817099773e+00
   1.0435768817183004e+00
   1.0435768817262205e+00
   1.0435768817334046e+00
   1.0435768817395512e+00
   1.0435768817444022e+00
   1.0435768817477540e+00
   1.0435768817494659e+00
   1.0435768817494659e+00
   1.0435768817477542e+00
   1.0435768817444022e+00
   1.0435768817395512e+00
   1.0435768817334046e+00
   1.0435768817262208e+00
   1.0435768817183007e+00
   1.0435768817099775e+00
   1.0435768817016005e+00
   1.0435768816935211e+00
   1.0435768816860789e+00
   1.0435768816795863e+00
   1.0435768816743161e+00
   1.0435768816704889e+00
   1.0435768816682660e+00
   1.0435768816677407e+00
   1.0435768816689348e+00
   1.0435768816717983e+00
   1.0435768816762108e+00
   1.0435768816819875e+00
   1.0435768816888853e+00
   1.0435768816966149e+00
   1.0435768817048516e+00
   1.0435768817132498e+00
   1.0435768817214566e+00
   1.0435768817291278e+00
   1.0435768817359408e+00
   1.0435768817416100e+00
   1.0435768817458972e+00
   1.0435768817486224e+00
   1.0435768817496711e+00
   1.0435768817489994e+00
   1.0435768817454096e+00
   1.0435768817389945e+00
   1.0435768817312596e+00
   1.0435768817225417e+00
   1.0435768817132207e+00
   1.0435768817037023e+00
   1.0435768816944015e+00
   1.0435768816857234e+00
   1.0435768816780460e+00
   1.0435768816717037e+00
   1.0435768816669726e+00
   1.0435768816640594e+00
   1.0435768816630902e+00
   1.0435768816641080e+00
   1.0435768816670679e+00
   1.0435768816718412e+00
   1.0435768816782198e+00
   1.0435768816859261e+00
   1.0435768816946240e+00
   1.0435768817039353e+00
   1.0435768817134536e+00
   1.0435768817227646e+00
   1.0435768817314630e+00
   1.0435768817391693e+00
   1.0435768817455480e+00
   1.0435768817503215e+00
   1.0435768817532813e+00
   1.0435768817542992e+00
   1.0435768817533302e+00
   1.0435768817504170e+00
   1.0435768817456861e+00
   1.0435768817393438e+00
   1.0435768817316664e+00
   1.0435768817229882e+00
   1.0435768817136877e+00
   1.0435768817041693e+00
   1.0435768816948481e+00
   1.0435768816861304e+00
   1.0435768816783952e+00
   1.0435768816719801e+00
   1.0435768816683906e+00
   1.0435768816677189e+00
   1.0435768816687676e+00
   1.0435768816714928e+00
   1.0435768816757798e+00
   1.0435768816814488e+00
   1.0435768816882618e+00
   1.0435768816959328e+00
   1.0435768817041395e+00
   1.0435768817125377e+00
   1.0435768817207742e+00
   1.0435768817285038e+00
   1.0435768817354016e+00
   1.0435768817411781e+00
   1.0435768817455908e+00
   1.0435768817484541e+00
   1.0435768817496482e+00
   1.0435768817491229e+00
   1.0435768817469000e+00
   1.0435768817430731e+00
   1.0435768817378026e+00
   1.0435768817313102e+00
   1.0435768817238682e+00
   1.0435768817157889e+00
   1.0435768817074118e+00
   1.0435768816990889e+00
   1.0435768816911690e+00
   1.0435768816839850e+00
   1.0435768816778386e+00
   1.0435768816729876e+00
   1.0435768816696358e+00
   1.0435768816679241e+00
   1.0435768816679241e+00
   1.0435768816696358e+00
   1.0435768816729876e+00
   1.0435768816778386e+00
   1.0435768816839852e+00
   1.0435768816911692e+00
   1.0435768816990889e+00
   1.0435768817074120e+00
   1.0435768817157891e+00
   1.0435768817238682e+00
   1.0435768817313105e+00
   1.0435768817378028e+00
   1.0435768817430733e+00
   1.0435768817469000e+00
   1.0435768817491229e+00
   1.0435768817496482e+00
   1.0435768817484541e+00
   1.0435768817455906e+00
   1.0435768817411779e+00
   1.0435768817354016e+00
   1.0435768817285036e+00
   1.0435768817207742e+00
   1.0435768817125375e+00
   1.0435768817041393e+00
   1.0435768816959325e+00
   1.0435768816882618e+00
   1.0435768816814486e+00
   1.0435768816757798e+00
   1.0435768816714925e+00
   1.0435768816687676e+00
   1.0435768816677187e+00
   1.0435768816683906e+00
