  -3.8329126859999219e-01
  -3.3454260272396402e-01
  -2.8744876821420345e-01
  -2.4193912063497489e-01
  -1.9787520775122175e-01
  -1.5506764262849129e-01
  -1.1328979408313798e-01
  -7.2288722915958850e-02
  -3.1793906010573039e-02
   8.4756678261602558e-03
   4.8805440720810812e-02
   8.9479684491946904e-02
   1.3077577795215733e-01
   1.7295778380161914e-01
   2.1626873903528840e-01
   2.6092106906230433e-01
   3.0708455309634297e-01
   3.5487133531172216e-01
   4.0431763412348021e-01
   4.5536210540476885e-01
   5.0782132853962214e-01
   5.6136366773344670e-01
   6.1548384603885542e-01
   6.6948191301057414e-01
   7.2245171155143117e-01
   7.7328508541999552e-01
   8.2069833608719156e-01
   8.6328613172194801e-01
   8.9960460933004704e-01
   9.2827973344244474e-01
   9.4812995698368219e-01
   9.5828581451281936e-01
   9.5828581451281958e-01
   9.4812995698368285e-01
   9.2827973344244563e-01
   8.9960460933004838e-01
   8.6328613172194957e-01
   8.2069833608719334e-01
   7.7328508541999741e-01
   7.2245171155143317e-01
   6.6948191301057625e-01
   6.1548384603885764e-01
   5.6136366773344881e-01
   5.0782132853962414e-01
   4.5536210540477068e-01
   4.0431763412348193e-01
   3.5487133531172382e-01
   3.0708455309634441e-01
   2.6092106906230572e-01
   2.1626873903528965e-01
   1.7295778380162025e-01
   1.3077577795215836e-01
   8.9479684491947792e-02
   4.8805440720811610e-02
   8.4756678261609653e-03
  -3.1793906010572415e-02
  -7.2288722915958309e-02
  -1.1328979408313750e-01
  -1.5506764262849090e-01
  -1.9787520775122139e-01
  -2.4193912063497458e-01
  -2.8744876821420323e-01
  -3.3454260272396391e-01
  -3.8329126859999219e-01
  -4.5980715492867336e-01
  -5.6389760797393651e-01
  -6.6855813467408887e-01
  -7.7216980269137769e-01
  -8.7226473035575391e-01
  -9.6551556145088480e-01
  -1.0478813213867326e+00
  -1.1149579242605385e+00
  -1.1625316153496936e+00
  -1.1872510596745731e+00
  -1.1872510596745731e+00
  -1.1625316153496938e+00
  -1.1149579242605390e+00
  -1.0478813213867331e+00
  -9.6551556145088535e-01
  -8.7226473035575436e-01
  -7.7216980269137825e-01
  -6.6855813467408942e-01
  -5.6389760797393707e-01
  -4.5980715492867397e-01
  -3.8329126859999274e-01
  -3.3454260272396452e-01
  -2.8744876821420379e-01
  -2.4193912063497511e-01
  -1.9787520775122189e-01
  -1.5506764262849129e-01
  -1.1328979408313784e-01
  -7.2288722915958586e-02
  -3.1793906010572644e-02
   8.4756678261607814e-03
   4.8805440720811478e-02
   8.9479684491947709e-02
   1.3077577795215833e-01
   1.7295778380162027e-01
   2.1626873903528970e-01
   2.6092106906230583e-01
   3.0708455309634464e-01
   3.5487133531172410e-01
   4.0431763412348232e-01
   4.5536210540477112e-01
   5.0782132853962469e-01
   5.6136366773344948e-01
   6.1548384603885831e-01
   6.6948191301057702e-01
   7.2245171155143395e-01
   7.7328508541999796e-01
   8.2069833608719378e-01
   8.6328613172194990e-01
   8.9960460933004849e-01
   9.2827973344244563e-01
   9.4812995698368274e-01
   9.5828581451281936e-01
   9.5828581451281891e-01
   9.4812995698368174e-01
   9.2827973344244419e-01
   8.9960460933004649e-01
   8.6328613172194746e-01
   8.2069833608719089e-01
   7.7328508541999474e-01
   7.2245171155143051e-01
   6.6948191301057358e-01
   6.1548384603885498e-01
   5.6136366773344615e-01
   5.0782132853962159e-01
   4.5536210540476829e-01
   4.0431763412347971e-01
   3.5487133531172171e-01
   3.0708455309634247e-01
   2.6092106906230383e-01
   2.1626873903528793e-01
   1.7295778380161866e-01
   1.3077577795215686e-01
   8.9479684491946418e-02
   4.8805440720810334e-02
   8.4756678261597735e-03
  -3.1793906010573532e-02
  -7.2288722915959350e-02
  -1.1328979408313848e-01
  -1.5506764262849182e-01
  -1.9787520775122233e-01
  -2.4193912063497544e-01
  -2.8744876821420406e-01
  -3.3454260272396474e-01
  -3.8329126859999280e-01
