  -1.7151737844434145e-01
  -1.6165149371264370e-01
  -1.5073318282790468e-01
  -1.3884343928710627e-01
  -1.2606810402937521e-01
  -1.1249688705880083e-01
  -9.8222485899315898e-02
  -8.3339820659659974e-02
  -6.7945396466846442e-02
  -5.2136795125344977e-02
  -3.6012289542225753e-02
  -1.9670567084522007e-02
  -3.2105418591887058e-03
   1.3268768905450770e-02
   2.9668332546899854e-02
   4.5889182729833826e-02
   6.1832525586969465e-02
   7.7399899306044198e-02
   9.2493413465818103e-02
   1.0701609017346182e-01
   1.2087232339565546e-01
   1.3396846594331732e-01
   1.4621354558343599e-01
   1.5752010302823213e-01
   1.6780513551646592e-01
   1.7699112088050917e-01
   1.8500708899047141e-01
   1.9178970092371925e-01
   1.9728429174163972e-01
   2.0144583088878426e-01
   2.0423975531992539e-01
   2.0564263463676732e-01
   2.0564263463676732e-01
   2.0423975531992541e-01
   2.0144583088878429e-01
   1.9728429174163972e-01
   1.9178970092371928e-01
   1.8500708899047147e-01
   1.7699112088050922e-01
   1.6780513551646595e-01
   1.5752010302823219e-01
   1.4621354558343605e-01
   1.3396846594331741e-01
   1.2087232339565554e-01
   1.0701609017346191e-01
   9.2493413465818186e-02
   7.7399899306044281e-02
   6.1832525586969549e-02
   4.5889182729833895e-02
   2.9668332546899923e-02
   1.3268768905450838e-02
  -3.2105418591886390e-03
  -1.9670567084521945e-02
  -3.6012289542225691e-02
  -5.2136795125344922e-02
  -6.7945396466846400e-02
  -8.3339820659659947e-02
  -9.8222485899315870e-02
  -1.1249688705880080e-01
  -1.2606810402937518e-01
  -1.3884343928710624e-01
  -1.5073318282790465e-01
  -1.6165149371264367e-01
  -1.7151737844434148e-01
  -1.8478737790592126e-01
  -2.0131119470120293e-01
  -2.1641723834871140e-01
  -2.2997180878035287e-01
  -2.4184990525375882e-01
  -2.5193782930537995e-01
  -2.6013581062171304e-01
  -2.6636051018637524e-01
  -2.7054725125789686e-01
  -2.7265183731265930e-01
  -2.7265183731265941e-01
  -2.7054725125789708e-01
  -2.6636051018637552e-01
  -2.6013581062171348e-01
  -2.5193782930538056e-01
  -2.4184990525375952e-01
  -2.2997180878035367e-01
  -2.1641723834871232e-01
  -2.0131119470120393e-01
  -1.8478737790592237e-01
  -1.7151737844434264e-01
  -1.6165149371264481e-01
  -1.5073318282790577e-01
  -1.3884343928710727e-01
  -1.2606810402937615e-01
  -1.1249688705880168e-01
  -9.8222485899316633e-02
  -8.3339820659660613e-02
  -6.7945396466846983e-02
  -5.2136795125345407e-02
  -3.6012289542226072e-02
  -1.9670567084522222e-02
  -3.2105418591888090e-03
   1.3268768905450775e-02
   2.9668332546899968e-02
   4.5889182729834048e-02
   6.1832525586969812e-02
   7.7399899306044642e-02
   9.2493413465818658e-02
   1.0701609017346247e-01
   1.2087232339565621e-01
   1.3396846594331815e-01
   1.4621354558343691e-01
   1.5752010302823310e-01
   1.6780513551646697e-01
   1.7699112088051028e-01
   1.8500708899047258e-01
   1.9178970092372047e-01
   1.9728429174164094e-01
   2.0144583088878551e-01
   2.0423975531992666e-01
   2.0564263463676857e-01
   2.0564263463676857e-01
   2.0423975531992666e-01
   2.0144583088878548e-01
   1.9728429174164089e-01
   1.9178970092372039e-01
   1.8500708899047250e-01
   1.7699112088051019e-01
   1.6780513551646686e-01
   1.5752010302823299e-01
   1.4621354558343680e-01
   1.3396846594331802e-01
   1.2087232339565607e-01
   1.0701609017346234e-01
   9.2493413465818505e-02
   7.7399899306044490e-02
   6.1832525586969667e-02
   4.5889182729833902e-02
   2.9668332546899816e-02
   1.3268768905450624e-02
  -3.2105418591889608e-03
  -1.9670567084522372e-02
  -3.6012289542226218e-02
  -5.2136795125345539e-02
  -6.7945396466847108e-02
  -8.3339820659660724e-02
  -9.8222485899316730e-02
  -1.1249688705880173e-01
  -1.2606810402937621e-01
  -1.3884343928710730e-01
  -1.5073318282790579e-01
  -1.6165149371264487e-01
  -1.7151737844434267e-01
