  -3.5111797568120484e-01
  -3.2197539148585697e-01
  -2.9155171226516691e-01
  -2.6007289329602568e-01
  -2.2773991158653253e-01
  -1.9472820073798472e-01
  -1.6118849542714436e-01
  -1.2724882790763156e-01
  -9.3017426559898655e-02
  -5.8586290836698189e-02
  -2.4035249039089570e-02
   1.0563662069237303e-02
   4.5141629189644844e-02
   7.9628420389605881e-02
   1.1394777530033690e-01
   1.4801293752132730e-01
   1.8172245405186030e-01
   2.1495639115901527e-01
   2.4757314727971347e-01
   2.7940707659653952e-01
   3.1026716525050441e-01
   3.3993701742390370e-01
   3.6817640114660521e-01
   3.9472456391669608e-01
   4.1930544806397663e-01
   4.4163481140543270e-01
   4.6142909325861581e-01
   4.7841567158100795e-01
   4.9234395614285892e-01
   5.0299658580283046e-01
   5.1019987950050472e-01
   5.1383266153098706e-01
   5.1383266153098706e-01
   5.1019987950050461e-01
   5.0299658580283024e-01
   4.9234395614285875e-01
   4.7841567158100773e-01
   4.6142909325861553e-01
   4.4163481140543237e-01
   4.1930544806397629e-01
   3.9472456391669569e-01
   3.6817640114660483e-01
   3.3993701742390331e-01
   3.1026716525050391e-01
   2.7940707659653896e-01
   2.4757314727971297e-01
   2.1495639115901474e-01
   1.8172245405185974e-01
   1.4801293752132677e-01
   1.1394777530033635e-01
   7.9628420389605367e-02
   4.5141629189644344e-02
   1.0563662069236823e-02
  -2.4035249039090021e-02
  -5.8586290836698612e-02
  -9.3017426559899044e-02
  -1.2724882790763192e-01
  -1.6118849542714467e-01
  -1.9472820073798500e-01
  -2.2773991158653276e-01
  -2.6007289329602579e-01
  -2.9155171226516702e-01
  -3.2197539148585702e-01
  -3.5111797568120484e-01
  -3.9305049588495350e-01
  -4.4728068228921736e-01
  -4.9880212815825303e-01
  -5.4681655083862069e-01
  -5.9043731011550238e-01
  -6.2872810696497017e-01
  -6.6075626890059880e-01
  -6.8565698758226046e-01
  -7.0270190828782231e-01
  -7.1136316041933700e-01
  -7.1136316041933711e-01
  -7.0270190828782242e-01
  -6.8565698758226068e-01
  -6.6075626890059902e-01
  -6.2872810696497050e-01
  -5.9043731011550271e-01
  -5.4681655083862102e-01
  -4.9880212815825331e-01
  -4.4728068228921763e-01
  -3.9305049588495367e-01
  -3.5111797568120501e-01
  -3.2197539148585713e-01
  -2.9155171226516707e-01
  -2.6007289329602584e-01
  -2.2773991158653270e-01
  -1.9472820073798491e-01
  -1.6118849542714456e-01
  -1.2724882790763176e-01
  -9.3017426559898850e-02
  -5.8586290836698397e-02
  -2.4035249039089785e-02
   1.0563662069237085e-02
   4.5141629189644622e-02
   7.9628420389605659e-02
   1.1394777530033665e-01
   1.4801293752132705e-01
   1.8172245405186008e-01
   2.1495639115901508e-01
   2.4757314727971330e-01
   2.7940707659653929e-01
   3.1026716525050424e-01
   3.3993701742390359e-01
   3.6817640114660510e-01
   3.9472456391669603e-01
   4.1930544806397657e-01
   4.4163481140543265e-01
   4.6142909325861581e-01
   4.7841567158100795e-01
   4.9234395614285892e-01
   5.0299658580283046e-01
   5.1019987950050472e-01
   5.1383266153098717e-01
   5.1383266153098706e-01
   5.1019987950050472e-01
   5.0299658580283046e-01
   4.9234395614285886e-01
   4.7841567158100790e-01
   4.6142909325861570e-01
   4.4163481140543254e-01
   4.1930544806397646e-01
   3.9472456391669586e-01
   3.6817640114660499e-01
   3.3993701742390348e-01
   3.1026716525050407e-01
   2.7940707659653913e-01
   2.4757314727971308e-01
   2.1495639115901488e-01
   1.8172245405185991e-01
   1.4801293752132688e-01
   1.1394777530033648e-01
   7.9628420389605492e-02
   4.5141629189644449e-02
   1.0563662069236921e-02
  -2.4035249039089931e-02
  -5.8586290836698529e-02
  -9.3017426559898989e-02
  -1.2724882790763187e-01
  -1.6118849542714467e-01
  -1.9472820073798500e-01
  -2.2773991158653278e-01
  -2.6007289329602584e-01
  -2.9155171226516707e-01
  -3.2197539148585713e-01
  -3.5111797568120501e-01
