   3.7798966756466817e-01
   3.3845274273514137e-01
   2.9866196849896065e-01
   2.5879314098721579e-01
   2.1896755267547952e-01
   1.7925886181684630e-01
   1.3970051156465793e-01
   1.0029330344393504e-01
   6.1012887016541527e-02
   2.1817055724518992e-02
  -1.7347164142267092e-02
  -5.6536577405278288e-02
  -9.5804943533699782e-02
  -1.3519605260110532e-01
  -1.7473665747140796e-01
  -2.1442920241866634e-01
  -2.5424435211501029e-01
  -2.9411341836403987e-01
  -3.3392090656000128e-01
  -3.7349755800203427e-01
  -4.1261444038723927e-01
  -4.5097882042292581e-01
  -4.8823271089855874e-01
  -5.2395507790893836e-01
  -5.5766866968191076e-01
  -5.8885223163204581e-01
  -6.1695846057216663e-01
  -6.4143741588534442e-01
  -6.6176429353171640e-01
  -6.7746959475175061e-01
  -6.8816896112284232e-01
  -6.9358950428531640e-01
  -6.9358950428531640e-01
  -6.8816896112284209e-01
  -6.7746959475175017e-01
  -6.6176429353171595e-01
  -6.4143741588534375e-01
  -6.1695846057216597e-01
  -5.8885223163204503e-01
  -5.5766866968190987e-01
  -5.2395507790893736e-01
  -4.8823271089855774e-01
  -4.5097882042292475e-01
  -4.1261444038723832e-01
  -3.7349755800203321e-01
  -3.3392090656000023e-01
  -2.9411341836403881e-01
  -2.5424435211500929e-01
  -2.1442920241866539e-01
  -1.7473665747140701e-01
  -1.3519605260110443e-01
  -9.5804943533698977e-02
  -5.6536577405277538e-02
  -1.7347164142266402e-02
   2.1817055724519620e-02
   6.1012887016542103e-02
   1.0029330344393557e-01
   1.3970051156465840e-01
   1.7925886181684672e-01
   2.1896755267547988e-01
   2.5879314098721606e-01
   2.9866196849896093e-01
   3.3845274273514159e-01
   3.7798966756466829e-01
   4.3728615934425824e-01
   5.1582130262701131e-01
   5.9239188681886812e-01
   6.6570091847044144e-01
   7.3411683137929362e-01
   7.9573062170634035e-01
   8.4847128659313942e-01
   8.9027919346385176e-01
   9.1932128677911196e-01
   9.3421483770145530e-01
   9.3421483770145508e-01
   9.1932128677911140e-01
   8.9027919346385098e-01
   8.4847128659313820e-01
   7.9573062170633890e-01
   7.3411683137929196e-01
   6.6570091847043955e-01
   5.9239188681886612e-01
   5.1582130262700920e-01
   4.3728615934425613e-01
   3.7798966756466618e-01
   3.3845274273513953e-01
   2.9866196849895893e-01
   2.5879314098721412e-01
   2.1896755267547796e-01
   1.7925886181684492e-01
   1.3970051156465665e-01
   1.0029330344393389e-01
   6.1012887016540486e-02
   2.1817055724518076e-02
  -1.7347164142267890e-02
  -5.6536577405278961e-02
  -9.5804943533700337e-02
  -1.3519605260110576e-01
  -1.7473665747140829e-01
  -2.1442920241866656e-01
  -2.5424435211501034e-01
  -2.9411341836403987e-01
  -3.3392090656000112e-01
  -3.7349755800203410e-01
  -4.1261444038723910e-01
  -4.5097882042292559e-01
  -4.8823271089855846e-01
  -5.2395507790893803e-01
  -5.5766866968191053e-01
  -5.8885223163204548e-01
  -6.1695846057216619e-01
  -6.4143741588534386e-01
  -6.6176429353171584e-01
  -6.7746959475174995e-01
  -6.8816896112284165e-01
  -6.9358950428531574e-01
  -6.9358950428531574e-01
  -6.8816896112284143e-01
  -6.7746959475174962e-01
  -6.6176429353171540e-01
  -6.4143741588534331e-01
  -6.1695846057216552e-01
  -5.8885223163204470e-01
  -5.5766866968190965e-01
  -5.2395507790893725e-01
  -4.8823271089855769e-01
  -4.5097882042292475e-01
  -4.1261444038723838e-01
  -3.7349755800203338e-01
  -3.3392090656000051e-01
  -2.9411341836403915e-01
  -2.5424435211500968e-01
  -2.1442920241866592e-01
  -1.7473665747140765e-01
  -1.3519605260110515e-01
  -9.5804943533699782e-02
  -5.6536577405278433e-02
  -1.7347164142267384e-02
   2.1817055724518548e-02
   6.1012887016540937e-02
   1.0029330344393429e-01
   1.3970051156465702e-01
   1.7925886181684522e-01
   2.1896755267547821e-01
   2.5879314098721429e-01
   2.9866196849895904e-01
   3.3845274273513953e-01
   3.7798966756466618e-01
