  -3.7258961602818325e-01
  -3.1769855955862558e-01
  -2.6731171304528845e-01
  -2.2086660058731525e-01
  -1.7777488384448117e-01
  -1.3744117317036289e-01
  -9.9273413858584111e-02
  -6.2687405350053987e-02
  -2.7107372999906634e-02
   8.0359843182379615e-03
   4.3308897830695109e-02
   7.9278525713329079e-02
   1.1651677623890350e-01
   1.5560316342356731e-01
   1.9712575475818786e-01
   2.4167899526087014e-01
   2.8985677577648244e-01
   3.4223854997206860e-01
   3.9936561238597240e-01
   4.6170390706067882e-01
   5.2958913806639885e-01
   6.0314989897893345e-01
   6.8220573649838845e-01
   7.6614060406822715e-01
   8.5375942446762865e-01
   9.4314762682069908e-01
   1.0315702465460821e+00
   1.1154646192934903e+00
   1.1905893876202047e+00
   1.2523779505977028e+00
   1.2964940874735058e+00
   1.3195050155087391e+00
   1.3195050155087371e+00
   1.2964940874735003e+00
   1.2523779505976937e+00
   1.1905893876201930e+00
   1.1154646192934767e+00
   1.0315702465460674e+00
   9.4314762682068398e-01
   8.5375942446761366e-01
   7.6614060406821283e-01
   6.8220573649837468e-01
   6.0314989897892080e-01
   5.2958913806638719e-01
   4.6170390706066827e-01
   3.9936561238596285e-01
   3.4223854997206010e-01
   2.8985677577647490e-01
   2.4167899526086345e-01
   1.9712575475818195e-01
   1.5560316342356217e-01
   1.1651677623889896e-01
   7.9278525713325138e-02
   4.3308897830691674e-02
   8.0359843182349830e-03
  -2.7107372999909202e-02
  -6.2687405350056180e-02
  -9.9273413858585957e-02
  -1.3744117317036447e-01
  -1.7777488384448242e-01
  -2.2086660058731625e-01
  -2.6731171304528917e-01
  -3.1769855955862603e-01
  -3.7258961602818341e-01
  -4.6355530654329369e-01
  -5.9134763942725299e-01
  -7.2489644549467969e-01
  -8.6295326858964061e-01
  -1.0025932424860318e+00
  -1.1388489385473710e+00
  -1.2646144713374063e+00
  -1.3710862170422333e+00
  -1.4489444787824710e+00
  -1.4902017333787043e+00
  -1.4902017333787048e+00
  -1.4489444787824719e+00
  -1.3710862170422347e+00
  -1.2646144713374079e+00
  -1.1388489385473726e+00
  -1.0025932424860335e+00
  -8.6295326858964216e-01
  -7.2489644549468124e-01
  -5.9134763942725432e-01
  -4.6355530654329491e-01
  -3.7258961602818441e-01
  -3.1769855955862664e-01
  -2.6731171304528939e-01
  -2.2086660058731614e-01
  -1.7777488384448195e-01
  -1.3744117317036364e-01
  -9.9273413858584778e-02
  -6.2687405350054626e-02
  -2.7107372999907245e-02
   8.0359843182373717e-03
   4.3308897830694526e-02
   7.9278525713328510e-02
   1.1651677623890293e-01
   1.5560316342356673e-01
   1.9712575475818725e-01
   2.4167899526086956e-01
   2.8985677577648183e-01
   3.4223854997206804e-01
   3.9936561238597179e-01
   4.6170390706067821e-01
   5.2958913806639818e-01
   6.0314989897893290e-01
   6.8220573649838778e-01
   7.6614060406822682e-01
   8.5375942446762820e-01
   9.4314762682069875e-01
   1.0315702465460819e+00
   1.1154646192934903e+00
   1.1905893876202045e+00
   1.2523779505977028e+00
   1.2964940874735060e+00
   1.3195050155087391e+00
   1.3195050155087371e+00
   1.2964940874735003e+00
   1.2523779505976937e+00
   1.1905893876201930e+00
   1.1154646192934767e+00
   1.0315702465460672e+00
   9.4314762682068387e-01
   8.5375942446761355e-01
   7.6614060406821261e-01
   6.8220573649837446e-01
   6.0314989897892057e-01
   5.2958913806638697e-01
   4.6170390706066805e-01
   3.9936561238596274e-01
   3.4223854997205988e-01
   2.8985677577647467e-01
   2.4167899526086320e-01
   1.9712575475818167e-01
   1.5560316342356184e-01
   1.1651677623889865e-01
   7.9278525713324791e-02
   4.3308897830691306e-02
   8.0359843182345719e-03
  -2.7107372999909660e-02
  -6.2687405350056707e-02
  -9.9273413858586568e-02
  -1.3744117317036514e-01
  -1.7777488384448314e-01
  -2.2086660058731708e-01
  -2.6731171304529011e-01
  -3.1769855955862708e-01
  -3.7258961602818452e-01
