   1.0131101475080356e-01
   1.0088434302447939e-01
   1.0047042859754388e-01
   1.0006938054232274e-01
   9.9681302641596345e-02
   9.9306293549446506e-02
   9.8944446948026857e-02
   9.8595851700051862e-02
   9.8260591996815916e-02
   9.7938747501569320e-02
   9.7630393488091785e-02
   9.7335600974317774e-02
   9.7054436850880652e-02
   9.6786964004454065e-02
   9.6533241435780417e-02
   9.6293324372286146e-02
   9.6067264375193070e-02
   9.5855109441044306e-02
   9.5656904097571077e-02
   9.5472689493834154e-02
   9.5302503484581205e-02
   9.5146380708767186e-02
   9.5004352662191260e-02
   9.4876447764208643e-02
   9.4762691418481579e-02
   9.4663106067737299e-02
   9.4577711242505691e-02
   9.4506523603813106e-02
   9.4449556979812305e-02
   9.4406822396331677e-02
   9.4378328101330608e-02
   9.4364079583249938e-02
   9.4364079583249938e-02
   9.4378328101330608e-02
   9.4406822396331677e-02
   9.4449556979812305e-02
   9.4506523603813106e-02
   9.4577711242505691e-02
   9.4663106067737299e-02
   9.4762691418481579e-02
   9.4876447764208643e-02
   9.5004352662191260e-02
   9.5146380708767186e-02
   9.5302503484581205e-02
   9.5472689493834154e-02
   9.5656904097571077e-02
   9.5855109441044306e-02
   9.6067264375193070e-02
   9.6293324372286146e-02
   9.6533241435780417e-02
   9.6786964004454051e-02
   9.7054436850880652e-02
   9.7335600974317774e-02
   9.7630393488091785e-02
   9.7938747501569320e-02
   9.8260591996815916e-02
   9.8595851700051848e-02
   9.8944446948026857e-02
   9.9306293549446506e-02
   9.9681302641596345e-02
   1.0006938054232274e-01
   1.0047042859754386e-01
   1.0088434302447939e-01
   1.0131101475080356e-01
   1.0197815407467735e-01
   1.0288604523354328e-01
   1.0380659576470484e-01
   1.0473952390740641e-01
   1.0568453334203540e-01
   1.0664131275857439e-01
   1.0760953543108123e-01
   1.0858885879980452e-01
   1.0957892406263987e-01
   1.1057935577773002e-01
   1.1158976147910983e-01
   1.1260973130739473e-01
   1.1363883765760643e-01
   1.1467663484632486e-01
   1.1572265880044483e-01
   1.1677642676990507e-01
   1.1783743706683814e-01
   1.1890516883366802e-01
   1.1997908184275224e-01
   1.2105861633022728e-01
   1.2214319286676983e-01
   1.2323221226802999e-01
   1.2432505554752357e-01
   1.2542108391478987e-01
   1.2651963882162642e-01
   1.2762004205920127e-01
   1.2872159590881627e-01
   1.2982358334904984e-01
   1.3092526832194262e-01
   1.3202589606080517e-01
   1.3312469348211911e-01
   1.3422086964387517e-01
   1.3531361627253724e-01
   1.3640210836064479e-01
   1.3748550483686289e-01
   1.3856294931006141e-01
   1.3963357088874923e-01
   1.4069648507691068e-01
   1.4175079474698363e-01
   1.4279559119038726e-01
   1.4356664435217209e-01
   1.4406366623338329e-01
   1.4454953361039163e-01
   1.4502381813036599e-01
   1.4548609784563113e-01
   1.4593595785764335e-01
   1.4637299096238601e-01
   1.4679679829545175e-01
   1.4720698997502907e-01
   1.4760318574096845e-01
   1.4798501558806829e-01
   1.4835212039169343e-01
   1.4870415252382083e-01
   1.4904077645759622e-01
   1.4936166935848391e-01
   1.4966652166010094e-01
   1.4995503762284307e-01
   1.5022693587343752e-01
   1.5048194992359373e-01
   1.5071982866596978e-01
   1.5094033684572772e-01
   1.5114325550601640e-01
   1.5132838240579452e-01
   1.5149553240849056e-01
   1.5164453784008741e-01
   1.5177524881532059e-01
   1.5188753353078538e-01
   1.5198127852386478e-01
   1.5205638889650960e-01
   1.5211278850303048e-01
   1.5215042010119351e-01
   1.5216924546604685e-01
   1.5216924546604685e-01
   1.5215042010119351e-01
   1.5211278850303048e-01
   1.5205638889650960e-01
   1.5198127852386481e-01
   1.5188753353078538e-01
   1.5177524881532059e-01
   1.5164453784008744e-01
   1.5149553240849056e-01
   1.5132838240579455e-01
   1.5114325550601643e-01
   1.5094033684572775e-01
   1.5071982866596978e-01
   1.5048194992359373e-01
   1.5022693587343752e-01
   1.4995503762284307e-01
   1.4966652166010094e-01
   1.4936166935848391e-01
   1.4904077645759622e-01
   1.4870415252382085e-01
   1.4835212039169343e-01
   1.4798501558806831e-01
   1.4760318574096848e-01
   1.4720698997502907e-01
   1.4679679829545178e-01
   1.4637299096238604e-01
   1.4593595785764338e-01
   1.4548609784563113e-01
   1.4502381813036599e-01
   1.4454953361039163e-01
   1.4406366623338332e-01
   1.4356664435217212e-01
