   6.1616590010466384e-02
   6.0425087183869013e-02
   5.9279447180118308e-02
   5.8178957163560113e-02
   5.7122923915677387e-02
   5.6110674558006349e-02
   5.5141557192274628e-02
   5.4214941465315573e-02
   5.3330219065776438e-02
   5.2486804159131241e-02
   5.1684133767030405e-02
   5.0921668096568680e-02
   5.0198890824628577e-02
   4.9515309342058091e-02
   4.8870454962067114e-02
   4.8263883096875987e-02
   4.7695173406320096e-02
   4.7163929921805993e-02
   4.6669781148725067e-02
   4.6212380150159209e-02
   4.5791404614458707e-02
   4.5406556909033224e-02
   4.5057564122472270e-02
   4.4744178096899977e-02
   4.4466175452269330e-02
   4.4223357604112633e-02
   4.4015550776085870e-02
   4.3842606008474658e-02
   4.3704399163666925e-02
   4.3600830929441815e-02
   4.3531826820773799e-02
   4.3497337180706287e-02
   4.3497337180706287e-02
   4.3531826820773799e-02
   4.3600830929441815e-02
   4.3704399163666932e-02
   4.3842606008474658e-02
   4.4015550776085870e-02
   4.4223357604112633e-02
   4.4466175452269330e-02
   4.4744178096899977e-02
   4.5057564122472277e-02
   4.5406556909033224e-02
   4.5791404614458707e-02
   4.6212380150159216e-02
   4.6669781148725067e-02
   4.7163929921806000e-02
   4.7695173406320103e-02
   4.8263883096875994e-02
   4.8870454962067128e-02
   4.9515309342058091e-02
   5.0198890824628584e-02
   5.0921668096568687e-02
   5.1684133767030419e-02
   5.2486804159131255e-02
   5.3330219065776445e-02
   5.4214941465315580e-02
   5.5141557192274641e-02
   5.6110674558006356e-02
   5.7122923915677394e-02
   5.8178957163560120e-02
   5.9279447180118315e-02
   6.0425087183869033e-02
   6.1616590010466397e-02
   6.3496754196953775e-02
   6.6068504789666305e-02
   6.8691340240487564e-02
   7.1366802970121629e-02
   7.4096407909443440e-02
   7.6881637454906990e-02
   7.9723935906937465e-02
   8.2624703357353751e-02
   8.5585288991128980e-02
   8.8606983767321387e-02
   9.1691012443856024e-02
   9.4838524911081162e-02
   9.8050586799739464e-02
   1.0132816933027317e-01
   1.0467213837231994e-01
   1.0808324268596298e-01
   1.1156210131988883e-01
   1.1510919014620942e-01
   1.1872482751745403e-01
   1.2240915903827507e-01
   1.2616214145288793e-01
   1.2998352565932730e-01
   1.3387283887340451e-01
   1.3782936597893394e-01
   1.4185213011649875e-01
   1.4593987258086547e-01
   1.5009103211722533e-01
   1.5430372372880172e-01
   1.5857571713302790e-01
   1.6290441503043532e-01
   1.6728683137948394e-01
   1.7171956990162598e-01
   1.7619880307363114e-01
   1.8072025189821284e-01
   1.8527916677875483e-01
   1.8987030985877035e-01
   1.9448793922081867e-01
   1.9912579537196912e-01
   2.0377709047240469e-01
   2.0843450078909501e-01
   2.1190500322408459e-01
   2.1418267409253844e-01
   2.1644858372561243e-01
   2.1869853640138145e-01
   2.2092823876779533e-01
   2.2313330979354298e-01
   2.2530929191035376e-01
   2.2745166334624597e-01
   2.2955585163617179e-01
   2.3161724828239144e-01
   2.3363122452188465e-01
   2.3559314814234769e-01
   2.3749840127204508e-01
   2.3934239905223184e-01
   2.4112060908431610e-01
   2.4282857152770049e-01
   2.4446191970864953e-01
   2.4601640108593267e-01
   2.4748789840573143e-01
   2.4887245086673199e-01
   2.5016627510679113e-01
   2.5136578581537417e-01
   2.5246761577141269e-01
   2.5346863510454876e-01
   2.5436596957911745e-01
   2.5515701770478638e-01
   2.5583946648558709e-01
   2.5641130563010883e-01
   2.5687084005979011e-01
   2.5721670056935975e-01
   2.5744785251329294e-01
   2.5756360241433762e-01
   2.5756360241433762e-01
   2.5744785251329294e-01
   2.5721670056935975e-01
   2.5687084005979011e-01
   2.5641130563010883e-01
   2.5583946648558709e-01
   2.5515701770478638e-01
   2.5436596957911745e-01
   2.5346863510454876e-01
   2.5246761577141269e-01
   2.5136578581537417e-01
   2.5016627510679113e-01
   2.4887245086673201e-01
   2.4748789840573143e-01
   2.4601640108593270e-01
   2.4446191970864953e-01
   2.4282857152770052e-01
   2.4112060908431612e-01
   2.3934239905223184e-01
   2.3749840127204508e-01
   2.3559314814234769e-01
   2.3363122452188465e-01
   2.3161724828239144e-01
   2.2955585163617179e-01
   2.2745166334624595e-01
   2.2530929191035376e-01
   2.2313330979354296e-01
   2.2092823876779533e-01
   2.1869853640138143e-01
   2.1644858372561240e-01
   2.1418267409253844e-01
   2.1190500322408459e-01
