   1.0683766320550506e-01
   1.0653022715581933e-01
   1.0623168479535572e-01
   1.0594214127223303e-01
   1.0566169751903723e-01
   1.0539045031688464e-01
   1.0512849235874960e-01
   1.0487591231188810e-01
   1.0463279487919622e-01
   1.0439922085935104e-01
   1.0417526720558883e-01
   1.0396100708298374e-01
   1.0375650992409725e-01
   1.0356184148287617e-01
   1.0337706388668412e-01
   1.0320223568635838e-01
   1.0303741190419068e-01
   1.0288264407973723e-01
   1.0273798031336956e-01
   1.0260346530748389e-01
   1.0247914040529317e-01
   1.0236504362713125e-01
   1.0226120970420487e-01
   1.0216767010973449e-01
   1.0208445308743024e-01
   1.0201158367725510e-01
   1.0194908373843203e-01
   1.0189697196965708e-01
   1.0185526392648563e-01
   1.0182397203586346e-01
   1.0180310560777962e-01
   1.0179267084402192e-01
   1.0179267084402192e-01
   1.0180310560777962e-01
   1.0182397203586346e-01
   1.0185526392648563e-01
   1.0189697196965708e-01
   1.0194908373843203e-01
   1.0201158367725510e-01
   1.0208445308743025e-01
   1.0216767010973449e-01
   1.0226120970420487e-01
   1.0236504362713125e-01
   1.0247914040529317e-01
   1.0260346530748389e-01
   1.0273798031336956e-01
   1.0288264407973723e-01
   1.0303741190419068e-01
   1.0320223568635838e-01
   1.0337706388668412e-01
   1.0356184148287619e-01
   1.0375650992409725e-01
   1.0396100708298374e-01
   1.0417526720558883e-01
   1.0439922085935104e-01
   1.0463279487919622e-01
   1.0487591231188810e-01
   1.0512849235874960e-01
   1.0539045031688465e-01
   1.0566169751903723e-01
   1.0594214127223303e-01
   1.0623168479535572e-01
   1.0653022715581933e-01
   1.0683766320550506e-01
   1.0731787272430235e-01
   1.0797100561054984e-01
   1.0863282338815905e-01
   1.0930306783671054e-01
   1.0998147162852240e-01
   1.1066775818113432e-01
   1.1136164151785713e-01
   1.1206282613722691e-01
   1.1277100689222866e-01
   1.1348586888017810e-01
   1.1420708734417370e-01
   1.1493432758705098e-01
   1.1566724489879043e-01
   1.1640548449834598e-01
   1.1714868149087457e-01
   1.1789646084135787e-01
   1.1864843736561397e-01
   1.1940421573970021e-01
   1.2016339052870799e-01
   1.2092554623594517e-01
   1.2169025737349251e-01
   1.2245708855510577e-01
   1.2322559461241595e-01
   1.2399532073535485e-01
   1.2476580263770190e-01
   1.2553656674861211e-01
   1.2630713043094077e-01
   1.2707700222713161e-01
   1.2784568213337841e-01
   1.2861266190270659e-01
   1.2937742537755156e-01
   1.3013944885233297e-01
   1.3089820146643988e-01
   1.3165314562795016e-01
   1.3240373746830966e-01
   1.3314942732809057e-01
   1.3388966027383725e-01
   1.3462387664588907e-01
   1.3535151263694506e-01
   1.3607200090100580e-01
   1.3660332619585533e-01
   1.3694535714265862e-01
   1.3727927209561641e-01
   1.3760480895223373e-01
   1.3792171048206225e-01
   1.3822972465799496e-01
   1.3852860498570080e-01
   1.3881811083043685e-01
   1.3909800774046591e-01
   1.3936806776629934e-01
   1.3962806977498024e-01
   1.3987779975862011e-01
   1.4011705113640305e-01
   1.4034562504927603e-01
   1.4056333064655055e-01
   1.4076998536365137e-01
   1.4096541519026248e-01
   1.4114945492813555e-01
   1.4132194843784773e-01
   1.4148274887381745e-01
   1.4163171890691362e-01
   1.4176873093402215e-01
   1.4189366727396630e-01
   1.4200642034921152e-01
   1.4210689285282310e-01
   1.4219499790018469e-01
   1.4227065916502812e-01
   1.4233381099936862e-01
   1.4238439853698728e-01
   1.4242237778014849e-01
   1.4244771566929149e-01
   1.4246039013548484e-01
   1.4246039013548484e-01
   1.4244771566929149e-01
   1.4242237778014852e-01
   1.4238439853698728e-01
   1.4233381099936862e-01
   1.4227065916502812e-01
   1.4219499790018472e-01
   1.4210689285282310e-01
   1.4200642034921152e-01
   1.4189366727396630e-01
   1.4176873093402215e-01
   1.4163171890691365e-01
   1.4148274887381745e-01
   1.4132194843784773e-01
   1.4114945492813555e-01
   1.4096541519026251e-01
   1.4076998536365140e-01
   1.4056333064655055e-01
   1.4034562504927606e-01
   1.4011705113640305e-01
   1.3987779975862011e-01
   1.3962806977498027e-01
   1.3936806776629934e-01
   1.3909800774046591e-01
   1.3881811083043688e-01
   1.3852860498570083e-01
   1.3822972465799499e-01
   1.3792171048206225e-01
   1.3760480895223376e-01
   1.3727927209561644e-01
   1.3694535714265865e-01
   1.3660332619585536e-01
