   6.2902903222188430e-02
   6.1729550074305195e-02
   6.0600937968950760e-02
   5.9516410180840779e-02
   5.8475327223139022e-02
   5.7477067607676513e-02
   5.6521028524299410e-02
   5.5606626446375318e-02
   5.4733297669008418e-02
   5.3900498786057495e-02
   5.3107707111619648e-02
   5.2354421051233301e-02
   5.1640160427668488e-02
   5.0964466765807806e-02
   5.0326903540777811e-02
   4.9727056393167456e-02
   4.9164533314865172e-02
   4.8638964808759726e-02
   4.8150004025280017e-02
   4.7697326878495185e-02
   4.7280632144257026e-02
   4.6899641542641417e-02
   4.6554099806732689e-02
   4.6243774739594033e-02
   4.5968457261076602e-02
   4.5727961445939526e-02
   4.5522124554581454e-02
   4.5350807057520093e-02
   4.5213892654599408e-02
   4.5111288289753110e-02
   4.5042924162007281e-02
   4.5008753733263157e-02
   4.5008753733263157e-02
   4.5042924162007281e-02
   4.5111288289753110e-02
   4.5213892654599408e-02
   4.5350807057520093e-02
   4.5522124554581454e-02
   4.5727961445939526e-02
   4.5968457261076602e-02
   4.6243774739594040e-02
   4.6554099806732689e-02
   4.6899641542641417e-02
   4.7280632144257026e-02
   4.7697326878495191e-02
   4.8150004025280024e-02
   4.8638964808759726e-02
   4.9164533314865179e-02
   4.9727056393167456e-02
   5.0326903540777811e-02
   5.0964466765807806e-02
   5.1640160427668488e-02
   5.2354421051233301e-02
   5.3107707111619655e-02
   5.3900498786057502e-02
   5.4733297669008418e-02
   5.5606626446375325e-02
   5.6521028524299410e-02
   5.7477067607676527e-02
   5.8475327223139022e-02
   5.9516410180840786e-02
   6.0600937968950767e-02
   6.1729550074305202e-02
   6.2902903222188444e-02
   6.4753713058323212e-02
   6.7284764323210858e-02
   6.9865448727409865e-02
   7.2497175367693636e-02
   7.5181323693396529e-02
   7.7919238550335251e-02
   8.0712224742478411e-02
   8.3561541081520738e-02
   8.6468393894104073e-02
   8.9433929956277136e-02
   9.2459228824959591e-02
   9.5545294536733397e-02
   9.8693046645300486e-02
   1.0190331057049547e-01
   1.0517680723391561e-01
   1.0851414195911864e-01
   1.1191579261804553e-01
   1.1538209700995969e-01
   1.1891323946486825e-01
   1.2250923667022705e-01
   1.2616992272785033e-01
   1.2989493345746980e-01
   1.3368368997443844e-01
   1.3753538158176309e-01
   1.4144894803107824e-01
   1.4542306122342730e-01
   1.4945610643885465e-01
   1.5354616320386311e-01
   1.5769098592774169e-01
   1.6188798446255609e-01
   1.6613420476709506e-01
   1.7042630988208035e-01
   1.7476056145219812e-01
   1.7913280205961310e-01
   1.8353843866310504e-01
   1.8797242746621404e-01
   1.9242926056607271e-01
   1.9690295476109027e-01
   2.0138704291934620e-01
   2.0587456832935269e-01
   2.0921674532796178e-01
   2.1140806125488296e-01
   2.1358599727737046e-01
   2.1574660462881007e-01
   2.1788585018125781e-01
   2.1999962592091546e-01
   2.2208375947268294e-01
   2.2413402566774604e-01
   2.2614615913662439e-01
   2.2811586789774768e-01
   2.3003884789857967e-01
   2.3191079845272708e-01
   2.3372743850254110e-01
   2.3548452362265612e-01
   2.3717786366595228e-01
   2.3880334093983574e-01
   2.4035692878777376e-01
   2.4183471043899210e-01
   2.4323289797842237e-01
   2.4454785127966591e-01
   2.4577609673619072e-01
   2.4691434562044909e-01
   2.4795951189732321e-01
   2.4890872931745969e-01
   2.4975936761778295e-01
   2.5050904766087545e-01
   2.5115565535201168e-01
   2.5169735418240735e-01
   2.5213259625960865e-01
   2.5246013170073783e-01
   2.5267901628133077e-01
   2.5278861725146473e-01
   2.5278861725146473e-01
   2.5267901628133077e-01
   2.5246013170073778e-01
   2.5213259625960865e-01
   2.5169735418240735e-01
   2.5115565535201168e-01
   2.5050904766087545e-01
   2.4975936761778292e-01
   2.4890872931745966e-01
   2.4795951189732318e-01
   2.4691434562044906e-01
   2.4577609673619072e-01
   2.4454785127966588e-01
   2.4323289797842235e-01
   2.4183471043899207e-01
   2.4035692878777373e-01
   2.3880334093983571e-01
   2.3717786366595228e-01
   2.3548452362265609e-01
   2.3372743850254107e-01
   2.3191079845272702e-01
   2.3003884789857962e-01
   2.2811586789774763e-01
   2.2614615913662434e-01
   2.2413402566774598e-01
   2.2208375947268288e-01
   2.1999962592091540e-01
   2.1788585018125775e-01
   2.1574660462881001e-01
   2.1358599727737043e-01
   2.1140806125488290e-01
   2.0921674532796175e-01
