   9.4964707945227067e-01
   9.4964707945227067e-01
   9.4964707945227067e-01
   9.4964707945227056e-01
   9.4964707945227056e-01
   9.4964707945227056e-01
   9.4964707945227045e-01
   9.4964707945227034e-01
   9.4964707945227034e-01
   9.4964707945227034e-01
   9.4964707945227034e-01
   9.4964707945227034e-01
   9.4964707945227012e-01
   9.4964707945227012e-01
   9.4964707945227000e-01
   9.4964707945226989e-01
   9.4964707945226989e-01
   9.4964707945226989e-01
   9.4964707945226978e-01
   9.4964707945226967e-01
   9.4964707945226956e-01
   9.4964707945226956e-01
   9.4964707945226956e-01
   9.4964707945226945e-01
   9.4964707945226934e-01
   9.4964707945226934e-01
   9.4964707945226934e-01
   9.4964707945226934e-01
   9.4964707945226912e-01
   9.4964707945226912e-01
   9.4964707945226912e-01
   9.4964707945226912e-01
   9.4964707945226912e-01
   9.4964707945226912e-01
   9.4964707945226912e-01
   9.4964707945226912e-01
   9.4964707945226923e-01
   9.4964707945226923e-01
   9.4964707945226923e-01
   9.4964707945226945e-01
   9.4964707945226956e-01
   9.4964707945226978e-01
   9.4964707945226989e-01
   9.4964707945226989e-01
   9.4964707945227000e-01
   9.4964707945227012e-01
   9.4964707945227023e-01
   9.4964707945227023e-01
   9.4964707945227034e-01
   9.4964707945227034e-01
   9.4964707945227045e-01
   9.4964707945227056e-01
   9.4964707945227067e-01
   9.4964707945227067e-01
   9.4964707945227067e-01
   9.4964707945227089e-01
   9.4964707945227078e-01
   9.4964707945227089e-01
   9.4964707945227078e-01
   9.4964707945227078e-01
   9.4964707945226956e-01
   9.4964707945226967e-01
   9.4964707945226989e-01
   9.4964707945226989e-01
   9.4964707945227012e-01
   9.4964707945227012e-01
   9.4964707945227023e-01
   9.4964707945227034e-01
   9.4964707945227045e-01
   9.4964707945227056e-01
   9.4964707945227056e-01
   9.4964707945227078e-01
   9.4964707945227078e-01
   9.4964707945227089e-01
   9.4964707945227089e-01
   9.4964707945227100e-01
   9.4964707945227100e-01
   9.4964707945227100e-01
   9.4964707945227111e-01
   9.4964707945227111e-01
