   6.4651715268856891e-01
   6.4651715268856891e-01
   6.4651715268856902e-01
   6.4651715268856902e-01
   6.4651715268856902e-01
   6.4651715268856902e-01
   6.4651715268856902e-01
   6.4651715268856913e-01
   6.4651715268856913e-01
   6.4651715268856913e-01
   6.4651715268856935e-01
   6.4651715268856946e-01
   6.4651715268856946e-01
   6.4651715268856957e-01
   6.4651715268856957e-01
   6.4651715268856969e-01
   6.4651715268856969e-01
   6.4651715268856980e-01
   6.4651715268856991e-01
   6.4651715268857013e-01
   6.4651715268857013e-01
   6.4651715268857024e-01
   6.4651715268857024e-01
   6.4651715268857035e-01
   6.4651715268857046e-01
   6.4651715268857057e-01
   6.4651715268857068e-01
   6.4651715268857068e-01
   6.4651715268857080e-01
   6.4651715268857102e-01
   6.4651715268857113e-01
   6.4651715268857113e-01
   6.4651715268857124e-01
   6.4651715268857124e-01
   6.4651715268857135e-01
   6.4651715268857146e-01
   6.4651715268857146e-01
   6.4651715268857146e-01
   6.4651715268857157e-01
   6.4651715268857157e-01
   6.4651715268857179e-01
   6.4651715268857224e-01
   6.4651715268857246e-01
   6.4651715268857257e-01
   6.4651715268857290e-01
   6.4651715268857313e-01
   6.4651715268857346e-01
   6.4651715268857357e-01
   6.4651715268857379e-01
   6.4651715268857401e-01
   6.4651715268857424e-01
   6.4651715268857435e-01
   6.4651715268857457e-01
   6.4651715268857468e-01
   6.4651715268857479e-01
   6.4651715268857490e-01
   6.4651715268857490e-01
   6.4651715268857490e-01
   6.4651715268857501e-01
   6.4651715268857501e-01
   6.4651715268857179e-01
   6.4651715268857191e-01
   6.4651715268857224e-01
   6.4651715268857246e-01
   6.4651715268857279e-01
   6.4651715268857302e-01
   6.4651715268857313e-01
   6.4651715268857346e-01
   6.4651715268857357e-01
   6.4651715268857368e-01
   6.4651715268857401e-01
   6.4651715268857413e-01
   6.4651715268857424e-01
   6.4651715268857424e-01
   6.4651715268857435e-01
   6.4651715268857457e-01
   6.4651715268857468e-01
   6.4651715268857468e-01
   6.4651715268857468e-01
   6.4651715268857468e-01
