   7.1745221691315753e-01
   7.1745221691315753e-01
   7.1745221691315753e-01
   7.1745221691315753e-01
   7.1745221691315764e-01
   7.1745221691315764e-01
   7.1745221691315764e-01
   7.1745221691315764e-01
   7.1745221691315764e-01
   7.1745221691315764e-01
   7.1745221691315764e-01
   7.1745221691315764e-01
   7.1745221691315764e-01
   7.1745221691315764e-01
   7.1745221691315775e-01
   7.1745221691315775e-01
   7.1745221691315775e-01
   7.1745221691315775e-01
   7.1745221691315775e-01
   7.1745221691315775e-01
   7.1745221691315786e-01
   7.1745221691315786e-01
   7.1745221691315786e-01
   7.1745221691315786e-01
   7.1745221691315797e-01
   7.1745221691315797e-01
   7.1745221691315797e-01
   7.1745221691315797e-01
   7.1745221691315797e-01
   7.1745221691315808e-01
   7.1745221691315819e-01
   7.1745221691315819e-01
   7.1745221691315808e-01
   7.1745221691315819e-01
   7.1745221691315819e-01
   7.1745221691315830e-01
   7.1745221691315830e-01
   7.1745221691315830e-01
   7.1745221691315830e-01
   7.1745221691315830e-01
   7.1745221691315852e-01
   7.1745221691315897e-01
   7.1745221691315908e-01
   7.1745221691315941e-01
   7.1745221691315975e-01
   7.1745221691315997e-01
   7.1745221691316030e-01
   7.1745221691316052e-01
   7.1745221691316063e-01
   7.1745221691316086e-01
   7.1745221691316108e-01
   7.1745221691316130e-01
   7.1745221691316141e-01
   7.1745221691316152e-01
   7.1745221691316163e-01
   7.1745221691316186e-01
   7.1745221691316186e-01
   7.1745221691316197e-01
   7.1745221691316197e-01
   7.1745221691316197e-01
   7.1745221691315852e-01
   7.1745221691315886e-01
   7.1745221691315908e-01
   7.1745221691315941e-01
   7.1745221691315963e-01
   7.1745221691315997e-01
   7.1745221691316019e-01
   7.1745221691316041e-01
   7.1745221691316052e-01
   7.1745221691316086e-01
   7.1745221691316097e-01
   7.1745221691316108e-01
   7.1745221691316119e-01
   7.1745221691316152e-01
   7.1745221691316152e-01
   7.1745221691316163e-01
   7.1745221691316163e-01
   7.1745221691316174e-01
   7.1745221691316186e-01
   7.1745221691316197e-01
