  -2.9493498732134967e-02
  -2.0999146765041228e-02
  -1.3314199390519827e-02
  -6.1425107420883607e-03
   7.9236928381982237e-04
   7.7577976258056203e-03
   1.5022304442699804e-02
   2.2865902949743631e-02
   3.1590823404926187e-02
   4.1533061634069772e-02
   5.3075148836984977e-02
   6.6660567737016369e-02
   8.2810250974384353e-02
   1.0214158292096413e-01
   1.2539025208300231e-01
   1.5343510618048511e-01
   1.8732573452462226e-01
   2.2831164527269718e-01
   2.7787027648366419e-01
   3.3772810327436109e-01
   4.0986384993275948e-01
   4.9647389841951672e-01
   5.9986562401576182e-01
   7.2222311186030541e-01
   8.6516277592886059e-01
   1.0289740602028352e+00
   1.2114543783428999e+00
   1.4063671597451795e+00
   1.6018799223220945e+00
   1.7799147156349500e+00
   1.9178713593840155e+00
   1.9937838471602198e+00
   1.9937838471600855e+00
   1.9178713593836381e+00
   1.7799147156343953e+00
   1.6018799223214428e+00
   1.4063671597445027e+00
   1.2114543783422489e+00
   1.0289740602022401e+00
   8.6516277592833546e-01
   7.2222311185985244e-01
   5.9986562401537713e-01
   4.9647389841919332e-01
   4.0986384993248970e-01
   3.3772810327413721e-01
   2.7787027648347895e-01
   2.2831164527254427e-01
   1.8732573452449627e-01
   1.5343510618038142e-01
   1.2539025208291704e-01
   1.0214158292089411e-01
   8.2810250974326899e-02
   6.6660567736969281e-02
   5.3075148836946487e-02
   4.1533061634038380e-02
   3.1590823404900693e-02
   2.2865902949723051e-02
   1.5022304442683340e-02
   7.7577976257926368e-03
   7.9236928380982060e-04
  -6.1425107420957662e-03
  -1.3314199390524924e-02
  -2.0999146765044212e-02
  -2.9493498732135949e-02
  -4.4118940075963647e-02
  -6.5501938364002352e-02
  -8.9499393460122437e-02
  -1.1706248623865761e-01
  -1.4927599485687720e-01
  -1.8739401596625435e-01
  -2.3287618521050993e-01
  -2.8742081821577564e-01
  -3.5298740309619081e-01
  -4.3179383873834887e-01
  -5.2626190394691164e-01
  -6.3886546387599319e-01
  -7.7180859532169732e-01
  -9.2642892037099844e-01
  -1.1022038691566112e+00
  -1.2952866510290650e+00
  -1.4967171018012055e+00
  -1.6909584586420445e+00
  -1.8561376334369502e+00
  -1.9676652644885237e+00
  -2.0055350545699691e+00
  -1.9622941539264005e+00
  -1.8464248869494553e+00
  -1.6785128470902391e+00
  -1.4831602986711208e+00
  -1.2818820955861574e+00
  -1.0897508466194399e+00
  -9.1532680860586024e-01
  -7.6217820283220039e-01
  -6.3066150081551287e-01
  -5.1935454930459324e-01
  -4.2602007856519558e-01
  -3.4818001681144162e-01
  -2.8342296316803550e-01
  -2.2954748879032294e-01
  -1.8461200741088010e-01
  -1.4693516890084801e-01
  -1.1507229070589760e-01
  -8.7781829240441409e-02
  -6.3989112624352334e-02
  -4.8157230741903798e-02
  -3.9586319004630506e-02
  -3.2540388434630321e-02
  -2.6748327888284140e-02
  -2.1987130521025546e-02
  -1.8073401226204357e-02
  -1.4856344536861040e-02
  -1.2211983403825058e-02
  -1.0038397496830035e-02
  -8.2518038564312283e-03
  -6.7833323522504272e-03
  -5.5763736080699667e-03
  -4.5843982459083544e-03
  -3.7691639839073795e-03
  -3.0992418047195865e-03
  -2.5488045616687102e-03
  -2.0966314241201074e-03
  -1.7252898383266916e-03
  -1.4204634979966561e-03
  -1.1704004336346439e-03
  -9.6545995270652283e-04
  -7.9774096926821421e-04
  -6.6077739706406065e-04
  -5.4928886424447242e-04
  -4.5897713991773371e-04
  -3.8636042466519296e-04
  -3.2863911669028497e-04
  -2.8358787862670337e-04
  -2.4946984393203975e-04
  -2.2496965530375876e-04
  -2.0914275356575041e-04
  -2.0137896196799460e-04
  -2.0137896196799462e-04
  -2.0914275356575041e-04
  -2.2496965530375876e-04
  -2.4946984393203975e-04
  -2.8358787862670337e-04
  -3.2863911669028497e-04
  -3.8636042466519302e-04
  -4.5897713991773371e-04
  -5.4928886424447242e-04
  -6.6077739706406054e-04
  -7.9774096926821410e-04
  -9.6545995270652272e-04
  -1.1704004336346436e-03
  -1.4204634979966557e-03
  -1.7252898383266913e-03
  -2.0966314241201069e-03
  -2.5488045616687098e-03
  -3.0992418047195865e-03
  -3.7691639839073790e-03
  -4.5843982459083544e-03
  -5.5763736080699667e-03
  -6.7833323522504263e-03
  -8.2518038564312265e-03
  -1.0038397496830033e-02
  -1.2211983403825056e-02
  -1.4856344536861039e-02
  -1.8073401226204353e-02
  -2.1987130521025543e-02
  -2.6748327888284136e-02
  -3.2540388434630321e-02
  -3.9586319004630513e-02
  -4.8157230741903798e-02
