   5.3745462866794491e-01
   5.1719752590569901e-01
   4.9665436047902706e-01
   4.7603589519006390e-01
   4.5552929107505524e-01
   4.3529747574891375e-01
   4.1547947690116827e-01
   3.9619149216008243e-01
   3.7752848082444634e-01
   3.5956608891497382e-01
   3.4236275070312711e-01
   3.2596184283265373e-01
   3.1039379828724056e-01
   2.9567811495387514e-01
   2.8182521654027576e-01
   2.6883814197443018e-01
   2.5671405343616727e-01
   2.4544556338004744e-01
   2.3502188794083356e-01
   2.2542983860706278e-01
   2.1665466659239049e-01
   2.0868077543576585e-01
   2.0149231743797943e-01
   1.9507368892468196e-01
   1.8940993826764890e-01
   1.8448709928368592e-01
   1.8029246119695977e-01
   1.7681478488585484e-01
   1.7404447369711099e-01
   1.7197370573086196e-01
   1.7059653319517526e-01
   1.6990895319987037e-01
   1.6990895319987037e-01
   1.7059653319517526e-01
   1.7197370573086199e-01
   1.7404447369711099e-01
   1.7681478488585481e-01
   1.8029246119695980e-01
   1.8448709928368592e-01
   1.8940993826764893e-01
   1.9507368892468199e-01
   2.0149231743797943e-01
   2.0868077543576585e-01
   2.1665466659239049e-01
   2.2542983860706278e-01
   2.3502188794083359e-01
   2.4544556338004744e-01
   2.5671405343616732e-01
   2.6883814197443023e-01
   2.8182521654027581e-01
   2.9567811495387519e-01
   3.1039379828724062e-01
   3.2596184283265378e-01
   3.4236275070312711e-01
   3.5956608891497388e-01
   3.7752848082444629e-01
   3.9619149216008248e-01
   4.1547947690116832e-01
   4.3529747574891381e-01
   4.5552929107505524e-01
   4.7603589519006401e-01
   4.9665436047902706e-01
   5.1719752590569901e-01
   5.3745462866794491e-01
   5.6742934473898488e-01
   6.0669635330791538e-01
   6.4439468635257979e-01
   6.7981902575262643e-01
   7.1220656515106118e-01
   7.4077044064661590e-01
   7.6474242094580347e-01
   7.8342191531196681e-01
   7.9622653577996849e-01
   8.0273815833587470e-01
   8.0273815833587481e-01
   7.9622653577996905e-01
   7.8342191531196759e-01
   7.6474242094580458e-01
   7.4077044064661723e-01
   7.1220656515106273e-01
   6.7981902575262843e-01
   6.4439468635258168e-01
   6.0669635330791749e-01
   5.6742934473898732e-01
   5.3745462866794746e-01
   5.1719752590570167e-01
   4.9665436047902983e-01
   4.7603589519006678e-01
   4.5552929107505807e-01
   4.3529747574891658e-01
   4.1547947690117110e-01
   3.9619149216008526e-01
   3.7752848082444912e-01
   3.5956608891497660e-01
   3.4236275070312983e-01
   3.2596184283265639e-01
   3.1039379828724317e-01
   2.9567811495387769e-01
   2.8182521654027826e-01
   2.6883814197443257e-01
   2.5671405343616960e-01
   2.4544556338004972e-01
   2.3502188794083581e-01
   2.2542983860706495e-01
   2.1665466659239258e-01
   2.0868077543576791e-01
   2.0149231743798143e-01
   1.9507368892468394e-01
   1.8940993826765085e-01
   1.8448709928368784e-01
   1.8029246119696166e-01
   1.7681478488585667e-01
   1.7404447369711282e-01
   1.7197370573086379e-01
   1.7059653319517706e-01
   1.6990895319987218e-01
   1.6990895319987218e-01
   1.7059653319517709e-01
   1.7197370573086382e-01
   1.7404447369711287e-01
   1.7681478488585672e-01
   1.8029246119696171e-01
   1.8448709928368789e-01
   1.8940993826765093e-01
   1.9507368892468402e-01
   2.0149231743798154e-01
   2.0868077543576805e-01
   2.1665466659239269e-01
   2.2542983860706511e-01
   2.3502188794083595e-01
   2.4544556338004986e-01
   2.5671405343616982e-01
   2.6883814197443279e-01
   2.8182521654027848e-01
   2.9567811495387791e-01
   3.1039379828724339e-01
   3.2596184283265661e-01
   3.4236275070313005e-01
   3.5956608891497671e-01
   3.7752848082444923e-01
   3.9619149216008542e-01
   4.1547947690117121e-01
   4.3529747574891670e-01
   4.5552929107505813e-01
   4.7603589519006678e-01
   4.9665436047902978e-01
   5.1719752590570156e-01
   5.3745462866794735e-01
