   5.0644074667301731e-01
   4.9785723141378463e-01
   4.8868925287293646e-01
   4.7903277663853377e-01
   4.6898374616635813e-01
   4.5863652104642072e-01
   4.4808253832249517e-01
   4.3740921231211594e-01
   4.2669907543795349e-01
   4.1602915181509004e-01
   4.0547054702797086e-01
   3.9508823170119794e-01
   3.8494099294674222e-01
   3.7508152625101771e-01
   3.6555664047221875e-01
   3.5640754995538942e-01
   3.4767022996237434e-01
   3.3937581432201602e-01
   3.3155101715538476e-01
   3.2421856350501760e-01
   3.1739761653810816e-01
   3.1110419159531549e-01
   3.0535154965664552e-01
   3.0015056476520452e-01
   2.9551006158543436e-01
   2.9143712058938259e-01
   2.8793734938867988e-01
   2.8501511949363162e-01
   2.8267376831933988e-01
   2.8091576660737322e-01
   2.7974285162406815e-01
   2.7915612656461913e-01
   2.7915612656461919e-01
   2.7974285162406820e-01
   2.8091576660737322e-01
   2.8267376831933988e-01
   2.8501511949363167e-01
   2.8793734938867988e-01
   2.9143712058938259e-01
   2.9551006158543436e-01
   3.0015056476520452e-01
   3.0535154965664557e-01
   3.1110419159531560e-01
   3.1739761653810827e-01
   3.2421856350501765e-01
   3.3155101715538482e-01
   3.3937581432201608e-01
   3.4767022996237440e-01
   3.5640754995538948e-01
   3.6555664047221886e-01
   3.7508152625101782e-01
   3.8494099294674228e-01
   3.9508823170119806e-01
   4.0547054702797103e-01
   4.1602915181509009e-01
   4.2669907543795355e-01
   4.3740921231211610e-01
   4.4808253832249534e-01
   4.5863652104642083e-01
   4.6898374616635818e-01
   4.7903277663853389e-01
   4.8868925287293657e-01
   4.9785723141378474e-01
   5.0644074667301742e-01
   5.1844493880909337e-01
   5.3370007840021771e-01
   5.4791050330076874e-01
   5.6087996740156354e-01
   5.7241778243369901e-01
   5.8234480188588977e-01
   5.9049957846521217e-01
   5.9674434072696692e-01
   6.0097040360885823e-01
   6.0310263330419656e-01
   6.0310263330419656e-01
   6.0097040360885801e-01
   5.9674434072696669e-01
   5.9049957846521195e-01
   5.8234480188588955e-01
   5.7241778243369879e-01
   5.6087996740156310e-01
   5.4791050330076840e-01
   5.3370007840021727e-01
   5.1844493880909293e-01
   5.0644074667301686e-01
   4.9785723141378418e-01
   4.8868925287293596e-01
   4.7903277663853333e-01
   4.6898374616635757e-01
   4.5863652104642022e-01
   4.4808253832249462e-01
   4.3740921231211544e-01
   4.2669907543795293e-01
   4.1602915181508948e-01
   4.0547054702797036e-01
   3.9508823170119750e-01
   3.8494099294674167e-01
   3.7508152625101726e-01
   3.6555664047221831e-01
   3.5640754995538898e-01
   3.4767022996237396e-01
   3.3937581432201563e-01
   3.3155101715538438e-01
   3.2421856350501721e-01
   3.1739761653810789e-01
   3.1110419159531527e-01
   3.0535154965664529e-01
   3.0015056476520430e-01
   2.9551006158543414e-01
   2.9143712058938243e-01
   2.8793734938867971e-01
   2.8501511949363156e-01
   2.8267376831933982e-01
   2.8091576660737316e-01
   2.7974285162406815e-01
   2.7915612656461919e-01
   2.7915612656461924e-01
   2.7974285162406826e-01
   2.8091576660737333e-01
   2.8267376831934005e-01
   2.8501511949363184e-01
   2.8793734938868010e-01
   2.9143712058938287e-01
   2.9551006158543469e-01
   3.0015056476520485e-01
   3.0535154965664590e-01
   3.1110419159531594e-01
   3.1739761653810855e-01
   3.2421856350501788e-01
   3.3155101715538504e-01
   3.3937581432201624e-01
   3.4767022996237451e-01
   3.5640754995538954e-01
   3.6555664047221886e-01
   3.7508152625101776e-01
   3.8494099294674222e-01
   3.9508823170119794e-01
   4.0547054702797081e-01
   4.1602915181508993e-01
   4.2669907543795332e-01
   4.3740921231211582e-01
   4.4808253832249495e-01
   4.5863652104642050e-01
   4.6898374616635780e-01
   4.7903277663853344e-01
   4.8868925287293613e-01
   4.9785723141378418e-01
   5.0644074667301686e-01
