   4.3333271469718415e-01
   3.8409616852476686e-01
   3.3998349008001810e-01
   3.0061554623031617e-01
   2.6558906701560808e-01
   2.3449973656477985e-01
   2.0695695985767648e-01
   1.8259268945833904e-01
   1.6106613806177614e-01
   1.4206572478548254e-01
   1.2530922286240215e-01
   1.1054278755599384e-01
   9.7539330694369167e-02
   8.6096555683769435e-02
   7.6034859379775013e-02
   6.7195232668578353e-02
   5.9437240701489008e-02
   5.2637129477086958e-02
   4.6686082820738960e-02
   4.1488639159998571e-02
   3.6961268293075056e-02
   3.3031102823172412e-02
   2.9634815859513237e-02
   2.6717635127410516e-02
   2.4232483214874655e-02
   2.2139233928132603e-02
   2.0404075377382615e-02
   1.8998971299093399e-02
   1.7901213133892528e-02
   1.7093056451767272e-02
   1.6561436408394942e-02
   1.6297758005662435e-02
   1.6297758005662431e-02
   1.6561436408394942e-02
   1.7093056451767268e-02
   1.7901213133892521e-02
   1.8998971299093392e-02
   2.0404075377382605e-02
   2.2139233928132593e-02
   2.4232483214874641e-02
   2.6717635127410502e-02
   2.9634815859513219e-02
   3.3031102823172391e-02
   3.6961268293075028e-02
   4.1488639159998550e-02
   4.6686082820738932e-02
   5.2637129477086923e-02
   5.9437240701488973e-02
   6.7195232668578311e-02
   7.6034859379774972e-02
   8.6096555683769380e-02
   9.7539330694369084e-02
   1.1054278755599374e-01
   1.2530922286240206e-01
   1.4206572478548243e-01
   1.6106613806177605e-01
   1.8259268945833895e-01
   2.0695695985767640e-01
   2.3449973656477976e-01
   2.6558906701560803e-01
   3.0061554623031617e-01
   3.3998349008001810e-01
   3.8409616852476680e-01
   4.3333271469718421e-01
   5.1637088390303831e-01
   6.3368303018275063e-01
   7.5654637704691885e-01
   8.8345274695245624e-01
   1.0114029384603522e+00
   1.1356438927797627e+00
   1.2496612801912577e+00
   1.3456313517223557e+00
   1.4154649907437951e+00
   1.4523472805656703e+00
   1.4523472805656712e+00
   1.4154649907437977e+00
   1.3456313517223597e+00
   1.2496612801912625e+00
   1.1356438927797683e+00
   1.0114029384603578e+00
   8.8345274695246168e-01
   7.5654637704692396e-01
   6.3368303018275518e-01
   5.1637088390304253e-01
   4.3333271469718804e-01
   3.8409616852477024e-01
   3.3998349008002121e-01
   3.0061554623031889e-01
   2.6558906701561052e-01
   2.3449973656478204e-01
   2.0695695985767840e-01
   1.8259268945834076e-01
   1.6106613806177764e-01
   1.4206572478548388e-01
   1.2530922286240334e-01
   1.1054278755599489e-01
   9.7539330694370083e-02
   8.6096555683770268e-02
   7.6034859379775735e-02
   6.7195232668579005e-02
   5.9437240701489570e-02
   5.2637129477087451e-02
   4.6686082820739404e-02
   4.1488639159998966e-02
   3.6961268293075410e-02
   3.3031102823172724e-02
   2.9634815859513518e-02
   2.6717635127410773e-02
   2.4232483214874888e-02
   2.2139233928132815e-02
   2.0404075377382810e-02
   1.8998971299093580e-02
   1.7901213133892698e-02
   1.7093056451767435e-02
   1.6561436408395098e-02
   1.6297758005662587e-02
   1.6297758005662584e-02
   1.6561436408395094e-02
   1.7093056451767431e-02
   1.7901213133892691e-02
   1.8998971299093569e-02
   2.0404075377382796e-02
   2.2139233928132801e-02
   2.4232483214874870e-02
   2.6717635127410756e-02
   2.9634815859513493e-02
   3.3031102823172696e-02
   3.6961268293075375e-02
   4.1488639159998938e-02
   4.6686082820739369e-02
   5.2637129477087423e-02
   5.9437240701489535e-02
   6.7195232668578964e-02
   7.6034859379775693e-02
   8.6096555683770226e-02
   9.7539330694370069e-02
   1.1054278755599488e-01
   1.2530922286240337e-01
   1.4206572478548390e-01
   1.6106613806177769e-01
   1.8259268945834076e-01
   2.0695695985767845e-01
   2.3449973656478204e-01
   2.6558906701561058e-01
   3.0061554623031894e-01
   3.3998349008002127e-01
   3.8409616852477030e-01
   4.3333271469718804e-01
