   4.9876896046680153e-01
   4.6066618054358321e-01
   4.2466501801279966e-01
   3.9086214572708644e-01
   3.5929028645384420e-01
   3.2993326091666569e-01
   3.0273878368347573e-01
   2.7762901392307543e-01
   2.5450903207706932e-01
   2.3327349488756824e-01
   2.1381174786037133e-01
   1.9601166758164085e-01
   1.7976248158485142e-01
   1.6495678078859607e-01
   1.5149190513692554e-01
   1.3927085050727792e-01
   1.2820281595456295e-01
   1.1820348556994868e-01
   1.0919511864109112e-01
   1.0110650506030368e-01
   9.3872829544357356e-02
   8.7435477674932427e-02
   8.1741808538796298e-02
   7.6744912393200970e-02
   7.2403366921664034e-02
   6.8681001959976923e-02
   6.5546679802896565e-02
   6.2974096140681723e-02
   6.0941605156430843e-02
   5.9432071209980210e-02
   5.8432748739687401e-02
   5.7935191449282969e-02
   5.7935191449282969e-02
   5.8432748739687415e-02
   5.9432071209980231e-02
   6.0941605156430864e-02
   6.2974096140681751e-02
   6.5546679802896607e-02
   6.8681001959976964e-02
   7.2403366921664103e-02
   7.6744912393201026e-02
   8.1741808538796368e-02
   8.7435477674932496e-02
   9.3872829544357453e-02
   1.0110650506030379e-01
   1.0919511864109124e-01
   1.1820348556994882e-01
   1.2820281595456309e-01
   1.3927085050727808e-01
   1.5149190513692570e-01
   1.6495678078859630e-01
   1.7976248158485161e-01
   1.9601166758164104e-01
   2.1381174786037155e-01
   2.3327349488756843e-01
   2.5450903207706954e-01
   2.7762901392307565e-01
   3.0273878368347595e-01
   3.2993326091666580e-01
   3.5929028645384437e-01
   3.9086214572708655e-01
   4.2466501801279977e-01
   4.6066618054358338e-01
   4.9876896046680158e-01
   5.5955324262825490e-01
   6.4261458798779303e-01
   7.2613767417125830e-01
   8.0852223918311461e-01
   8.8759464478461347e-01
   9.6065015254957531e-01
   1.0245993025337559e+00
   1.0762343367139064e+00
   1.1125997557956735e+00
   1.1314083957405414e+00
   1.1314083957405412e+00
   1.1125997557956731e+00
   1.0762343367139058e+00
   1.0245993025337550e+00
   9.6065015254957431e-01
   8.8759464478461225e-01
   8.0852223918311339e-01
   7.2613767417125707e-01
   6.4261458798779181e-01
   5.5955324262825368e-01
   4.9876896046680047e-01
   4.6066618054358222e-01
   4.2466501801279866e-01
   3.9086214572708555e-01
   3.5929028645384326e-01
   3.2993326091666486e-01
   3.0273878368347495e-01
   2.7762901392307476e-01
   2.5450903207706871e-01
   2.3327349488756766e-01
   2.1381174786037077e-01
   1.9601166758164035e-01
   1.7976248158485095e-01
   1.6495678078859569e-01
   1.5149190513692515e-01
   1.3927085050727755e-01
   1.2820281595456262e-01
   1.1820348556994836e-01
   1.0919511864109084e-01
   1.0110650506030343e-01
   9.3872829544357106e-02
   8.7435477674932191e-02
   8.1741808538796090e-02
   7.6744912393200762e-02
   7.2403366921663853e-02
   6.8681001959976742e-02
   6.5546679802896385e-02
   6.2974096140681557e-02
   6.0941605156430677e-02
   5.9432071209980050e-02
   5.8432748739687242e-02
   5.7935191449282809e-02
   5.7935191449282816e-02
   5.8432748739687256e-02
   5.9432071209980071e-02
   6.0941605156430698e-02
   6.2974096140681585e-02
   6.5546679802896426e-02
   6.8681001959976784e-02
   7.2403366921663895e-02
   7.6744912393200818e-02
   8.1741808538796146e-02
   8.7435477674932260e-02
   9.3872829544357161e-02
   1.0110650506030350e-01
   1.0919511864109090e-01
   1.1820348556994845e-01
   1.2820281595456270e-01
   1.3927085050727764e-01
   1.5149190513692523e-01
   1.6495678078859574e-01
   1.7976248158485106e-01
   1.9601166758164046e-01
   2.1381174786037088e-01
   2.3327349488756777e-01
   2.5450903207706882e-01
   2.7762901392307487e-01
   3.0273878368347512e-01
   3.2993326091666497e-01
   3.5929028645384342e-01
   3.9086214572708561e-01
   4.2466501801279877e-01
   4.6066618054358227e-01
   4.9876896046680047e-01
