   5.3584150691674248e-01
   5.1173847753495882e-01
   4.8767157561950270e-01
   4.6386521281450960e-01
   4.4050922426116057e-01
   4.1776029561733879e-01
   3.9574430912039693e-01
   3.7455926760382541e-01
   3.5427851491786372e-01
   3.3495403386211958e-01
   3.1661966168260480e-01
   2.9929411451430060e-01
   2.8298375420786354e-01
   2.6768506364856215e-01
   2.5338682076857588e-01
   2.4007197824433138e-01
   2.2771926677394383e-01
   2.1630454620460279e-01
   2.0580193182175582e-01
   1.9618472381204347e-01
   1.8742616705296519e-01
   1.7950006655795198e-01
   1.7238128154914628e-01
   1.6604611854547915e-01
   1.6047264124382793e-01
   1.5564091246401224e-01
   1.5153318109722744e-01
   1.4813402487668872e-01
   1.4543045788685252e-01
   1.4341201003432694e-01
   1.4207078419925387e-01
   1.4140149544377376e-01
   1.4140149544377376e-01
   1.4207078419925390e-01
   1.4341201003432694e-01
   1.4543045788685252e-01
   1.4813402487668875e-01
   1.5153318109722747e-01
   1.5564091246401229e-01
   1.6047264124382798e-01
   1.6604611854547913e-01
   1.7238128154914625e-01
   1.7950006655795195e-01
   1.8742616705296516e-01
   1.9618472381204344e-01
   2.0580193182175577e-01
   2.1630454620460268e-01
   2.2771926677394375e-01
   2.4007197824433124e-01
   2.5338682076857572e-01
   2.6768506364856198e-01
   2.8298375420786342e-01
   2.9929411451430044e-01
   3.1661966168260464e-01
   3.3495403386211947e-01
   3.5427851491786366e-01
   3.7455926760382530e-01
   3.9574430912039682e-01
   4.1776029561733874e-01
   4.4050922426116057e-01
   4.6386521281450960e-01
   4.8767157561950270e-01
   5.1173847753495882e-01
   5.3584150691674248e-01
   5.7210554811789549e-01
   6.2004684745684036e-01
   6.6651343388026096e-01
   7.1059788076469554e-01
   7.5127983249560304e-01
   7.8747089229393730e-01
   8.1807765283892520e-01
   8.4207905106765502e-01
   8.5861022270357645e-01
   8.6704173091995540e-01
   8.6704173091995407e-01
   8.5861022270357235e-01
   8.4207905106764824e-01
   8.1807765283891576e-01
   7.8747089229392597e-01
   7.5127983249558994e-01
   7.1059788076468122e-01
   6.6651343388024553e-01
   6.2004684745682426e-01
   5.7210554811787895e-01
   5.3584150691672550e-01
   5.1173847753494150e-01
   4.8767157561948532e-01
   4.6386521281449222e-01
   4.4050922426114347e-01
   4.1776029561732192e-01
   3.9574430912038039e-01
   3.7455926760380931e-01
   3.5427851491784812e-01
   3.3495403386210448e-01
   3.1661966168259020e-01
   2.9929411451428656e-01
   2.8298375420785005e-01
   2.6768506364854916e-01
   2.5338682076856345e-01
   2.4007197824431942e-01
   2.2771926677393237e-01
   2.1630454620459177e-01
   2.0580193182174525e-01
   1.9618472381203331e-01
   1.8742616705295539e-01
   1.7950006655794251e-01
   1.7238128154913712e-01
   1.6604611854547024e-01
   1.6047264124381933e-01
   1.5564091246400386e-01
   1.5153318109721922e-01
   1.4813402487668065e-01
   1.4543045788684456e-01
   1.4341201003431908e-01
   1.4207078419924610e-01
   1.4140149544376601e-01
   1.4140149544376601e-01
   1.4207078419924613e-01
   1.4341201003431911e-01
   1.4543045788684461e-01
   1.4813402487668070e-01
   1.5153318109721925e-01
   1.5564091246400391e-01
   1.6047264124381941e-01
   1.6604611854547036e-01
   1.7238128154913723e-01
   1.7950006655794265e-01
   1.8742616705295559e-01
   1.9618472381203350e-01
   2.0580193182174547e-01
   2.1630454620459202e-01
   2.2771926677393267e-01
   2.4007197824431972e-01
   2.5338682076856378e-01
   2.6768506364854949e-01
   2.8298375420785044e-01
   2.9929411451428700e-01
   3.1661966168259065e-01
   3.3495403386210493e-01
   3.5427851491784851e-01
   3.7455926760380964e-01
   3.9574430912038067e-01
   4.1776029561732214e-01
   4.4050922426114369e-01
   4.6386521281449239e-01
   4.8767157561948538e-01
   5.1173847753494150e-01
   5.3584150691672550e-01
