   5.3700744464450090e-01
   5.1792843085945650e-01
   4.9848558439916307e-01
   4.7888245812663860e-01
   4.5930222022036460e-01
   4.3990657755587764e-01
   4.2083563045406525e-01
   4.0220846687675044e-01
   3.8412430806597381e-01
   3.6666403399840758e-01
   3.4989194068297130e-01
   3.3385760805604903e-01
   3.1859778392790900e-01
   3.0413821406840791e-01
   2.9049536994209341e-01
   2.7767804334264351e-01
   2.6568879123475586e-01
   2.5452522478126877e-01
   2.4418114426211121e-01
   2.3464752688338048e-01
   2.2591337782500351e-01
   2.1796645673399181e-01
   2.1079389262347653e-01
   2.0438270010286838e-01
   1.9872020929292955e-01
   1.9379442086358442e-01
   1.8959429651413862e-01
   1.8610999399643935e-01
   1.8333305453009541e-01
   1.8125654921874595e-01
   1.7987518987212986e-01
   1.7918540848096731e-01
   1.7918540848096731e-01
   1.7987518987212989e-01
   1.8125654921874598e-01
   1.8333305453009549e-01
   1.8610999399643943e-01
   1.8959429651413870e-01
   1.9379442086358453e-01
   1.9872020929292966e-01
   2.0438270010286855e-01
   2.1079389262347673e-01
   2.1796645673399201e-01
   2.2591337782500370e-01
   2.3464752688338072e-01
   2.4418114426211146e-01
   2.5452522478126904e-01
   2.6568879123475614e-01
   2.7767804334264379e-01
   2.9049536994209374e-01
   3.0413821406840824e-01
   3.1859778392790938e-01
   3.3385760805604942e-01
   3.4989194068297169e-01
   3.6666403399840786e-01
   3.8412430806597403e-01
   4.0220846687675071e-01
   4.2083563045406552e-01
   4.3990657755587781e-01
   4.5930222022036477e-01
   4.7888245812663877e-01
   4.9848558439916318e-01
   5.1792843085945661e-01
   5.3700744464450090e-01
   5.6509141159419263e-01
   6.0177677527440832e-01
   6.3689357861077500e-01
   6.6979621419072966e-01
   6.9979435744748919e-01
   7.2618290150799047e-01
   7.4827921454014745e-01
   7.6546511104458448e-01
   7.7722954007039236e-01
   7.8320706155230158e-01
   7.8320706155230158e-01
   7.7722954007039280e-01
   7.6546511104458537e-01
   7.4827921454014845e-01
   7.2618290150799181e-01
   6.9979435744749086e-01
   6.6979621419073143e-01
   6.3689357861077689e-01
   6.0177677527441031e-01
   5.6509141159419474e-01
   5.3700744464450334e-01
   5.1792843085945905e-01
   4.9848558439916574e-01
   4.7888245812664132e-01
   4.5930222022036743e-01
   4.3990657755588047e-01
   4.2083563045406808e-01
   4.0220846687675332e-01
   3.8412430806597658e-01
   3.6666403399841030e-01
   3.4989194068297408e-01
   3.3385760805605169e-01
   3.1859778392791160e-01
   3.0413821406841041e-01
   2.9049536994209585e-01
   2.7767804334264584e-01
   2.6568879123475814e-01
   2.5452522478127104e-01
   2.4418114426211338e-01
   2.3464752688338258e-01
   2.2591337782500553e-01
   2.1796645673399379e-01
   2.1079389262347847e-01
   2.0438270010287024e-01
   1.9872020929293135e-01
   1.9379442086358620e-01
   1.8959429651414034e-01
   1.8610999399644104e-01
   1.8333305453009704e-01
   1.8125654921874756e-01
   1.7987518987213147e-01
   1.7918540848096887e-01
   1.7918540848096887e-01
   1.7987518987213144e-01
   1.8125654921874754e-01
   1.8333305453009702e-01
   1.8610999399644099e-01
   1.8959429651414028e-01
   1.9379442086358611e-01
   1.9872020929293124e-01
   2.0438270010287013e-01
   2.1079389262347834e-01
   2.1796645673399365e-01
   2.2591337782500537e-01
   2.3464752688338239e-01
   2.4418114426211318e-01
   2.5452522478127076e-01
   2.6568879123475792e-01
   2.7767804334264562e-01
   2.9049536994209557e-01
   3.0413821406841013e-01
   3.1859778392791133e-01
   3.3385760805605141e-01
   3.4989194068297380e-01
   3.6666403399841008e-01
   3.8412430806597636e-01
   4.0220846687675310e-01
   4.2083563045406797e-01
   4.3990657755588036e-01
   4.5930222022036732e-01
   4.7888245812664132e-01
   4.9848558439916574e-01
   5.1792843085945905e-01
   5.3700744464450334e-01
