   4.7623993960377187e-01
   4.7166970156180255e-01
   4.6668712080568103e-01
   4.6133861404522619e-01
   4.5567251600519093e-01
   4.4973836684392998e-01
   4.4358623674785003e-01
   4.3726610158124812e-01
   4.3082728013503913e-01
   4.2431794015756535e-01
   4.1778467714580936e-01
   4.1127216696588914e-01
   4.0482289085505224e-01
   3.9847692928930201e-01
   3.9227181959997826e-01
   3.8624247107712567e-01
   3.8042113057214105e-01
   3.7483739125612270e-01
   3.6951823714384302e-01
   3.6448811619363047e-01
   3.5976903517955611e-01
   3.5538067004792451e-01
   3.5134048606588703e-01
   3.4766386270480015e-01
   3.4436421884186413e-01
   3.4145313448576020e-01
   3.3894046581797843e-01
   3.3683445088027392e-01
   3.3514180372462010e-01
   3.3386779527405641e-01
   3.3301631952336547e-01
   3.3258994404274594e-01
   3.3258994404274594e-01
   3.3301631952336547e-01
   3.3386779527405641e-01
   3.3514180372462016e-01
   3.3683445088027392e-01
   3.3894046581797849e-01
   3.4145313448576015e-01
   3.4436421884186419e-01
   3.4766386270480021e-01
   3.5134048606588708e-01
   3.5538067004792456e-01
   3.5976903517955622e-01
   3.6448811619363058e-01
   3.6951823714384308e-01
   3.7483739125612270e-01
   3.8042113057214111e-01
   3.8624247107712578e-01
   3.9227181959997837e-01
   3.9847692928930212e-01
   4.0482289085505235e-01
   4.1127216696588925e-01
   4.1778467714580947e-01
   4.2431794015756547e-01
   4.3082728013503918e-01
   4.3726610158124823e-01
   4.4358623674785008e-01
   4.4973836684393009e-01
   4.5567251600519099e-01
   4.6133861404522625e-01
   4.6668712080568103e-01
   4.7166970156180260e-01
   4.7623993960377192e-01
   4.8248762211373514e-01
   4.9033162335264635e-01
   4.9755482377271448e-01
   5.0407707014143621e-01
   5.0982331233281020e-01
   5.1472529845622839e-01
   5.1872320859682663e-01
   5.2176715723672384e-01
   5.2381849557032922e-01
   5.2485085088848504e-01
   5.2485085088848515e-01
   5.2381849557032922e-01
   5.2176715723672407e-01
   5.1872320859682686e-01
   5.1472529845622861e-01
   5.0982331233281042e-01
   5.0407707014143643e-01
   4.9755482377271482e-01
   4.9033162335264674e-01
   4.8248762211373553e-01
   4.7623993960377220e-01
   4.7166970156180293e-01
   4.6668712080568131e-01
   4.6133861404522636e-01
   4.5567251600519110e-01
   4.4973836684393009e-01
   4.4358623674785003e-01
   4.3726610158124812e-01
   4.3082728013503896e-01
   4.2431794015756513e-01
   4.1778467714580919e-01
   4.1127216696588881e-01
   4.0482289085505185e-01
   3.9847692928930156e-01
   3.9227181959997781e-01
   3.8624247107712512e-01
   3.8042113057214044e-01
   3.7483739125612203e-01
   3.6951823714384235e-01
   3.6448811619362981e-01
   3.5976903517955539e-01
   3.5538067004792373e-01
   3.5134048606588614e-01
   3.4766386270479926e-01
   3.4436421884186325e-01
   3.4145313448575926e-01
   3.3894046581797749e-01
   3.3683445088027292e-01
   3.3514180372461910e-01
   3.3386779527405536e-01
   3.3301631952336452e-01
   3.3258994404274500e-01
   3.3258994404274500e-01
   3.3301631952336452e-01
   3.3386779527405541e-01
   3.3514180372461910e-01
   3.3683445088027286e-01
   3.3894046581797749e-01
   3.4145313448575926e-01
   3.4436421884186330e-01
   3.4766386270479921e-01
   3.5134048606588614e-01
   3.5538067004792373e-01
   3.5976903517955539e-01
   3.6448811619362975e-01
   3.6951823714384230e-01
   3.7483739125612203e-01
   3.8042113057214044e-01
   3.8624247107712512e-01
   3.9227181959997776e-01
   3.9847692928930162e-01
   4.0482289085505191e-01
   4.1127216696588886e-01
   4.1778467714580914e-01
   4.2431794015756513e-01
   4.3082728013503901e-01
   4.3726610158124807e-01
   4.4358623674785003e-01
   4.4973836684393015e-01
   4.5567251600519104e-01
   4.6133861404522636e-01
   4.6668712080568131e-01
   4.7166970156180293e-01
   4.7623993960377220e-01
