   5.1927227121231634e-01
   4.8691945122864766e-01
   4.5564225320891366e-01
   4.2563052012376601e-01
   3.9701790186655406e-01
   3.6989048489398751e-01
   3.4429512729432654e-01
   3.2024713512150221e-01
   2.9773708389701681e-01
   2.7673671160217123e-01
   2.5720389233602264e-01
   2.3908675115839215e-01
   2.2232700853173989e-01
   2.0686265426266978e-01
   1.9263005156918170e-01
   1.7956556610795862e-01
   1.6760680550739859e-01
   1.5669354420555756e-01
   1.4676839748589726e-01
   1.3777729830452010e-01
   1.2966982121271481e-01
   1.2239938956181942e-01
   1.1592339524930870e-01
   1.1020325445598741e-01
   1.0520441802091786e-01
   1.0089635117280658e-01
   9.7252494152493638e-02
   9.4250212697205266e-02
   9.1870745301751267e-02
   9.0099152526815676e-02
   8.8924272305076907e-02
   8.8338684129217901e-02
   8.8338684129217901e-02
   8.8924272305076907e-02
   9.0099152526815676e-02
   9.1870745301751267e-02
   9.4250212697205266e-02
   9.7252494152493638e-02
   1.0089635117280660e-01
   1.0520441802091786e-01
   1.1020325445598741e-01
   1.1592339524930868e-01
   1.2239938956181942e-01
   1.2966982121271478e-01
   1.3777729830452010e-01
   1.4676839748589726e-01
   1.5669354420555756e-01
   1.6760680550739862e-01
   1.7956556610795865e-01
   1.9263005156918173e-01
   2.0686265426266984e-01
   2.2232700853173995e-01
   2.3908675115839223e-01
   2.5720389233602275e-01
   2.7673671160217134e-01
   2.9773708389701697e-01
   3.2024713512150232e-01
   3.4429512729432671e-01
   3.6989048489398768e-01
   3.9701790186655411e-01
   4.2563052012376612e-01
   4.5564225320891377e-01
   4.8691945122864772e-01
   5.1927227121231645e-01
   5.6965012185330399e-01
   6.3754149472793065e-01
   7.0473448251217896e-01
   7.6988425800258731e-01
   8.3132266246899644e-01
   8.8711788330658126e-01
   9.3519002054537570e-01
   9.7348207235210371e-01
   1.0001706087324695e+00
   1.0138838552887199e+00
   1.0138838552887215e+00
   1.0001706087324740e+00
   9.7348207235211082e-01
   9.3519002054538514e-01
   8.8711788330659247e-01
   8.3132266246900910e-01
   7.6988425800260096e-01
   7.0473448251219317e-01
   6.3754149472794519e-01
   5.6965012185331854e-01
   5.1927227121233077e-01
   4.8691945122866170e-01
   4.5564225320892732e-01
   4.2563052012377905e-01
   3.9701790186656649e-01
   3.6989048489399945e-01
   3.4429512729433781e-01
   3.2024713512151282e-01
   2.9773708389702680e-01
   2.7673671160218061e-01
   2.5720389233603147e-01
   2.3908675115840045e-01
   2.2232700853174764e-01
   2.0686265426267703e-01
   1.9263005156918853e-01
   1.7956556610796501e-01
   1.6760680550740459e-01
   1.5669354420556320e-01
   1.4676839748590254e-01
   1.3777729830452506e-01
   1.2966982121271950e-01
   1.2239938956182386e-01
   1.1592339524931290e-01
   1.1020325445599143e-01
   1.0520441802092170e-01
   1.0089635117281029e-01
   9.7252494152497204e-02
   9.4250212697208707e-02
   9.1870745301754625e-02
   9.0099152526818979e-02
   8.8924272305080168e-02
   8.8338684129221134e-02
   8.8338684129221121e-02
   8.8924272305080154e-02
   9.0099152526818965e-02
   9.1870745301754611e-02
   9.4250212697208680e-02
   9.7252494152497176e-02
   1.0089635117281023e-01
   1.0520441802092166e-01
   1.1020325445599137e-01
   1.1592339524931285e-01
   1.2239938956182379e-01
   1.2966982121271942e-01
   1.3777729830452498e-01
   1.4676839748590245e-01
   1.5669354420556311e-01
   1.6760680550740450e-01
   1.7956556610796492e-01
   1.9263005156918844e-01
   2.0686265426267694e-01
   2.2232700853174756e-01
   2.3908675115840039e-01
   2.5720389233603141e-01
   2.7673671160218061e-01
   2.9773708389702680e-01
   3.2024713512151282e-01
   3.4429512729433775e-01
   3.6989048489399939e-01
   3.9701790186656649e-01
   4.2563052012377905e-01
   4.5564225320892732e-01
   4.8691945122866170e-01
   5.1927227121233088e-01
