  -8.0958748407410541e-01
  -8.0971548904698942e-01
  -8.1007174737108600e-01
  -8.1063555119578456e-01
  -8.1141465182125305e-01
  -8.1245577433443983e-01
  -8.1380999762076223e-01
  -8.1551698476366430e-01
  -8.1762864779162714e-01
  -8.2023720306810388e-01
  -8.2347974054887985e-01
  -8.2753267009075393e-01
  -8.3262214234225729e-01
  -8.3905594478059498e-01
  -8.4725990399582241e-01
  -8.5779887234894947e-01
  -8.7136346173571844e-01
  -8.8868562536202012e-01
  -9.1033381269481883e-01
  -9.3642872077610417e-01
  -9.6652809086686109e-01
  -9.9991447873354067e-01
  -1.0360692790700960e+00
  -1.0748768613514239e+00
  -1.1164751493720828e+00
  -1.1610379410152951e+00
  -1.2087185030526530e+00
  -1.2597280352632825e+00
  -1.3144013754825514e+00
  -1.3731857819649149e+00
  -1.4366036351099674e+00
  -1.5052513596584001e+00
  -1.5798375297944218e+00
  -1.6612260587868732e+00
  -1.7504662298929121e+00
  -1.8488216948523915e+00
  -1.9578175049865927e+00
  -2.0793107643878113e+00
