   1.1442316177710718e-01
   1.1479166616243605e-01
   1.1552981323590961e-01
   1.1663988171129411e-01
   1.1812529489159707e-01
   1.1999062684022424e-01
   1.2224161042570529e-01
   1.2488514707455671e-01
   1.2792931801506696e-01
   1.3138339673570024e-01
   1.3525786231360212e-01
   1.3956441318933457e-01
   1.4431598087121844e-01
   1.4952674294399471e-01
   1.5521213462911229e-01
   1.6138885799465785e-01
   1.6807488773825408e-01
   1.7528947226231084e-01
   1.8305312852358907e-01
   1.9138762886359595e-01
   2.0031597770807083e-01
   2.0986237565781399e-01
   2.2005216807447670e-01
   2.3091177478912323e-01
   2.4246859702457968e-01
   2.5475089702229364e-01
   2.6778764520018050e-01
   2.8160832894237314e-01
   2.9624271634196869e-01
   3.1172056739699311e-01
   3.2807128431939181e-01
   3.4532349178941901e-01
   3.6350453722006171e-01
   3.8263990045281121e-01
   4.0275250187414163e-01
   4.2386189783521239e-01
   4.4598335262064182e-01
   4.6912677722598617e-01
   4.9329552708572322e-01
   5.1848505389934196e-01
   5.5445200261541749e-01
   6.0115923409305450e-01
   6.4875560491482687e-01
   6.9711853515065469e-01
   7.4607829099662148e-01
   7.9541320437087193e-01
   8.4484562952608833e-01
   8.9403911776373812e-01
   9.4259736771130209e-01
   9.9006555512812355e-01
   1.0359346425411058e+00
   1.0796491936238621e+00
   1.1206190513843810e+00
   1.1582349726910204e+00
   1.1918879492328576e+00
   1.2209915121434618e+00
   1.2450058628659491e+00
   1.2634622651955498e+00
   1.2759858517227789e+00
   1.2823149148009592e+00
   5.2181264101467262e-01
   5.0327571842719088e-01
   4.8575519698374459e-01
   4.6925777939354918e-01
   4.5378568494632010e-01
   4.3933751079394384e-01
   4.2590900218621058e-01
   4.1349373580011672e-01
   4.0208372151563204e-01
   3.9166992869444955e-01
   3.8224274332652225e-01
   3.7379236241872099e-01
   3.6630913179008334e-01
   3.5978383307248074e-01
   3.5420792524377098e-01
   3.4957374548041981e-01
   3.4587467353597795e-01
   3.4310526325037322e-01
   3.4126134418589110e-01
   3.4034009577700441e-01
