   5.2437204843574177e-02
   5.2709067032246495e-02
   5.3254193353364628e-02
   5.4075394571316465e-02
   5.5176904041954931e-02
   5.6564398411026472e-02
   5.8245025288562478e-02
   6.0227437959952709e-02
   6.2521837203233122e-02
   6.5140020286182765e-02
   6.8095437214651250e-02
   7.1403254293315066e-02
   7.5080425039554685e-02
   7.9145768457601198e-02
   8.3620054630112725e-02
   8.8526097513702495e-02
   9.3888854728452958e-02
   9.9735534002718770e-02
   1.0609570576567282e-01
   1.1300142116144368e-01
   1.2048733447853925e-01
   1.2859082863220200e-01
   1.3735214188799943e-01
   1.4681449345133263e-01
   1.5702420484448670e-01
   1.6803081312038926e-01
   1.7988717088503151e-01
   1.9264952677725003e-01
   2.0637757843769813e-01
   2.2113448803450556e-01
   2.3698684804175973e-01
   2.5400458212476301e-01
   2.7226076260792059e-01
   2.9183132202567708e-01
   3.1279463163440252e-01
   3.3523091446765568e-01
   3.5922145456478510e-01
   3.8484755747667104e-01
   4.1218921023854033e-01
   4.4132338203412136e-01
   4.8595643355523210e-01
   5.4617635249438379e-01
   6.0842080181878322e-01
   6.7270187744488874e-01
   7.3895776215166198e-01
   8.0703738282147397e-01
   8.7668405236990254e-01
   9.4751898147524027e-01
   1.0190260007741199e+00
   1.0905393451263206e+00
   1.1612368532807387e+00
   1.2301413208830290e+00
   1.2961328612769458e+00
   1.3579747998351208e+00
   1.4143546909665743e+00
   1.4639404195279420e+00
   1.5054491044520351e+00
   1.5377239545255559e+00
   1.5598118479611458e+00
   1.5710328627851209e+00
   4.4318810791924157e-01
   4.1778761041724471e-01
   3.9419427180474326e-01
   3.7234379666104339e-01
   3.5217075913937462e-01
   3.3361001418356989e-01
   3.1659781975896084e-01
   3.0107271885743075e-01
   2.8697622396396466e-01
   2.7425334080821878e-01
   2.6285296278066722e-01
   2.5272816247650493e-01
   2.4383640247948307e-01
   2.3613968370471908e-01
   2.2960464634908220e-01
   2.2420263569939350e-01
   2.1990974266449939e-01
   2.1670682686734155e-01
   2.1457952839853947e-01
   2.1351827283747835e-01
