  -1.4839253949245992e-01
  -1.4839253949245981e-01
  -1.4839253949245970e-01
  -1.4839253949245962e-01
  -1.4839253949245954e-01
  -1.4839253949245942e-01
  -1.4839253949245934e-01
  -1.4839253949245926e-01
  -1.4839253949245917e-01
  -1.4839253949245912e-01
  -1.4839253949245901e-01
  -1.4839253949245895e-01
  -1.4839253949245887e-01
  -1.4839253949245881e-01
  -1.4839253949245876e-01
  -1.4839253949245867e-01
  -1.4839253949245865e-01
  -1.4839253949245859e-01
  -1.4839253949245854e-01
  -1.4839253949245848e-01
  -1.4839253949245845e-01
  -1.4839253949245840e-01
  -1.4839253949245837e-01
  -1.4839253949245834e-01
  -1.4839253949245829e-01
  -1.4839253949245829e-01
  -1.4839253949245826e-01
  -1.4839253949245823e-01
  -1.4839253949245823e-01
  -1.4839253949245820e-01
  -1.4839253949245820e-01
  -1.4839253949245820e-01
  -1.4839253949245820e-01
  -1.4839253949245820e-01
  -1.4839253949245820e-01
  -1.4839253949245823e-01
  -1.4839253949245826e-01
  -1.4839253949245826e-01
  -1.4839253949245829e-01
  -1.4839253949245831e-01
  -1.4839253949245834e-01
  -1.4839253949245837e-01
  -1.4839253949245840e-01
  -1.4839253949245845e-01
  -1.4839253949245848e-01
  -1.4839253949245854e-01
  -1.4839253949245859e-01
  -1.4839253949245865e-01
  -1.4839253949245870e-01
  -1.4839253949245876e-01
  -1.4839253949245881e-01
  -1.4839253949245887e-01
  -1.4839253949245895e-01
  -1.4839253949245904e-01
  -1.4839253949245912e-01
  -1.4839253949245917e-01
  -1.4839253949245926e-01
  -1.4839253949245934e-01
  -1.4839253949245945e-01
  -1.4839253949245954e-01
  -1.4839253949245962e-01
  -1.4839253949245970e-01
  -1.4839253949245981e-01
  -1.4839253949245992e-01
  -1.4839253949246009e-01
  -1.4839253949246040e-01
  -1.4839253949246067e-01
  -1.4839253949246095e-01
  -1.4839253949246126e-01
  -1.4839253949246153e-01
  -1.4839253949246184e-01
  -1.4839253949246212e-01
  -1.4839253949246242e-01
  -1.4839253949246270e-01
  -1.4839253949246300e-01
  -1.4839253949246328e-01
  -1.4839253949246359e-01
  -1.4839253949246387e-01
  -1.4839253949246414e-01
  -1.4839253949246445e-01
  -1.4839253949246473e-01
  -1.4839253949246500e-01
  -1.4839253949246528e-01
  -1.4839253949246556e-01
  -1.4839253949246578e-01
  -1.4839253949246589e-01
  -1.4839253949246603e-01
  -1.4839253949246614e-01
  -1.4839253949246622e-01
  -1.4839253949246636e-01
  -1.4839253949246645e-01
  -1.4839253949246656e-01
  -1.4839253949246667e-01
  -1.4839253949246675e-01
  -1.4839253949246686e-01
  -1.4839253949246695e-01
  -1.4839253949246703e-01
  -1.4839253949246711e-01
  -1.4839253949246717e-01
  -1.4839253949246725e-01
  -1.4839253949246733e-01
  -1.4839253949246742e-01
  -1.4839253949246745e-01
  -1.4839253949246753e-01
  -1.4839253949246758e-01
  -1.4839253949246764e-01
  -1.4839253949246767e-01
  -1.4839253949246770e-01
  -1.4839253949246772e-01
  -1.4839253949246778e-01
  -1.4839253949246781e-01
  -1.4839253949246783e-01
  -1.4839253949246783e-01
  -1.4839253949246786e-01
  -1.4839253949246786e-01
  -1.4839253949246786e-01
  -1.4839253949246786e-01
  -1.4839253949246786e-01
  -1.4839253949246786e-01
  -1.4839253949246783e-01
  -1.4839253949246783e-01
  -1.4839253949246781e-01
  -1.4839253949246778e-01
  -1.4839253949246775e-01
  -1.4839253949246772e-01
  -1.4839253949246767e-01
  -1.4839253949246764e-01
  -1.4839253949246758e-01
  -1.4839253949246753e-01
  -1.4839253949246747e-01
  -1.4839253949246742e-01
  -1.4839253949246733e-01
  -1.4839253949246728e-01
  -1.4839253949246720e-01
  -1.4839253949246711e-01
  -1.4839253949246706e-01
  -1.4839253949246697e-01
  -1.4839253949246686e-01
  -1.4839253949246678e-01
  -1.4839253949246667e-01
  -1.4839253949246659e-01
  -1.4839253949246647e-01
  -1.4839253949246636e-01
  -1.4839253949246625e-01
  -1.4839253949246614e-01
  -1.4839253949246603e-01
  -1.4839253949246592e-01
  -1.4839253949246578e-01
