  -2.8293309276948780e-01
  -2.8293309276948791e-01
  -2.8293309276948803e-01
  -2.8293309276948814e-01
  -2.8293309276948825e-01
  -2.8293309276948836e-01
  -2.8293309276948847e-01
  -2.8293309276948858e-01
  -2.8293309276948864e-01
  -2.8293309276948875e-01
  -2.8293309276948886e-01
  -2.8293309276948897e-01
  -2.8293309276948903e-01
  -2.8293309276948914e-01
  -2.8293309276948925e-01
  -2.8293309276948930e-01
  -2.8293309276948941e-01
  -2.8293309276948947e-01
  -2.8293309276948958e-01
  -2.8293309276948964e-01
  -2.8293309276948969e-01
  -2.8293309276948975e-01
  -2.8293309276948980e-01
  -2.8293309276948986e-01
  -2.8293309276948991e-01
  -2.8293309276948991e-01
  -2.8293309276948997e-01
  -2.8293309276949002e-01
  -2.8293309276949002e-01
  -2.8293309276949008e-01
  -2.8293309276949008e-01
  -2.8293309276949008e-01
  -2.8293309276949008e-01
  -2.8293309276949008e-01
  -2.8293309276949008e-01
  -2.8293309276949002e-01
  -2.8293309276949002e-01
  -2.8293309276948997e-01
  -2.8293309276948991e-01
  -2.8293309276948991e-01
  -2.8293309276948986e-01
  -2.8293309276948980e-01
  -2.8293309276948975e-01
  -2.8293309276948969e-01
  -2.8293309276948964e-01
  -2.8293309276948958e-01
  -2.8293309276948947e-01
  -2.8293309276948941e-01
  -2.8293309276948930e-01
  -2.8293309276948919e-01
  -2.8293309276948914e-01
  -2.8293309276948903e-01
  -2.8293309276948897e-01
  -2.8293309276948886e-01
  -2.8293309276948875e-01
  -2.8293309276948864e-01
  -2.8293309276948853e-01
  -2.8293309276948847e-01
  -2.8293309276948836e-01
  -2.8293309276948819e-01
  -2.8293309276948814e-01
  -2.8293309276948803e-01
  -2.8293309276948791e-01
  -2.8293309276948780e-01
  -2.8293309276948769e-01
  -2.8293309276948769e-01
  -2.8293309276948769e-01
  -2.8293309276948769e-01
  -2.8293309276948769e-01
  -2.8293309276948775e-01
  -2.8293309276948775e-01
  -2.8293309276948775e-01
  -2.8293309276948775e-01
  -2.8293309276948775e-01
  -2.8293309276948775e-01
  -2.8293309276948780e-01
  -2.8293309276948780e-01
  -2.8293309276948780e-01
  -2.8293309276948780e-01
  -2.8293309276948780e-01
  -2.8293309276948786e-01
  -2.8293309276948786e-01
  -2.8293309276948791e-01
  -2.8293309276948791e-01
  -2.8293309276948797e-01
  -2.8293309276948803e-01
  -2.8293309276948808e-01
  -2.8293309276948814e-01
  -2.8293309276948819e-01
  -2.8293309276948830e-01
  -2.8293309276948836e-01
  -2.8293309276948836e-01
  -2.8293309276948847e-01
  -2.8293309276948853e-01
  -2.8293309276948858e-01
  -2.8293309276948864e-01
  -2.8293309276948869e-01
  -2.8293309276948875e-01
  -2.8293309276948880e-01
  -2.8293309276948886e-01
  -2.8293309276948891e-01
  -2.8293309276948897e-01
  -2.8293309276948897e-01
  -2.8293309276948903e-01
  -2.8293309276948908e-01
  -2.8293309276948914e-01
  -2.8293309276948914e-01
  -2.8293309276948914e-01
  -2.8293309276948919e-01
  -2.8293309276948919e-01
  -2.8293309276948925e-01
  -2.8293309276948925e-01
  -2.8293309276948930e-01
  -2.8293309276948930e-01
  -2.8293309276948930e-01
  -2.8293309276948930e-01
  -2.8293309276948930e-01
  -2.8293309276948930e-01
  -2.8293309276948930e-01
  -2.8293309276948930e-01
  -2.8293309276948925e-01
  -2.8293309276948925e-01
  -2.8293309276948925e-01
  -2.8293309276948919e-01
  -2.8293309276948914e-01
  -2.8293309276948914e-01
  -2.8293309276948908e-01
  -2.8293309276948908e-01
  -2.8293309276948903e-01
  -2.8293309276948897e-01
  -2.8293309276948891e-01
  -2.8293309276948886e-01
  -2.8293309276948886e-01
  -2.8293309276948875e-01
  -2.8293309276948875e-01
  -2.8293309276948869e-01
  -2.8293309276948864e-01
  -2.8293309276948853e-01
  -2.8293309276948847e-01
  -2.8293309276948841e-01
  -2.8293309276948836e-01
  -2.8293309276948830e-01
  -2.8293309276948825e-01
  -2.8293309276948819e-01
  -2.8293309276948808e-01
  -2.8293309276948803e-01
  -2.8293309276948803e-01
  -2.8293309276948791e-01
