   1.1750946792611305e-01
   1.1750946792611305e-01
   1.1750946792611305e-01
   1.1750946792611304e-01
   1.1750946792611304e-01
   1.1750946792611303e-01
   1.1750946792611303e-01
   1.1750946792611301e-01
   1.1750946792611301e-01
   1.1750946792611301e-01
   1.1750946792611300e-01
   1.1750946792611300e-01
   1.1750946792611300e-01
   1.1750946792611298e-01
   1.1750946792611298e-01
   1.1750946792611298e-01
   1.1750946792611297e-01
   1.1750946792611297e-01
   1.1750946792611297e-01
   1.1750946792611296e-01
   1.1750946792611294e-01
   1.1750946792611294e-01
   1.1750946792611294e-01
   1.1750946792611294e-01
   1.1750946792611294e-01
   1.1750946792611294e-01
   1.1750946792611294e-01
   1.1750946792611294e-01
   1.1750946792611294e-01
   1.1750946792611294e-01
   1.1750946792611294e-01
   1.1750946792611294e-01
   1.1750946792611294e-01
   1.1750946792611294e-01
   1.1750946792611294e-01
   1.1750946792611294e-01
   1.1750946792611294e-01
   1.1750946792611294e-01
   1.1750946792611294e-01
   1.1750946792611294e-01
   1.1750946792611294e-01
   1.1750946792611294e-01
   1.1750946792611296e-01
   1.1750946792611296e-01
   1.1750946792611296e-01
   1.1750946792611296e-01
   1.1750946792611296e-01
   1.1750946792611297e-01
   1.1750946792611297e-01
   1.1750946792611297e-01
   1.1750946792611297e-01
   1.1750946792611298e-01
   1.1750946792611300e-01
   1.1750946792611301e-01
   1.1750946792611301e-01
   1.1750946792611301e-01
   1.1750946792611303e-01
   1.1750946792611303e-01
   1.1750946792611303e-01
   1.1750946792611304e-01
   1.1750946792611304e-01
   1.1750946792611305e-01
   1.1750946792611305e-01
   1.1750946792611307e-01
   1.1750946792611305e-01
   1.1750946792611304e-01
   1.1750946792611304e-01
   1.1750946792611304e-01
   1.1750946792611305e-01
   1.1750946792611305e-01
   1.1750946792611304e-01
   1.1750946792611304e-01
   1.1750946792611304e-01
   1.1750946792611305e-01
   1.1750946792611305e-01
   1.1750946792611305e-01
   1.1750946792611305e-01
   1.1750946792611305e-01
   1.1750946792611305e-01
   1.1750946792611305e-01
   1.1750946792611305e-01
   1.1750946792611305e-01
   1.1750946792611307e-01
   1.1750946792611307e-01
   1.1750946792611310e-01
   1.1750946792611310e-01
   1.1750946792611308e-01
   1.1750946792611308e-01
   1.1750946792611308e-01
   1.1750946792611307e-01
   1.1750946792611305e-01
   1.1750946792611305e-01
   1.1750946792611305e-01
   1.1750946792611304e-01
   1.1750946792611304e-01
   1.1750946792611304e-01
   1.1750946792611303e-01
   1.1750946792611304e-01
   1.1750946792611303e-01
   1.1750946792611301e-01
   1.1750946792611303e-01
   1.1750946792611301e-01
   1.1750946792611301e-01
   1.1750946792611300e-01
   1.1750946792611300e-01
   1.1750946792611301e-01
   1.1750946792611300e-01
   1.1750946792611300e-01
   1.1750946792611300e-01
   1.1750946792611298e-01
   1.1750946792611298e-01
   1.1750946792611298e-01
   1.1750946792611298e-01
   1.1750946792611298e-01
   1.1750946792611298e-01
   1.1750946792611298e-01
   1.1750946792611298e-01
   1.1750946792611298e-01
   1.1750946792611298e-01
   1.1750946792611298e-01
   1.1750946792611298e-01
   1.1750946792611300e-01
   1.1750946792611300e-01
   1.1750946792611300e-01
   1.1750946792611300e-01
   1.1750946792611301e-01
   1.1750946792611301e-01
   1.1750946792611300e-01
   1.1750946792611301e-01
   1.1750946792611301e-01
   1.1750946792611303e-01
   1.1750946792611301e-01
   1.1750946792611303e-01
   1.1750946792611303e-01
   1.1750946792611304e-01
   1.1750946792611303e-01
   1.1750946792611304e-01
   1.1750946792611305e-01
   1.1750946792611304e-01
   1.1750946792611305e-01
   1.1750946792611307e-01
   1.1750946792611308e-01
   1.1750946792611307e-01
   1.1750946792611308e-01
   1.1750946792611310e-01
   1.1750946792611310e-01
   1.1750946792611311e-01
   1.1750946792611310e-01
