   7.2234985661349860e-01
   6.9157009346744902e-01
   6.6295334493344504e-01
   6.3690546522106462e-01
   6.1374121534085113e-01
   5.9369846017577621e-01
   5.7695222301732307e-01
   5.6362754914386126e-01
   5.5381053951273829e-01
   5.4755720913639372e-01
   5.4490001361228746e-01
   5.4585199275493745e-01
   5.5040852612653313e-01
   5.5854670450518695e-01
   5.7022231542093416e-01
   5.8536444037909641e-01
   6.0386768716813588e-01
   6.2558215498412373e-01
   6.5030137666047672e-01
   6.7774872411638165e-01
   7.0756311742862599e-01
   7.3928534645500066e-01
   7.7234686871258307e-01
   8.0606351314439195e-01
   8.3963695930560833e-01
   8.7216697409346089e-01
   9.0267693390984105e-01
   9.3015392843033740e-01
   9.5360265980510139e-01
   9.7210960486618758e-01
   9.8491101836968153e-01
   9.9145612401493055e-01
   9.9145612401493055e-01
   9.8491101836968120e-01
   9.7210960486618725e-01
   9.5360265980510095e-01
   9.3015392843033695e-01
   9.0267693390984050e-01
   8.7216697409346022e-01
   8.3963695930560767e-01
   8.0606351314439117e-01
   7.7234686871258240e-01
   7.3928534645499999e-01
   7.0756311742862532e-01
   6.7774872411638110e-01
   6.5030137666047616e-01
   6.2558215498412317e-01
   6.0386768716813533e-01
   5.8536444037909585e-01
   5.7022231542093360e-01
   5.5854670450518640e-01
   5.5040852612653246e-01
   5.4585199275493690e-01
   5.4490001361228690e-01
   5.4755720913639327e-01
   5.5381053951273784e-01
   5.6362754914386071e-01
   5.7695222301732263e-01
   5.9369846017577577e-01
   6.1374121534085069e-01
   6.3690546522106428e-01
   6.6295334493344471e-01
   6.9157009346744891e-01
   7.2234985661349849e-01
   7.7160242175662375e-01
   8.3837128810163031e-01
   9.0409480689137556e-01
   9.6662027196604117e-01
   1.0234652522034291e+00
   1.0719800715735022e+00
   1.1095903064355361e+00
   1.1340925475264965e+00
   1.1439504003497074e+00
   1.1385227867368986e+00
   1.1181643195830706e+00
   1.0841694141193328e+00
   1.0385760457909767e+00
   9.8388230573963131e-01
   9.2274409870722407e-01
   8.5771312581537551e-01
   7.9104993617381725e-01
   7.2462030347341044e-01
   6.5986378836449644e-01
   5.9781406417505956e-01
   5.3914965116804059e-01
   4.8425756173690215e-01
   4.3329780913428390e-01
   3.8626178896032493e-01
   3.4302136482464796e-01
   3.0336797554043049e-01
   2.6704247432515449e-01
   2.3375704223067170e-01
   2.0321068217693977e-01
   1.7509971227002008e-01
   1.4912447752946509e-01
   1.2499326942235893e-01
   1.0242422506960173e-01
   8.1145790981282953e-02
   6.0896184621393380e-02
   4.1422169267504035e-02
   2.2477369074300972e-02
   3.8202869529633701e-03
  -1.4787856691040328e-02
  -3.3585374747534327e-02
  -4.7917893601431012e-02
  -5.7945452184227531e-02
  -6.8684717230540968e-02
  -8.0265791642820758e-02
  -9.2827945650432953e-02
  -1.0652083409057157e-01
  -1.2150564466206809e-01
  -1.3795611523305198e-01
  -1.5605932866150868e-01
  -1.7601615320606645e-01
  -1.9804114223780508e-01
  -2.2236163487884320e-01
  -2.4921570546004487e-01
  -2.7884849092617603e-01
  -3.1150628018272913e-01
  -3.4742758129993895e-01
  -3.8683020424752096e-01
  -4.2989323774907695e-01
  -4.7673271505792914e-01
  -5.2736985083544397e-01
  -5.8169113805525441e-01
  -6.3940052485285770e-01
  -6.9996558812716125e-01
  -7.6256229150181065e-01
  -8.2602658236229909e-01
  -8.8882533412152820e-01
  -9.4906283238674716e-01
  -1.0045400960265005e+00
  -1.0528801760820812e+00
  -1.0917210716872525e+00
  -1.1189593753766911e+00
  -1.1330067804574337e+00
  -1.1330067804574320e+00
  -1.1189593753766864e+00
  -1.0917210716872452e+00
  -1.0528801760820712e+00
  -1.0045400960264890e+00
  -9.4906283238673417e-01
  -8.8882533412151443e-01
  -8.2602658236228499e-01
  -7.6256229150179655e-01
  -6.9996558812714760e-01
  -6.3940052485284460e-01
  -5.8169113805524209e-01
  -5.2736985083543253e-01
  -4.7673271505791853e-01
  -4.2989323774906729e-01
  -3.8683020424751219e-01
  -3.4742758129993101e-01
  -3.1150628018272208e-01
  -2.7884849092616976e-01
  -2.4921570546003929e-01
  -2.2236163487883823e-01
  -1.9804114223780078e-01
  -1.7601615320606268e-01
  -1.5605932866150543e-01
  -1.3795611523304921e-01
  -1.2150564466206575e-01
  -1.0652083409056964e-01
  -9.2827945650431398e-02
  -8.0265791642819578e-02
  -6.8684717230540135e-02
  -5.7945452184227045e-02
  -4.7917893601430853e-02
