   5.7642584569983635e-01
   5.5065320346865221e-01
   5.2787812137235657e-01
   5.0822657170486651e-01
   4.9178174795546736e-01
   4.7859578525163060e-01
   4.6869935094120496e-01
   4.6210912487754763e-01
   4.5883326261825508e-01
   4.5887495234738701e-01
   4.6223415707731208e-01
   4.6890759258824560e-01
   4.7888694044339897e-01
   4.9215524442150982e-01
   5.0868139800410972e-01
   5.2841261202730117e-01
   5.5126477036181898e-01
   5.7711065682578855e-01
   6.0576619182649638e-01
   6.3697507765480144e-01
   6.7039263822638395e-01
   7.0557015918478516e-01
   7.4194166358219127e-01
   7.7881572107554320e-01
   8.1537543762785591e-01
   8.5068998308150678e-01
   8.8374060704586987e-01
   9.1346281008696262e-01
   9.3880406303579644e-01
   9.5879338253121271e-01
   9.7261575069943140e-01
   9.7968173482184218e-01
   9.7968173482184218e-01
   9.7261575069943129e-01
   9.5879338253121271e-01
   9.3880406303579644e-01
   9.1346281008696262e-01
   8.8374060704586976e-01
   8.5068998308150667e-01
   8.1537543762785569e-01
   7.7881572107554309e-01
   7.4194166358219105e-01
   7.0557015918478516e-01
   6.7039263822638373e-01
   6.3697507765480132e-01
   6.0576619182649638e-01
   5.7711065682578855e-01
   5.5126477036181887e-01
   5.2841261202730117e-01
   5.0868139800410961e-01
   4.9215524442150982e-01
   4.7888694044339897e-01
   4.6890759258824555e-01
   4.6223415707731208e-01
   4.5887495234738707e-01
   4.5883326261825513e-01
   4.6210912487754757e-01
   4.6869935094120502e-01
   4.7859578525163066e-01
   4.9178174795546742e-01
   5.0822657170486663e-01
   5.2787812137235657e-01
   5.5065320346865221e-01
   5.7642584569983635e-01
   6.1983894000659323e-01
   6.8057429832967453e-01
   7.4297617201050059e-01
   8.0587735947681971e-01
   8.6774988556373289e-01
   9.2671763631185933e-01
   9.8062199259917837e-01
   1.0271520003933390e+00
   1.0640385841286191e+00
   1.0892939015848868e+00
   1.1014570972177053e+00
   1.0997949824556474e+00
   1.0844088970295525e+00
   1.0562196991543003e+00
   1.0168349065247031e+00
   9.6833241233486145e-01
   9.1301185488390102e-01
   8.5316321914697013e-01
   7.9088696528310298e-01
   7.2797979992559869e-01
   6.6588304028227463e-01
   6.0568026033813138e-01
   5.4812754096395466e-01
   4.9370103485013200e-01
   4.4265021109116454e-01
   3.9504919642433728e-01
   3.5084206519864458e-01
   3.0988040349276036e-01
   2.7195302873543664e-01
   2.3680858966175766e-01
   2.0417213143625709e-01
   1.7375677855669858e-01
   1.4527160093546165e-01
   1.1842657463715675e-01
   9.2935379654323108e-02
   6.8516619700287079e-02
   4.4893915076129644e-02
   2.1795212590638588e-02
  -1.0484245168019893e-03
  -2.3904341081835020e-02
  -4.1150485498207892e-02
  -5.2970346563385708e-02
  -6.5385307149171235e-02
  -7.8532992091595769e-02
  -9.2557873197499613e-02
  -1.0761232405297308e-01
  -1.2385755211213527e-01
  -1.4146434003953762e-01
  -1.6061349953032558e-01
  -1.8149590258265491e-01
  -2.0431190507219585e-01
  -2.2926991299158891e-01
  -2.5658376071057021e-01
  -2.8646847211972826e-01
  -3.1913386130822963e-01
  -3.5477530654666040e-01
  -3.9356091610887739e-01
  -4.3561422812656453e-01
  -4.8099160274727565e-01
  -5.2965365692199096e-01
  -5.8143057863953951e-01
  -6.3598208650071753e-01
  -6.9275432247271196e-01
  -7.5093816631778676e-01
  -8.0943624079149135e-01
  -8.6684878563596623e-01
  -9.2149065068083702e-01
  -9.7145139994134944e-01
  -1.0147062417444441e+00
  -1.0492761660986307e+00
  -1.0734220957608178e+00
  -1.0858436005721706e+00
  -1.0858436005721723e+00
  -1.0734220957608225e+00
  -1.0492761660986385e+00
  -1.0147062417444543e+00
  -9.7145139994136176e-01
  -9.2149065068085079e-01
  -8.6684878563598100e-01
  -8.0943624079150656e-01
  -7.5093816631780208e-01
  -6.9275432247272695e-01
  -6.3598208650073207e-01
  -5.8143057863955350e-01
  -5.2965365692200406e-01
  -4.8099160274728769e-01
  -4.3561422812657558e-01
  -3.9356091610888749e-01
  -3.5477530654666950e-01
  -3.1913386130823779e-01
  -2.8646847211973558e-01
  -2.5658376071057665e-01
  -2.2926991299159472e-01
  -2.0431190507220098e-01
  -1.8149590258265938e-01
  -1.6061349953032947e-01
  -1.4146434003954095e-01
  -1.2385755211213810e-01
  -1.0761232405297541e-01
  -9.2557873197501486e-02
  -7.8532992091597198e-02
  -6.5385307149172234e-02
  -5.2970346563386311e-02
  -4.1150485498208086e-02
