   8.6461853642509856e-01
   8.2762059118583220e-01
   7.9142525100929850e-01
   7.5689144336131764e-01
   7.2472679853077848e-01
   6.9549639951815490e-01
   6.6963846457456633e-01
   6.4748326709972159e-01
   6.2927251758585157e-01
   6.1517731249010010e-01
   6.0531347433167115e-01
   5.9975362904738849e-01
   5.9853570401295031e-01
   6.0166772050169348e-01
   6.0912884299667258e-01
   6.2086668029079639e-01
   6.3679085369087196e-01
   6.5676289935622367e-01
   6.8058269953148642e-01
   7.0797188714429904e-01
   7.3855508310968521e-01
   7.7184043505517552e-01
   8.0720172506748955e-01
   8.4386523292457705e-01
   8.8090541136221046e-01
   9.1725395927130438e-01
   9.5172666600688505e-01
   9.8307101987520795e-01
   1.0100347541931891e+00
   1.0314513682304598e+00
   1.0463339295267882e+00
   1.0539644559478485e+00
   1.0539644559478485e+00
   1.0463339295267882e+00
   1.0314513682304596e+00
   1.0100347541931889e+00
   9.8307101987520773e-01
   9.5172666600688471e-01
   9.1725395927130415e-01
   8.8090541136221012e-01
   8.4386523292457671e-01
   8.0720172506748922e-01
   7.7184043505517530e-01
   7.3855508310968487e-01
   7.0797188714429882e-01
   6.8058269953148631e-01
   6.5676289935622356e-01
   6.3679085369087196e-01
   6.2086668029079639e-01
   6.0912884299667269e-01
   6.0166772050169370e-01
   5.9853570401295064e-01
   5.9975362904738894e-01
   6.0531347433167171e-01
   6.1517731249010066e-01
   6.2927251758585234e-01
   6.4748326709972215e-01
   6.6963846457456688e-01
   6.9549639951815523e-01
   7.2472679853077882e-01
   7.5689144336131797e-01
   7.9142525100929884e-01
   8.2762059118583231e-01
   8.6461853642509867e-01
   9.2049196769010799e-01
   9.9338324299960568e-01
   1.0612768869284961e+00
   1.1208704042285957e+00
   1.1687825199102349e+00
   1.2019495488372844e+00
   1.2180628743301123e+00
   1.2159439207994793e+00
   1.1957498310534524e+00
   1.1589454996027262e+00
   1.1080509314874298e+00
   1.0462417827561705e+00
   9.7691313555003167e-01
   9.0330375277988884e-01
   8.2823655716916789e-01
   7.5398581206318194e-01
   6.8224990633345794e-01
   6.1419541216185858e-01
   5.5053890447432630e-01
   4.9164093790530028e-01
   4.3759599313398839e-01
   3.8831011506653690e-01
   3.4356342330347794e-01
   3.0305787395230327e-01
   2.6645219578763668e-01
   2.3338642834025713e-01
   2.0349842741846388e-01
   1.7643438503997988e-01
   1.5185501583747751e-01
   1.2943868264315042e-01
   1.0888240896591043e-01
   8.9901465364366995e-02
   7.2228016321869176e-02
   5.5609164780332433e-02
   3.9804622596110444e-02
   2.4584157419945317e-02
   9.7249121359086529e-03
  -4.9913439322403679e-03
  -1.9780996651379185e-02
  -3.4861379774372481e-02
  -4.6484368231432614e-02
  -5.4795066970489276e-02
  -6.3879225273022089e-02
  -7.3863743053168993e-02
  -8.4887391041292004e-02
  -9.7102388548089585e-02
  -1.1067600556348599e-01
  -1.2579214195972646e-01
  -1.4265280758133470e-01
  -1.6147938571584941e-01
  -1.8251350431295715e-01
  -2.0601725855503680e-01
  -2.3227241789195247e-01
  -2.6157810240250667e-01
  -2.9424621943912854e-01
  -3.3059370669249405e-01
  -3.7093033442011353e-01
  -4.1554049652195912e-01
  -4.6465711775689217e-01
  -5.1842562688487936e-01
  -5.7685608054404147e-01
  -6.3976227154476806e-01
  -7.0668844413675902e-01
  -7.7682756839527345e-01
  -8.4894038927343229e-01
  -9.2129155316070688e-01
  -9.9162678581818509e-01
  -1.0572203222546170e+00
  -1.1150196764835494e+00
  -1.1619001037768057e+00
  -1.1950117531038240e+00
  -1.2121645071295430e+00
  -1.2121645071295464e+00
  -1.1950117531038336e+00
  -1.1619001037768211e+00
  -1.1150196764835691e+00
  -1.0572203222546406e+00
  -9.9162678581821084e-01
  -9.2129155316073408e-01
  -8.4894038927345972e-01
  -7.7682756839530043e-01
  -7.0668844413678500e-01
  -6.3976227154479259e-01
  -5.7685608054406434e-01
  -5.1842562688490046e-01
  -4.6465711775691143e-01
  -4.1554049652197655e-01
  -3.7093033442012924e-01
  -3.3059370669250815e-01
  -2.9424621943914103e-01
  -2.6157810240251778e-01
  -2.3227241789196224e-01
  -2.0601725855504538e-01
  -1.8251350431296465e-01
  -1.6147938571585591e-01
  -1.4265280758134027e-01
  -1.2579214195973124e-01
  -1.1067600556348998e-01
  -9.7102388548092888e-02
  -8.4887391041294641e-02
  -7.3863743053170991e-02
  -6.3879225273023491e-02
  -5.4795066970490115e-02
  -4.6484368231432892e-02
