   7.8880767e-16
   1.0024090e-15
   1.3392111e-15
   1.7254140e-15
   2.0804445e-15
   2.4625280e-15
   2.6741452e-15
   2.6434854e-15
   2.7821503e-15
   3.0636897e-15
   2.9651550e-15
   2.9637458e-15
   3.0676884e-15
   2.6427155e-15
   2.4850734e-15
   2.5083634e-15
   1.9872354e-15
   1.4226946e-15
   1.1883717e-15
   8.9229078e-16
   5.0366223e-03
   1.5061361e-02
   2.4941051e-02
   3.4580545e-02
   4.3887010e-02
   5.2770819e-02
   6.1146415e-02
   6.8933139e-02
   7.6055998e-02
   8.2446397e-02
   8.8042792e-02
   9.2791286e-02
   9.6646150e-02
   9.9570259e-02
   1.0153545e-01
   1.0252280e-01
   1.0252280e-01
   1.0153545e-01
   9.9570259e-02
   9.6646150e-02
   9.2791286e-02
   8.8042792e-02
   8.2446397e-02
   7.6055998e-02
   6.8933139e-02
   6.1146415e-02
   5.2770819e-02
   4.3887010e-02
   3.4580545e-02
   2.4941051e-02
   1.5061361e-02
   5.0366223e-03
  -2.9857048e-02
  -8.9283605e-02
  -1.4785031e-01
  -2.0499314e-01
  -2.6016177e-01
  -3.1282490e-01
  -3.6247536e-01
  -4.0863498e-01
  -4.5085922e-01
  -4.8874144e-01
  -5.2191682e-01
  -5.5006585e-01
  -5.7291744e-01
  -5.9025153e-01
  -6.0190117e-01
  -6.0775418e-01
  -6.0775418e-01
  -6.0190117e-01
  -5.9025153e-01
  -5.7291744e-01
  -5.5006585e-01
  -5.2191682e-01
  -4.8874144e-01
  -4.5085922e-01
  -4.0863498e-01
  -3.6247536e-01
  -3.1282490e-01
  -2.6016177e-01
  -2.0499314e-01
  -1.4785031e-01
  -8.9283605e-02
  -2.9857048e-02
   2.4820426e-02
   7.4222244e-02
   1.2290926e-01
   1.7041259e-01
   2.1627476e-01
   2.6005408e-01
   3.0132894e-01
   3.3970184e-01
   3.7480322e-01
   4.0629505e-01
   4.3387403e-01
   4.5727456e-01
   4.7627129e-01
   4.9068127e-01
   5.0036572e-01
   5.0523138e-01
   5.0523138e-01
   5.0036572e-01
   4.9068127e-01
   4.7627129e-01
   4.5727456e-01
   4.3387403e-01
   4.0629505e-01
   3.7480322e-01
   3.3970184e-01
   3.0132894e-01
   2.6005408e-01
   2.1627476e-01
   1.7041259e-01
   1.2290926e-01
   7.4222244e-02
   2.4820426e-02
   1.7266821e-17
   6.3786495e-17
   3.0317603e-16
   5.1955993e-16
   6.3520215e-16
   8.2434193e-16
   1.4019163e-15
   1.2755550e-15
   6.7846206e-16
   4.5219482e-16
   1.7476964e-16
   1.1588375e-16
   5.4549434e-16
   6.3196023e-16
   2.7059843e-17
   8.8584705e-18
   1.1724764e-16
  -1.1540194e-16
  -4.1470676e-17
   1.3650509e-16
