  -5.7902410886102751e-01   8.5654791405736423e-11
  -5.7902410890764788e-01   8.6320008642014291e-11
  -5.7902410903837187e-01   8.8185287140233333e-11
  -5.7902410922551439e-01   9.0855581672585246e-11
  -5.7902410942240978e-01   9.3665033111379630e-11
  -5.7902410956395101e-01   9.5684637710234419e-11
  -5.7902410956973116e-01   9.5767076341783185e-11
  -5.7902410935150228e-01   9.2653152597159205e-11
  -5.7902410882605382e-01   8.5155549083925153e-11
  -5.7902410793314918e-01   7.2414751612895101e-11
  -5.7902410665597115e-01   5.4190803311852959e-11
  -5.7902410503919555e-01   3.1121180848155096e-11
  -5.7902410319830921e-01   4.8537555947762749e-12
  -5.7902410131424964e-01  -2.2029694872504751e-11
  -5.7902409961048451e-01  -4.6340528508834634e-11
  -5.7902409831486823e-01  -6.4827522003391933e-11
  -5.7902409761433438e-01  -7.4823351220682619e-11
  -5.7902409761433371e-01  -7.4823351220941527e-11
  -5.7902409831486623e-01  -6.4827522004068567e-11
  -5.7902409961048118e-01  -4.6340528510166395e-11
  -5.7902410131424564e-01  -2.2029694874561949e-11
  -5.7902410319830500e-01   4.8537555922666089e-12
  -5.7902410503919166e-01   3.1121180845348472e-11
  -5.7902410665596771e-01   5.4190803309052126e-11
  -5.7902410793314640e-01   7.2414751610395361e-11
  -5.7902410882605149e-01   8.5155549081806743e-11
  -5.7902410935150017e-01   9.2653152595457695e-11
  -5.7902410956972961e-01   9.5767076340459696e-11
  -5.7902410956395012e-01   9.5684637709279026e-11
  -5.7902410942240923e-01   9.3665033110795641e-11
  -5.7902410922551406e-01   9.0855581672307314e-11
  -5.7902410903837187e-01   8.8185287140189492e-11
  -5.7902410890764788e-01   8.6320008642107762e-11
  -5.7902410886102751e-01   8.5654791405874562e-11
  -5.7902410886102751e-01   8.5654791395815219e-11
  -5.7902410880045962e-01   8.4790549645374275e-11
  -5.7902410861588938e-01   8.2156917177027354e-11
  -5.7902410829926720e-01   7.7639039729128145e-11
  -5.7902410783900660e-01   7.1071587696044011e-11
  -5.7902410722267594e-01   6.2277178039822003e-11
  -5.7902410644060698e-01   5.1117860335410267e-11
  -5.7902410549013650e-01   3.7555631692081690e-11
  -5.7902410437999341e-01   2.1715045467213485e-11
  -5.7902410313413499e-01   3.9379484056859423e-12
  -5.7902410179418340e-01  -1.5181751885177375e-11
  -5.7902410041961350e-01  -3.4795412166553889e-11
  -5.7902409908505648e-01  -5.3838125699105048e-11
  -5.7902409787453590e-01  -7.1110963086152044e-11
  -5.7902409687308176e-01  -8.5400639732737212e-11
  -5.7902409615683126e-01  -9.5620757500822879e-11
  -5.7902409578324487e-01  -1.0095142091002385e-10
  -5.7902409578324376e-01  -1.0095142090850763e-10
  -5.7902409615682771e-01  -9.5620757496649753e-11
  -5.7902409687307577e-01  -8.5400639726837760e-11
  -5.7902409787452791e-01  -7.1110963078998586e-11
  -5.7902409908504693e-01  -5.3838125691182312e-11
  -5.7902410041960295e-01  -3.4795412158419395e-11
  -5.7902410179417219e-01  -1.5181751877257948e-11
  -5.7902410313412367e-01   3.9379484131049252e-12
  -5.7902410437998264e-01   2.1715045473968241e-11
  -5.7902410549012640e-01   3.7555631698077095e-11
  -5.7902410644059787e-01   5.1117860340619850e-11
  -5.7902410722266795e-01   6.2277178044260654e-11
  -5.7902410783900005e-01   7.1071587699783694e-11
  -5.7902410829926165e-01   7.7639039732288802e-11
  -5.7902410861588471e-01   8.2156917179781865e-11
  -5.7902410880045541e-01   8.4790549647866570e-11
  -5.7902410886102340e-01   8.5654791398218178e-11
  -5.7902410886102340e-01   8.5654791396394245e-11
  -5.7902410890764366e-01   8.6320008632535628e-11
  -5.7902410903836787e-01   8.8185287130365068e-11
  -5.7902410922551018e-01   9.0855581662124720e-11
  -5.7902410942240545e-01   9.3665033100212692e-11
  -5.7902410956394690e-01   9.5684637698387539e-11
  -5.7902410956972694e-01   9.5767076329452404e-11
  -5.7902410935149839e-01   9.2653152584734952e-11
  -5.7902410882605060e-01   8.5155549072002172e-11
  -5.7902410793314674e-01   7.2414751602247632e-11
  -5.7902410665596959e-01   5.4190803303342098e-11
  -5.7902410503919488e-01   3.1121180842632838e-11
  -5.7902410319830966e-01   4.8537555928960933e-12
  -5.7902410131425119e-01  -2.2029694870396268e-11
  -5.7902409961048729e-01  -4.6340528502859909e-11
  -5.7902409831487212e-01  -6.4827521994144054e-11
  -5.7902409761433904e-01  -7.4823351209248502e-11
  -5.7902409761433882e-01  -7.4823351208586757e-11
  -5.7902409831487101e-01  -6.4827521991600474e-11
  -5.7902409961048518e-01  -4.6340528498623917e-11
  -5.7902410131424831e-01  -2.2029694864986507e-11
  -5.7902410319830655e-01   4.8537555993340400e-12
  -5.7902410503919177e-01   3.1121180849858261e-11
  -5.7902410665596638e-01   5.4190803310899220e-11
  -5.7902410793314363e-01   7.2414751609722036e-11
  -5.7902410882604782e-01   8.5155549079110962e-11
  -5.7902410935149629e-01   9.2653152591104243e-11
  -5.7902410956972550e-01   9.5767076334934957e-11
  -5.7902410956394601e-01   9.5684637702889056e-11
  -5.7902410942240512e-01   9.3665033103774532e-11
  -5.7902410922550995e-01   9.0855581664937134e-11
  -5.7902410903836776e-01   8.8185287132635679e-11
  -5.7902410890764366e-01   8.6320008634472058e-11
  -5.7902410886102340e-01   8.5654791398218178e-11
