  -7.6979268674081114e-01
  -7.6979268671392465e-01
  -7.6979268663319789e-01
  -7.6979268649920252e-01
  -7.6979268631536679e-01
  -7.6979268609127605e-01
  -7.6979268584623617e-01
  -7.6979268561170289e-01
  -7.6979268543069224e-01
  -7.6979268535236334e-01
  -7.6979268542104540e-01
  -7.6979268566124459e-01
  -7.6979268606297624e-01
  -7.6979268657376920e-01
  -7.6979268710317850e-01
  -7.6979268754179686e-01
  -7.6979268779056376e-01
  -7.6979268779056431e-01
  -7.6979268754179808e-01
  -7.6979268710317994e-01
  -7.6979268657377065e-01
  -7.6979268606297746e-01
  -7.6979268566124526e-01
  -7.6979268542104551e-01
  -7.6979268535236300e-01
  -7.6979268543069146e-01
  -7.6979268561170167e-01
  -7.6979268584623506e-01
  -7.6979268609127516e-01
  -7.6979268631536601e-01
  -7.6979268649920196e-01
  -7.6979268663319766e-01
  -7.6979268671392453e-01
  -7.6979268674081114e-01
  -7.6979268674081114e-01
  -7.6979268677498480e-01
  -7.6979268687695257e-01
  -7.6979268704468040e-01
  -7.6979268727358829e-01
  -7.6979268755498376e-01
  -7.6979268787432853e-01
  -7.6979268820982882e-01
  -7.6979268853195948e-01
  -7.6979268880453489e-01
  -7.6979268898775977e-01
  -7.6979268904328768e-01
  -7.6979268894072139e-01
  -7.6979268866436024e-01
  -7.6979268821856250e-01
  -7.6979268763007835e-01
  -7.6979268694623504e-01
  -7.6979268622886210e-01
  -7.6979268554501845e-01
  -7.6979268495653352e-01
  -7.6979268451073490e-01
  -7.6979268423437242e-01
  -7.6979268413180491e-01
  -7.6979268418733160e-01
  -7.6979268437055537e-01
  -7.6979268464313000e-01
  -7.6979268496526032e-01
  -7.6979268530076062e-01
  -7.6979268562010539e-01
  -7.6979268590150085e-01
  -7.6979268613040863e-01
  -7.6979268629813635e-01
  -7.6979268640010412e-01
  -7.6979268643427790e-01
  -7.6979268643427790e-01
  -7.6979268646116539e-01
  -7.6979268654189492e-01
  -7.6979268667589573e-01
  -7.6979268685973834e-01
  -7.6979268708383697e-01
  -7.6979268732888473e-01
  -7.6979268756342545e-01
  -7.6979268774444065e-01
  -7.6979268782277088e-01
  -7.6979268775408516e-01
  -7.6979268751387697e-01
  -7.6979268711213156e-01
  -7.6979268660132205e-01
  -7.6979268607189566e-01
  -7.6979268563326342e-01
  -7.6979268538448919e-01
  -7.6979268538448975e-01
  -7.6979268563326453e-01
  -7.6979268607189710e-01
  -7.6979268660132349e-01
  -7.6979268711213278e-01
  -7.6979268751387775e-01
  -7.6979268775408527e-01
  -7.6979268782277044e-01
  -7.6979268774443987e-01
  -7.6979268756342434e-01
  -7.6979268732888373e-01
  -7.6979268708383608e-01
  -7.6979268685973778e-01
  -7.6979268667589540e-01
  -7.6979268654189481e-01
  -7.6979268646116528e-01
  -7.6979268643427790e-01
