  -2.2022167965545197e-01
  -2.2022167965545217e-01
  -2.2022167965545272e-01
  -2.2022167965545367e-01
  -2.2022167965545489e-01
  -2.2022167965545633e-01
  -2.2022167965545794e-01
  -2.2022167965545977e-01
  -2.2022167965546163e-01
  -2.2022167965546363e-01
  -2.2022167965546560e-01
  -2.2022167965546757e-01
  -2.2022167965546946e-01
  -2.2022167965547113e-01
  -2.2022167965547237e-01
  -2.2022167965547323e-01
  -2.2022167965547365e-01
  -2.2022167965547362e-01
  -2.2022167965547310e-01
  -2.2022167965547215e-01
  -2.2022167965547082e-01
  -2.2022167965546910e-01
  -2.2022167965546724e-01
  -2.2022167965546524e-01
  -2.2022167965546319e-01
  -2.2022167965546113e-01
  -2.2022167965545925e-01
  -2.2022167965545750e-01
  -2.2022167965545597e-01
  -2.2022167965545461e-01
  -2.2022167965545347e-01
  -2.2022167965545261e-01
  -2.2022167965545214e-01
  -2.2022167965545197e-01
  -2.2022167965545197e-01
  -2.2022167965545200e-01
  -2.2022167965545206e-01
  -2.2022167965545211e-01
  -2.2022167965545222e-01
  -2.2022167965545228e-01
  -2.2022167965545231e-01
  -2.2022167965545233e-01
  -2.2022167965545233e-01
  -2.2022167965545233e-01
  -2.2022167965545233e-01
  -2.2022167965545233e-01
  -2.2022167965545233e-01
  -2.2022167965545225e-01
  -2.2022167965545214e-01
  -2.2022167965545203e-01
  -2.2022167965545189e-01
  -2.2022167965545175e-01
  -2.2022167965545156e-01
  -2.2022167965545131e-01
  -2.2022167965545109e-01
  -2.2022167965545084e-01
  -2.2022167965545053e-01
  -2.2022167965545023e-01
  -2.2022167965544992e-01
  -2.2022167965544970e-01
  -2.2022167965544950e-01
  -2.2022167965544939e-01
  -2.2022167965544931e-01
  -2.2022167965544925e-01
  -2.2022167965544920e-01
  -2.2022167965544920e-01
  -2.2022167965544917e-01
  -2.2022167965544920e-01
  -2.2022167965544920e-01
  -2.2022167965544928e-01
  -2.2022167965544956e-01
  -2.2022167965545006e-01
  -2.2022167965545067e-01
  -2.2022167965545142e-01
  -2.2022167965545217e-01
  -2.2022167965545308e-01
  -2.2022167965545394e-01
  -2.2022167965545489e-01
  -2.2022167965545583e-01
  -2.2022167965545678e-01
  -2.2022167965545766e-01
  -2.2022167965545847e-01
  -2.2022167965545908e-01
  -2.2022167965545950e-01
  -2.2022167965545975e-01
  -2.2022167965545975e-01
  -2.2022167965545947e-01
  -2.2022167965545894e-01
  -2.2022167965545822e-01
  -2.2022167965545733e-01
  -2.2022167965545641e-01
  -2.2022167965545547e-01
  -2.2022167965545453e-01
  -2.2022167965545358e-01
  -2.2022167965545272e-01
  -2.2022167965545189e-01
  -2.2022167965545117e-01
  -2.2022167965545050e-01
  -2.2022167965544992e-01
  -2.2022167965544950e-01
  -2.2022167965544928e-01
  -2.2022167965544920e-01
