  -1.9191460103185629e+00
  -1.9150712617606729e+00
  -1.9112172267268435e+00
  -1.8966950546704224e+00
  -1.8807341045885355e+00
  -1.8755808707256172e+00
  -1.8775427865286978e+00
  -1.8865827421651138e+00
  -1.9074349893640690e+00
  -1.9428059015478145e+00
  -1.9904839882374228e+00
  -2.0488663454914531e+00
  -2.1197302222882559e+00
  -2.2056501206798371e+00
  -2.3072786259710347e+00
  -2.4131531321754656e+00
  -2.4237884743436813e+00
  -2.5550215507924037e+00
  -2.7022079914219703e+00
  -2.8669391047718813e+00
  -3.0501726093527282e+00
  -3.2523542081457735e+00
  -3.4741267507703482e+00
  -3.7166453743000938e+00
  -3.9813263138329833e+00
  -4.2695408060969413e+00
  -4.5826249626874791e+00
  -4.9220938694347200e+00
  -5.2897763674074332e+00
  -5.6877884163723005e+00
  -6.1184711587875134e+00
  -6.5844092101589062e+00
  -7.0885163345579301e+00
  -7.6341143696808587e+00
  -8.2249747702739171e+00
  -8.8653511034536994e+00
  -9.5600363881128843e+00
  -1.0314447789272293e+01
  -1.1134721740728033e+01
  -1.2027811052272806e+01
  -1.3001591750080197e+01
  -1.4064991442407447e+01
  -1.5228144401954914e+01
  -1.6502573755600526e+01
