   4.5523679377694293e-01
   4.5076877836726970e-01
   4.4766904159347837e-01
   4.4595220695157162e-01
   4.4562615957944490e-01
   4.4669237976332515e-01
   4.4914600640281199e-01
   4.5297562962086929e-01
   4.5816281523186636e-01
   4.6468136788531489e-01
   4.7249634513332356e-01
   4.8156284215173178e-01
   4.9182457704903249e-01
   5.0321232017970563e-01
   5.1564222798662696e-01
   5.2901416263407619e-01
   5.4321010254313007e-01
   5.5809277466813656e-01
   5.7350466479582995e-01
   5.8926758407072810e-01
   6.0518298401099080e-01
   6.2103321322263250e-01
   6.3658389117958103e-01
   6.5158753261575997e-01
   6.6578848680173142e-01
   6.7892915900163242e-01
   6.9075736113882968e-01
   7.0103450516527921e-01
   7.0954422140635087e-01
   7.1610087488053664e-01
   7.2055738594417962e-01
   7.2281175508064766e-01
   7.2281175508064766e-01
   7.2055738594417951e-01
   7.1610087488053664e-01
   7.0954422140635076e-01
   7.0103450516527921e-01
   6.9075736113882957e-01
   6.7892915900163231e-01
   6.6578848680173142e-01
   6.5158753261575997e-01
   6.3658389117958092e-01
   6.2103321322263239e-01
   6.0518298401099069e-01
   5.8926758407072799e-01
   5.7350466479582995e-01
   5.5809277466813667e-01
   5.4321010254313007e-01
   5.2901416263407619e-01
   5.1564222798662707e-01
   5.0321232017970563e-01
   4.9182457704903254e-01
   4.8156284215173173e-01
   4.7249634513332356e-01
   4.6468136788531489e-01
   4.5816281523186636e-01
   4.5297562962086929e-01
   4.4914600640281194e-01
   4.4669237976332515e-01
   4.4562615957944490e-01
   4.4595220695157162e-01
   4.4766904159347831e-01
   4.5076877836726970e-01
   4.5523679377694293e-01
   4.6406639148257811e-01
   4.7725985272172938e-01
   4.9172170861931908e-01
   5.0735258128036409e-01
   5.2403117101689989e-01
   5.4161163227282960e-01
   5.5992128511141825e-01
   5.7875892296513431e-01
   5.9789402092478738e-01
   6.1706717760978791e-01
   6.3599212630765645e-01
   6.5435961527925945e-01
   6.7184337177474585e-01
   6.8810822267072091e-01
   7.0282024817148614e-01
   7.1565860676917303e-01
   7.2632841602554887e-01
   7.3457384306463758e-01
   7.4019039576108625e-01
   7.4303535244873242e-01
   7.4303535244873264e-01
   7.4019039576108703e-01
   7.3457384306463880e-01
   7.2632841602555043e-01
   7.1565860676917503e-01
   7.0282024817148847e-01
   6.8810822267072358e-01
   6.7184337177474873e-01
   6.5435961527926256e-01
   6.3599212630765956e-01
   6.1706717760979102e-01
   5.9789402092479038e-01
   5.7875892296513731e-01
   5.5992128511142103e-01
   5.4161163227283216e-01
   5.2403117101690233e-01
   5.0735258128036620e-01
   4.9172170861932102e-01
   4.7725985272173105e-01
   4.6406639148257955e-01
   4.5523679377694426e-01
   4.5076877836727108e-01
   4.4766904159347981e-01
   4.4595220695157323e-01
   4.4562615957944657e-01
   4.4669237976332687e-01
   4.4914600640281366e-01
   4.5297562962087107e-01
   4.5816281523186819e-01
   4.6468136788531672e-01
   4.7249634513332545e-01
   4.8156284215173362e-01
   4.9182457704903437e-01
   5.0321232017970752e-01
   5.1564222798662884e-01
   5.2901416263407786e-01
   5.4321010254313173e-01
   5.5809277466813823e-01
   5.7350466479583151e-01
   5.8926758407072943e-01
   6.0518298401099202e-01
   6.2103321322263350e-01
   6.3658389117958203e-01
   6.5158753261576063e-01
   6.6578848680173208e-01
   6.7892915900163298e-01
   6.9075736113883002e-01
   7.0103450516527943e-01
   7.0954422140635087e-01
   7.1610087488053653e-01
   7.2055738594417928e-01
   7.2281175508064721e-01
   7.2281175508064710e-01
   7.2055738594417884e-01
   7.1610087488053586e-01
   7.0954422140634987e-01
   7.0103450516527821e-01
   6.9075736113882857e-01
   6.7892915900163131e-01
   6.6578848680173019e-01
   6.5158753261575875e-01
   6.3658389117957992e-01
   6.2103321322263139e-01
   6.0518298401098980e-01
   5.8926758407072721e-01
   5.7350466479582918e-01
   5.5809277466813589e-01
   5.4321010254312951e-01
   5.2901416263407564e-01
   5.1564222798662662e-01
   5.0321232017970541e-01
   4.9182457704903237e-01
   4.8156284215173173e-01
   4.7249634513332367e-01
   4.6468136788531511e-01
   4.5816281523186669e-01
   4.5297562962086974e-01
   4.4914600640281255e-01
   4.4669237976332588e-01
   4.4562615957944574e-01
   4.4595220695157256e-01
   4.4766904159347931e-01
   4.5076877836727081e-01
   4.5523679377694415e-01
