   6.8491953778201817e-02
   6.1292455592683218e-02
   5.6151848180331219e-02
   5.2898105556184030e-02
   5.1422254349317333e-02
   5.1674844202126591e-02
   5.3664339402710273e-02
   5.7457394472826745e-02
   6.3181020190299364e-02
   7.1026689641711799e-02
   8.1256471545505804e-02
   9.4211303075667621e-02
   1.1032151444787738e-01
   1.3011967088892085e-01
   1.5425566620011988e-01
   1.8351372006853506e-01
   2.1883038660786117e-01
   2.6131168797827642e-01
   3.1224574289453566e-01
   3.7310429808639795e-01
   4.4552171651842215e-01
   5.3123237938098211e-01
   6.3193637354874699e-01
   7.4904903927689814e-01
   8.8327604122687919e-01
   1.0339536601120383e+00
   1.1981304358372951e+00
   1.3694862177343474e+00
   1.5374328176112408e+00
   1.6870834322490131e+00
   1.8009640428031868e+00
   1.8628700346124034e+00
   1.8628700346122957e+00
   1.8009640428028817e+00
   1.6870834322485575e+00
   1.5374328176106942e+00
   1.3694862177337666e+00
   1.1981304358367229e+00
   1.0339536601115031e+00
   8.8327604122639614e-01
   7.4904903927647271e-01
   6.3193637354837873e-01
   5.3123237938066703e-01
   4.4552171651815486e-01
   3.7310429808617251e-01
   3.1224574289434631e-01
   2.6131168797811782e-01
   2.1883038660772861e-01
   1.8351372006842445e-01
   1.5425566620002773e-01
   1.3011967088884413e-01
   1.1032151444781366e-01
   9.4211303075614747e-02
   8.1256471545462033e-02
   7.1026689641675675e-02
   6.3181020190269707e-02
   5.7457394472802542e-02
   5.3664339402690726e-02
   5.1674844202111048e-02
   5.1422254349305273e-02
   5.2898105556175030e-02
   5.6151848180324995e-02
   6.1292455592679561e-02
   6.8491953778200609e-02
   8.2917048913417307e-02
   1.0515288913228310e-01
   1.3103815456144538e-01
   1.6145519352567922e-01
   1.9742720866202923e-01
   2.4014086710000873e-01
   2.9096496769569963e-01
   3.5145894743620570e-01
   4.2336007929562941e-01
   5.0853031654102854e-01
   6.0883186151475310e-01
   7.2588451022778455e-01
   8.6064066329642652e-01
   1.0127068745787957e+00
   1.1793717963418902e+00
   1.3544204968031368e+00
   1.5270826280727066e+00
   1.6818586686303119e+00
   1.8002293087081425e+00
   1.8647920436400418e+00
   1.8647920436400538e+00
   1.8002293087081767e+00
   1.6818586686303627e+00
   1.5270826280727672e+00
   1.3544204968032008e+00
   1.1793717963419525e+00
   1.0127068745788539e+00
   8.6064066329647848e-01
   7.2588451022783007e-01
   6.0883186151479241e-01
   5.0853031654106184e-01
   4.2336007929565739e-01
   3.5145894743622896e-01
   2.9096496769571895e-01
   2.4014086710002466e-01
   1.9742720866204225e-01
   1.6145519352568974e-01
   1.3103815456145373e-01
   1.0515288913228958e-01
   8.2917048913422137e-02
   6.8491953778204426e-02
   6.1292455592683009e-02
   5.6151848180328187e-02
   5.2898105556178070e-02
   5.1422254349308250e-02
   5.1674844202114080e-02
   5.3664339402693911e-02
   5.7457394472805984e-02
   6.3181020190273524e-02
   7.1026689641679977e-02
   8.1256471545466974e-02
   9.4211303075620520e-02
   1.1032151444782042e-01
   1.3011967088885212e-01
   1.5425566620003722e-01
   1.8351372006843575e-01
   2.1883038660774204e-01
   2.6131168797813381e-01
   3.1224574289436535e-01
   3.7310429808619516e-01
   4.4552171651818168e-01
   5.3123237938069856e-01
   6.3193637354841548e-01
   7.4904903927651523e-01
   8.8327604122644443e-01
   1.0339536601115564e+00
   1.1981304358367799e+00
   1.3694862177338247e+00
   1.5374328176107486e+00
   1.6870834322486026e+00
   1.8009640428029117e+00
   1.8628700346123059e+00
   1.8628700346123925e+00
   1.8009640428031561e+00
   1.6870834322489676e+00
   1.5374328176111862e+00
   1.3694862177342899e+00
   1.1981304358372382e+00
   1.0339536601119852e+00
   8.8327604122683134e-01
   7.4904903927685595e-01
   6.3193637354871035e-01
   5.3123237938095080e-01
   4.4552171651839573e-01
   3.7310429808637569e-01
   3.1224574289451701e-01
   2.6131168797826082e-01
   2.1883038660784820e-01
   1.8351372006852429e-01
   1.5425566620011100e-01
   1.3011967088891355e-01
   1.1032151444787147e-01
   9.4211303075662847e-02
   8.1256471545502043e-02
   7.1026689641708898e-02
   6.3181020190297268e-02
   5.7457394472825364e-02
   5.3664339402709559e-02
   5.1674844202126528e-02
   5.1422254349317915e-02
   5.2898105556185272e-02
   5.6151848180333176e-02
   6.1292455592685945e-02
   6.8491953778205411e-02
