   2.4796780293553994e-01
   2.3897450890728750e-01
   2.3264105896620929e-01
   2.2891035534135934e-01
   2.2774825771016741e-01
   2.2914405596296344e-01
   2.3311060972584169e-01
   2.3968418033664565e-01
   2.4892392438143829e-01
   2.6091095902214445e-01
   2.7574684403786753e-01
   2.9355124984403624e-01
   3.1445849144008414e-01
   3.3861250338188970e-01
   3.6615971150122212e-01
   3.9723912965342595e-01
   4.3196889011444778e-01
   4.7042833534711165e-01
   5.1263481025298241e-01
   5.5851448179845631e-01
   6.0786699682511813e-01
   6.6032471952633431e-01
   7.1530882156921627e-01
   7.7198672076178043e-01
   8.2923818393837700e-01
   8.8564037490852587e-01
   9.3948426473892899e-01
   9.8883461157517993e-01
   1.0316414349678138e+00
   1.0659014772304336e+00
   1.0898543648446739e+00
   1.1021836608706534e+00
   1.1021836608706559e+00
   1.0898543648446806e+00
   1.0659014772304443e+00
   1.0316414349678278e+00
   9.8883461157519681e-01
   9.3948426473894775e-01
   8.8564037490854586e-01
   8.2923818393839777e-01
   7.7198672076180119e-01
   7.1530882156923670e-01
   6.6032471952635385e-01
   6.0786699682513678e-01
   5.5851448179847385e-01
   5.1263481025299873e-01
   4.7042833534712680e-01
   4.3196889011446177e-01
   3.9723912965343872e-01
   3.6615971150123366e-01
   3.3861250338190013e-01
   3.1445849144009363e-01
   2.9355124984404474e-01
   2.7574684403787503e-01
   2.6091095902215106e-01
   2.4892392438144403e-01
   2.3968418033665062e-01
   2.3311060972584591e-01
   2.2914405596296694e-01
   2.2774825771017018e-01
   2.2891035534136148e-01
   2.3264105896621079e-01
   2.3897450890728836e-01
   2.4796780293554022e-01
   2.6578438035178287e-01
   2.9268256155246941e-01
   3.2279347899435246e-01
   3.5632801236420042e-01
   3.9347953557535958e-01
   4.3440594455556131e-01
   4.7920549681007496e-01
   5.2788535135994297e-01
   5.8032209483696284e-01
   6.3621445297722534e-01
   6.9503005592085965e-01
   7.5595075796590816e-01
   8.1782463317432041e-01
   8.7913697489887888e-01
   9.3801629427385191e-01
   9.9229242324742872e-01
   1.0396197656337411e+00
   1.0776673985942706e+00
   1.1043594170983504e+00
   1.1181281440865081e+00
   1.1181281440865081e+00
   1.1043594170983506e+00
   1.0776673985942709e+00
   1.0396197656337414e+00
   9.9229242324742917e-01
   9.3801629427385225e-01
   8.7913697489887932e-01
   8.1782463317432086e-01
   7.5595075796590860e-01
   6.9503005592086009e-01
   6.3621445297722579e-01
   5.8032209483696329e-01
   5.2788535135994341e-01
   4.7920549681007552e-01
   4.3440594455556192e-01
   3.9347953557536031e-01
   3.5632801236420109e-01
   3.2279347899435323e-01
   2.9268256155247024e-01
   2.6578438035178381e-01
   2.4796780293554097e-01
   2.3897450890728864e-01
   2.3264105896621054e-01
   2.2891035534136070e-01
   2.2774825771016888e-01
   2.2914405596296505e-01
   2.3311060972584349e-01
   2.3968418033664762e-01
   2.4892392438144040e-01
   2.6091095902214678e-01
   2.7574684403787009e-01
   2.9355124984403907e-01
   3.1445849144008725e-01
   3.3861250338189314e-01
   3.6615971150122589e-01
   3.9723912965343006e-01
   4.3196889011445228e-01
   4.7042833534711648e-01
   5.1263481025298763e-01
   5.5851448179846186e-01
   6.0786699682512402e-01
   6.6032471952634042e-01
   7.1530882156922271e-01
   7.7198672076178709e-01
   8.2923818393838356e-01
   8.8564037490853231e-01
   9.3948426473893498e-01
   9.8883461157518537e-01
   1.0316414349678182e+00
   1.0659014772304369e+00
   1.0898543648446761e+00
   1.1021836608706543e+00
   1.1021836608706550e+00
   1.0898543648446783e+00
   1.0659014772304409e+00
   1.0316414349678233e+00
   9.8883461157519137e-01
   9.3948426473894175e-01
   8.8564037490853953e-01
   8.2923818393839122e-01
   7.7198672076179464e-01
   7.1530882156923004e-01
   6.6032471952634764e-01
   6.0786699682513079e-01
   5.5851448179846830e-01
   5.1263481025299362e-01
   4.7042833534712208e-01
   4.3196889011445749e-01
   3.9723912965343483e-01
   3.6615971150123022e-01
   3.3861250338189708e-01
   3.1445849144009091e-01
   2.9355124984404241e-01
   2.7574684403787303e-01
   2.6091095902214939e-01
   2.4892392438144265e-01
   2.3968418033664954e-01
   2.3311060972584513e-01
   2.2914405596296644e-01
   2.2774825771016999e-01
   2.2891035534136153e-01
   2.3264105896621112e-01
   2.3897450890728897e-01
   2.4796780293554110e-01
