   3.2907071728888021e-01
   3.2139153799577330e-01
   3.1603425642017874e-01
   3.1298097238427219e-01
   3.1222101354138632e-01
   3.1375167097777867e-01
   3.1757837945144712e-01
   3.2371435320536252e-01
   3.3217965533272564e-01
   3.4299964578658254e-01
   3.5620272065628134e-01
   3.7181722423756297e-01
   3.8986738773032603e-01
   4.1036812775713183e-01
   4.3331853022163175e-01
   4.5869385918459493e-01
   4.8643597880056466e-01
   5.1644217492342748e-01
   5.4855253046934394e-01
   5.8253626373046208e-01
   6.1807779468383972e-01
   6.5476375910008489e-01
   6.9207271382801128e-01
   7.2936979523256262e-01
   7.6590897662344859e-01
   8.0084563436664491e-01
   8.3326166171217175e-01
   8.6220418333718629e-01
   8.8673697278653274e-01
   9.0600114758824701e-01
   9.1927909754984627e-01
   9.2605361635784744e-01
   9.2605361635784800e-01
   9.1927909754984771e-01
   9.0600114758824934e-01
   8.8673697278653574e-01
   8.6220418333718996e-01
   8.3326166171217597e-01
   8.0084563436664968e-01
   7.6590897662345370e-01
   7.2936979523256784e-01
   6.9207271382801649e-01
   6.5476375910008999e-01
   6.1807779468384472e-01
   5.8253626373046696e-01
   5.4855253046934860e-01
   5.1644217492343192e-01
   4.8643597880056888e-01
   4.5869385918459887e-01
   4.3331853022163552e-01
   4.1036812775713533e-01
   3.8986738773032920e-01
   3.7181722423756586e-01
   3.5620272065628394e-01
   3.4299964578658493e-01
   3.3217965533272770e-01
   3.2371435320536435e-01
   3.1757837945144868e-01
   3.1375167097777995e-01
   3.1222101354138737e-01
   3.1298097238427308e-01
   3.1603425642017935e-01
   3.2139153799577369e-01
   3.2907071728888038e-01
   3.4429440130665712e-01
   3.6719262382475837e-01
   3.9261158123326589e-01
   4.2057411820311219e-01
   4.5107012679585179e-01
   4.8404350617020314e-01
   5.1937685441025516e-01
   5.5687415850399857e-01
   5.9624217899336096e-01
   6.3707182641098492e-01
   6.7882158555216543e-01
   7.2080588969688342e-01
   7.6219211970061085e-01
   8.0201033472668271e-01
   8.3917957478244598e-01
   8.7255324390313105e-01
   9.0098347093040676e-01
   9.2340059598538304e-01
   9.3889971419481610e-01
   9.4682269975392219e-01
   9.4682269975393585e-01
   9.3889971419485663e-01
   9.2340059598544855e-01
   9.0098347093049458e-01
   8.7255324390323763e-01
   8.3917957478256744e-01
   8.0201033472681527e-01
   7.6219211970075063e-01
   7.2080588969702686e-01
   6.7882158555230943e-01
   6.3707182641112670e-01
   5.9624217899349863e-01
   5.5687415850413025e-01
   5.1937685441037984e-01
   4.8404350617031994e-01
   4.5107012679596020e-01
   4.2057411820321183e-01
   3.9261158123335682e-01
   3.6719262382484052e-01
   3.4429440130673067e-01
   3.2907071728894760e-01
   3.2139153799583708e-01
   3.1603425642023897e-01
   3.1298097238432909e-01
   3.1222101354144011e-01
   3.1375167097782952e-01
   3.1757837945149531e-01
   3.2371435320540820e-01
   3.3217965533276889e-01
   3.4299964578662345e-01
   3.5620272065632008e-01
   3.7181722423759961e-01
   3.8986738773036062e-01
   4.1036812775716436e-01
   4.3331853022166217e-01
   4.5869385918462324e-01
   4.8643597880059081e-01
   5.1644217492345124e-01
   5.4855253046936525e-01
   5.8253626373048073e-01
   6.1807779468385537e-01
   6.5476375910009776e-01
   6.9207271382802116e-01
   7.2936979523256928e-01
   7.6590897662345181e-01
   8.0084563436664458e-01
   8.3326166171216787e-01
   8.6220418333717908e-01
   8.8673697278652241e-01
   9.0600114758823391e-01
   9.1927909754983084e-01
   9.2605361635783046e-01
   9.2605361635782990e-01
   9.1927909754982939e-01
   9.0600114758823158e-01
   8.8673697278651908e-01
   8.6220418333717530e-01
   8.3326166171216343e-01
   8.0084563436663980e-01
   7.6590897662344670e-01
   7.2936979523256407e-01
   6.9207271382801583e-01
   6.5476375910009255e-01
   6.1807779468385038e-01
   5.8253626373047585e-01
   5.4855253046936048e-01
   5.1644217492344668e-01
   4.8643597880058648e-01
   4.5869385918461925e-01
   4.3331853022165850e-01
   4.1036812775716086e-01
   3.8986738773035745e-01
   3.7181722423759672e-01
   3.5620272065631747e-01
   3.4299964578662118e-01
   3.3217965533276683e-01
   3.2371435320540637e-01
   3.1757837945149381e-01
   3.1375167097782825e-01
   3.1222101354143911e-01
   3.1298097238432837e-01
   3.1603425642023841e-01
   3.2139153799583675e-01
   3.2907071728894755e-01
