   8.5231402966018510e-01
   8.5231402966018510e-01
   8.5231402966018521e-01
   8.5231402966018532e-01
   8.5231402966018543e-01
   8.5231402966018555e-01
   8.5231402966018566e-01
   8.5231402966018577e-01
   8.5231402966018577e-01
   8.5231402966018588e-01
   8.5231402966018588e-01
   8.5231402966018599e-01
   8.5231402966018599e-01
   8.5231402966018599e-01
   8.5231402966018599e-01
   8.5231402966018599e-01
   8.5231402966018599e-01
   8.5231402966018588e-01
   8.5231402966018577e-01
   8.5231402966018577e-01
   8.5231402966018566e-01
   8.5231402966018555e-01
   8.5231402966018543e-01
   8.5231402966018532e-01
   8.5231402966018521e-01
   8.5231402966018521e-01
   8.5231402966018510e-01
   8.5231402966018499e-01
   8.5231402966018488e-01
   8.5231402966018488e-01
   8.5231402966018477e-01
   8.5231402966018477e-01
   8.5231402966018477e-01
   8.5231402966018477e-01
   8.5231402966018488e-01
   8.5231402966018488e-01
   8.5231402966018499e-01
   8.5231402966018510e-01
   8.5231402966018510e-01
   8.5231402966018521e-01
   8.5231402966018532e-01
   8.5231402966018543e-01
   8.5231402966018555e-01
   8.5231402966018566e-01
   8.5231402966018577e-01
   8.5231402966018577e-01
   8.5231402966018588e-01
   8.5231402966018588e-01
   8.5231402966018599e-01
   8.5231402966018599e-01
   8.5231402966018599e-01
   8.5231402966018599e-01
   8.5231402966018599e-01
   8.5231402966018588e-01
   8.5231402966018588e-01
   8.5231402966018577e-01
   8.5231402966018566e-01
   8.5231402966018555e-01
   8.5231402966018555e-01
   8.5231402966018543e-01
   8.5231402966018532e-01
   8.5231402966018521e-01
   8.5231402966018510e-01
   8.5231402966018499e-01
   8.5231402966018499e-01
   8.5231402966018499e-01
   8.5231402966018510e-01
   8.5231402966018521e-01
   8.5231402966018532e-01
   8.5231402966018543e-01
   8.5231402966018555e-01
   8.5231402966018566e-01
   8.5231402966018577e-01
   8.5231402966018577e-01
   8.5231402966018588e-01
   8.5231402966018588e-01
   8.5231402966018599e-01
   8.5231402966018588e-01
   8.5231402966018599e-01
   8.5231402966018599e-01
   8.5231402966018588e-01
   8.5231402966018588e-01
   8.5231402966018577e-01
   8.5231402966018577e-01
   8.5231402966018566e-01
   8.5231402966018566e-01
   8.5231402966018555e-01
   8.5231402966018543e-01
   8.5231402966018532e-01
   8.5231402966018521e-01
   8.5231402966018510e-01
   8.5231402966018499e-01
   8.5231402966018488e-01
   8.5231402966018488e-01
   8.5231402966018488e-01
   8.5231402966018488e-01
   8.5231402966018477e-01
   8.5231402966018488e-01
   8.5231402966018488e-01
   8.5231402966018499e-01
   8.5231402966018488e-01
   8.5231402966018499e-01
   8.5231402966018510e-01
   8.5231402966018521e-01
   8.5231402966018532e-01
   8.5231402966018532e-01
   8.5231402966018532e-01
   8.5231402966018543e-01
   8.5231402966018543e-01
   8.5231402966018543e-01
   8.5231402966018543e-01
   8.5231402966018555e-01
   8.5231402966018555e-01
   8.5231402966018555e-01
   8.5231402966018555e-01
   8.5231402966018555e-01
   8.5231402966018555e-01
   8.5231402966018555e-01
   8.5231402966018555e-01
   8.5231402966018555e-01
   8.5231402966018555e-01
   8.5231402966018555e-01
   8.5231402966018555e-01
   8.5231402966018555e-01
   8.5231402966018543e-01
   8.5231402966018543e-01
   8.5231402966018543e-01
   8.5231402966018543e-01
   8.5231402966018532e-01
   8.5231402966018532e-01
   8.5231402966018532e-01
   8.5231402966018532e-01
   8.5231402966018521e-01
   8.5231402966018532e-01
   8.5231402966018532e-01
   8.5231402966018521e-01
   8.5231402966018521e-01
   8.5231402966018521e-01
   8.5231402966018532e-01
   8.5231402966018532e-01
   8.5231402966018532e-01
   8.5231402966018532e-01
   8.5231402966018532e-01
   8.5231402966018532e-01
   8.5231402966018543e-01
   8.5231402966018543e-01
   8.5231402966018543e-01
   8.5231402966018543e-01
   8.5231402966018543e-01
   8.5231402966018543e-01
   8.5231402966018555e-01
   8.5231402966018555e-01
   8.5231402966018555e-01
   8.5231402966018555e-01
   8.5231402966018555e-01
   8.5231402966018555e-01
   8.5231402966018555e-01
   8.5231402966018555e-01
   8.5231402966018555e-01
   8.5231402966018543e-01
   8.5231402966018555e-01
   8.5231402966018543e-01
   8.5231402966018543e-01
   8.5231402966018543e-01
   8.5231402966018543e-01
   8.5231402966018532e-01
   8.5231402966018532e-01
   8.5231402966018532e-01
