   6.7951126617688229e-01
   6.9449430883355312e-01
   7.0882717987822386e-01
   7.2221131947019646e-01
   7.3435216014362104e-01
   7.4496907695859194e-01
   7.5380603058220630e-01
   7.6064222950016136e-01
   7.6530202941024883e-01
   7.6766326233550297e-01
   7.6766326233550297e-01
   7.6530202941024883e-01
   7.6064222950016136e-01
   7.5380603058220619e-01
   7.4496907695859182e-01
   7.3435216014362092e-01
   7.2221131947019634e-01
   7.0882717987822375e-01
   6.9449430883355301e-01
   6.7951126617688218e-01
   6.5950335147859396e-01
   6.3483463404174933e-01
   6.1058968455697760e-01
   5.8713101816278879e-01
   5.6476727046076103e-01
   5.4375557328710655e-01
   5.2430576994770184e-01
   5.0658571121717100e-01
   4.9072701702438537e-01
   4.7683083809340526e-01
   4.6497328786966802e-01
   4.5521032806385375e-01
   4.4758197800697308e-01
   4.4211577987016948e-01
   4.3882949206093946e-01
   4.3773300606558602e-01
   4.3882949206093941e-01
   4.4211577987016948e-01
   4.4758197800697308e-01
   4.5521032806385364e-01
   4.6497328786966796e-01
   4.7683083809340526e-01
   4.9072701702438531e-01
   5.0658571121717100e-01
   5.2430576994770173e-01
   5.4375557328710655e-01
   5.6476727046076092e-01
   5.8713101816278868e-01
   6.1058968455697749e-01
   6.3483463404174922e-01
   6.5950335147859362e-01
   6.7023805870684783e-01
   6.6684236741521830e-01
   6.6332113655651637e-01
   6.5973884505693980e-01
   6.5616004985852283e-01
   6.5264820301958171e-01
   6.4926456273390964e-01
   6.4606721245800924e-01
   6.4311019587736795e-01
   6.4044276980506643e-01
   6.3810877253553766e-01
   6.3614610180483599e-01
   6.3458629436655800e-01
   6.3345419822723659e-01
   6.3276772868209530e-01
   6.3253770029411915e-01
   6.3276772868209519e-01
   6.3345419822723636e-01
   6.3458629436655778e-01
   6.3614610180483577e-01
   6.3810877253553744e-01
   6.4044276980506609e-01
   6.4311019587736762e-01
   6.4606721245800880e-01
   6.4926456273390920e-01
   6.5264820301958126e-01
   6.5616004985852250e-01
   6.5973884505693936e-01
   6.6332113655651603e-01
   6.6684236741521807e-01
   6.7023805870684772e-01
   6.7023805870684783e-01
   6.6684236741521841e-01
   6.6332113655651637e-01
   6.5973884505693969e-01
   6.5616004985852272e-01
   6.5264820301958149e-01
   6.4926456273390942e-01
   6.4606721245800891e-01
   6.4311019587736762e-01
   6.4044276980506609e-01
   6.3810877253553722e-01
   6.3614610180483555e-01
   6.3458629436655756e-01
   6.3345419822723614e-01
   6.3276772868209485e-01
   6.3253770029411882e-01
   6.3276772868209485e-01
   6.3345419822723603e-01
   6.3458629436655756e-01
   6.3614610180483544e-01
   6.3810877253553722e-01
   6.4044276980506598e-01
   6.4311019587736751e-01
   6.4606721245800880e-01
   6.4926456273390931e-01
   6.5264820301958126e-01
   6.5616004985852250e-01
   6.5973884505693936e-01
   6.6332113655651614e-01
   6.6684236741521818e-01
   6.7023805870684772e-01
   6.7951126617688229e-01
   6.9449430883355323e-01
   7.0882717987822386e-01
   7.2221131947019657e-01
   7.3435216014362126e-01
   7.4496907695859216e-01
   7.5380603058220641e-01
   7.6064222950016169e-01
   7.6530202941024916e-01
   7.6766326233550319e-01
   7.6766326233550319e-01
   7.6530202941024905e-01
   7.6064222950016169e-01
   7.5380603058220641e-01
   7.4496907695859205e-01
   7.3435216014362126e-01
   7.2221131947019657e-01
   7.0882717987822386e-01
   6.9449430883355312e-01
   6.7951126617688218e-01
