   6.5314368323170569e-01
   6.6947683132571956e-01
   6.8504205880175828e-01
   6.9953265138882381e-01
   7.1264517871398714e-01
   7.2408988520537898e-01
   7.3360186217763812e-01
   7.4095228483153230e-01
   7.4595887752999468e-01
   7.4849473937602362e-01
   7.4849473937602362e-01
   7.4595887752999468e-01
   7.4095228483153219e-01
   7.3360186217763801e-01
   7.2408988520537887e-01
   7.1264517871398703e-01
   6.9953265138882370e-01
   6.8504205880175817e-01
   6.6947683132571945e-01
   6.5314368323170557e-01
   6.3913081142751427e-01
   6.2767361705952618e-01
   6.1617610453872151e-01
   6.0482001424783949e-01
   5.9377499628687846e-01
   5.8319683077740292e-01
   5.7322634199597788e-01
   5.6398889903167515e-01
   5.5559438359051960e-01
   5.4813750405939854e-01
   5.4169834119246674e-01
   5.3634302213265728e-01
   5.3212443367368512e-01
   5.2908290097889044e-01
   5.2724677322766489e-01
   5.2663287218489885e-01
   5.2724677322766489e-01
   5.2908290097889044e-01
   5.3212443367368512e-01
   5.3634302213265717e-01
   5.4169834119246674e-01
   5.4813750405939843e-01
   5.5559438359051949e-01
   5.6398889903167504e-01
   5.7322634199597777e-01
   5.8319683077740281e-01
   5.9377499628687835e-01
   6.0482001424783938e-01
   6.1617610453872140e-01
   6.2767361705952607e-01
   6.3913081142751416e-01
   6.3903723753839659e-01
   6.2739449921071699e-01
   6.1571597507920139e-01
   6.0418593625524308e-01
   5.9297615731086584e-01
   5.8224414955765391e-01
   5.7213210437308037e-01
   5.6276643409264104e-01
   5.5425778636986478e-01
   5.4670140709872472e-01
   5.4017773404468583e-01
   5.3475311546799853e-01
   5.3048056291672985e-01
   5.2740046325349277e-01
   5.2554119067228100e-01
   5.2491957429470826e-01
   5.2554119067228100e-01
   5.2740046325349266e-01
   5.3048056291672985e-01
   5.3475311546799842e-01
   5.4017773404468572e-01
   5.4670140709872461e-01
   5.5425778636986478e-01
   5.6276643409264093e-01
   5.7213210437308037e-01
   5.8224414955765380e-01
   5.9297615731086573e-01
   6.0418593625524308e-01
   6.1571597507920139e-01
   6.2739449921071688e-01
   6.3903723753839659e-01
   6.3903723753839570e-01
   6.2739449921071455e-01
   6.1571597507919740e-01
   6.0418593625523764e-01
   5.9297615731085906e-01
   5.8224414955764592e-01
   5.7213210437307116e-01
   5.6276643409263083e-01
   5.5425778636985368e-01
   5.4670140709871262e-01
   5.4017773404467306e-01
   5.3475311546798521e-01
   5.3048056291671619e-01
   5.2740046325347878e-01
   5.2554119067226690e-01
   5.2491957429469405e-01
   5.2554119067226690e-01
   5.2740046325347878e-01
   5.3048056291671619e-01
   5.3475311546798532e-01
   5.4017773404467317e-01
   5.4670140709871273e-01
   5.5425778636985368e-01
   5.6276643409263094e-01
   5.7213210437307127e-01
   5.8224414955764603e-01
   5.9297615731085918e-01
   6.0418593625523787e-01
   6.1571597507919762e-01
   6.2739449921071466e-01
   6.3903723753839581e-01
   6.5314368323170580e-01
   6.6947683132571978e-01
   6.8504205880175872e-01
   6.9953265138882448e-01
   7.1264517871398803e-01
   7.2408988520538020e-01
   7.3360186217763956e-01
   7.4095228483153375e-01
   7.4595887752999646e-01
   7.4849473937602540e-01
   7.4849473937602540e-01
   7.4595887752999646e-01
   7.4095228483153386e-01
   7.3360186217763956e-01
   7.2408988520538031e-01
   7.1264517871398814e-01
   6.9953265138882459e-01
   6.8504205880175884e-01
   6.6947683132571989e-01
   6.5314368323170580e-01
