   7.2599207404198141e-01
   7.9857713891455084e-01
   8.7473260497679428e-01
   9.5256958680232806e-01
   1.0295280003629894e+00
   1.1023960006363667e+00
   1.1674589529037334e+00
   1.2208079188299823e+00
   1.2587967074310309e+00
   1.2785758427381970e+00
   1.2785758427381972e+00
   1.2587967074310309e+00
   1.2208079188299823e+00
   1.1674589529037334e+00
   1.1023960006363667e+00
   1.0295280003629894e+00
   9.5256958680232806e-01
   8.7473260497679428e-01
   7.9857713891455084e-01
   7.2599207404198129e-01
   6.9746937718987256e-01
   7.1352599520368443e-01
   7.3474378718232203e-01
   7.6081247001188812e-01
   7.9129488870159159e-01
   8.2559890078118703e-01
   8.6294958570820846e-01
   9.0236687475351096e-01
   9.4265543495462112e-01
   9.8241489511159197e-01
   1.0200784371328591e+00
   1.0539854351621725e+00
   1.0824885402594253e+00
   1.1040876116163789e+00
   1.1175738423321455e+00
   1.1221603531421396e+00
   1.1175738423321382e+00
   1.1040876116163649e+00
   1.0824885402594053e+00
   1.0539854351621476e+00
   1.0200784371328302e+00
   9.8241489511156088e-01
   9.4265543495458892e-01
   9.0236687475347899e-01
   8.6294958570817770e-01
   8.2559890078115838e-01
   7.9129488870156561e-01
   7.6081247001186547e-01
   7.3474378718230293e-01
   7.1352599520366944e-01
   6.9746937718986179e-01
   6.5513352936336489e-01
   5.8696309571978988e-01
   5.2502276878749443e-01
   4.6939788040482899e-01
   4.1995264382314701e-01
   3.7641542804303640e-01
   3.3844180837455007e-01
   3.0565922554722136e-01
   2.7769742742706971e-01
   2.5420844883773419e-01
   2.3487919446960223e-01
   2.1943898049013377e-01
   2.0766377164634983e-01
   1.9937835388723410e-01
   1.9445730212490051e-01
   1.9282531827427604e-01
   1.9445730212490012e-01
   1.9937835388723335e-01
   2.0766377164634869e-01
   2.1943898049013222e-01
   2.3487919446960023e-01
   2.5420844883773175e-01
   2.7769742742706671e-01
   3.0565922554721786e-01
   3.3844180837454590e-01
   3.7641542804303163e-01
   4.1995264382314162e-01
   4.6939788040482289e-01
   5.2502276878748755e-01
   5.8696309571978234e-01
   6.5513352936335656e-01
   6.5513352936336489e-01
   5.8696309571978988e-01
   5.2502276878749443e-01
   4.6939788040482899e-01
   4.1995264382314695e-01
   3.7641542804303640e-01
   3.3844180837455007e-01
   3.0565922554722136e-01
   2.7769742742706971e-01
   2.5420844883773419e-01
   2.3487919446960223e-01
   2.1943898049013377e-01
   2.0766377164634983e-01
   1.9937835388723410e-01
   1.9445730212490051e-01
   1.9282531827427604e-01
   1.9445730212490012e-01
   1.9937835388723335e-01
   2.0766377164634869e-01
   2.1943898049013225e-01
   2.3487919446960026e-01
   2.5420844883773175e-01
   2.7769742742706671e-01
   3.0565922554721786e-01
   3.3844180837454590e-01
   3.7641542804303169e-01
   4.1995264382314162e-01
   4.6939788040482289e-01
   5.2502276878748766e-01
   5.8696309571978234e-01
   6.5513352936335656e-01
   7.2599207404197363e-01
   7.9857713891454507e-01
   8.7473260497679040e-01
   9.5256958680232617e-01
   1.0295280003629896e+00
   1.1023960006363691e+00
   1.1674589529037378e+00
   1.2208079188299881e+00
   1.2587967074310382e+00
   1.2785758427382050e+00
   1.2785758427382050e+00
   1.2587967074310380e+00
   1.2208079188299881e+00
   1.1674589529037376e+00
   1.1023960006363689e+00
   1.0295280003629896e+00
   9.5256958680232606e-01
   8.7473260497679017e-01
   7.9857713891454485e-01
   7.2599207404197352e-01
