   7.1349357277026426e-01
   7.9627021994578240e-01
   8.8465071972256615e-01
   9.7662857565675421e-01
   1.0692339003317162e+00
   1.1584746980665204e+00
   1.2394640043133580e+00
   1.3068106934465018e+00
   1.3552915685056282e+00
   1.3807084268177559e+00
   1.3807084268177556e+00
   1.3552915685056284e+00
   1.3068106934465016e+00
   1.2394640043133580e+00
   1.1584746980665201e+00
   1.0692339003317159e+00
   9.7662857565675409e-01
   8.8465071972256593e-01
   7.9627021994578218e-01
   7.1349357277026415e-01
   6.7968211434142756e-01
   6.9534612206273105e-01
   7.1818601519226899e-01
   7.4796123974142936e-01
   7.8428864292592426e-01
   8.2658975659144585e-01
   8.7402983641132559e-01
   9.2545543172594069e-01
   9.7934194391151663e-01
   1.0337679048762032e+00
   1.0864367943786639e+00
   1.1347671225319804e+00
   1.1760636919917138e+00
   1.2077652725869454e+00
   1.2277384683612942e+00
   1.2345625944665892e+00
   1.2277384683612960e+00
   1.2077652725869492e+00
   1.1760636919917191e+00
   1.1347671225319871e+00
   1.0864367943786712e+00
   1.0337679048762110e+00
   9.7934194391152440e-01
   9.2545543172594846e-01
   8.7402983641133281e-01
   8.2658975659145251e-01
   7.8428864292592992e-01
   7.4796123974143436e-01
   7.1818601519227288e-01
   6.9534612206273383e-01
   6.7968211434142944e-01
   6.3492465138054233e-01
   5.6135938435602828e-01
   4.9552879987818366e-01
   4.3723401314862920e-01
   3.8607683988024860e-01
   3.4155616942938016e-01
   3.0313397994075453e-01
   2.7027847558890944e-01
   2.4249089588438930e-01
   2.1932117277813440e-01
   2.0037627832765381e-01
   1.8532399826728232e-01
   1.7389401902871640e-01
   1.6587759825267701e-01
   1.6112665302261178e-01
   1.5955279767381822e-01
   1.6112665302261187e-01
   1.6587759825267720e-01
   1.7389401902871668e-01
   1.8532399826728266e-01
   2.0037627832765420e-01
   2.1932117277813484e-01
   2.4249089588438988e-01
   2.7027847558891011e-01
   3.0313397994075530e-01
   3.4155616942938105e-01
   3.8607683988024960e-01
   4.3723401314863036e-01
   4.9552879987818493e-01
   5.6135938435602972e-01
   6.3492465138054388e-01
   6.3492465138054233e-01
   5.6135938435602828e-01
   4.9552879987818360e-01
   4.3723401314862920e-01
   3.8607683988024855e-01
   3.4155616942938011e-01
   3.0313397994075447e-01
   2.7027847558890944e-01
   2.4249089588438927e-01
   2.1932117277813437e-01
   2.0037627832765378e-01
   1.8532399826728232e-01
   1.7389401902871640e-01
   1.6587759825267701e-01
   1.6112665302261175e-01
   1.5955279767381819e-01
   1.6112665302261184e-01
   1.6587759825267717e-01
   1.7389401902871665e-01
   1.8532399826728263e-01
   2.0037627832765417e-01
   2.1932117277813484e-01
   2.4249089588438982e-01
   2.7027847558891011e-01
   3.0313397994075525e-01
   3.4155616942938100e-01
   3.8607683988024954e-01
   4.3723401314863025e-01
   4.9552879987818488e-01
   5.6135938435602961e-01
   6.3492465138054388e-01
   7.1349357277026570e-01
   7.9627021994578340e-01
   8.8465071972256681e-01
   9.7662857565675443e-01
   1.0692339003317157e+00
   1.1584746980665197e+00
   1.2394640043133573e+00
   1.3068106934465007e+00
   1.3552915685056268e+00
   1.3807084268177545e+00
   1.3807084268177545e+00
   1.3552915685056270e+00
   1.3068106934465007e+00
   1.2394640043133573e+00
   1.1584746980665199e+00
   1.0692339003317162e+00
   9.7662857565675454e-01
   8.8465071972256693e-01
   7.9627021994578351e-01
   7.1349357277026582e-01
