   3.8449846991625142e-01
   3.6632319911261513e-01
   3.5143884997103264e-01
   3.3978408183625308e-01
   3.3130455814963566e-01
   3.2595738068182800e-01
   3.2371407688019793e-01
   3.2456237964938622e-01
   3.2850695000128982e-01
   3.3556910545660934e-01
   3.4578553043860150e-01
   3.5920585788899367e-01
   3.7588892299697918e-01
   3.9589740088599873e-01
   4.1929045412077404e-01
   4.4611394199961768e-01
   4.7638769881469384e-01
   5.1008940095917898e-01
   5.4713465593304644e-01
   5.8735321936059082e-01
   6.3046175221016376e-01
   6.7603434430567444e-01
   7.2347320056790709e-01
   7.7198338607838046e-01
   8.2055718111883313e-01
   8.6797501141612932e-01
   9.1283043706064482e-01
   9.5358547111445158e-01
   9.8865881232142183e-01
   1.0165432385597815e+00
   1.0359403323316692e+00
   1.0458931180625550e+00
   1.0458931180625550e+00
   1.0359403323316692e+00
   1.0165432385597815e+00
   9.8865881232142194e-01
   9.5358547111445169e-01
   9.1283043706064482e-01
   8.6797501141612943e-01
   8.2055718111883325e-01
   7.7198338607838057e-01
   7.2347320056790709e-01
   6.7603434430567455e-01
   6.3046175221016387e-01
   5.8735321936059093e-01
   5.4713465593304644e-01
   5.1008940095917898e-01
   4.7638769881469389e-01
   4.4611394199961779e-01
   4.1929045412077409e-01
   3.9589740088599884e-01
   3.7588892299697929e-01
   3.5920585788899367e-01
   3.4578553043860155e-01
   3.3556910545660934e-01
   3.2850695000128993e-01
   3.2456237964938622e-01
   3.2371407688019793e-01
   3.2595738068182806e-01
   3.3130455814963572e-01
   3.3978408183625314e-01
   3.5143884997103264e-01
   3.6632319911261524e-01
   3.8449846991625142e-01
   4.1719120934444398e-01
   4.6460436696846574e-01
   5.1558917644304947e-01
   5.7002225293872166e-01
   6.2759395713112409e-01
   6.8775585034360931e-01
   7.4966773460484615e-01
   8.1215283172064745e-01
   8.7367375102819733e-01
   9.3234521863291209e-01
   9.8600002066592018e-01
   1.0323197082221178e+00
   1.0690295080735048e+00
   1.0941383867974297e+00
   1.1061853108266986e+00
   1.1044400265335104e+00
   1.0890095169202321e+00
   1.0608221562400049e+00
   1.0214938119807055e+00
   9.7311060400121374e-01
   9.1797962507190256e-01
   8.5839729405063370e-01
   7.9646959715718035e-01
   7.3399821451530789e-01
   6.7242934816365929e-01
   6.1285183575625279e-01
   5.5602781108815769e-01
   5.0244060127073664e-01
   4.5234823042595840e-01
   4.0583496469792335e-01
   3.6285677167893921e-01
   3.2327903866637875e-01
   2.8690644600334636e-01
   2.5350573090331446e-01
   2.2282243339368141e-01
   1.9459278077415498e-01
   1.6855177733458004e-01
   1.4443841002010746e-01
   1.2199870945151323e-01
   1.0098724571190464e-01
   8.6212876126023755e-02
   7.7469049565152714e-02
   6.9612611101076249e-02
   6.2555117853610523e-02
   5.6216695625531950e-02
   5.0525300070622406e-02
   4.5416017697511149e-02
   4.0830412476787419e-02
   3.6715920583991854e-02
   3.3025293619148535e-02
   2.9716089199455984e-02
   2.6750206909551408e-02
   2.4093467056070607e-02
   2.1715229396119837e-02
   1.9588048910721471e-02
   1.7687365715575248e-02
   1.5991226300853333e-02
   1.4480033439797198e-02
   1.3136322282078543e-02
   1.1944560338098244e-02
   1.0890969255085406e-02
   9.9633664787509239e-03
   9.1510250813927121e-03
   8.4445502164209631e-03
   7.8357708290884322e-03
   7.3176454133776761e-03
   6.8841807556555617e-03
   6.5303627473564446e-03
   6.2520984823364332e-03
   6.0461689805392576e-03
   5.9101919992088610e-03
   5.8425945071070642e-03
   5.8425945071070642e-03
   5.9101919992088628e-03
   6.0461689805392585e-03
   6.2520984823364358e-03
   6.5303627473564481e-03
   6.8841807556555661e-03
   7.3176454133776804e-03
   7.8357708290884374e-03
   8.4445502164209683e-03
   9.1510250813927191e-03
   9.9633664787509325e-03
   1.0890969255085415e-02
   1.1944560338098254e-02
   1.3136322282078556e-02
   1.4480033439797212e-02
   1.5991226300853346e-02
   1.7687365715575262e-02
   1.9588048910721488e-02
   2.1715229396119855e-02
   2.4093467056070631e-02
   2.6750206909551433e-02
   2.9716089199456008e-02
   3.3025293619148570e-02
   3.6715920583991882e-02
   4.0830412476787453e-02
   4.5416017697511184e-02
   5.0525300070622434e-02
   5.6216695625531977e-02
   6.2555117853610537e-02
   6.9612611101076263e-02
   7.7469049565152742e-02
   8.6212876126023769e-02
