   4.2916057512612171e-01
   4.2892456428370784e-01
   4.2863253285472686e-01
   4.1312971216491279e-01
   3.9803314696457970e-01
   3.7934293921983447e-01
   3.6420255362362142e-01
   3.5262375352752640e-01
   3.4144026567037422e-01
   3.2849140718623210e-01
   3.1396115193123164e-01
   2.9919553368780000e-01
   2.8454184317294584e-01
   2.6925755382953698e-01
   2.5250912598039005e-01
   2.3392736487764978e-01
   2.1334794863173681e-01
   1.9026070523803287e-01
   1.6360833850880463e-01
   1.3194552733820705e-01
   9.3803367708600913e-02
   4.8778873550249680e-02
  -4.5549688139219463e-05
  -4.6288700326958247e-02
  -8.6335606332400699e-02
  -1.2175142326310841e-01
  -1.5580941794293743e-01
  -1.9040696645285687e-01
  -2.2547923029828759e-01
  -2.6035946951733202e-01
  -2.9505293555007467e-01
  -3.3018490536857109e-01
  -3.6633955098449333e-01
  -4.0373198716114866e-01
  -4.4238276439042618e-01
  -4.8239700600540425e-01
  -5.2401617534300571e-01
  -5.6749257376629147e-01
  -6.1299252186454434e-01
  -6.6061001184022716e-01
  -7.1042355870853990e-01
  -7.6251686637310312e-01
  -8.1696057982503445e-01
  -8.7379749523022632e-01
  -9.3305376909757798e-01
  -9.9476345052742765e-01
  -1.0589861948165997e+00
  -1.1258133953356153e+00
  -1.1953701844663083e+00
  -1.2678192926409104e+00
  -1.3433660182645306e+00
  -1.4222611958487277e+00
  -1.5048014817570547e+00
  -1.5913286709973737e+00
  -1.6822294987879112e+00
  -1.7779357734757617e+00
  -1.8789238488059532e+00
  -1.9857127843605054e+00
  -2.0988611450391552e+00
  -2.2189625737640313e+00
  -2.3466402071359478e+00
  -2.4825401640144182e+00
  -2.6273248537697502e+00
  -2.7816674663767604e+00
  -2.9462493982453659e+00
  -3.1217623677937212e+00
  -3.3089165590689595e+00
  -3.5084553654185391e+00
  -3.7211763642678273e+00
  -3.9479573357583662e+00
  -4.1897857514128081e+00
