   5.2265550692235457e-02
   3.1480678279603089e-02
   1.1057903411157879e-02
  -9.2374958871247262e-03
  -2.9639308129170670e-02
  -5.0382102380865615e-02
  -7.1702899677912796e-02
  -9.3842702726653529e-02
  -1.1704776693593588e-01
  -1.4157046439053106e-01
  -1.6766954533480302e-01
  -1.9560953652336735e-01
  -2.2565892970089926e-01
  -2.5808670448230570e-01
  -2.9315659826500456e-01
  -3.3111838673200600e-01
  -3.7219528656980772e-01
  -4.1656646778382550e-01
  -4.6434362208706192e-01
  -5.1554066777462293e-01
  -5.7003611691989586e-01
  -6.2752856943834667e-01
  -6.8748743367370813e-01
  -7.4910345916912335e-01
  -8.1124697020061376e-01
  -8.7244537077399065e-01
  -9.3089447480825316e-01
  -9.8451868438881396e-01
  -1.0310907683229587e+00
  -1.0684113571787852e+00
  -1.0945318525469294e+00
  -1.1079864115903644e+00
  -1.1079864115903637e+00
  -1.0945318525469274e+00
  -1.0684113571787821e+00
  -1.0310907683229547e+00
  -9.8451868438880907e-01
  -9.3089447480824772e-01
  -8.7244537077398487e-01
  -8.1124697020060776e-01
  -7.4910345916911736e-01
  -6.8748743367370224e-01
  -6.2752856943834112e-01
  -5.7003611691989042e-01
  -5.1554066777461793e-01
  -4.6434362208705732e-01
  -4.1656646778382128e-01
  -3.7219528656980394e-01
  -3.3111838673200245e-01
  -2.9315659826500146e-01
  -2.5808670448230286e-01
  -2.2565892970089679e-01
  -1.9560953652336521e-01
  -1.6766954533480113e-01
  -1.4157046439052942e-01
  -1.1704776693593448e-01
  -9.3842702726652322e-02
  -7.1702899677911797e-02
  -5.0382102380864789e-02
  -2.9639308129170004e-02
  -9.2374958871242197e-03
   1.1057903411158233e-02
   3.1480678279603297e-02
   5.2265550692235520e-02
   8.4739552082645844e-02
   1.2930404793525643e-01
   1.7537096774840408e-01
   2.2342634922298818e-01
   2.7392943677151332e-01
   3.2729589642812768e-01
   3.8387353787273448e-01
   4.4390854554266357e-01
   5.0750041744746233e-01
   5.7454459563999261e-01
   6.4466354805608350e-01
   7.1713028778088272e-01
   7.9079333338838831e-01
   8.6401876971940716e-01
   9.3467213722235365e-01
   1.0001674807966687e+00
   1.0576084777002721e+00
   1.1040323544031125e+00
   1.1367396813041568e+00
   1.1536578756642832e+00
   1.1536578756642837e+00
   1.1367396813041579e+00
   1.1040323544031141e+00
   1.0576084777002741e+00
   1.0001674807966712e+00
   9.3467213722235631e-01
   8.6401876971941016e-01
   7.9079333338839120e-01
   7.1713028778088561e-01
   6.4466354805608639e-01
   5.7454459563999527e-01
   5.0750041744746477e-01
   4.4390854554266579e-01
   3.8387353787273654e-01
   3.2729589642812951e-01
   2.7392943677151493e-01
   2.2342634922298960e-01
   1.7537096774840527e-01
   1.2930404793525746e-01
   8.4739552082646677e-02
   5.2265550692236123e-02
   3.1480678279603623e-02
   1.1057903411158284e-02
  -9.2374958871244469e-03
  -2.9639308129170514e-02
  -5.0382102380865587e-02
  -7.1702899677912879e-02
  -9.3842702726653709e-02
  -1.1704776693593620e-01
  -1.4157046439053148e-01
  -1.6766954533480355e-01
  -1.9560953652336799e-01
  -2.2565892970089999e-01
  -2.5808670448230653e-01
  -2.9315659826500556e-01
  -3.3111838673200705e-01
  -3.7219528656980894e-01
  -4.1656646778382678e-01
  -4.6434362208706337e-01
  -5.1554066777462448e-01
  -5.7003611691989742e-01
  -6.2752856943834845e-01
  -6.8748743367370990e-01
  -7.4910345916912513e-01
  -8.1124697020061565e-01
  -8.7244537077399242e-01
  -9.3089447480825493e-01
  -9.8451868438881562e-01
  -1.0310907683229602e+00
  -1.0684113571787863e+00
  -1.0945318525469301e+00
  -1.1079864115903646e+00
  -1.1079864115903635e+00
  -1.0945318525469268e+00
  -1.0684113571787812e+00
  -1.0310907683229535e+00
  -9.8451868438880774e-01
  -9.3089447480824605e-01
  -8.7244537077398299e-01
  -8.1124697020060599e-01
  -7.4910345916911536e-01
  -6.8748743367370035e-01
  -6.2752856943833923e-01
  -5.7003611691988876e-01
  -5.1554066777461638e-01
  -4.6434362208705582e-01
  -4.1656646778381989e-01
  -3.7219528656980261e-01
  -3.3111838673200134e-01
  -2.9315659826500035e-01
  -2.5808670448230187e-01
  -2.2565892970089585e-01
  -1.9560953652336430e-01
  -1.6766954533480030e-01
  -1.4157046439052864e-01
  -1.1704776693593373e-01
  -9.3842702726651600e-02
  -7.1702899677911089e-02
  -5.0382102380864102e-02
  -2.9639308129169331e-02
  -9.2374958871235396e-03
   1.1057903411158924e-02
   3.1480678279603998e-02
   5.2265550692236248e-02
