   5.6048465515884140e-02
   3.7119082798168973e-02
   1.8758034825011816e-02
   6.8456435923466700e-04
  -1.7378406483555028e-02
  -3.5707820594350494e-02
  -5.4584032188735115e-02
  -7.4294301287937639e-02
  -9.5136167717502093e-02
  -1.1742060383669227e-01
  -1.4147479185012013e-01
  -1.6764429076440504e-01
  -1.9629424113514207e-01
  -2.2780909148819770e-01
  -2.6259010554414747e-01
  -3.0104961095665433e-01
  -3.4360056956783835e-01
  -3.9063959143537957e-01
  -4.4252101646917685e-01
  -4.9951924496916483e-01
  -5.6177631228171365e-01
  -6.2923213424685454e-01
  -7.0153647169581801e-01
  -7.7794525330606212e-01
  -8.5721027811102035e-01
  -9.3748087342007291e-01
  -1.0162478174812732e+00
  -1.0903701185394492e+00
  -1.1562270105622838e+00
  -1.2100216636733310e+00
  -1.2482237861838346e+00
  -1.2680814817592871e+00
  -1.2680814817592831e+00
  -1.2482237861838239e+00
  -1.2100216636733141e+00
  -1.1562270105622618e+00
  -1.0903701185394239e+00
  -1.0162478174812455e+00
  -9.3748087342004405e-01
  -8.5721027811099160e-01
  -7.7794525330603415e-01
  -7.0153647169579136e-01
  -6.2923213424682967e-01
  -5.6177631228169056e-01
  -4.9951924496914379e-01
  -4.4252101646915787e-01
  -3.9063959143536248e-01
  -3.4360056956782298e-01
  -3.0104961095664068e-01
  -2.6259010554413542e-01
  -2.2780909148818701e-01
  -1.9629424113513269e-01
  -1.6764429076439685e-01
  -1.4147479185011300e-01
  -1.1742060383668612e-01
  -9.5136167717496792e-02
  -7.4294301287933129e-02
  -5.4584032188731327e-02
  -3.5707820594347378e-02
  -1.7378406483552544e-02
   6.8456435923656489e-04
   1.8758034825013155e-02
   3.7119082798169778e-02
   5.6048465515884417e-02
   8.6094776090818906e-02
   1.2775904279031053e-01
   1.7141466915246772e-01
   2.1769733278506387e-01
   2.6723793368999793e-01
   3.2064946656303156e-01
   3.7850422790414973e-01
   4.4129770396999429e-01
   5.0939487829200381e-01
   5.8295461168980078e-01
   6.6182888876950063e-01
   7.4543718629447508e-01
   8.3262339948457897e-01
   9.2151486886192402e-01
   1.0094198507106742e+00
   1.0928174882794943e+00
   1.1675034967832598e+00
   1.2289406737491413e+00
   1.2728130724945099e+00
   1.2956996148685676e+00
   1.2956996148685684e+00
   1.2728130724945117e+00
   1.2289406737491444e+00
   1.1675034967832643e+00
   1.0928174882794994e+00
   1.0094198507106797e+00
   9.2151486886192968e-01
   8.3262339948458453e-01
   7.4543718629448064e-01
   6.6182888876950585e-01
   5.8295461168980567e-01
   5.0939487829200814e-01
   4.4129770396999829e-01
   3.7850422790415328e-01
   3.2064946656303467e-01
   2.6723793369000065e-01
   2.1769733278506626e-01
   1.7141466915246970e-01
   1.2775904279031225e-01
   8.6094776090820321e-02
   5.6048465515885541e-02
   3.7119082798170611e-02
   1.8758034825013720e-02
   6.8456435923686587e-04
  -1.7378406483552499e-02
  -3.5707820594347593e-02
  -5.4584032188731813e-02
  -7.4294301287933878e-02
  -9.5136167717497819e-02
  -1.1742060383668744e-01
  -1.4147479185011463e-01
  -1.6764429076439880e-01
  -1.9629424113513505e-01
  -2.2780909148818981e-01
  -2.6259010554413864e-01
  -3.0104961095664440e-01
  -3.4360056956782725e-01
  -3.9063959143536731e-01
  -4.4252101646916336e-01
  -4.9951924496914996e-01
  -5.6177631228169744e-01
  -6.2923213424683710e-01
  -7.0153647169579958e-01
  -7.7794525330604281e-01
  -8.5721027811100059e-01
  -9.3748087342005337e-01
  -1.0162478174812544e+00
  -1.0903701185394323e+00
  -1.1562270105622694e+00
  -1.2100216636733199e+00
  -1.2482237861838275e+00
  -1.2680814817592849e+00
  -1.2680814817592863e+00
  -1.2482237861838315e+00
  -1.2100216636733261e+00
  -1.1562270105622774e+00
  -1.0903701185394417e+00
  -1.0162478174812648e+00
  -9.3748087342006414e-01
  -8.5721027811101147e-01
  -7.7794525330605346e-01
  -7.0153647169580968e-01
  -6.2923213424684665e-01
  -5.6177631228170621e-01
  -4.9951924496915806e-01
  -4.4252101646917075e-01
  -3.9063959143537402e-01
  -3.4360056956783330e-01
  -3.0104961095664978e-01
  -2.6259010554414342e-01
  -2.2780909148819403e-01
  -1.9629424113513880e-01
  -1.6764429076440210e-01
  -1.4147479185011749e-01
  -1.1742060383668990e-01
  -9.5136167717499942e-02
  -7.4294301287935668e-02
  -5.4584032188733318e-02
  -3.5707820594348835e-02
  -1.7378406483553491e-02
   6.8456435923610855e-04
   1.8758034825013183e-02
   3.7119082798170291e-02
   5.6048465515885430e-02
