   3.1520965011609121e-02
   2.2850673707220492e-02
   1.5102916340044308e-02
   7.9649838417831711e-03
   1.1486863797962059e-03
  -5.6212244543050920e-03
  -1.2618130126025936e-02
  -2.0124546836140310e-02
  -2.8443482957950440e-02
  -3.7910590218938167e-02
  -4.8907565962781827e-02
  -6.1877289165109449e-02
  -7.7341195883408514e-02
  -9.5919404059340477e-02
  -1.1835405156336956e-01
  -1.4553615600482869e-01
  -1.7853593130189802e-01
  -2.1863570731012918e-01
  -2.6736304532960364e-01
  -3.2651871968098573e-01
  -3.9818893902807861e-01
  -4.8472194505222638e-01
  -5.8863379248563763e-01
  -7.1238449254777980e-01
  -8.5793391037979350e-01
  -1.0259558944951159e+00
  -1.2145914996377127e+00
  -1.4177353116702605e+00
  -1.6231998940869772e+00
  -1.8117716209752788e+00
  -1.9588658995319848e+00
  -2.0401719577237425e+00
  -2.0401719577232051e+00
  -1.9588658995304802e+00
  -1.8117716209730805e+00
  -1.6231998940844135e+00
  -1.4177353116676186e+00
  -1.2145914996351930e+00
  -1.0259558944928320e+00
  -8.5793391037779165e-01
  -7.1238449254606473e-01
  -5.8863379248419045e-01
  -4.8472194505101768e-01
  -3.9818893902707603e-01
  -3.2651871968015789e-01
  -2.6736304532892224e-01
  -2.1863570730956958e-01
  -1.7853593130143910e-01
  -1.4553615600445274e-01
  -1.1835405156306190e-01
  -9.5919404059088914e-02
  -7.7341195883203054e-02
  -6.1877289164941840e-02
  -4.8907565962645325e-02
  -3.7910590218827298e-02
  -2.8443482957860738e-02
  -2.0124546836068149e-02
  -1.2618130125968404e-02
  -5.6212244542598669e-03
   1.1486863798309500e-03
   7.9649838418088380e-03
   1.5102916340061934e-02
   2.2850673707230793e-02
   3.1520965011612508e-02
   4.6619681228581233e-02
   6.8825773682810287e-02
   9.3908998060027976e-02
   1.2291024477615599e-01
   1.5702403148991007e-01
   1.9763935529475021e-01
   2.4638094358558607e-01
   3.0514624149099817e-01
   3.7612824400505296e-01
   4.6180497836492740e-01
   5.6486062586538455e-01
   6.8797814972771976e-01
   8.3340789118218928e-01
   1.0021784567834984e+00
   1.1928071602166390e+00
   1.3994696718303825e+00
   1.6099493073207198e+00
   1.8044246332755527e+00
   1.9569992206121261e+00
   2.0416677716853671e+00
   2.0416677716853453e+00
   1.9569992206120657e+00
   1.8044246332754648e+00
   1.6099493073206181e+00
   1.3994696718302784e+00
   1.1928071602165404e+00
   1.0021784567834096e+00
   8.3340789118211223e-01
   6.8797814972765436e-01
   5.6486062586532970e-01
   4.6180497836488199e-01
   3.7612824400501560e-01
   3.0514624149096758e-01
   2.4638094358556120e-01
   1.9763935529473012e-01
   1.5702403148989397e-01
   1.2291024477614323e-01
   9.3908998060018026e-02
   6.8825773682802738e-02
   4.6619681228575773e-02
   3.1520965011607352e-02
   2.2850673707224167e-02
   1.5102916340053577e-02
   7.9649838417984089e-03
   1.1486863798180291e-03
  -5.6212244542758029e-03
  -1.2618130125987998e-02
  -2.0124546836092185e-02
  -2.8443482957890193e-02
  -3.7910590218863359e-02
  -4.8907565962689442e-02
  -6.1877289164995776e-02
  -7.7341195883268973e-02
  -9.5919404059169489e-02
  -1.1835405156316030e-01
  -1.4553615600457287e-01
  -1.7853593130158565e-01
  -2.1863570730974821e-01
  -2.6736304532913974e-01
  -3.2651871968042206e-01
  -3.9818893902739588e-01
  -4.8472194505140331e-01
  -5.8863379248465209e-01
  -7.1238449254661185e-01
  -8.5793391037843014e-01
  -1.0259558944935605e+00
  -1.2145914996359968e+00
  -1.4177353116684610e+00
  -1.6231998940852312e+00
  -1.8117716209737820e+00
  -1.9588658995309607e+00
  -2.0401719577233770e+00
  -2.0401719577235715e+00
  -1.9588658995315054e+00
  -1.8117716209745778e+00
  -1.6231998940861594e+00
  -1.4177353116694176e+00
  -1.2145914996369089e+00
  -1.0259558944943872e+00
  -8.5793391037915456e-01
  -7.1238449254723257e-01
  -5.8863379248517589e-01
  -4.8472194505184074e-01
  -3.9818893902775876e-01
  -3.2651871968072160e-01
  -2.6736304532938632e-01
  -2.1863570730995074e-01
  -1.7853593130175174e-01
  -1.4553615600470893e-01
  -1.1835405156327163e-01
  -9.5919404059260499e-02
  -7.7341195883343331e-02
  -6.1877289165056415e-02
  -4.8907565962738812e-02
  -3.7910590218903459e-02
  -2.8443482957922640e-02
  -2.0124546836118282e-02
  -1.2618130126008804e-02
  -5.6212244542921579e-03
   1.1486863798054639e-03
   7.9649838417891264e-03
   1.5102916340047200e-02
   2.2850673707220440e-02
   3.1520965011606124e-02
