   5.3455588287163271e-02
   3.2990467195193607e-02
   1.2927784418221813e-02
  -6.9769675965959729e-03
  -2.6966968848303692e-02
  -4.7286117760349661e-02
  -6.8181046198665635e-02
  -8.9903010334367706e-02
  -1.1270954645033072e-01
  -1.3686574845364419e-01
  -1.6264497446002540e-01
  -1.9032872005548462e-01
  -2.2020530186702728e-01
  -2.5256687324984101e-01
  -2.8770414229608471e-01
  -3.2589798353454102e-01
  -3.6740694036369870e-01
  -4.1244943391525052e-01
  -4.6117938190043023e-01
  -5.1365398629494241e-01
  -5.6979282656304076e-01
  -6.2932831485211727e-01
  -6.9174929789019846e-01
  -7.5624237142765038e-01
  -8.2163936989757569e-01
  -8.8638411801278150e-01
  -9.4853570470115589e-01
  -1.0058270780474983e+00
  -1.0557937435865854e+00
  -1.0959753151336875e+00
  -1.1241727492604292e+00
  -1.1387211081167479e+00
  -1.1387211081167481e+00
  -1.1241727492604294e+00
  -1.0959753151336880e+00
  -1.0557937435865858e+00
  -1.0058270780474989e+00
  -9.4853570470115678e-01
  -8.8638411801278227e-01
  -8.2163936989757669e-01
  -7.5624237142765138e-01
  -6.9174929789019934e-01
  -6.2932831485211815e-01
  -5.6979282656304153e-01
  -5.1365398629494319e-01
  -4.6117938190043101e-01
  -4.1244943391525118e-01
  -3.6740694036369936e-01
  -3.2589798353454164e-01
  -2.8770414229608521e-01
  -2.5256687324984145e-01
  -2.2020530186702769e-01
  -1.9032872005548496e-01
  -1.6264497446002571e-01
  -1.3686574845364444e-01
  -1.1270954645033092e-01
  -8.9903010334367858e-02
  -6.8181046198665773e-02
  -4.7286117760349772e-02
  -2.6966968848303775e-02
  -6.9769675965960362e-03
   1.2927784418221767e-02
   3.2990467195193579e-02
   5.3455588287163264e-02
   8.5521231915462792e-02
   1.2960888125866563e-01
   1.7529619240584604e-01
   2.2309820982438286e-01
   2.7350662488695704e-01
   3.2697341166489174e-01
   3.8388648534769554e-01
   4.4453508788171819e-01
   5.0906268760678119e-01
   5.7740586312686903e-01
   6.4921938779610877e-01
   7.2379110587941375e-01
   7.9995568670315176e-01
   8.7602396159183504e-01
   9.4975310647052891e-01
   1.0183892702759187e+00
   1.0788129992195721e+00
   1.1278028672936045e+00
   1.1624013017422521e+00
   1.1803246910469007e+00
   1.1803246910469005e+00
   1.1624013017422514e+00
   1.1278028672936031e+00
   1.0788129992195705e+00
   1.0183892702759170e+00
   9.4975310647052680e-01
   8.7602396159183271e-01
   7.9995568670314943e-01
   7.2379110587941131e-01
   6.4921938779610655e-01
   5.7740586312686693e-01
   5.0906268760677931e-01
   4.4453508788171642e-01
   3.8388648534769393e-01
   3.2697341166489036e-01
   2.7350662488695576e-01
   2.2309820982438183e-01
   1.7529619240584512e-01
   1.2960888125866485e-01
   8.5521231915462140e-02
   5.3455588287162736e-02
   3.2990467195193211e-02
   1.2927784418221545e-02
  -6.9769675965961125e-03
  -2.6966968848303706e-02
  -4.7286117760349557e-02
  -6.8181046198665399e-02
  -8.9903010334367331e-02
  -1.1270954645033024e-01
  -1.3686574845364355e-01
  -1.6264497446002465e-01
  -1.9032872005548374e-01
  -2.2020530186702633e-01
  -2.5256687324983990e-01
  -2.8770414229608349e-01
  -3.2589798353453969e-01
  -3.6740694036369714e-01
  -4.1244943391524874e-01
  -4.6117938190042823e-01
  -5.1365398629494008e-01
  -5.6979282656303831e-01
  -6.2932831485211471e-01
  -6.9174929789019579e-01
  -7.5624237142764761e-01
  -8.2163936989757302e-01
  -8.8638411801277872e-01
  -9.4853570470115345e-01
  -1.0058270780474960e+00
  -1.0557937435865834e+00
  -1.0959753151336860e+00
  -1.1241727492604283e+00
  -1.1387211081167476e+00
  -1.1387211081167483e+00
  -1.1241727492604303e+00
  -1.0959753151336895e+00
  -1.0557937435865878e+00
  -1.0058270780475014e+00
  -9.4853570470115933e-01
  -8.8638411801278505e-01
  -8.2163936989757946e-01
  -7.5624237142765394e-01
  -6.9174929789020201e-01
  -6.2932831485212071e-01
  -5.6979282656304397e-01
  -5.1365398629494541e-01
  -4.6117938190043306e-01
  -4.1244943391525313e-01
  -3.6740694036370108e-01
  -3.2589798353454319e-01
  -2.8770414229608665e-01
  -2.5256687324984278e-01
  -2.2020530186702889e-01
  -1.9032872005548607e-01
  -1.6264497446002671e-01
  -1.3686574845364538e-01
  -1.1270954645033181e-01
  -8.9903010334368677e-02
  -6.8181046198666523e-02
  -4.7286117760350486e-02
  -2.6966968848304452e-02
  -6.9769675965966841e-03
   1.2927784418221141e-02
   3.2990467195192962e-02
   5.3455588287162653e-02
