   5.0473795123077425e-02
   3.5822082110461194e-02
   2.2026613396255300e-02
   8.7579789511932158e-03
  -4.3011125061025073e-03
  -1.7463117002234491e-02
  -3.1042866366682215e-02
  -4.5364815119799368e-02
  -6.0770427709284029e-02
  -7.7625794313010574e-02
  -9.6329530045848349e-02
  -1.1732095305484205e-01
  -1.4108843669030022e-01
  -1.6817766592798578e-01
  -1.9919926196343682e-01
  -2.3483481687508601e-01
  -2.7583972389596773e-01
  -3.2304019078343449e-01
  -3.7732034998774255e-01
  -4.3959329110703516e-01
  -5.1074706416554005e-01
  -5.9155339247996619e-01
  -6.8252371786480237e-01
  -7.8369617545480774e-01
  -8.9434207186510639e-01
  -1.0125980225644038e+00
  -1.1350685147293766e+00
  -1.2565082194391237e+00
  -1.3697722420300398e+00
  -1.4662692433648223e+00
  -1.5370828582890712e+00
  -1.5746711161055695e+00
  -1.5746711161055520e+00
  -1.5370828582890210e+00
  -1.4662692433647446e+00
  -1.3697722420299427e+00
  -1.2565082194390156e+00
  -1.1350685147292645e+00
  -1.0125980225642937e+00
  -8.9434207186500181e-01
  -7.8369617545471137e-01
  -6.8252371786471522e-01
  -5.9155339247988858e-01
  -5.1074706416547155e-01
  -4.3959329110697526e-01
  -3.7732034998769065e-01
  -3.2304019078338952e-01
  -2.7583972389592898e-01
  -2.3483481687505270e-01
  -1.9919926196340826e-01
  -1.6817766592796135e-01
  -1.4108843669027935e-01
  -1.1732095305482426e-01
  -9.6329530045833264e-02
  -7.7625794312997820e-02
  -6.0770427709273316e-02
  -4.5364815119790451e-02
  -3.1042866366674873e-02
  -1.7463117002228551e-02
  -4.3011125060978279e-03
   8.7579789511967442e-03
   2.2026613396257763e-02
   3.5822082110462658e-02
   5.0473795123077911e-02
   7.4554015434801585e-02
   1.0870005902094811e-01
   1.4551893787869463e-01
   1.8588875332971827e-01
   2.3074486540583955e-01
   2.8108359957442053e-01
   3.3795618999268984e-01
   4.0244668938720707e-01
   4.7562445730252412e-01
   5.5845789119116163e-01
   6.5167188301627466e-01
   7.5552889973440851e-01
   8.6951674549996760e-01
   9.9194256803699365e-01
   1.1194733242768100e+00
   1.2467365165013498e+00
   1.3661930969862703e+00
   1.4685664302169195e+00
   1.5440527417667265e+00
   1.5842472948669752e+00
   1.5842472948669728e+00
   1.5440527417667205e+00
   1.4685664302169104e+00
   1.3661930969862586e+00
   1.2467365165013367e+00
   1.1194733242767969e+00
   9.9194256803698089e-01
   8.6951674549995572e-01
   7.5552889973439774e-01
   6.5167188301626500e-01
   5.5845789119115319e-01
   4.7562445730251679e-01
   4.0244668938720080e-01
   3.3795618999268456e-01
   2.8108359957441603e-01
   2.3074486540583578e-01
   1.8588875332971516e-01
   1.4551893787869211e-01
   1.0870005902094609e-01
   7.4554015434800031e-02
   5.0473795123076717e-02
   3.5822082110461721e-02
   2.2026613396257048e-02
   8.7579789511962446e-03
  -4.3011125060981306e-03
  -1.7463117002228665e-02
  -3.1042866366674797e-02
  -4.5364815119790187e-02
  -6.0770427709272865e-02
  -7.7625794312997168e-02
  -9.6329530045832390e-02
  -1.1732095305482315e-01
  -1.4108843669027796e-01
  -1.6817766592795963e-01
  -1.9919926196340626e-01
  -2.3483481687505034e-01
  -2.7583972389592620e-01
  -3.2304019078338636e-01
  -3.7732034998768682e-01
  -4.3959329110697087e-01
  -5.1074706416546645e-01
  -5.9155339247988270e-01
  -6.8252371786470889e-01
  -7.8369617545470427e-01
  -8.9434207186499426e-01
  -1.0125980225642857e+00
  -1.1350685147292563e+00
  -1.2565082194390080e+00
  -1.3697722420299363e+00
  -1.4662692433647395e+00
  -1.5370828582890177e+00
  -1.5746711161055511e+00
  -1.5746711161055711e+00
  -1.5370828582890752e+00
  -1.4662692433648279e+00
  -1.3697722420300469e+00
  -1.2565082194391315e+00
  -1.1350685147293844e+00
  -1.0125980225644116e+00
  -8.9434207186511372e-01
  -7.8369617545481463e-01
  -6.8252371786480859e-01
  -5.9155339247997163e-01
  -5.1074706416554494e-01
  -4.3959329110703949e-01
  -3.7732034998774638e-01
  -3.2304019078343782e-01
  -2.7583972389597061e-01
  -2.3483481687508856e-01
  -1.9919926196343907e-01
  -1.6817766592798772e-01
  -1.4108843669030191e-01
  -1.1732095305484355e-01
  -9.6329530045849696e-02
  -7.7625794313011781e-02
  -6.0770427709285132e-02
  -4.5364815119800408e-02
  -3.1042866366683210e-02
  -1.7463117002235466e-02
  -4.3011125061034874e-03
   8.7579789511922062e-03
   2.2026613396254238e-02
   3.5822082110460056e-02
   5.0473795123076169e-02
