   5.4692827869188186e-02
   4.2879102414084498e-02
   3.0946261480655511e-02
   1.8927979276275830e-02
   6.8576564530967886e-03
  -5.2314796789420630e-03
  -1.7306265741356856e-02
  -2.9333489530135575e-02
  -4.1279779812141523e-02
  -5.3111504537874742e-02
  -6.4794683210149168e-02
  -7.6294918931572336e-02
  -8.7577355333531046e-02
  -9.8606663152844540e-02
  -1.0934706065551868e-01
  -1.1976237139730710e-01
  -1.2981612194855599e-01
  -1.3947168119233913e-01
  -1.4869244163465853e-01
  -1.5744204185840063e-01
  -1.6568462783585863e-01
  -1.7338514932811877e-01
  -1.8050968609663143e-01
  -1.8702579719767892e-01
  -1.9290288529796346e-01
  -1.9811256681772382e-01
  -2.0262903785466677e-01
  -2.0642942533885389e-01
  -2.0949411277353430e-01
  -2.1180703026827341e-01
  -2.1335589938243080e-01
  -2.1413242455474046e-01
  -2.1413242455474049e-01
  -2.1335589938243085e-01
  -2.1180703026827349e-01
  -2.0949411277353441e-01
  -2.0642942533885406e-01
  -2.0262903785466693e-01
  -1.9811256681772405e-01
  -1.9290288529796371e-01
  -1.8702579719767920e-01
  -1.8050968609663176e-01
  -1.7338514932811910e-01
  -1.6568462783585899e-01
  -1.5744204185840102e-01
  -1.4869244163465895e-01
  -1.3947168119233949e-01
  -1.2981612194855632e-01
  -1.1976237139730744e-01
  -1.0934706065551900e-01
  -9.8606663152844831e-02
  -8.7577355333531323e-02
  -7.6294918931572600e-02
  -6.4794683210149404e-02
  -5.3111504537874950e-02
  -4.1279779812141718e-02
  -2.9333489530135742e-02
  -1.7306265741357005e-02
  -5.2314796789421913e-03
   6.8576564530966845e-03
   1.8927979276275746e-02
   3.0946261480655452e-02
   4.2879102414084470e-02
   5.4692827869188179e-02
   7.2400482440680619e-02
   9.5941614781311108e-02
   1.1919209062793260e-01
   1.4206954844764280e-01
   1.6448540901190084e-01
   1.8634423522715182e-01
   2.0754342112787350e-01
   2.2797326351870270e-01
   2.4751746292595031e-01
   2.6605408895718330e-01
   2.8345702818606938e-01
   2.9959791009792514e-01
   3.1434847897087881e-01
   3.2758334820109525e-01
   3.3918304078346445e-01
   3.4903718851447307e-01
   3.5704773661106787e-01
   3.6313198354908782e-01
   3.6722528124810383e-01
   3.6928323041111810e-01
   3.6928323041111810e-01
   3.6722528124810389e-01
   3.6313198354908788e-01
   3.5704773661106787e-01
   3.4903718851447313e-01
   3.3918304078346445e-01
   3.2758334820109530e-01
   3.1434847897087886e-01
   2.9959791009792519e-01
   2.8345702818606938e-01
   2.6605408895718335e-01
   2.4751746292595034e-01
   2.2797326351870273e-01
   2.0754342112787352e-01
   1.8634423522715182e-01
   1.6448540901190090e-01
   1.4206954844764283e-01
   1.1919209062793262e-01
   9.5941614781311135e-02
   7.2400482440680647e-02
   5.4692827869188228e-02
   4.2879102414084526e-02
   3.0946261480655535e-02
   1.8927979276275850e-02
   6.8576564530968024e-03
  -5.2314796789420552e-03
  -1.7306265741356852e-02
  -2.9333489530135575e-02
  -4.1279779812141530e-02
  -5.3111504537874742e-02
  -6.4794683210149182e-02
  -7.6294918931572350e-02
  -8.7577355333531046e-02
  -9.8606663152844554e-02
  -1.0934706065551870e-01
  -1.1976237139730712e-01
  -1.2981612194855599e-01
  -1.3947168119233913e-01
  -1.4869244163465858e-01
  -1.5744204185840063e-01
  -1.6568462783585863e-01
  -1.7338514932811874e-01
  -1.8050968609663143e-01
  -1.8702579719767889e-01
  -1.9290288529796340e-01
  -1.9811256681772371e-01
  -2.0262903785466663e-01
  -2.0642942533885378e-01
  -2.0949411277353419e-01
  -2.1180703026827327e-01
  -2.1335589938243066e-01
  -2.1413242455474030e-01
  -2.1413242455474030e-01
  -2.1335589938243069e-01
  -2.1180703026827333e-01
  -2.0949411277353425e-01
  -2.0642942533885386e-01
  -2.0262903785466671e-01
  -1.9811256681772382e-01
  -1.9290288529796348e-01
  -1.8702579719767898e-01
  -1.8050968609663154e-01
  -1.7338514932811891e-01
  -1.6568462783585877e-01
  -1.5744204185840083e-01
  -1.4869244163465872e-01
  -1.3947168119233927e-01
  -1.2981612194855613e-01
  -1.1976237139730725e-01
  -1.0934706065551882e-01
  -9.8606663152844665e-02
  -8.7577355333531143e-02
  -7.6294918931572434e-02
  -6.4794683210149251e-02
  -5.3111504537874811e-02
  -4.1279779812141572e-02
  -2.9333489530135613e-02
  -1.7306265741356883e-02
  -5.2314796789420812e-03
   6.8576564530967834e-03
   1.8927979276275837e-02
   3.0946261480655525e-02
   4.2879102414084519e-02
   5.4692827869188221e-02
