   5.5735686157801279e-02
   3.6383909969245849e-02
   1.7558906878976471e-02
  -1.0115313388197520e-03
  -1.9596640490191310e-02
  -3.8465828492137699e-02
  -5.7891816453635357e-02
  -7.8153710238806823e-02
  -9.9539920566528717e-02
  -1.2235081694395165e-01
  -1.4690094749147470e-01
  -1.7352057747286365e-01
  -2.0255618660802976e-01
  -2.3436940979283630e-01
  -2.6933369763294512e-01
  -3.0782770365327772e-01
  -3.5022407196981903e-01
  -3.9687191603200039e-01
  -4.4807089092077362e-01
  -5.0403447106310661e-01
  -5.6484004780124275e-01
  -6.3036408740759675e-01
  -7.0020233228582218e-01
  -7.7357850724988508e-01
  -8.4925077867466225e-01
  -9.2543338616407467e-01
  -9.9976025108831656e-01
  -1.0693246353300623e+00
  -1.1308282487793260e+00
  -1.1808577514882288e+00
  -1.2162729269704089e+00
  -1.2346450688708990e+00
  -1.2346450688708990e+00
  -1.2162729269704096e+00
  -1.1808577514882299e+00
  -1.1308282487793273e+00
  -1.0693246353300641e+00
  -9.9976025108831879e-01
  -9.2543338616407689e-01
  -8.4925077867466459e-01
  -7.7357850724988741e-01
  -7.0020233228582440e-01
  -6.3036408740759886e-01
  -5.6484004780124486e-01
  -5.0403447106310861e-01
  -4.4807089092077534e-01
  -3.9687191603200200e-01
  -3.5022407196982047e-01
  -3.0782770365327894e-01
  -2.6933369763294623e-01
  -2.3436940979283727e-01
  -2.0255618660803065e-01
  -1.7352057747286442e-01
  -1.4690094749147536e-01
  -1.2235081694395224e-01
  -9.9539920566529216e-02
  -7.8153710238807253e-02
  -5.7891816453635718e-02
  -3.8465828492137998e-02
  -1.9596640490191549e-02
  -1.0115313388199304e-03
   1.7558906878976349e-02
   3.6383909969245787e-02
   5.5735686157801265e-02
   8.6345653251204121e-02
   1.2869523033383895e-01
   1.7293878495144863e-01
   2.1968128051495947e-01
   2.6951750746395053e-01
   3.2301788451210839e-01
   3.8070496217415001e-01
   4.4301733461787302e-01
   5.1025726821529405e-01
   5.8251852379216318e-01
   6.5959223180776627e-01
   7.4085222434750930e-01
   8.2512805919420951e-01
   9.1058489037291346e-01
   9.9464371692905218e-01
   1.0739896155473097e+00
   1.1447209800203082e+00
   1.2026775930447604e+00
   1.2439402556827779e+00
   1.2654246011629695e+00
   1.2654246011629691e+00
   1.2439402556827772e+00
   1.2026775930447595e+00
   1.1447209800203071e+00
   1.0739896155473083e+00
   9.9464371692905063e-01
   9.1058489037291201e-01
   8.2512805919420795e-01
   7.4085222434750797e-01
   6.5959223180776505e-01
   5.8251852379216196e-01
   5.1025726821529294e-01
   4.4301733461787213e-01
   3.8070496217414912e-01
   3.2301788451210761e-01
   2.6951750746394981e-01
   2.1968128051495889e-01
   1.7293878495144813e-01
   1.2869523033383848e-01
   8.6345653251203733e-02
   5.5735686157800925e-02
   3.6383909969245495e-02
   1.7558906878976110e-02
  -1.0115313388201243e-03
  -1.9596640490191702e-02
  -3.8465828492138116e-02
  -5.7891816453635794e-02
  -7.8153710238807295e-02
  -9.9539920566529244e-02
  -1.2235081694395221e-01
  -1.4690094749147528e-01
  -1.7352057747286428e-01
  -2.0255618660803049e-01
  -2.3436940979283705e-01
  -2.6933369763294596e-01
  -3.0782770365327861e-01
  -3.5022407196982003e-01
  -3.9687191603200145e-01
  -4.4807089092077468e-01
  -5.0403447106310773e-01
  -5.6484004780124397e-01
  -6.3036408740759797e-01
  -7.0020233228582329e-01
  -7.7357850724988619e-01
  -8.4925077867466336e-01
  -9.2543338616407556e-01
  -9.9976025108831734e-01
  -1.0693246353300627e+00
  -1.1308282487793262e+00
  -1.1808577514882292e+00
  -1.2162729269704089e+00
  -1.2346450688708985e+00
  -1.2346450688708990e+00
  -1.2162729269704096e+00
  -1.1808577514882299e+00
  -1.1308282487793275e+00
  -1.0693246353300643e+00
  -9.9976025108831890e-01
  -9.2543338616407722e-01
  -8.4925077867466470e-01
  -7.7357850724988764e-01
  -7.0020233228582462e-01
  -6.3036408740759919e-01
  -5.6484004780124508e-01
  -5.0403447106310872e-01
  -4.4807089092077557e-01
  -3.9687191603200217e-01
  -3.5022407196982064e-01
  -3.0782770365327911e-01
  -2.6933369763294640e-01
  -2.3436940979283744e-01
  -2.0255618660803082e-01
  -1.7352057747286456e-01
  -1.4690094749147553e-01
  -1.2235081694395240e-01
  -9.9539920566529411e-02
  -7.8153710238807447e-02
  -5.7891816453635912e-02
  -3.8465828492138213e-02
  -1.9596640490191775e-02
  -1.0115313388201817e-03
   1.7558906878976072e-02
   3.6383909969245475e-02
   5.5735686157800918e-02
