   2.8560504150030211e-02
   6.0082404239117666e-03
  -1.6513682158717465e-02
  -3.9118922225577904e-02
  -6.1920583047644626e-02
  -8.5030404536844087e-02
  -1.0855783114537168e-01
  -1.3260888069262616e-01
  -1.5728473512289737e-01
  -1.8267996971530343e-01
  -2.0888033345607313e-01
  -2.3595999182286786e-01
  -2.6397814651522516e-01
  -2.9297495796163953e-01
  -3.2296671999501309e-01
  -3.5394027713437254e-01
  -3.8584673935444680e-01
  -4.1859464296325039e-01
  -4.5204283377134674e-01
  -4.8599351109498223e-01
  -5.2018606258932676e-01
  -5.5429252429081133e-01
  -5.8791568721182841e-01
  -6.2059099476752000e-01
  -6.5179337325591113e-01
  -6.8094994385297236e-01
  -7.0745912393300292e-01
  -7.3071591937857860e-01
  -7.5014228314079456e-01
  -7.6522039600013170e-01
  -7.7552581784832031e-01
  -7.8075690520168783e-01
  -7.8075690520168817e-01
  -7.7552581784832120e-01
  -7.6522039600013303e-01
  -7.5014228314079656e-01
  -7.3071591937858094e-01
  -7.0745912393300570e-01
  -6.8094994385297547e-01
  -6.5179337325591447e-01
  -6.2059099476752355e-01
  -5.8791568721183196e-01
  -5.5429252429081488e-01
  -5.2018606258933020e-01
  -4.8599351109498562e-01
  -4.5204283377134985e-01
  -4.1859464296325333e-01
  -3.8584673935444952e-01
  -3.5394027713437509e-01
  -3.2296671999501542e-01
  -2.9297495796164164e-01
  -2.6397814651522716e-01
  -2.3595999182286961e-01
  -2.0888033345607473e-01
  -1.8267996971530481e-01
  -1.5728473512289859e-01
  -1.3260888069262722e-01
  -1.0855783114537260e-01
  -8.5030404536844878e-02
  -6.1920583047645257e-02
  -3.9118922225578390e-02
  -1.6513682158717811e-02
   6.0082404239115662e-03
   2.8560504150030148e-02
   6.3026555321749236e-02
   1.0958785691805265e-01
   1.5669709470700735e-01
   2.0455049987352897e-01
   2.5330461117729863e-01
   3.0306102279602959e-01
   3.5384882444115590e-01
   4.0560475008024399e-01
   4.5815154717831330e-01
   5.1117578627145221e-01
   5.6420725751234335e-01
   6.1660318604412157e-01
   6.6754157068296593e-01
   7.1602869379795853e-01
   7.6092580653031749e-01
   8.0099864971970081e-01
   8.3499045935827820e-01
   8.6171449568033920e-01
   8.8015670110597000e-01
   8.8957434775698030e-01
   8.8957434775698030e-01
   8.8015670110597022e-01
   8.6171449568033931e-01
   8.3499045935827854e-01
   8.0099864971970114e-01
   7.6092580653031772e-01
   7.1602869379795886e-01
   6.6754157068296638e-01
   6.1660318604412190e-01
   5.6420725751234369e-01
   5.1117578627145233e-01
   4.5815154717831341e-01
   4.0560475008024405e-01
   3.5384882444115590e-01
   3.0306102279602953e-01
   2.5330461117729863e-01
   2.0455049987352891e-01
   1.5669709470700732e-01
   1.0958785691805265e-01
   6.3026555321749264e-02
   2.8560504150030235e-02
   6.0082404239117397e-03
  -1.6513682158717548e-02
  -3.9118922225578029e-02
  -6.1920583047644806e-02
  -8.5030404536844323e-02
  -1.0855783114537194e-01
  -1.3260888069262644e-01
  -1.5728473512289776e-01
  -1.8267996971530390e-01
  -2.0888033345607365e-01
  -2.3595999182286845e-01
  -2.6397814651522589e-01
  -2.9297495796164025e-01
  -3.2296671999501392e-01
  -3.5394027713437348e-01
  -3.8584673935444780e-01
  -4.1859464296325155e-01
  -4.5204283377134802e-01
  -4.8599351109498362e-01
  -5.2018606258932820e-01
  -5.5429252429081277e-01
  -5.8791568721182996e-01
  -6.2059099476752144e-01
  -6.5179337325591247e-01
  -6.8094994385297358e-01
  -7.0745912393300403e-01
  -7.3071591937857938e-01
  -7.5014228314079523e-01
  -7.6522039600013203e-01
  -7.7552581784832042e-01
  -7.8075690520168772e-01
  -7.8075690520168772e-01
  -7.7552581784832042e-01
  -7.6522039600013214e-01
  -7.5014228314079545e-01
  -7.3071591937857971e-01
  -7.0745912393300425e-01
  -6.8094994385297392e-01
  -6.5179337325591280e-01
  -6.2059099476752189e-01
  -5.8791568721183030e-01
  -5.5429252429081322e-01
  -5.2018606258932865e-01
  -4.8599351109498407e-01
  -4.5204283377134841e-01
  -4.1859464296325194e-01
  -3.8584673935444819e-01
  -3.5394027713437376e-01
  -3.2296671999501425e-01
  -2.9297495796164058e-01
  -2.6397814651522616e-01
  -2.3595999182286873e-01
  -2.0888033345607387e-01
  -1.8267996971530406e-01
  -1.5728473512289792e-01
  -1.3260888069262664e-01
  -1.0855783114537211e-01
  -8.5030404536844448e-02
  -6.1920583047644903e-02
  -3.9118922225578098e-02
  -1.6513682158717593e-02
   6.0082404239117145e-03
   2.8560504150030228e-02
