   5.5989109735712091e-02
   3.7981460755442953e-02
   2.0623615486855418e-02
   3.6190126117921855e-03
  -1.3323574862429617e-02
  -3.0494432889609280e-02
  -4.8187304596344738e-02
  -6.6703769241698699e-02
  -8.6357565412795254e-02
  -1.0747879209559572e-01
  -1.3041786946278253e-01
  -1.5554906005993344e-01
  -1.8327322956488312e-01
  -2.1401934928104022e-01
  -2.4824399036632608e-01
  -2.8642770914086918e-01
  -3.2906674984436768e-01
  -3.7665788006598827e-01
  -4.2967343488453974e-01
  -4.8852284912715815e-01
  -5.5349629338049466e-01
  -6.2468589845942291e-01
  -7.0188117672316808e-01
  -7.8443875483113834e-01
  -8.7113387650421792e-01
  -9.6001359252590202e-01
  -1.0482889431956248e+00
  -1.1323219120667822e+00
  -1.2077727197774344e+00
  -1.2699588379416902e+00
  -1.3144253303098037e+00
  -1.3376399992713224e+00
  -1.3376399992713148e+00
  -1.3144253303097808e+00
  -1.2699588379416544e+00
  -1.2077727197773882e+00
  -1.1323219120667287e+00
  -1.0482889431955678e+00
  -9.6001359252584340e-01
  -8.7113387650416019e-01
  -7.8443875483108305e-01
  -7.0188117672311601e-01
  -6.2468589845937494e-01
  -5.5349629338045081e-01
  -4.8852284912711857e-01
  -4.2967343488450432e-01
  -3.7665788006595669e-01
  -3.2906674984433970e-01
  -2.8642770914084453e-01
  -2.4824399036630437e-01
  -2.1401934928102123e-01
  -1.8327322956486655e-01
  -1.5554906005991903e-01
  -1.3041786946277006e-01
  -1.0747879209558497e-01
  -8.6357565412786094e-02
  -6.6703769241690955e-02
  -4.8187304596338278e-02
  -3.0494432889603990e-02
  -1.3323574862425407e-02
   3.6190126117953865e-03
   2.0623615486857663e-02
   3.7981460755444285e-02
   5.5989109735712542e-02
   8.4787239928276276e-02
   1.2491506327245047e-01
   1.6722481328709290e-01
   2.1241418712358057e-01
   2.6118846712376165e-01
   3.1425014782661803e-01
   3.7227833045217151e-01
   4.3589349301334140e-01
   5.0560213929744879e-01
   5.8171508976283437e-01
   6.6423360107080243e-01
   7.5270047851068933e-01
   8.4602091731524764e-01
   9.4227225166620010e-01
   1.0385441443336891e+00
   1.1308777518798787e+00
   1.2143923991985699e+00
   1.2836796863339253e+00
   1.3334841650685882e+00
   1.3595736378617198e+00
   1.3595736378617198e+00
   1.3334841650685874e+00
   1.2836796863339235e+00
   1.2143923991985683e+00
   1.1308777518798767e+00
   1.0385441443336871e+00
   9.4227225166619799e-01
   8.4602091731524542e-01
   7.5270047851068722e-01
   6.6423360107080021e-01
   5.8171508976283248e-01
   5.0560213929744702e-01
   4.3589349301333991e-01
   3.7227833045217018e-01
   3.1425014782661687e-01
   2.6118846712376065e-01
   2.1241418712357968e-01
   1.6722481328709216e-01
   1.2491506327244985e-01
   8.4787239928275804e-02
   5.5989109735712028e-02
   3.7981460755443536e-02
   2.0623615486856667e-02
   3.6190126117941210e-03
  -1.3323574862426963e-02
  -3.0494432889605863e-02
  -4.8187304596340498e-02
  -6.6703769241693564e-02
  -8.6357565412789133e-02
  -1.0747879209558854e-01
  -1.3041786946277417e-01
  -1.5554906005992378e-01
  -1.8327322956487199e-01
  -2.1401934928102739e-01
  -2.4824399036631142e-01
  -2.8642770914085253e-01
  -3.2906674984434875e-01
  -3.7665788006596684e-01
  -4.2967343488451565e-01
  -4.8852284912713129e-01
  -5.5349629338046480e-01
  -6.2468589845939015e-01
  -7.0188117672313277e-01
  -7.8443875483110093e-01
  -8.7113387650417884e-01
  -9.6001359252586260e-01
  -1.0482889431955864e+00
  -1.1323219120667463e+00
  -1.2077727197774035e+00
  -1.2699588379416664e+00
  -1.3144253303097886e+00
  -1.3376399992713177e+00
  -1.3376399992713206e+00
  -1.3144253303097966e+00
  -1.2699588379416791e+00
  -1.2077727197774200e+00
  -1.1323219120667654e+00
  -1.0482889431956068e+00
  -9.6001359252588359e-01
  -8.7113387650419971e-01
  -7.8443875483112091e-01
  -7.0188117672315165e-01
  -6.2468589845940781e-01
  -5.5349629338048090e-01
  -4.8852284912714572e-01
  -4.2967343488452864e-01
  -3.7665788006597845e-01
  -3.2906674984435896e-01
  -2.8642770914086146e-01
  -2.4824399036631931e-01
  -2.1401934928103430e-01
  -1.8327322956487799e-01
  -1.5554906005992900e-01
  -1.3041786946277870e-01
  -1.0747879209559245e-01
  -8.6357565412792506e-02
  -6.6703769241696409e-02
  -4.8187304596342878e-02
  -3.0494432889607809e-02
  -1.3323574862428512e-02
   3.6190126117929440e-03
   2.0623615486855842e-02
   3.7981460755443050e-02
   5.5989109735711862e-02
