   3.8574869433569796e-02
   2.7898137657181365e-02
   1.8164376647535740e-02
   9.0447374900575143e-03
   2.3093634150823914e-04
  -8.5750555806590502e-03
  -1.7671005094288546e-02
  -2.7364402017415988e-02
  -3.7982744738974387e-02
  -4.9884436458078142e-02
  -6.3470602168597498e-02
  -7.9198128813667307e-02
  -9.7594203570925200e-02
  -1.1927255608781928e-01
  -1.4495146128398331e-01
  -1.7547326380329495e-01
  -2.1182463072621582e-01
  -2.5515573810324360e-01
  -3.0679484492971892e-01
  -3.6825173177276793e-01
  -4.4119859247118848e-01
  -5.2740929054934405e-01
  -6.2862663564695331e-01
  -7.4631270623649515e-01
  -8.8122276275336320e-01
  -1.0327405239150871e+00
  -1.1979483039027607e+00
  -1.3705259460955159e+00
  -1.5398246237436073e+00
  -1.6908141559818859e+00
  -1.8058005415463778e+00
  -1.8683396594590969e+00
  -1.8683396594590895e+00
  -1.8058005415463569e+00
  -1.6908141559818550e+00
  -1.5398246237435704e+00
  -1.3705259460954771e+00
  -1.1979483039027226e+00
  -1.0327405239150511e+00
  -8.8122276275333100e-01
  -7.4631270623646684e-01
  -6.2862663564692878e-01
  -5.2740929054932306e-01
  -4.4119859247117071e-01
  -3.6825173177275294e-01
  -3.0679484492970632e-01
  -2.5515573810323300e-01
  -2.1182463072620700e-01
  -1.7547326380328759e-01
  -1.4495146128397715e-01
  -1.1927255608781415e-01
  -9.7594203570920954e-02
  -7.9198128813663768e-02
  -6.3470602168594570e-02
  -4.9884436458075727e-02
  -3.7982744738972396e-02
  -2.7364402017414361e-02
  -1.7671005094287234e-02
  -8.5750555806580041e-03
   2.3093634150905283e-04
   9.0447374900581232e-03
   1.8164376647536166e-02
   2.7898137657181622e-02
   3.8574869433569886e-02
   5.6767678608765512e-02
   8.3161253281415146e-02
   1.1246100088475765e-01
   1.4567794554983285e-01
   1.8394410417863130e-01
   2.2853938302990243e-01
   2.8091413074681870e-01
   3.4270127123116151e-01
   4.1570696758582415e-01
   5.0186077194745649e-01
   6.0309412190717371e-01
   7.2109958167058130e-01
   8.5690528475000016e-01
   1.0101908447587533e+00
   1.1783007966098125e+00
   1.3550320199061647e+00
   1.5295441318638057e+00
   1.6861520864098758e+00
   1.8060396556275586e+00
   1.8714732670209415e+00
   1.8714732670209442e+00
   1.8060396556275664e+00
   1.6861520864098871e+00
   1.5295441318638192e+00
   1.3550320199061787e+00
   1.1783007966098262e+00
   1.0101908447587662e+00
   8.5690528475001138e-01
   7.2109958167059107e-01
   6.0309412190718192e-01
   5.0186077194746348e-01
   4.1570696758582998e-01
   3.4270127123116634e-01
   2.8091413074682270e-01
   2.2853938302990573e-01
   1.8394410417863399e-01
   1.4567794554983507e-01
   1.1246100088475940e-01
   8.3161253281416506e-02
   5.6767678608766532e-02
   3.8574869433570691e-02
   2.7898137657182336e-02
   1.8164376647536829e-02
   9.0447374900587511e-03
   2.3093634150966947e-04
  -8.5750555806573779e-03
  -1.7671005094286579e-02
  -2.7364402017413653e-02
  -3.7982744738971612e-02
  -4.9884436458074832e-02
  -6.3470602168593529e-02
  -7.9198128813662561e-02
  -9.7594203570919510e-02
  -1.1927255608781244e-01
  -1.4495146128397512e-01
  -1.7547326380328515e-01
  -2.1182463072620408e-01
  -2.5515573810322956e-01
  -3.0679484492970222e-01
  -3.6825173177274806e-01
  -4.4119859247116489e-01
  -5.2740929054931629e-01
  -6.2862663564692078e-01
  -7.4631270623645762e-01
  -8.8122276275332034e-01
  -1.0327405239150396e+00
  -1.1979483039027099e+00
  -1.3705259460954644e+00
  -1.5398246237435587e+00
  -1.6908141559818453e+00
  -1.8058005415463505e+00
  -1.8683396594590873e+00
  -1.8683396594590991e+00
  -1.8058005415463843e+00
  -1.6908141559818959e+00
  -1.5398246237436191e+00
  -1.3705259460955288e+00
  -1.1979483039027732e+00
  -1.0327405239150986e+00
  -8.8122276275337375e-01
  -7.4631270623650448e-01
  -6.2862663564696131e-01
  -5.2740929054935093e-01
  -4.4119859247119425e-01
  -3.6825173177277276e-01
  -3.0679484492972298e-01
  -2.5515573810324693e-01
  -2.1182463072621863e-01
  -1.7547326380329725e-01
  -1.4495146128398517e-01
  -1.1927255608782081e-01
  -9.7594203570926435e-02
  -7.9198128813668292e-02
  -6.3470602168598275e-02
  -4.9884436458078725e-02
  -3.7982744738974804e-02
  -2.7364402017416255e-02
  -1.7671005094288674e-02
  -8.5750555806590432e-03
   2.3093634150837965e-04
   9.0447374900577936e-03
   1.8164376647536170e-02
   2.7898137657181955e-02
   3.8574869433570566e-02
