   5.5196751508204085e-02
   3.5448227943139565e-02
   1.6184775697289610e-02
  -2.8568947853974454e-03
  -2.1937727588079051e-02
  -4.1319082741370063e-02
  -6.1265486651309736e-02
  -8.2047294832950493e-02
  -1.0394317353559782e-01
  -1.2724227384693812e-01
  -1.5224591933774889e-01
  -1.7926855145780485e-01
  -2.0863756945806020e-01
  -2.4069155631921962e-01
  -2.7577619190065639e-01
  -3.1423691490931582e-01
  -3.5640710968139144e-01
  -4.0259028216359538e-01
  -4.5303440312471649e-01
  -5.0789643983441279e-01
  -5.6719525592450637e-01
  -6.3075182813817743e-01
  -6.9811752124050486e-01
  -7.6849445645545855e-01
  -8.4065716550703529e-01
  -9.1289159990814617e-01
  -9.8297491734610309e-01
  -1.0482243293013980e+00
  -1.1056409475204738e+00
  -1.1521600050705252e+00
  -1.1849902934836203e+00
  -1.2019890640899129e+00
  -1.2019890640899145e+00
  -1.1849902934836243e+00
  -1.1521600050705312e+00
  -1.1056409475204818e+00
  -1.0482243293014071e+00
  -9.8297491734611331e-01
  -9.1289159990815694e-01
  -8.4065716550704617e-01
  -7.6849445645546921e-01
  -6.9811752124051518e-01
  -6.3075182813818742e-01
  -5.6719525592451547e-01
  -5.0789643983442123e-01
  -4.5303440312472421e-01
  -4.0259028216360238e-01
  -3.5640710968139772e-01
  -3.1423691490932149e-01
  -2.7577619190066149e-01
  -2.4069155631922412e-01
  -2.0863756945806419e-01
  -1.7926855145780834e-01
  -1.5224591933775197e-01
  -1.2724227384694078e-01
  -1.0394317353560013e-01
  -8.2047294832952464e-02
  -6.1265486651311388e-02
  -4.1319082741371423e-02
  -2.1937727588080141e-02
  -2.8568947853982733e-03
   1.6184775697289031e-02
   3.5448227943139232e-02
   5.5196751508203988e-02
   8.6330807520173775e-02
   1.2931197287623922e-01
   1.7408904621775306e-01
   2.2123659818925254e-01
   2.7131414114374131e-01
   3.2485104377095103e-01
   3.8232255781552710e-01
   4.4411401136194012e-01
   5.1047000958633826e-01
   5.8142586294203147e-01
   6.5672002030201526e-01
   7.3568983190388293e-01
   8.1715938614796113e-01
   8.9933792643404420e-01
   9.7975955417802296e-01
   1.0553059339245454e+00
   1.1223562563152114e+00
   1.1770931415910602e+00
   1.2159529786812535e+00
   1.2361501007669897e+00
   1.2361501007669899e+00
   1.2159529786812542e+00
   1.1770931415910613e+00
   1.1223562563152125e+00
   1.0553059339245467e+00
   9.7975955417802441e-01
   8.9933792643404575e-01
   8.1715938614796269e-01
   7.3568983190388437e-01
   6.5672002030201670e-01
   5.8142586294203280e-01
   5.1047000958633948e-01
   4.4411401136194123e-01
   3.8232255781552815e-01
   3.2485104377095197e-01
   2.7131414114374219e-01
   2.2123659818925326e-01
   1.7408904621775367e-01
   1.2931197287623974e-01
   8.6330807520174163e-02
   5.5196751508204397e-02
   3.5448227943139808e-02
   1.6184775697289776e-02
  -2.8568947853973522e-03
  -2.1937727588079031e-02
  -4.1319082741370104e-02
  -6.1265486651309847e-02
  -8.2047294832950660e-02
  -1.0394317353559805e-01
  -1.2724227384693840e-01
  -1.5224591933774922e-01
  -1.7926855145780524e-01
  -2.0863756945806064e-01
  -2.4069155631922007e-01
  -2.7577619190065694e-01
  -3.1423691490931643e-01
  -3.5640710968139205e-01
  -4.0259028216359605e-01
  -4.5303440312471727e-01
  -5.0789643983441346e-01
  -5.6719525592450726e-01
  -6.3075182813817843e-01
  -6.9811752124050586e-01
  -7.6849445645545955e-01
  -8.4065716550703617e-01
  -9.1289159990814728e-01
  -9.8297491734610409e-01
  -1.0482243293013989e+00
  -1.1056409475204745e+00
  -1.1521600050705259e+00
  -1.1849902934836207e+00
  -1.2019890640899131e+00
  -1.2019890640899142e+00
  -1.1849902934836238e+00
  -1.1521600050705307e+00
  -1.1056409475204809e+00
  -1.0482243293014062e+00
  -9.8297491734611242e-01
  -9.1289159990815583e-01
  -8.4065716550704506e-01
  -7.6849445645546821e-01
  -6.9811752124051429e-01
  -6.3075182813818642e-01
  -5.6719525592451470e-01
  -5.0789643983442034e-01
  -4.5303440312472354e-01
  -4.0259028216360165e-01
  -3.5640710968139711e-01
  -3.1423691490932093e-01
  -2.7577619190066094e-01
  -2.4069155631922365e-01
  -2.0863756945806375e-01
  -1.7926855145780793e-01
  -1.5224591933775158e-01
  -1.2724227384694045e-01
  -1.0394317353559980e-01
  -8.2047294832952158e-02
  -6.1265486651311082e-02
  -4.1319082741371124e-02
  -2.1937727588079846e-02
  -2.8568947853979797e-03
   1.6184775697289329e-02
   3.5448227943139538e-02
   5.5196751508204300e-02
