   1.9831801527858635e-02
  -9.9262746311348077e-04
  -2.1818221258727923e-02
  -4.2669217980226978e-02
  -6.3568788437432536e-02
  -8.4538003494784339e-02
  -1.0559477554410780e-01
  -1.2675276401558214e-01
  -1.4802023804128689e-01
  -1.6939889384031204e-01
  -1.9088263027753594e-01
  -2.1245629350652029e-01
  -2.3409441073795384e-01
  -2.5575994397473245e-01
  -2.7740310685268310e-01
  -2.9896030110981764e-01
  -3.2035324294363782e-01
  -3.4148836248135023e-01
  -3.6225657022553215e-01
  -3.8253349067230741e-01
  -4.0218026303390214e-01
  -4.2104499972673265e-01
  -4.3896497283771407e-01
  -4.5576956568390276e-01
  -4.7128398061050986e-01
  -4.8533363688989850e-01
  -4.9774912772075947e-01
  -5.0837153886344888e-01
  -5.1705787123944669e-01
  -5.2368626469429724e-01
  -5.2816069848783231e-01
  -5.3041485229187901e-01
  -5.3041485229187901e-01
  -5.2816069848783231e-01
  -5.2368626469429724e-01
  -5.1705787123944669e-01
  -5.0837153886344899e-01
  -4.9774912772075947e-01
  -4.8533363688989850e-01
  -4.7128398061050980e-01
  -4.5576956568390270e-01
  -4.3896497283771402e-01
  -4.2104499972673259e-01
  -4.0218026303390214e-01
  -3.8253349067230735e-01
  -3.6225657022553209e-01
  -3.4148836248135017e-01
  -3.2035324294363782e-01
  -2.9896030110981758e-01
  -2.7740310685268305e-01
  -2.5575994397473240e-01
  -2.3409441073795381e-01
  -2.1245629350652026e-01
  -1.9088263027753591e-01
  -1.6939889384031204e-01
  -1.4802023804128686e-01
  -1.2675276401558208e-01
  -1.0559477554410776e-01
  -8.4538003494784297e-02
  -6.3568788437432494e-02
  -4.2669217980226951e-02
  -2.1818221258727906e-02
  -9.9262746311347015e-04
   1.9831801527858642e-02
   5.1490717737885924e-02
   9.4020959739513105e-02
   1.3664905080329540e-01
   1.7939248117768003e-01
   2.2223886148614602e-01
   2.6513629272830352e-01
   3.0798376411562967e-01
   3.5062194028637067e-01
   3.9282492427076265e-01
   4.3429383074500960e-01
   4.7465324312359397e-01
   5.1345180587644457e-01
   5.5016824920775675e-01
   5.8422397555544781e-01
   6.1500288377799139e-01
   6.4187833382132120e-01
   6.6424610232666570e-01
   6.8156098829041589e-01
   6.9337363690588849e-01
   6.9936345452200044e-01
   6.9936345452200033e-01
   6.9337363690588827e-01
   6.8156098829041556e-01
   6.6424610232666526e-01
   6.4187833382132076e-01
   6.1500288377799073e-01
   5.8422397555544703e-01
   5.5016824920775598e-01
   5.1345180587644379e-01
   4.7465324312359325e-01
   4.3429383074500888e-01
   3.9282492427076204e-01
   3.5062194028637006e-01
   3.0798376411562911e-01
   2.6513629272830302e-01
   2.2223886148614555e-01
   1.7939248117767959e-01
   1.3664905080329501e-01
   9.4020959739512744e-02
   5.1490717737885605e-02
   1.9831801527858333e-02
  -9.9262746311375638e-04
  -2.1818221258728170e-02
  -4.2669217980227200e-02
  -6.3568788437432730e-02
  -8.4538003494784505e-02
  -1.0559477554410793e-01
  -1.2675276401558222e-01
  -1.4802023804128697e-01
  -1.6939889384031209e-01
  -1.9088263027753596e-01
  -2.1245629350652029e-01
  -2.3409441073795387e-01
  -2.5575994397473245e-01
  -2.7740310685268305e-01
  -2.9896030110981764e-01
  -3.2035324294363782e-01
  -3.4148836248135017e-01
  -3.6225657022553204e-01
  -3.8253349067230735e-01
  -4.0218026303390203e-01
  -4.2104499972673254e-01
  -4.3896497283771396e-01
  -4.5576956568390264e-01
  -4.7128398061050975e-01
  -4.8533363688989833e-01
  -4.9774912772075935e-01
  -5.0837153886344877e-01
  -5.1705787123944658e-01
  -5.2368626469429713e-01
  -5.2816069848783209e-01
  -5.3041485229187901e-01
  -5.3041485229187901e-01
  -5.2816069848783220e-01
  -5.2368626469429713e-01
  -5.1705787123944658e-01
  -5.0837153886344888e-01
  -4.9774912772075941e-01
  -4.8533363688989845e-01
  -4.7128398061050980e-01
  -4.5576956568390276e-01
  -4.3896497283771407e-01
  -4.2104499972673265e-01
  -4.0218026303390214e-01
  -3.8253349067230746e-01
  -3.6225657022553215e-01
  -3.4148836248135023e-01
  -3.2035324294363787e-01
  -2.9896030110981769e-01
  -2.7740310685268316e-01
  -2.5575994397473256e-01
  -2.3409441073795395e-01
  -2.1245629350652043e-01
  -1.9088263027753608e-01
  -1.6939889384031220e-01
  -1.4802023804128706e-01
  -1.2675276401558230e-01
  -1.0559477554410800e-01
  -8.4538003494784547e-02
  -6.3568788437432758e-02
  -4.2669217980227221e-02
  -2.1818221258728187e-02
  -9.9262746311376830e-04
   1.9831801527858330e-02
