   2.0165538748180431e-02
   1.8594843866246744e-02
   1.7149488146105969e-02
   1.5819746198607432e-02
   1.4596666898977630e-02
   1.3472014256535620e-02
   1.2438212833764731e-02
   1.1488297406612221e-02
   1.0615866573396950e-02
   9.8150400360933684e-03
   9.0804192945185512e-03
   8.4070515107042883e-03
   7.7903963172213618e-03
   7.2262953592508970e-03
   6.7109443756439074e-03
   6.2408676389961761e-03
   5.8128945888489885e-03
   5.4241385054901317e-03
   5.0719770844771606e-03
   4.7540347839531002e-03
   4.4681668281009576e-03
   4.2124447607217678e-03
   3.9851434529608425e-03
   3.7847294786902998e-03
   3.6098507800271002e-03
   3.4593275539694817e-03
   3.3321442992159463e-03
   3.2274429699348591e-03
   3.1445171906235234e-03
   3.0828074932772367e-03
   3.0418975449241826e-03
   3.0215113402135485e-03
   3.0215113402135480e-03
   3.0418975449241822e-03
   3.0828074932772362e-03
   3.1445171906235225e-03
   3.2274429699348578e-03
   3.3321442992159454e-03
   3.4593275539694800e-03
   3.6098507800270989e-03
   3.7847294786902976e-03
   3.9851434529608407e-03
   4.2124447607217652e-03
   4.4681668281009550e-03
   4.7540347839530976e-03
   5.0719770844771571e-03
   5.4241385054901300e-03
   5.8128945888489868e-03
   6.2408676389961743e-03
   6.7109443756439057e-03
   7.2262953592508953e-03
   7.7903963172213592e-03
   8.4070515107042866e-03
   9.0804192945185512e-03
   9.8150400360933702e-03
   1.0615866573396948e-02
   1.1488297406612219e-02
   1.2438212833764733e-02
   1.3472014256535622e-02
   1.4596666898977628e-02
   1.5819746198607435e-02
   1.7149488146105969e-02
   1.8594843866246744e-02
   2.0165538748180431e-02
   2.2757163739482111e-02
   2.6392889865084611e-02
   3.0213009434606253e-02
   3.4244080977770507e-02
   3.8514072115172861e-02
   4.3052535097080742e-02
   4.7890787649949786e-02
   5.3062098740648364e-02
   5.8601878443379329e-02
   6.4547870536785137e-02
   7.0940345731557553e-02
   7.7822292485563840e-02
   8.5239601146309935e-02
   9.3241235598381336e-02
   1.0187938459967398e-01
   1.1120958246052209e-01
   1.2129078553103570e-01
   1.3218538697174265e-01
   1.4395914733179432e-01
   1.5668101237784804e-01
   1.6692463506112418e-01
   1.7470672577464474e-01
   1.8356480558302279e-01
   1.9354220012156273e-01
   2.0468571067609215e-01
   2.1704496890382091e-01
   2.3067157607742636e-01
   2.4561797161280430e-01
   2.6193596613108505e-01
   2.7967486482151543e-01
   2.9887909842419030e-01
   3.1958527333651765e-01
   3.4181855154067303e-01
   3.6558827860860871e-01
   3.9088279846861701e-01
   4.1766343260031369e-01
   4.4585766551627609e-01
   4.7535167472965323e-01
   5.0598247774036376e-01
   5.3753014328962345e-01
   5.6971072470967798e-01
   6.0217080378316390e-01
   6.3448475236598501e-01
   6.6615597537995797e-01
   6.9662342408199762e-01
   7.2527448509875814e-01
   7.5146489077281475e-01
   7.7454553083959310e-01
   7.9389501688129960e-01
   8.0895569743126350e-01
   8.1926977428566450e-01
   8.2451151172009196e-01
   8.2451151172009185e-01
   8.1926977428566461e-01
   8.0895569743126350e-01
   7.9389501688129960e-01
   7.7454553083959310e-01
   7.5146489077281475e-01
   7.2527448509875814e-01
   6.9662342408199751e-01
   6.6615597537995797e-01
   6.3448475236598501e-01
   6.0217080378316390e-01
   5.6971072470967798e-01
   5.3753014328962334e-01
   5.0598247774036376e-01
   4.7535167472965317e-01
   4.4585766551627598e-01
   4.1766343260031363e-01
   3.9088279846861695e-01
   3.6558827860860876e-01
   3.4181855154067303e-01
   3.1958527333651765e-01
   2.9887909842419030e-01
   2.7967486482151543e-01
   2.6193596613108505e-01
   2.4561797161280430e-01
   2.3067157607742639e-01
   2.1704496890382091e-01
   2.0468571067609218e-01
   1.9354220012156276e-01
   1.8356480558302285e-01
   1.7470672577464480e-01
   1.6692463506112420e-01
