   4.5481838479634842e-02
   4.2852931260253531e-02
   4.0388740861007022e-02
   3.8079955200360956e-02
   3.5917823693790561e-02
   3.3894130279334099e-02
   3.2001167339855412e-02
   3.0231710618887648e-02
   2.8578995197662584e-02
   2.7036692577404760e-02
   2.5598888892203860e-02
   2.4260064262949899e-02
   2.3015073291236070e-02
   2.1859126683227620e-02
   2.0787773986785333e-02
   1.9796887420219390e-02
   1.8882646767605361e-02
   1.8041525313344523e-02
   1.7270276787370715e-02
   1.6565923291909142e-02
   1.5925744180826224e-02
   1.5347265863248385e-02
   1.4828252504168780e-02
   1.4366697596121428e-02
   1.3960816377613481e-02
   1.3609039075814424e-02
   1.3310004952961148e-02
   1.3062557138015414e-02
   1.2865738227276689e-02
   1.2718786639887200e-02
   1.2621133716449370e-02
   1.2572401551295595e-02
   1.2572401551295595e-02
   1.2621133716449370e-02
   1.2718786639887198e-02
   1.2865738227276689e-02
   1.3062557138015414e-02
   1.3310004952961148e-02
   1.3609039075814421e-02
   1.3960816377613478e-02
   1.4366697596121424e-02
   1.4828252504168776e-02
   1.5347265863248381e-02
   1.5925744180826221e-02
   1.6565923291909136e-02
   1.7270276787370708e-02
   1.8041525313344516e-02
   1.8882646767605357e-02
   1.9796887420219383e-02
   2.0787773986785330e-02
   2.1859126683227616e-02
   2.3015073291236067e-02
   2.4260064262949903e-02
   2.5598888892203860e-02
   2.7036692577404764e-02
   2.8578995197662584e-02
   3.0231710618887655e-02
   3.2001167339855419e-02
   3.3894130279334099e-02
   3.5917823693790575e-02
   3.8079955200360970e-02
   4.0388740861007036e-02
   4.2852931260253545e-02
   4.5481838479634856e-02
   4.9739248636229791e-02
   5.5648270554227879e-02
   6.1777816307985053e-02
   6.8151286842543055e-02
   7.4792718577339032e-02
   8.1726804586994328e-02
   8.8978903062545855e-02
   9.6575030041924886e-02
   1.0454183279769484e-01
   1.1290653957506284e-01
   1.2169688057698544e-01
   1.3094097419153458e-01
   1.4066717144989743e-01
   1.5090385059894207e-01
   1.6167915248828921e-01
   1.7302064624155716e-01
   1.8495491345913825e-01
   1.9750703806799774e-01
   2.1069998801196135e-01
   2.2455387443009564e-01
   2.3538596718814994e-01
   2.4318065150222315e-01
   2.5164145963569340e-01
   2.6077125928195405e-01
   2.7057080572089437e-01
   2.8103810985790129e-01
   2.9216772497714399e-01
   3.0394995015369153e-01
   3.1636995112074962e-01
   3.2940680333062422e-01
   3.4303246716399960e-01
   3.5721071188537834e-01
   3.7189601310269982e-01
   3.8703245814582810e-01
   4.0255270474405930e-01
   4.1837705023656829e-01
   4.3441268057183124e-01
   4.5055317946707102e-01
   4.6667838684837565e-01
   4.8265470025962137e-01
   4.9833591124088977e-01
   5.1356465860930622e-01
   5.2817456026597609e-01
   5.4199305342486448e-01
   5.5484492999934654e-01
   5.6655650089460663e-01
   5.7696026367362241e-01
   5.8589988798479054e-01
   5.9323527934157594e-01
   5.9884744217122721e-01
   6.0264284487934749e-01
   6.0455699849245548e-01
   6.0455699849245559e-01
   6.0264284487934772e-01
   5.9884744217122754e-01
   5.9323527934157638e-01
   5.8589988798479109e-01
   5.7696026367362319e-01
   5.6655650089460741e-01
   5.5484492999934742e-01
   5.4199305342486537e-01
   5.2817456026597709e-01
   5.1356465860930722e-01
   4.9833591124089083e-01
   4.8265470025962248e-01
   4.6667838684837676e-01
   4.5055317946707213e-01
   4.3441268057183235e-01
   4.1837705023656940e-01
   4.0255270474406035e-01
   3.8703245814582915e-01
   3.7189601310270087e-01
   3.5721071188537940e-01
   3.4303246716400060e-01
   3.2940680333062516e-01
   3.1636995112075050e-01
   3.0394995015369236e-01
   2.9216772497714472e-01
   2.8103810985790184e-01
   2.7057080572089487e-01
   2.6077125928195444e-01
   2.5164145963569368e-01
   2.4318065150222332e-01
   2.3538596718814997e-01
