   8.4055822624328744e-02
   8.1070019441017646e-02
   7.8222588643641386e-02
   7.5509354092979875e-02
   7.2926268178419643e-02
   7.0469417671154083e-02
   6.8135028331500591e-02
   6.5919468439658652e-02
   6.3819251401114524e-02
   6.1831037561408592e-02
   5.9951635350029849e-02
   5.8178001859692713e-02
   5.6507242955080576e-02
   5.4936612994207192e-02
   5.3463514235748723e-02
   5.2085495996938180e-02
   5.0800253618796400e-02
   4.9605627288510402e-02
   4.8499600762577366e-02
   4.7480300028833571e-02
   4.6545991940609370e-02
   4.5695082851928207e-02
   4.4926117278837788e-02
   4.4237776608569229e-02
   4.3628877875214238e-02
   4.3098372617942873e-02
   4.2645345835414156e-02
   4.2269015047917032e-02
   4.1968729476885583e-02
   4.1743969349725019e-02
   4.1594345336333709e-02
   4.1519598122281863e-02
   4.1519598122281863e-02
   4.1594345336333709e-02
   4.1743969349725019e-02
   4.1968729476885583e-02
   4.2269015047917032e-02
   4.2645345835414142e-02
   4.3098372617942873e-02
   4.3628877875214238e-02
   4.4237776608569229e-02
   4.4926117278837781e-02
   4.5695082851928207e-02
   4.6545991940609370e-02
   4.7480300028833571e-02
   4.8499600762577366e-02
   4.9605627288510395e-02
   5.0800253618796400e-02
   5.2085495996938180e-02
   5.3463514235748723e-02
   5.4936612994207185e-02
   5.6507242955080569e-02
   5.8178001859692713e-02
   5.9951635350029849e-02
   6.1831037561408585e-02
   6.3819251401114524e-02
   6.5919468439658652e-02
   6.8135028331500591e-02
   7.0469417671154069e-02
   7.2926268178419643e-02
   7.5509354092979875e-02
   7.8222588643641386e-02
   8.1070019441017632e-02
   8.4055822624328744e-02
   8.8806695477230219e-02
   9.5334899979280130e-02
   1.0202713323308039e-01
   1.0889221444690288e-01
   1.1593862053849111e-01
   1.2317441151180358e-01
   1.3060714471988030e-01
   1.3824377701889345e-01
   1.4609055383030758e-01
   1.5415288417172804e-01
   1.6243520080157736e-01
   1.7094080475876305e-01
   1.7967169377794459e-01
   1.8862837433709151e-01
   1.9780965746093035e-01
   2.0721243887624119e-01
   2.1683146470708406e-01
   2.2665908462276707e-01
   2.3668499521861464e-01
   2.4689597742436026e-01
   2.5463335589196578e-01
   2.5987707687022271e-01
   2.6525896243530178e-01
   2.7076742261214343e-01
   2.7638967447610957e-01
   2.8211169100286865e-01
   2.8791815861446562e-01
   2.9379244552655875e-01
   2.9971658313302180e-01
   3.0567126275470491e-01
   3.1163585011620920e-01
   3.1758841988452213e-01
   3.2350581249269922e-01
   3.2936371526765873e-01
   3.3513676957253763e-01
   3.4079870525279699e-01
   3.4632250313733687e-01
   3.5168058569263333e-01
   3.5684503516721278e-01
   3.6178783771093437e-01
   3.6648115103188628e-01
   3.7089759219457780e-01
   3.7501054120538097e-01
   3.7879445511982718e-01
   3.8222518659049803e-01
   3.8528030010425213e-01
   3.8793937868177869e-01
   3.9018431357360273e-01
   3.9199956951788428e-01
   3.9337241844699383e-01
   3.9429313514669678e-01
   3.9475514927140792e-01
   3.9475514927140792e-01
   3.9429313514669678e-01
   3.9337241844699389e-01
   3.9199956951788434e-01
   3.9018431357360289e-01
   3.8793937868177880e-01
   3.8528030010425229e-01
   3.8222518659049814e-01
   3.7879445511982734e-01
   3.7501054120538119e-01
   3.7089759219457807e-01
   3.6648115103188650e-01
   3.6178783771093459e-01
   3.5684503516721300e-01
   3.5168058569263361e-01
   3.4632250313733715e-01
   3.4079870525279732e-01
   3.3513676957253796e-01
   3.2936371526765906e-01
   3.2350581249269955e-01
   3.1758841988452247e-01
   3.1163585011620959e-01
   3.0567126275470524e-01
   2.9971658313302207e-01
   2.9379244552655898e-01
   2.8791815861446585e-01
   2.8211169100286881e-01
   2.7638967447610974e-01
   2.7076742261214354e-01
   2.6525896243530184e-01
   2.5987707687022277e-01
   2.5463335589196578e-01
