   1.2124949446215957e-01
   1.1954576401694614e-01
   1.1789777814079165e-01
   1.1630565767461996e-01
   1.1476948418581082e-01
   1.1328930404818068e-01
   1.1186513230749687e-01
   1.1049695633685304e-01
   1.0918473928687762e-01
   1.0792842333625785e-01
   1.0672793274844918e-01
   1.0558317674072133e-01
   1.0449405217187635e-01
   1.0346044605507269e-01
   1.0248223790221425e-01
   1.0155930190632166e-01
   1.0069150896820417e-01
   9.9878728573603082e-02
   9.9120830526785261e-02
   9.8417686546338964e-02
   9.7769171728664034e-02
   9.7175165884363493e-02
   9.6635554752435363e-02
   9.6150231096837555e-02
   9.5719095689655587e-02
   9.5342058184749404e-02
   9.5019037885389415e-02
   9.4749964409018950e-02
   9.4534778251899404e-02
   9.4373431256009624e-02
   9.4265886980180374e-02
   9.4212120977052588e-02
   9.4212120977052588e-02
   9.4265886980180374e-02
   9.4373431256009624e-02
   9.4534778251899404e-02
   9.4749964409018950e-02
   9.5019037885389415e-02
   9.5342058184749404e-02
   9.5719095689655587e-02
   9.6150231096837568e-02
   9.6635554752435363e-02
   9.7175165884363493e-02
   9.7769171728664034e-02
   9.8417686546338964e-02
   9.9120830526785261e-02
   9.9878728573603082e-02
   1.0069150896820417e-01
   1.0155930190632166e-01
   1.0248223790221425e-01
   1.0346044605507269e-01
   1.0449405217187635e-01
   1.0558317674072132e-01
   1.0672793274844918e-01
   1.0792842333625785e-01
   1.0918473928687762e-01
   1.1049695633685304e-01
   1.1186513230749687e-01
   1.1328930404818068e-01
   1.1476948418581082e-01
   1.1630565767461996e-01
   1.1789777814079165e-01
   1.1954576401694614e-01
   1.2124949446215957e-01
   1.2392116882684164e-01
   1.2756252020991485e-01
   1.3126053268189203e-01
   1.3501433616646397e-01
   1.3882282712716221e-01
   1.4268465260678334e-01
   1.4659819394178331e-01
   1.5056155025376358e-01
   1.5457252183866049e-01
   1.5862859359409048e-01
   1.6272691864636571e-01
   1.6686430236078553e-01
   1.7103718694166958e-01
   1.7524163685189223e-01
   1.7947332530498922e-01
   1.8372752210572693e-01
   1.8799908313675309e-01
   1.9228244180888995e-01
   1.9657160280999947e-01
   2.0086013850126966e-01
   2.0405139111793488e-01
   2.0614043414637695e-01
   2.0821353263178163e-01
   2.1026707851861642e-01
   2.1229739574632989e-01
   2.1430074901731253e-01
   2.1627335343578766e-01
   2.1821138500601645e-01
   2.2011099196861639e-01
   2.2196830694364489e-01
   2.2377945983849482e-01
   2.2554059146772748e-01
   2.2724786782087475e-01
   2.2889749490315636e-01
   2.3048573406316281e-01
   2.3200891771105264e-01
   2.3346346532091478e-01
   2.3484589960187058e-01
   2.3615286271444771e-01
   2.3738113240196351e-01
   2.3852763790130621e-01
   2.3958947549378010e-01
   2.4056392355474279e-01
   2.4144845696074291e-01
   2.4224076071485107e-01
   2.4293874265493326e-01
   2.4354054511574613e-01
   2.4404455542391654e-01
   2.4444941511501858e-01
   2.4475402777396094e-01
   2.4495756541357722e-01
   2.4505947332146083e-01
   2.4505947332146083e-01
   2.4495756541357722e-01
   2.4475402777396094e-01
   2.4444941511501858e-01
   2.4404455542391654e-01
   2.4354054511574613e-01
   2.4293874265493326e-01
   2.4224076071485104e-01
   2.4144845696074288e-01
   2.4056392355474279e-01
   2.3958947549378010e-01
   2.3852763790130624e-01
   2.3738113240196351e-01
   2.3615286271444771e-01
   2.3484589960187058e-01
   2.3346346532091478e-01
   2.3200891771105261e-01
   2.3048573406316283e-01
   2.2889749490315636e-01
   2.2724786782087475e-01
   2.2554059146772748e-01
   2.2377945983849482e-01
   2.2196830694364486e-01
   2.2011099196861639e-01
   2.1821138500601645e-01
   2.1627335343578766e-01
   2.1430074901731253e-01
   2.1229739574632991e-01
   2.1026707851861642e-01
   2.0821353263178163e-01
   2.0614043414637692e-01
   2.0405139111793488e-01
