   4.9338382071650666e-03
   4.4016291430595085e-03
   3.9270208763365890e-03
   3.5038028661655428e-03
   3.1264369581349531e-03
   2.7899849486748055e-03
   2.4900439891535390e-03
   2.2226889876915006e-03
   1.9844212573263097e-03
   1.7721227402121178e-03
   1.5830152100114738e-03
   1.4146239194351244e-03
   1.2647452178079052e-03
   1.1314177153162834e-03
   1.0128966168817231e-03
   9.0763088999468644e-04
   8.1424296786786405e-04
   7.3151072240114302e-04
   6.5835147112316300e-04
   5.9380780886960141e-04
   5.3703507882194132e-04
   4.8729031897278637e-04
   4.4392253938405925e-04
   4.0636420301427216e-04
   3.7412379863764107e-04
   3.4677940866671556e-04
   3.2397318770807177e-04
   3.0540667959757275e-04
   2.9083691163352593e-04
   2.8007321489621854e-04
   2.7297472904379809e-04
   2.6944855893155619e-04
   2.6944855893155619e-04
   2.7297472904379803e-04
   2.8007321489621848e-04
   2.9083691163352577e-04
   3.0540667959757259e-04
   3.2397318770807155e-04
   3.4677940866671534e-04
   3.7412379863764080e-04
   4.0636420301427188e-04
   4.4392253938405892e-04
   4.8729031897278610e-04
   5.3703507882194100e-04
   5.9380780886960098e-04
   6.5835147112316256e-04
   7.3151072240114259e-04
   8.1424296786786351e-04
   9.0763088999468600e-04
   1.0128966168817225e-03
   1.1314177153162826e-03
   1.2647452178079046e-03
   1.4146239194351236e-03
   1.5830152100114732e-03
   1.7721227402121172e-03
   1.9844212573263092e-03
   2.2226889876915002e-03
   2.4900439891535390e-03
   2.7899849486748055e-03
   3.1264369581349531e-03
   3.5038028661655428e-03
   3.9270208763365899e-03
   4.4016291430595093e-03
   4.9338382071650675e-03
   5.8400942228946911e-03
   7.1351235744133990e-03
   8.5270245503802945e-03
   1.0034690892462787e-02
   1.1678585501164476e-02
   1.3481017110690210e-02
   1.5466441534546791e-02
   1.7661791364966803e-02
   2.0096838309253823e-02
   2.2804592666814609e-02
   2.5821744781290162e-02
   2.9189153626028717e-02
   3.2952387972444201e-02
   3.7162325810957395e-02
   4.1875817786083507e-02
   4.7156420287222160e-02
   5.3075203383673046e-02
   5.9711637832101032e-02
   6.7154563668208489e-02
   7.5503240068439420e-02
   8.2484429572917337e-02
   8.8150201207997658e-02
   9.4956357071324438e-02
   1.0298866606860980e-01
   1.1234769136903225e-01
   1.2314963284378767e-01
   1.3552718436989236e-01
   1.4963034306048442e-01
   1.6562707833713294e-01
   1.8370372819236680e-01
   2.0406493430606068e-01
   2.2693285242408442e-01
   2.5254527458347531e-01
   2.8115217046516705e-01
   3.1300999295414111e-01
   3.4837289868138588e-01
   3.8747981774563484e-01
   4.3053609476363536e-01
   4.7768827159770011e-01
   5.2899059132743464e-01
   5.8436213702257167e-01
   6.4353441624045027e-01
   7.0599096429313313e-01
   7.7090346247227493e-01
   8.3707307572096601e-01
   9.0289086059057611e-01
   9.6633596403627942e-01
   1.0250325468976966e+00
   1.0763826034034736e+00
   1.1177791268087562e+00
   1.1468821911378233e+00
   1.1619146135725575e+00
   1.1619146135725666e+00
   1.1468821911378497e+00
   1.1177791268087982e+00
   1.0763826034035289e+00
   1.0250325468977621e+00
   9.6633596403635191e-01
   9.0289086059065282e-01
   8.3707307572104417e-01
   7.7090346247235242e-01
   7.0599096429320829e-01
   6.4353441624052210e-01
   5.8436213702263917e-01
   5.2899059132749726e-01
   4.7768827159775784e-01
   4.3053609476368804e-01
   3.8747981774568258e-01
   3.4837289868142896e-01
   3.1300999295417981e-01
   2.8115217046520152e-01
   2.5254527458350601e-01
   2.2693285242411154e-01
   2.0406493430608452e-01
   1.8370372819238762e-01
   1.6562707833715096e-01
   1.4963034306049983e-01
   1.3552718436990535e-01
   1.2314963284379843e-01
   1.1234769136904087e-01
   1.0298866606861640e-01
   9.4956357071329087e-02
   8.8150201208000434e-02
   8.2484429572918253e-02
