   5.7130002461757486e-02
   5.4217856271996753e-02
   5.1472701304122966e-02
   4.8886370348341958e-02
   4.6451127630694103e-02
   4.4159654678201571e-02
   4.2005035954371488e-02
   3.9980744451912263e-02
   3.8080627394893596e-02
   3.6298892173436334e-02
   3.4630092609568931e-02
   3.3069115632448971e-02
   3.1611168424130240e-02
   3.0251766082947086e-02
   2.8986719839950294e-02
   2.7812125854285653e-02
   2.6724354605636144e-02
   2.5720040895575336e-02
   2.4796074464669721e-02
   2.3949591228220317e-02
   2.3177965130480854e-02
   2.2478800614885625e-02
   2.1849925706144083e-02
   2.1289385698907187e-02
   2.0795437446995309e-02
   2.0366544246825338e-02
   2.0001371308622895e-02
   1.9698781809200996e-02
   1.9457833520484920e-02
   1.9277776008525448e-02
   1.9158048398436784e-02
   1.9098277701493003e-02
   1.9098277701492999e-02
   1.9158048398436784e-02
   1.9277776008525451e-02
   1.9457833520484923e-02
   1.9698781809201000e-02
   2.0001371308622902e-02
   2.0366544246825342e-02
   2.0795437446995316e-02
   2.1289385698907197e-02
   2.1849925706144094e-02
   2.2478800614885636e-02
   2.3177965130480867e-02
   2.3949591228220331e-02
   2.4796074464669735e-02
   2.5720040895575356e-02
   2.6724354605636158e-02
   2.7812125854285673e-02
   2.8986719839950312e-02
   3.0251766082947110e-02
   3.1611168424130261e-02
   3.3069115632448992e-02
   3.4630092609568952e-02
   3.6298892173436362e-02
   3.8080627394893617e-02
   3.9980744451912298e-02
   4.2005035954371522e-02
   4.4159654678201592e-02
   4.6451127630694124e-02
   4.8886370348341979e-02
   5.1472701304122979e-02
   5.4217856271996767e-02
   5.7130002461757499e-02
   6.1819033382152250e-02
   6.8305803472994628e-02
   7.5008493074417842e-02
   8.1946848815686604e-02
   8.9140885213050788e-02
   9.6610853917298040e-02
   1.0437719687323049e-01
   1.1246048044709889e-01
   1.2088130714652558e-01
   1.2966020109025278e-01
   1.3881746288968025e-01
   1.4837298909319369e-01
   1.5834605083707651e-01
   1.6875502587154942e-01
   1.7961707772668864e-01
   1.9094777550423042e-01
   2.0276064769826280e-01
   2.1506666365134863e-01
   2.2787363685627901e-01
   2.4118554545542958e-01
   2.5148466727167840e-01
   2.5874891893762164e-01
   2.6649084266592443e-01
   2.7470384164911521e-01
   2.8337889705715125e-01
   2.9250415398140955e-01
   3.0206447898300370e-01
   3.1204099382593031e-01
   3.2241059214449386e-01
   3.3314544835975207e-01
   3.4421253110558181e-01
   3.5557313669908874e-01
   3.6718246169219759e-01
   3.7898923711146454e-01
   3.9093545040206601e-01
   4.0295618403463274e-01
   4.1497960183064042e-01
   4.2692711487072871e-01
   4.3871375788965800e-01
   4.5024880385399890e-01
   4.6143663854855632e-01
   4.7217790818565852e-01
   4.8237094123806851e-01
   4.9191343112300323e-01
   5.0070434963946597e-01
   5.0864604318789508e-01
   5.1564644615737243e-01
   5.2162133011282752e-01
   5.2649649533993836e-01
   5.3020980460398048e-01
   5.3271295900428006e-01
   5.3397292332824264e-01
   5.3397292332824264e-01
   5.3271295900428006e-01
   5.3020980460398048e-01
   5.2649649533993836e-01
   5.2162133011282752e-01
   5.1564644615737243e-01
   5.0864604318789508e-01
   5.0070434963946597e-01
   4.9191343112300318e-01
   4.8237094123806845e-01
   4.7217790818565847e-01
   4.6143663854855627e-01
   4.5024880385399890e-01
   4.3871375788965805e-01
   4.2692711487072871e-01
   4.1497960183064037e-01
   4.0295618403463274e-01
   3.9093545040206595e-01
   3.7898923711146448e-01
   3.6718246169219765e-01
   3.5557313669908874e-01
   3.4421253110558181e-01
   3.3314544835975213e-01
   3.2241059214449380e-01
   3.1204099382593037e-01
   3.0206447898300370e-01
   2.9250415398140955e-01
   2.8337889705715119e-01
   2.7470384164911521e-01
   2.6649084266592443e-01
   2.5874891893762164e-01
   2.5148466727167840e-01
