   2.1892846293498955e-02
   2.0845093477711296e-02
   1.9855567990212007e-02
   1.8921521169760563e-02
   1.8040356396390986e-02
   1.7209622308672876e-02
   1.6427006356064068e-02
   1.5690328678785160e-02
   1.4997536307032792e-02
   1.4346697670934661e-02
   1.3735997412401349e-02
   1.3163731489920527e-02
   1.2628302567343220e-02
   1.2128215677809985e-02
   1.1662074154139770e-02
   1.1228575817241682e-02
   1.0826509414397665e-02
   1.0454751299592563e-02
   1.0112262348428328e-02
   9.7980851005448257e-03
   9.5113411228745816e-03
   9.2512285874787430e-03
   9.0170200581421219e-03
   8.8080604803439447e-03
   8.6237653696649274e-03
   8.4636191941389952e-03
   8.3271739465076364e-03
   8.2140479027856001e-03
   8.1239245639975598e-03
   8.0565517783959349e-03
   8.0117410419200952e-03
   7.9893669751063112e-03
   7.9893669751063112e-03
   8.0117410419200952e-03
   8.0565517783959331e-03
   8.1239245639975581e-03
   8.2140479027856001e-03
   8.3271739465076346e-03
   8.4636191941389900e-03
   8.6237653696649222e-03
   8.8080604803439395e-03
   9.0170200581421167e-03
   9.2512285874787378e-03
   9.5113411228745764e-03
   9.7980851005448205e-03
   1.0112262348428325e-02
   1.0454751299592556e-02
   1.0826509414397658e-02
   1.1228575817241676e-02
   1.1662074154139767e-02
   1.2128215677809980e-02
   1.2628302567343219e-02
   1.3163731489920526e-02
   1.3735997412401346e-02
   1.4346697670934659e-02
   1.4997536307032790e-02
   1.5690328678785156e-02
   1.6427006356064068e-02
   1.7209622308672876e-02
   1.8040356396390983e-02
   1.8921521169760560e-02
   1.9855567990212007e-02
   2.0845093477711296e-02
   2.1892846293498955e-02
   2.3576794291496755e-02
   2.5904074555686510e-02
   2.8306306594985363e-02
   3.0790367389136323e-02
   3.3363347538284717e-02
   3.6032567396277165e-02
   3.8805593090059806e-02
   4.1690252334470317e-02
   4.4694649928230822e-02
   4.7827182789345342e-02
   5.1096554355742112e-02
   5.4511788139141308e-02
   5.8082240175947222e-02
   6.1817610067532218e-02
   6.5727950242568806e-02
   6.9823673004943243e-02
   7.4115554851019602e-02
   7.8614737448300484e-02
   8.3332724562470359e-02
   8.8281374100003210e-02
   9.3472884297583561e-02
   9.8919772936255590e-02
   1.0463484828641016e-01
   1.1063117029874944e-01
   1.1692200034609278e-01
   1.2352073759200231e-01
   1.3044083981657528e-01
   1.3769572627084167e-01
   1.4529865986463802e-01
   1.5326260572703473e-01
   1.6160006292541865e-01
   1.7032286590577461e-01
   1.7944195204477478e-01
   1.8896709161296024e-01
   1.9890657647452448e-01
   2.0926686403902872e-01
   2.2005217338978106e-01
   2.3126403120897421e-01
   2.4290076617729753e-01
   2.5495695203015295e-01
   2.6424945653451531e-01
   2.7075327632397828e-01
   2.7763306326976245e-01
   2.8487817940140719e-01
   2.9247577807361436e-01
   3.0041052906792082e-01
   3.0866433652288394e-01
   3.1721605483414583e-01
   3.2604120901940353e-01
   3.3511172751890445e-01
   3.4439569695659955e-01
   3.5385714995654960e-01
   3.6345589860575628e-01
   3.7314742746492308e-01
   3.8288286101421337e-01
   3.9260902092140776e-01
   4.0226858835960788e-01
   4.1180038560207149e-01
   4.2113978911725641e-01
   4.3021928324621889e-01
   4.3896915919450424e-01
   4.4731835852374313e-01
   4.5519545370547404e-01
   4.6252975084928327e-01
   4.6925249182120293e-01
   4.7529812513390379e-01
   4.8060560782331729e-01
   4.8511969468398680e-01
   4.8879216736173070e-01
   4.9158295445253336e-01
   4.9346109532046406e-01
   4.9440550498131702e-01
   4.9440550498131702e-01
   4.9346109532046406e-01
   4.9158295445253331e-01
   4.8879216736173070e-01
   4.8511969468398680e-01
   4.8060560782331729e-01
   4.7529812513390379e-01
   4.6925249182120293e-01
   4.6252975084928322e-01
   4.5519545370547410e-01
   4.4731835852374313e-01
   4.3896915919450419e-01
   4.3021928324621889e-01
   4.2113978911725641e-01
   4.1180038560207149e-01
   4.0226858835960788e-01
   3.9260902092140776e-01
   3.8288286101421337e-01
   3.7314742746492308e-01
   3.6345589860575628e-01
   3.5385714995654960e-01
   3.4439569695659955e-01
   3.3511172751890445e-01
   3.2604120901940353e-01
   3.1721605483414583e-01
   3.0866433652288394e-01
   3.0041052906792076e-01
   2.9247577807361436e-01
   2.8487817940140719e-01
   2.7763306326976245e-01
   2.7075327632397828e-01
   2.6424945653451531e-01
