   3.2108186078384601e-02
   3.0855776034671475e-02
   2.9665600359490042e-02
   2.8535299726343468e-02
   2.7462628998464682e-02
   2.6445453608295099e-02
   2.5481746043276046e-02
   2.4569582445596153e-02
   2.3707139331932622e-02
   2.2892690437855683e-02
   2.2124603690404854e-02
   2.1401338311365883e-02
   2.0721442052955293e-02
   2.0083548566935474e-02
   1.9486374907618655e-02
   1.8928719168757848e-02
   1.8409458253952904e-02
   1.7927545779908148e-02
   1.7482010111654459e-02
   1.7071952528683591e-02
   1.6696545520828221e-02
   1.6355031212650625e-02
   1.6046719915069851e-02
   1.5770988802956531e-02
   1.5527280717451405e-02
   1.5315103091814032e-02
   1.5134026999678743e-02
   1.4983686324682301e-02
   1.4863777050529334e-02
   1.4774056670674982e-02
   1.4714343716927248e-02
   1.4684517406402257e-02
   1.4684517406402257e-02
   1.4714343716927248e-02
   1.4774056670674980e-02
   1.4863777050529336e-02
   1.4983686324682301e-02
   1.5134026999678741e-02
   1.5315103091814032e-02
   1.5527280717451405e-02
   1.5770988802956531e-02
   1.6046719915069847e-02
   1.6355031212650625e-02
   1.6696545520828221e-02
   1.7071952528683588e-02
   1.7482010111654459e-02
   1.7927545779908148e-02
   1.8409458253952904e-02
   1.8928719168757848e-02
   1.9486374907618648e-02
   2.0083548566935470e-02
   2.0721442052955289e-02
   2.1401338311365876e-02
   2.2124603690404851e-02
   2.2892690437855676e-02
   2.3707139331932619e-02
   2.4569582445596146e-02
   2.5481746043276042e-02
   2.6445453608295096e-02
   2.7462628998464678e-02
   2.8535299726343461e-02
   2.9665600359490039e-02
   3.0855776034671472e-02
   3.2108186078384594e-02
   3.4108355992989337e-02
   3.6862806462124184e-02
   3.9694097519573771e-02
   4.2607958919003944e-02
   4.5610247615948091e-02
   4.8706952868121114e-02
   5.1904200563046891e-02
   5.5208256631608756e-02
   5.8625529384453250e-02
   6.2162570583767444e-02
   6.5826075035558387e-02
   6.9622878456933920e-02
   7.3559953338769718e-02
   7.7644402486318376e-02
   8.1883449878574599e-02
   8.6284428441413305e-02
   9.0854764279596392e-02
   9.5601956858743203e-02
   1.0053355457047337e-01
   1.0565712505255054e-01
   1.1098021957163731e-01
   1.1651033071020503e-01
   1.2225484253263665e-01
   1.2822097234055760e-01
   1.3441570306650755e-01
   1.4084570530158763e-01
   1.4751724791097204e-01
   1.5443609616653017e-01
   1.6160739632488477e-01
   1.6903554561004847e-01
   1.7672404663187621e-01
   1.8467534539610281e-01
   1.9289065225147109e-01
   2.0136974538869098e-01
   2.1011075687023431e-01
   2.1910994164555966e-01
   2.2836143060954930e-01
   2.3785696950785262e-01
   2.4758564639387035e-01
   2.5753361140591352e-01
   2.6509993221339301e-01
   2.7026281264351665e-01
   2.7559522829300631e-01
   2.8108506076658263e-01
   2.8671888685523444e-01
   2.9248191241174837e-01
   2.9835791481658613e-01
   3.0432919650270884e-01
   3.1037655220289850e-01
   3.1647925273649741e-01
   3.2261504824795501e-01
   3.2876019382948091e-01
   3.3488950038613641e-01
   3.4097641341585283e-01
   3.4699312206271476e-01
   3.5291070034597838e-01
   3.5869928186103522e-01
   3.6432826848967431e-01
   3.6976657275153180e-01
   3.7498289239224675e-01
   3.7994601466299843e-01
   3.8462514653841989e-01
   3.8899026589371455e-01
   3.9301248747480794e-01
   3.9666443641195859e-01
   3.9992062111497378e-01
   4.0275779671323780e-01
   4.0515530982584580e-01
   4.0709541541415661e-01
   4.0856355681216561e-01
   4.0954860075954830e-01
   4.1004302036487017e-01
   4.1004302036487017e-01
   4.0954860075954835e-01
   4.0856355681216566e-01
   4.0709541541415667e-01
   4.0515530982584591e-01
   4.0275779671323797e-01
   3.9992062111497395e-01
   3.9666443641195875e-01
   3.9301248747480810e-01
   3.8899026589371477e-01
   3.8462514653842017e-01
   3.7994601466299865e-01
   3.7498289239224702e-01
   3.6976657275153213e-01
   3.6432826848967459e-01
   3.5869928186103556e-01
   3.5291070034597871e-01
   3.4699312206271510e-01
   3.4097641341585316e-01
   3.3488950038613674e-01
   3.2876019382948130e-01
   3.2261504824795534e-01
   3.1647925273649774e-01
   3.1037655220289884e-01
   3.0432919650270912e-01
   2.9835791481658636e-01
   2.9248191241174859e-01
   2.8671888685523461e-01
   2.8108506076658279e-01
   2.7559522829300642e-01
   2.7026281264351670e-01
   2.6509993221339306e-01
