   5.2099842668390820e-03
   4.8299460717639601e-03
   4.4785806269408094e-03
   4.1538023501102540e-03
   3.8536834141463206e-03
   3.5764423203238881e-03
   3.3204333364910176e-03
   3.0841367382321333e-03
   2.8661497957122215e-03
   2.6651784531898080e-03
   2.4800296521960718e-03
   2.3096042531172687e-03
   2.1528905134056064e-03
   2.0089580838969696e-03
   1.8769524877490921e-03
   1.7560900493466685e-03
   1.6456532431656317e-03
   1.5449864350616765e-03
   1.4534919907617284e-03
   1.3706267285042370e-03
   1.2958986948071662e-03
   1.2288642442528192e-03
   1.1691254059771308e-03
   1.1163275212480723e-03
   1.0701571381231884e-03
   1.0303401506992947e-03
   9.9664017191690739e-04
   9.6885713026650553e-04
   9.4682608207134701e-04
   9.3041623230008758e-04
   9.1953015809936834e-04
   9.1410323043917587e-04
   9.1410323043917587e-04
   9.1953015809936834e-04
   9.3041623230008758e-04
   9.4682608207134723e-04
   9.6885713026650564e-04
   9.9664017191690760e-04
   1.0303401506992949e-03
   1.0701571381231889e-03
   1.1163275212480728e-03
   1.1691254059771313e-03
   1.2288642442528197e-03
   1.2958986948071664e-03
   1.3706267285042372e-03
   1.4534919907617284e-03
   1.5449864350616765e-03
   1.6456532431656317e-03
   1.7560900493466685e-03
   1.8769524877490919e-03
   2.0089580838969696e-03
   2.1528905134056060e-03
   2.3096042531172683e-03
   2.4800296521960714e-03
   2.6651784531898080e-03
   2.8661497957122215e-03
   3.0841367382321329e-03
   3.3204333364910176e-03
   3.5764423203238885e-03
   3.8536834141463211e-03
   4.1538023501102549e-03
   4.4785806269408103e-03
   4.8299460717639610e-03
   5.2099842668390829e-03
   5.8340747707544801e-03
   6.7072213674161160e-03
   7.6216764595370889e-03
   8.5830700040305918e-03
   9.5973201138484770e-03
   1.0670669240507536e-02
   1.1809722282000655e-02
   1.3021486831318235e-02
   1.4313415788859821e-02
   1.5693452570076902e-02
   1.7170079147445720e-02
   1.8752367172916899e-02
   2.0450032432796535e-02
   2.2273492890891991e-02
   2.4233930576814378e-02
   2.6343357573422627e-02
   2.8614686349050022e-02
   3.1061804664492380e-02
   3.3699655259360556e-02
   3.6544320484260151e-02
   3.9613111990494665e-02
   4.2924665512708696e-02
   4.6499040675936278e-02
   5.0357825619151253e-02
   5.4524246042926730e-02
   5.9023278047076876e-02
   6.3881763810094347e-02
   6.9128528757126190e-02
   7.4794498344126034e-02
   8.0912811924476191e-02
   8.7518930326497379e-02
   9.4650732714531852e-02
   1.0234859698345856e-01
   1.1065545628873569e-01
   1.1961682227468771e-01
   1.2928076305779845e-01
   1.3969782096794245e-01
   1.5092085136527297e-01
   1.6300475945566911e-01
   1.7600610686281615e-01
   1.8642466647309194e-01
   1.9426723047525449e-01
   2.0312181214668421e-01
   2.1302076113876342e-01
   2.2399805827653541e-01
   2.3608855827917935e-01
   2.4932703166809767e-01
   2.6374696488920774e-01
   2.7937907321463801e-01
   2.9624947771234461e-01
   3.1437749648589192e-01
   3.3377300289047679e-01
   3.5443331138755096e-01
   3.7633956746804692e-01
   3.9945264446793910e-01
   4.2370859021552970e-01
   4.4901372327849881e-01
   4.7523955432070869e-01
   5.0221780308013153e-01
   5.2973589276781596e-01
   5.5753342320866406e-01
   5.8530023691126243e-01
   6.1267677562824829e-01
   6.3925744851081456e-01
   6.6459766197998715e-01
   6.8822496369473385e-01
   7.0965440927099088e-01
   7.2840777727878459e-01
   7.4403567918889857e-01
   7.5614102133309191e-01
   7.6440179336555047e-01
   7.6859090889889814e-01
   7.6859090889889858e-01
   7.6440179336555181e-01
   7.5614102133309391e-01
   7.4403567918890112e-01
   7.2840777727878792e-01
   7.0965440927099488e-01
   6.8822496369473818e-01
   6.6459766197999193e-01
   6.3925744851081967e-01
   6.1267677562825351e-01
   5.8530023691126765e-01
   5.5753342320866928e-01
   5.2973589276782107e-01
   5.0221780308013664e-01
   4.7523955432071358e-01
   4.4901372327850342e-01
   4.2370859021553398e-01
   3.9945264446794321e-01
   3.7633956746805075e-01
   3.5443331138755446e-01
   3.3377300289048006e-01
   3.1437749648589486e-01
   2.9624947771234728e-01
   2.7937907321464034e-01
   2.6374696488920979e-01
   2.4932703166809944e-01
   2.3608855827918085e-01
   2.2399805827653663e-01
   2.1302076113876436e-01
   2.0312181214668487e-01
   1.9426723047525490e-01
   1.8642466647309208e-01
