   3.7364527066329682e-03
   3.4446339559481998e-03
   3.1761676340060019e-03
   2.9292338186124424e-03
   2.7021585321236872e-03
   2.4934024006593373e-03
   2.3015502241030342e-03
   2.1253013865667122e-03
   1.9634610426080951e-03
   1.8149320196840710e-03
   1.6787073821266463e-03
   1.5538636063725942e-03
   1.4395543212903934e-03
   1.3350045712545097e-03
   1.2395055631418202e-03
   1.1524098616907074e-03
   1.0731270006913243e-03
   1.0011194802854878e-03
   9.3589912326515711e-04
   8.7702376568670891e-04
   8.2409425938035567e-04
   7.7675176604515906e-04
   7.3467532459423860e-04
   6.9757967526521173e-04
   6.6521332575002591e-04
   6.3735684623785220e-04
   6.1382138181564785e-04
   5.9444737214379355e-04
   5.7910346972883556e-04
   5.6768564946127237e-04
   5.6011650338262968e-04
   5.5634471590152487e-04
   5.5634471590152487e-04
   5.6011650338262968e-04
   5.6768564946127248e-04
   5.7910346972883566e-04
   5.9444737214379376e-04
   6.1382138181564818e-04
   6.3735684623785242e-04
   6.6521332575002613e-04
   6.9757967526521217e-04
   7.3467532459423903e-04
   7.7675176604515971e-04
   8.2409425938035632e-04
   8.7702376568670956e-04
   9.3589912326515776e-04
   1.0011194802854884e-03
   1.0731270006913251e-03
   1.1524098616907084e-03
   1.2395055631418213e-03
   1.3350045712545112e-03
   1.4395543212903945e-03
   1.5538636063725955e-03
   1.6787073821266478e-03
   1.8149320196840727e-03
   1.9634610426080969e-03
   2.1253013865667144e-03
   2.3015502241030363e-03
   2.4934024006593399e-03
   2.7021585321236889e-03
   2.9292338186124437e-03
   3.1761676340060032e-03
   3.4446339559482007e-03
   3.7364527066329686e-03
   4.2180730934900813e-03
   4.8938330191203323e-03
   5.6040139391446081e-03
   6.3536101073685567e-03
   7.1478925913488296e-03
   7.9924462187157281e-03
   8.8932086929175112e-03
   9.8565121426336215e-03
   1.0889127383129672e-02
   1.1998311182920390e-02
   1.3191856845121645e-02
   1.4478148429597047e-02
   1.5866218959138770e-02
   1.7365812970050583e-02
   1.8987453784055978e-02
   2.0742515893668143e-02
   2.2643302866005140e-02
   2.4703131179149084e-02
   2.6936420408733050e-02
   2.9358790178131363e-02
   3.1987164270342330e-02
   3.4839882269370660e-02
   3.7936819048434468e-02
   4.1299512344911485e-02
   4.4951298548939214e-02
   4.8917456672873581e-02
   5.3225360248162809e-02
   5.7904636596466399e-02
   6.2987332519998898e-02
   6.8508084922956194e-02
   7.4504294174794469e-02
   8.1016297111151367e-02
   8.8087535382222526e-02
   9.5764713331028192e-02
   1.0409793762928894e-01
   1.1314082841304249e-01
   1.2295058852101212e-01
   1.3358801350397648e-01
   1.4511742018343579e-01
   1.5760646552165664e-01
   1.6768429175457700e-01
   1.7536653267834032e-01
   1.8413372646211626e-01
   1.9402892650059289e-01
   2.0509875509646364e-01
   2.1739275960936078e-01
   2.3096255306187749e-01
   2.4586068363137609e-01
   2.6213916779516466e-01
   2.7984761222311011e-01
   2.9903084083223336e-01
   3.1972593732872784e-01
   3.4195861244862513e-01
   3.6573881234864719e-01
   3.9105550473894740e-01
   4.1787061814953558e-01
   4.4611217394646030e-01
   4.7566674745871168e-01
   5.0637152988086509e-01
   5.3800643908758206e-01
   5.7028694079781117e-01
   6.0285847588048003e-01
   6.3529361306866172e-01
   6.6709320764080160e-01
   6.9769287609126485e-01
   7.2647591518736421e-01
   7.5279333141379545e-01
   7.7599087297344549e-01
   7.9544191328109826e-01
   8.1058386176422870e-01
   8.2095470988987074e-01
   8.2622564560911371e-01
   8.2622564560911382e-01
   8.2095470988987118e-01
   8.1058386176422947e-01
   7.9544191328109937e-01
   7.7599087297344682e-01
   7.5279333141379701e-01
   7.2647591518736587e-01
   6.9769287609126673e-01
   6.6709320764080349e-01
   6.3529361306866361e-01
   6.0285847588048203e-01
   5.7028694079781328e-01
   5.3800643908758405e-01
   5.0637152988086698e-01
   4.7566674745871351e-01
   4.4611217394646208e-01
   4.1787061814953730e-01
   3.9105550473894901e-01
   3.6573881234864869e-01
   3.4195861244862658e-01
   3.1972593732872917e-01
   2.9903084083223452e-01
   2.7984761222311116e-01
   2.6213916779516561e-01
   2.4586068363137692e-01
   2.3096255306187818e-01
   2.1739275960936136e-01
   2.0509875509646416e-01
   1.9402892650059328e-01
   1.8413372646211648e-01
   1.7536653267834046e-01
   1.6768429175457703e-01
