   8.4964172264584883e-03
   7.9434862176749766e-03
   7.4285679722009531e-03
   6.9491995334387408e-03
   6.5030877815187927e-03
   6.0880985179771691e-03
   5.7022462997206314e-03
   5.3436849757545913e-03
   5.0106988831129943e-03
   4.7016946612593400e-03
   4.4151936469242177e-03
   4.1498248139082332e-03
   3.9043182248132101e-03
   3.6774989639730780e-03
   3.4682815230438722e-03
   3.2756646127852728e-03
   3.0987263765299439e-03
   2.9366199826977770e-03
   2.7885695754761349e-03
   2.6538665644607056e-03
   2.5318662356407532e-03
   2.4219846676236906e-03
   2.3236959384328910e-03
   2.2365296095856399e-03
   2.1600684754707069e-03
   2.0939465673030103e-03
   2.0378474021416301e-03
   1.9915024686224512e-03
   1.9546899421831704e-03
   1.9272336236514111e-03
   1.9090020961312309e-03
   1.8999080961643062e-03
   1.8999080961643062e-03
   1.9090020961312314e-03
   1.9272336236514115e-03
   1.9546899421831712e-03
   1.9915024686224521e-03
   2.0378474021416314e-03
   2.0939465673030116e-03
   2.1600684754707086e-03
   2.2365296095856421e-03
   2.3236959384328936e-03
   2.4219846676236927e-03
   2.5318662356407554e-03
   2.6538665644607077e-03
   2.7885695754761375e-03
   2.9366199826977792e-03
   3.0987263765299470e-03
   3.2756646127852754e-03
   3.4682815230438753e-03
   3.6774989639730806e-03
   3.9043182248132131e-03
   4.1498248139082367e-03
   4.4151936469242212e-03
   4.7016946612593435e-03
   5.0106988831129960e-03
   5.3436849757545948e-03
   5.7022462997206340e-03
   6.0880985179771717e-03
   6.5030877815187944e-03
   6.9491995334387425e-03
   7.4285679722009539e-03
   7.9434862176749766e-03
   8.4964172264584883e-03
   9.3978354230338044e-03
   1.0653738968879761e-02
   1.1962527498141353e-02
   1.3330690733560392e-02
   1.4765010178541116e-02
   1.6272592029118349e-02
   1.7860901517175197e-02
   1.9537798812164209e-02
   2.1311576606269745e-02
   2.3190999503883286e-02
   2.5185345329881335e-02
   2.7304448461794424e-02
   2.9558745277663365e-02
   3.1959321793116273e-02
   3.4517963536634631e-02
   3.7247207679465710e-02
   4.0160397394162856e-02
   4.3271738360814979e-02
   4.6596357269629206e-02
   5.0150362078950593e-02
   5.3950903674535471e-02
   5.8016238433469522e-02
   6.2365791017937829e-02
   6.7020216502166011e-02
   7.2001460660762934e-02
   7.7332816907117005e-02
   8.3038977953121429e-02
   8.9146079750785132e-02
   9.5681734654290890e-02
   1.0267504998740222e-01
   1.1015662729308982e-01
   1.1815853645521705e-01
   1.2671425759041155e-01
   1.3585858208662605e-01
   1.4562746239104221e-01
   1.5605779810830708e-01
   1.6718714365737250e-01
   1.7905332016864939e-01
   1.9169391153172019e-01
   2.0514562162340477e-01
   2.1580376347023092e-01
   2.2366143736711952e-01
   2.3237401623077658e-01
   2.4195700465088335e-01
   2.5242509716959838e-01
   2.6379140502869847e-01
   2.7606653738469616e-01
   2.8925751957126938e-01
   3.0336653219208676e-01
   3.1838945769416765e-01
   3.3431422619689660e-01
   3.5111896042522245e-01
   3.6876993136945369e-01
   3.8721935251274425e-01
   4.0640306175027685e-01
   4.2623816678828985e-01
   4.4662076162608083e-01
   4.6742385760447824e-01
   4.8849571016547921e-01
   5.0965875810465522e-01
   5.3070942018581280e-01
   5.5141900734790783e-01
   5.7153599903493912e-01
   5.9078989102099966e-01
   6.0889674276039074e-01
   6.2556643200290729e-01
   6.4051146682693028e-01
   6.5345702237209213e-01
   6.6415168235418154e-01
   6.7237820218726729e-01
   6.7796350256683624e-01
   6.8078707763943491e-01
   6.8078707763943502e-01
   6.7796350256683657e-01
   6.7237820218726774e-01
   6.6415168235418220e-01
   6.5345702237209302e-01
   6.4051146682693150e-01
   6.2556643200290862e-01
   6.0889674276039218e-01
   5.9078989102100121e-01
   5.7153599903494068e-01
   5.5141900734790950e-01
   5.3070942018581435e-01
   5.0965875810465688e-01
   4.8849571016548093e-01
   4.6742385760447996e-01
   4.4662076162608244e-01
   4.2623816678829146e-01
   4.0640306175027840e-01
   3.8721935251274575e-01
   3.6876993136945513e-01
   3.5111896042522384e-01
   3.3431422619689788e-01
   3.1838945769416893e-01
   3.0336653219208787e-01
   2.8925751957127038e-01
   2.7606653738469705e-01
   2.6379140502869919e-01
   2.5242509716959899e-01
   2.4195700465088382e-01
   2.3237401623077691e-01
   2.2366143736711971e-01
   2.1580376347023097e-01
