   5.5779342047700228e-02
   5.4517273774081706e-02
   5.3305987696947429e-02
   5.2144489721474098e-02
   5.1031818115184813e-02
   4.9967043941530329e-02
   4.8949271407749274e-02
   4.7977638136927792e-02
   4.7051315373347988e-02
   4.6169508129444030e-02
   4.5331455281970280e-02
   4.4536429624325372e-02
   4.3783737881365678e-02
   4.3072720692477466e-02
   4.2402752568157183e-02
   4.1773241824869557e-02
   4.1183630502511274e-02
   4.0633394268400687e-02
   4.0122042311338903e-02
   3.9649117228941877e-02
   3.9214194911124475e-02
   3.8816884422323436e-02
   3.8456827884774815e-02
   3.8133700364910143e-02
   3.7847209764703106e-02
   3.7597096719581884e-02
   3.7383134504321312e-02
   3.7205128948139876e-02
   3.7062918360049789e-02
   3.6956373465340822e-02
   3.6885397353919172e-02
   3.6849925441070713e-02
   3.6849925441070713e-02
   3.6885397353919172e-02
   3.6956373465340822e-02
   3.7062918360049796e-02
   3.7205128948139876e-02
   3.7383134504321319e-02
   3.7597096719581884e-02
   3.7847209764703106e-02
   3.8133700364910150e-02
   3.8456827884774815e-02
   3.8816884422323436e-02
   3.9214194911124475e-02
   3.9649117228941877e-02
   4.0122042311338903e-02
   4.0633394268400694e-02
   4.1183630502511281e-02
   4.1773241824869564e-02
   4.2402752568157183e-02
   4.3072720692477473e-02
   4.3783737881365678e-02
   4.4536429624325372e-02
   4.5331455281970280e-02
   4.6169508129444044e-02
   4.7051315373347988e-02
   4.7977638136927792e-02
   4.8949271407749274e-02
   4.9967043941530329e-02
   5.1031818115184820e-02
   5.2144489721474105e-02
   5.3305987696947429e-02
   5.4517273774081720e-02
   5.5779342047700228e-02
   5.7774583754879309e-02
   6.0506604140080411e-02
   6.3296267207392107e-02
   6.6145793367987302e-02
   6.9057389634846950e-02
   7.2033244502602775e-02
   7.5075522149242305e-02
   7.8186355903452576e-02
   8.1367840918486603e-02
   8.4622025990712738e-02
   8.7950904458532042e-02
   9.1356404115223458e-02
   9.4840376067614071e-02
   9.8404582471407182e-02
   1.0205068307369115e-01
   1.0578022049377363e-01
   1.0959460417524255e-01
   1.1349509294527765e-01
   1.1748277612197600e-01
   1.2155855311709911e-01
   1.2572311149050261e-01
   1.2997690342390836e-01
   1.3432012059597701e-01
   1.3875266745820744e-01
   1.4327413293241145e-01
   1.4788376057576547e-01
   1.5258041728909671e-01
   1.5736256067845725e-01
   1.6222820521946546e-01
   1.6717488741857081e-01
   1.7219963021543794e-01
   1.7729890692603334e-01
   1.8246860508654425e-01
   1.8770399062356047e-01
   1.9299967284535086e-01
   1.9834957082161001e-01
   2.0374688179343192e-01
   2.0918405232980467e-01
   2.1465275301950446e-01
   2.2014385755536023e-01
   2.2424642154030419e-01
   2.2695233710061463e-01
   2.2965732110587772e-01
   2.3235589456181929e-01
   2.3504239779823258e-01
   2.3771100206842455e-01
   2.4035572322006074e-01
   2.4297043749035499e-01
   2.4554889945678954e-01
   2.4808476214987349e-01
   2.5057159930699963e-01
   2.5300292971649624e-01
   2.5537224356882599e-01
   2.5767303069801006e-01
   2.5989881056128905e-01
   2.6204316376941433e-01
   2.6409976494452181e-01
   2.6606241664806729e-01
   2.6792508408866350e-01
   2.6968193028973431e-01
   2.7132735137059710e-01
   2.7285601157277389e-01
   2.7426287764684404e-01
   2.7554325220472720e-01
   2.7669280563855220e-01
   2.7770760621070623e-01
   2.7858414793057368e-01
   2.7931937585198280e-01
   2.7991070845137955e-01
   2.8035605677993020e-01
   2.8065384012258310e-01
   2.8080299794285912e-01
   2.8080299794285912e-01
   2.8065384012258310e-01
   2.8035605677993020e-01
   2.7991070845137950e-01
   2.7931937585198274e-01
   2.7858414793057368e-01
   2.7770760621070623e-01
   2.7669280563855220e-01
   2.7554325220472720e-01
   2.7426287764684404e-01
   2.7285601157277389e-01
   2.7132735137059710e-01
   2.6968193028973431e-01
   2.6792508408866350e-01
   2.6606241664806729e-01
   2.6409976494452175e-01
   2.6204316376941433e-01
   2.5989881056128905e-01
   2.5767303069801006e-01
   2.5537224356882599e-01
   2.5300292971649624e-01
   2.5057159930699963e-01
   2.4808476214987346e-01
   2.4554889945678954e-01
   2.4297043749035496e-01
   2.4035572322006071e-01
   2.3771100206842452e-01
   2.3504239779823258e-01
   2.3235589456181929e-01
   2.2965732110587769e-01
   2.2695233710061463e-01
   2.2424642154030419e-01
