   6.0174961294382719e-02
   5.8964157055908302e-02
   5.7800459996324521e-02
   5.6683091819221827e-02
   5.5611296691756941e-02
   5.4584341915264713e-02
   5.3601518511415862e-02
   5.2662141732067493e-02
   5.1765551500349151e-02
   5.0911112789959502e-02
   5.0098215949115482e-02
   4.9326276975095396e-02
   4.8594737744849348e-02
   4.7903066206711913e-02
   4.7250756537842602e-02
   4.6637329271636677e-02
   4.6062331398992011e-02
   4.5525336446983880e-02
   4.5025944538188346e-02
   4.4563782433604274e-02
   4.4138503561852581e-02
   4.3749788037077145e-02
   4.3397342667734616e-02
   4.3080900958237266e-02
   4.2800223105203948e-02
   4.2555095989877015e-02
   4.2345333168077245e-02
   4.2170774858892215e-02
   4.2031287933125855e-02
   4.1926765902376671e-02
   4.1857128909457905e-02
   4.1822323720724155e-02
   4.1822323720724155e-02
   4.1857128909457905e-02
   4.1926765902376671e-02
   4.2031287933125855e-02
   4.2170774858892209e-02
   4.2345333168077245e-02
   4.2555095989877015e-02
   4.2800223105203948e-02
   4.3080900958237266e-02
   4.3397342667734609e-02
   4.3749788037077145e-02
   4.4138503561852574e-02
   4.4563782433604267e-02
   4.5025944538188332e-02
   4.5525336446983873e-02
   4.6062331398992004e-02
   4.6637329271636663e-02
   4.7250756537842595e-02
   4.7903066206711906e-02
   4.8594737744849334e-02
   4.9326276975095382e-02
   5.0098215949115468e-02
   5.0911112789959488e-02
   5.1765551500349137e-02
   5.2662141732067479e-02
   5.3601518511415848e-02
   5.4584341915264699e-02
   5.5611296691756927e-02
   5.6683091819221806e-02
   5.7800459996324507e-02
   5.8964157055908281e-02
   6.0174961294382712e-02
   6.2086429918776262e-02
   6.4701649534072800e-02
   6.7369581827958255e-02
   7.0091925611949060e-02
   7.2870355012603194e-02
   7.5706514354584115e-02
   7.8602012487114528e-02
   8.1558416514907292e-02
   8.4577244893499423e-02
   8.7659959848007035e-02
   9.0807959073730293e-02
   9.4022566676847871e-02
   9.7305023313735556e-02
   1.0065647548832575e-01
   1.0407796396850273e-01
   1.0757041128492892e-01
   1.1113460827905365e-01
   1.1477119967152095e-01
   1.1848066862792291e-01
   1.2226332030601479e-01
   1.2611926437729798e-01
   1.3004839652647066e-01
   1.3405037894483807e-01
   1.3812461984855010e-01
   1.4227025206967245e-01
   1.4648611078776944e-01
   1.5077071049201815e-01
   1.5512222128899220e-01
   1.5953844469921330e-01
   1.6401678911636020e-01
   1.6855424513657433e-01
   1.7314736100143005e-01
   1.7779221843655835e-01
   1.8248440920820008e-01
   1.8721901276154590e-01
   1.9199057534684411e-01
   1.9679309108099069e-01
   2.0161998543252255e-01
   2.0646410165527201e-01
   2.1131769072886183e-01
   2.1493657430349594e-01
   2.1731433902841293e-01
   2.1968245200072481e-01
   2.2203642570611554e-01
   2.2437165821148286e-01
   2.2668344361976348e-01
   2.2896698389572279e-01
   2.3121740207053595e-01
   2.3342975681803799e-01
   2.3559905837919837e-01
   2.3772028579383228e-01
   2.3978840537999876e-01
   2.4179839038219333e-01
   2.4374524168961600e-01
   2.4562400950581215e-01
   2.4742981583121848e-01
   2.4915787760099750e-01
   2.5080353030244501e-01
   2.5236225187963701e-01
   2.5382968671829842e-01
   2.5520166949154954e-01
   2.5647424863763202e-01
   2.5764370923430446e-01
   2.5870659503164328e-01
   2.5965972940574839e-01
   2.6050023500050695e-01
   2.6122555183320412e-01
   2.6183345365238397e-01
   2.6232206235284955e-01
   2.6268986027284441e-01
   2.6293570022197549e-01
   2.6305881311491941e-01
   2.6305881311491941e-01
   2.6293570022197549e-01
   2.6268986027284441e-01
   2.6232206235284955e-01
   2.6183345365238397e-01
   2.6122555183320412e-01
   2.6050023500050695e-01
   2.5965972940574839e-01
   2.5870659503164323e-01
   2.5764370923430441e-01
   2.5647424863763196e-01
   2.5520166949154954e-01
   2.5382968671829842e-01
   2.5236225187963696e-01
   2.5080353030244501e-01
   2.4915787760099747e-01
   2.4742981583121845e-01
   2.4562400950581215e-01
   2.4374524168961595e-01
   2.4179839038219331e-01
   2.3978840537999874e-01
   2.3772028579383225e-01
   2.3559905837919834e-01
   2.3342975681803796e-01
   2.3121740207053593e-01
   2.2896698389572279e-01
   2.2668344361976345e-01
   2.2437165821148281e-01
   2.2203642570611548e-01
   2.1968245200072475e-01
   2.1731433902841291e-01
   2.1493657430349591e-01
