   2.2489463161551374e-02
   2.1425910907440573e-02
   2.0421043763382999e-02
   1.9472125972975051e-02
   1.8576571910794509e-02
   1.7731939495941162e-02
   1.6935923925008201e-02
   1.6186351718112689e-02
   1.5481175070905757e-02
   1.4818466504981613e-02
   1.4196413808775479e-02
   1.3613315260855309e-02
   1.3067575127446536e-02
   1.2557699426062436e-02
   1.2082291947227614e-02
   1.1640050526463937e-02
   1.1229763558944530e-02
   1.0850306749502003e-02
   1.0500640090993029e-02
   1.0179805064365595e-02
   9.8869220541418362e-03
   9.6211879734130930e-03
   9.3818740928409850e-03
   9.1683240685653117e-03
   8.9799521643339590e-03
   8.8162416635896267e-03
   8.6767434676712062e-03
   8.5610748767131432e-03
   8.4689185502527901e-03
   8.4000216449831421e-03
   8.3541951275159509e-03
   8.3313132604476287e-03
   8.3313132604476304e-03
   8.3541951275159509e-03
   8.4000216449831404e-03
   8.4689185502527884e-03
   8.5610748767131432e-03
   8.6767434676712045e-03
   8.8162416635896267e-03
   8.9799521643339573e-03
   9.1683240685653099e-03
   9.3818740928409833e-03
   9.6211879734130912e-03
   9.8869220541418328e-03
   1.0179805064365595e-02
   1.0500640090993029e-02
   1.0850306749502004e-02
   1.1229763558944532e-02
   1.1640050526463939e-02
   1.2082291947227618e-02
   1.2557699426062439e-02
   1.3067575127446541e-02
   1.3613315260855314e-02
   1.4196413808775486e-02
   1.4818466504981620e-02
   1.5481175070905765e-02
   1.6186351718112699e-02
   1.6935923925008211e-02
   1.7731939495941176e-02
   1.8576571910794523e-02
   1.9472125972975061e-02
   2.0421043763383006e-02
   2.1425910907440577e-02
   2.2489463161551374e-02
   2.4198076416039632e-02
   2.6558876906151566e-02
   2.8995020769764662e-02
   3.1513340483264429e-02
   3.4120877269070246e-02
   3.6824896504531530e-02
   3.9632902964476108e-02
   4.2552655801105697e-02
   4.5592183141182394e-02
   4.8759796152616962e-02
   5.2064102400024709e-02
   5.5514018270850403e-02
   5.9118780209485015e-02
   6.2887954445516051e-02
   6.6831444842894008e-02
   7.0959498428289206e-02
   7.5282708078106844e-02
   7.9812011753304143e-02
   8.4558687568051613e-02
   8.9534343861136997e-02
   9.4750903306615550e-02
   1.0022057995149271e-01
   1.0595584790236001e-01
   1.1196940019947188e-01
   1.1827409621593236e-01
   1.2488289570250662e-01
   1.3180877736733637e-01
   1.3906463963840299e-01
   1.4666318101098266e-01
   1.5461675714140019e-01
   1.6293721162448146e-01
   1.7163567720202488e-01
   1.8072234401554510e-01
   1.9020619146712320e-01
   2.0009468032354605e-01
   2.1039340193557424e-01
   2.2110568189977486e-01
   2.3223213622773703e-01
   2.4377017917803936e-01
   2.5571348342798667e-01
   2.6491061852460740e-01
   2.7133653872303237e-01
   2.7812296176385259e-01
   2.8525891281501781e-01
   2.9273125321452381e-01
   3.0052442351427056e-01
   3.0862018153930110e-01
   3.1699734052751438e-01
   3.2563151365978521e-01
   3.3449487263109179e-01
   3.4355592930657403e-01
   3.5277935089042811e-01
   3.6212582032716600e-01
   3.7155195474906810e-01
   3.8101029555465982e-01
   3.9044938400736884e-01
   3.9981393592729592e-01
   4.0904512795874970e-01
   4.1808100589358044e-01
   4.2685702251102203e-01
   4.3530670830950358e-01
   4.4336247338256390e-01
   4.5095653265414259e-01
   4.5802193997316337e-01
   4.6449370952288183e-01
   4.7030999608123453e-01
   4.7541329940808297e-01
   4.7975165300508504e-01
   4.8327975424697794e-01
   4.8595999188965044e-01
   4.8776332854320414e-01
   4.8866999997679894e-01
   4.8866999997679894e-01
   4.8776332854320414e-01
   4.8595999188965044e-01
   4.8327975424697794e-01
   4.7975165300508499e-01
   4.7541329940808291e-01
   4.7030999608123453e-01
   4.6449370952288183e-01
   4.5802193997316332e-01
   4.5095653265414259e-01
   4.4336247338256390e-01
   4.3530670830950352e-01
   4.2685702251102203e-01
   4.1808100589358044e-01
   4.0904512795874964e-01
   3.9981393592729586e-01
   3.9044938400736878e-01
   3.8101029555465976e-01
   3.7155195474906805e-01
   3.6212582032716606e-01
   3.5277935089042806e-01
   3.4355592930657397e-01
   3.3449487263109173e-01
   3.2563151365978521e-01
   3.1699734052751433e-01
   3.0862018153930104e-01
   3.0052442351427050e-01
   2.9273125321452376e-01
   2.8525891281501775e-01
   2.7812296176385259e-01
   2.7133653872303232e-01
   2.6491061852460740e-01
