   2.0138447958967701e-02
   1.9140016525493429e-02
   1.8198283627628122e-02
   1.7310471901922232e-02
   1.6473961298426421e-02
   1.5686281718226548e-02
   1.4945106033583436e-02
   1.4248243479357207e-02
   1.3593633404087221e-02
   1.2979339368966418e-02
   1.2403543582961453e-02
   1.1864541662460433e-02
   1.1360737704055976e-02
   1.0890639659374014e-02
   1.0452855001222509e-02
   1.0046086670745913e-02
   9.6691292957203322e-03
   9.3208656706017592e-03
   9.0002634894382275e-03
   8.7063723232705479e-03
   8.4383208341703847e-03
   8.1953142185952951e-03
   7.9766318732746467e-03
   7.7816252773761623e-03
   7.6097160852380248e-03
   7.4603944244851237e-03
   7.3332173948790812e-03
   7.2278077637796586e-03
   7.1438528546198254e-03
   7.0811036253181367e-03
   7.0393739340702220e-03
   7.0185399904765505e-03
   7.0185399904765505e-03
   7.0393739340702220e-03
   7.0811036253181376e-03
   7.1438528546198254e-03
   7.2278077637796586e-03
   7.3332173948790803e-03
   7.4603944244851228e-03
   7.6097160852380248e-03
   7.7816252773761632e-03
   7.9766318732746467e-03
   8.1953142185952951e-03
   8.4383208341703847e-03
   8.7063723232705479e-03
   9.0002634894382292e-03
   9.3208656706017592e-03
   9.6691292957203322e-03
   1.0046086670745911e-02
   1.0452855001222509e-02
   1.0890639659374013e-02
   1.1360737704055974e-02
   1.1864541662460435e-02
   1.2403543582961453e-02
   1.2979339368966416e-02
   1.3593633404087221e-02
   1.4248243479357207e-02
   1.4945106033583434e-02
   1.5686281718226548e-02
   1.6473961298426421e-02
   1.7310471901922232e-02
   1.8198283627628122e-02
   1.9140016525493426e-02
   2.0138447958967704e-02
   2.1745227858551305e-02
   2.3967502355545022e-02
   2.6263340628857136e-02
   2.8639728750918282e-02
   3.1103880387578768e-02
   3.3663255098481878e-02
   3.6325576686843025e-02
   3.9098851526396604e-02
   4.1991386770873058e-02
   4.5011808324818221e-02
   4.8169078423167776e-02
   5.1472512629941507e-02
   5.4931796022810724e-02
   5.8556998279077559e-02
   6.2358587318613670e-02
   6.6347441089223649e-02
   7.0534856998264214e-02
   7.4932558399563018e-02
   7.9552697435005579e-02
   8.4407853403752439e-02
   8.9511025686999660e-02
   9.4875620090587129e-02
   1.0051542727976166e-01
   1.0644459176841552e-01
   1.1267756968795588e-01
   1.1922907329810632e-01
   1.2611399991390368e-01
   1.3334734261191383e-01
   1.4094407974828504e-01
   1.4891903997852055e-01
   1.5728673912432642e-01
   1.6606118490193894e-01
   1.7525564523046033e-01
   1.8488237560707321e-01
   1.9495230090701229e-01
   2.0547464698931758e-01
   2.1645651772682176e-01
   2.2790241360663596e-01
   2.3981368895626523e-01
   2.5218794624501611e-01
   2.6175221632848089e-01
   2.6848187154573272e-01
   2.7563569091640727e-01
   2.8320429432109617e-01
   2.9117598072509843e-01
   2.9953639606831484e-01
   3.0826818611161205e-01
   3.1735063941474340e-01
   3.2675932731966351e-01
   3.3646574973159538e-01
   3.4643699759059982e-01
   3.5663544514297391e-01
   3.6701848735531672e-01
   3.7753833992696312e-01
   3.8814192117020158e-01
   3.9877083632388338e-01
   4.0936148539267653e-01
   4.1984531508865053e-01
   4.3014923362180529e-01
   4.4019620369913204e-01
   4.4990602397231899e-01
   4.5919630225601127e-01
   4.6798361520724224e-01
   4.7618483908652620e-01
   4.8371862519727377e-01
   4.9050698231826984e-01
   4.9647691777934960e-01
   5.0156207977390732e-01
   5.0570433706273876e-01
   5.0885522930900329e-01
   5.1097722256915701e-01
   5.1204471027552634e-01
   5.1204471027552634e-01
   5.1097722256915701e-01
   5.0885522930900329e-01
   5.0570433706273865e-01
   5.0156207977390732e-01
   4.9647691777934949e-01
   4.9050698231826972e-01
   4.8371862519727360e-01
   4.7618483908652598e-01
   4.6798361520724202e-01
   4.5919630225601105e-01
   4.4990602397231882e-01
   4.4019620369913176e-01
   4.3014923362180507e-01
   4.1984531508865031e-01
   4.0936148539267631e-01
   3.9877083632388305e-01
   3.8814192117020130e-01
   3.7753833992696278e-01
   3.6701848735531639e-01
   3.5663544514297368e-01
   3.4643699759059959e-01
   3.3646574973159510e-01
   3.2675932731966328e-01
   3.1735063941474317e-01
   3.0826818611161177e-01
   2.9953639606831461e-01
   2.9117598072509826e-01
   2.8320429432109612e-01
   2.7563569091640722e-01
   2.6848187154573272e-01
   2.6175221632848089e-01
