   1.6553560584197265e-02   0.0000000000000000e+00
   1.9225140003093364e-02   0.0000000000000000e+00
   2.2096458481150039e-02   0.0000000000000000e+00
   2.4257581091264752e-01   0.0000000000000000e+00
   4.1196514950687591e-01   0.0000000000000000e+00
   1.7796398458881524e+00   0.0000000000000000e+00
   1.9927505923603066e+00   0.0000000000000000e+00
   3.5733502313651009e+00   0.0000000000000000e+00
   5.5541890465741393e+00  -2.6929759901502565e-13
   5.2667794735667766e+00   0.0000000000000000e+00
   5.5541891211315573e+00   0.0000000000000000e+00
   7.7427716879897748e+00   0.0000000000000000e+00
