   8.2991651873516492e-01
   8.2991651873516559e-01
   8.2991651873516781e-01
   8.2991651873517214e-01
   8.2991651873517813e-01
   8.2991651873518546e-01
   8.2991651873519379e-01
   8.2991651873520245e-01
   8.2991651873520966e-01
   8.2991651873521444e-01
   8.2991651873521477e-01
   8.2991651873520988e-01
   8.2991651873519934e-01
   8.2991651873518490e-01
   8.2991651873516892e-01
   8.2991651873515537e-01
   8.2991651873514793e-01
   8.2991651873514849e-01
   8.2991651873515659e-01
   8.2991651873517025e-01
   8.2991651873518613e-01
   8.2991651873520023e-01
   8.2991651873521033e-01
   8.2991651873521488e-01
   8.2991651873521388e-01
   8.2991651873520855e-01
   8.2991651873520078e-01
   8.2991651873519223e-01
   8.2991651873518424e-01
   8.2991651873517724e-01
   8.2991651873517158e-01
   8.2991651873516770e-01
   8.2991651873516559e-01
   8.2991651873516492e-01
   8.2991651873516492e-01
   8.2991651873516492e-01
   8.2991651873516514e-01
   8.2991651873516570e-01
   8.2991651873516636e-01
   8.2991651873516747e-01
   8.2991651873516892e-01
   8.2991651873517103e-01
   8.2991651873517358e-01
   8.2991651873517680e-01
   8.2991651873518069e-01
   8.2991651873518490e-01
   8.2991651873518912e-01
   8.2991651873519290e-01
   8.2991651873519590e-01
   8.2991651873519767e-01
   8.2991651873519801e-01
   8.2991651873519667e-01
   8.2991651873519356e-01
   8.2991651873518935e-01
   8.2991651873518457e-01
   8.2991651873517958e-01
   8.2991651873517502e-01
   8.2991651873517125e-01
   8.2991651873516847e-01
   8.2991651873516670e-01
   8.2991651873516592e-01
   8.2991651873516603e-01
   8.2991651873516659e-01
   8.2991651873516725e-01
   8.2991651873516814e-01
   8.2991651873516881e-01
   8.2991651873516925e-01
   8.2991651873516936e-01
   8.2991651873516936e-01
   8.2991651873516992e-01
   8.2991651873517158e-01
   8.2991651873517480e-01
   8.2991651873517913e-01
   8.2991651873518446e-01
   8.2991651873519046e-01
   8.2991651873519667e-01
   8.2991651873520189e-01
   8.2991651873520533e-01
   8.2991651873520533e-01
   8.2991651873520123e-01
   8.2991651873519345e-01
   8.2991651873518302e-01
   8.2991651873517169e-01
   8.2991651873516215e-01
   8.2991651873515704e-01
   8.2991651873515770e-01
   8.2991651873516370e-01
   8.2991651873517358e-01
   8.2991651873518490e-01
   8.2991651873519490e-01
   8.2991651873520189e-01
   8.2991651873520500e-01
   8.2991651873520433e-01
   8.2991651873520067e-01
   8.2991651873519523e-01
   8.2991651873518901e-01
   8.2991651873518346e-01
   8.2991651873517847e-01
   8.2991651873517436e-01
   8.2991651873517158e-01
   8.2991651873517003e-01
   8.2991651873516936e-01
