   2.4987731074847315e-02
   2.4987731074847329e-02
   2.4987731074847370e-02
   2.4987731074847447e-02
   2.4987731074847544e-02
   2.4987731074847655e-02
   2.4987731074847769e-02
   2.4987731074847894e-02
   2.4987731074848012e-02
   2.4987731074848134e-02
   2.4987731074848252e-02
   2.4987731074848363e-02
   2.4987731074848467e-02
   2.4987731074848561e-02
   2.4987731074848623e-02
   2.4987731074848665e-02
   2.4987731074848685e-02
   2.4987731074848682e-02
   2.4987731074848647e-02
   2.4987731074848585e-02
   2.4987731074848508e-02
   2.4987731074848404e-02
   2.4987731074848297e-02
   2.4987731074848179e-02
   2.4987731074848057e-02
   2.4987731074847933e-02
   2.4987731074847818e-02
   2.4987731074847704e-02
   2.4987731074847606e-02
   2.4987731074847509e-02
   2.4987731074847426e-02
   2.4987731074847364e-02
   2.4987731074847325e-02
   2.4987731074847315e-02
   2.4987731074846274e-02
   2.4987731074846281e-02
   2.4987731074846309e-02
   2.4987731074846347e-02
   2.4987731074846403e-02
   2.4987731074846461e-02
   2.4987731074846524e-02
   2.4987731074846593e-02
   2.4987731074846670e-02
   2.4987731074846753e-02
   2.4987731074846833e-02
   2.4987731074846913e-02
   2.4987731074846989e-02
   2.4987731074847065e-02
   2.4987731074847135e-02
   2.4987731074847200e-02
   2.4987731074847259e-02
   2.4987731074847315e-02
   2.4987731074847357e-02
   2.4987731074847388e-02
   2.4987731074847409e-02
   2.4987731074847419e-02
   2.4987731074847419e-02
   2.4987731074847412e-02
   2.4987731074847402e-02
   2.4987731074847391e-02
   2.4987731074847374e-02
   2.4987731074847364e-02
   2.4987731074847353e-02
   2.4987731074847339e-02
   2.4987731074847325e-02
   2.4987731074847322e-02
   2.4987731074847315e-02
   2.4987731074847315e-02
   2.4987731074846274e-02
   2.4987731074846288e-02
   2.4987731074846333e-02
   2.4987731074846413e-02
   2.4987731074846510e-02
   2.4987731074846618e-02
   2.4987731074846732e-02
   2.4987731074846857e-02
   2.4987731074846972e-02
   2.4987731074847093e-02
   2.4987731074847207e-02
   2.4987731074847318e-02
   2.4987731074847423e-02
   2.4987731074847513e-02
   2.4987731074847575e-02
   2.4987731074847617e-02
   2.4987731074847641e-02
   2.4987731074847641e-02
   2.4987731074847610e-02
   2.4987731074847551e-02
   2.4987731074847475e-02
   2.4987731074847370e-02
   2.4987731074847253e-02
   2.4987731074847135e-02
   2.4987731074847013e-02
   2.4987731074846892e-02
   2.4987731074846774e-02
   2.4987731074846659e-02
   2.4987731074846559e-02
   2.4987731074846461e-02
   2.4987731074846378e-02
   2.4987731074846319e-02
   2.4987731074846288e-02
   2.4987731074846274e-02
