  -5.5585196179493657e-01
  -5.5585196179493623e-01
  -5.5585196179493523e-01
  -5.5585196179493412e-01
  -5.5585196179493312e-01
  -5.5585196179493279e-01
  -5.5585196179493357e-01
  -5.5585196179493679e-01
  -5.5585196179494267e-01
  -5.5585196179495222e-01
  -5.5585196179496532e-01
  -5.5585196179498175e-01
  -5.5585196179500018e-01
  -5.5585196179501906e-01
  -5.5585196179503604e-01
  -5.5585196179504903e-01
  -5.5585196179505647e-01
  -5.5585196179505736e-01
  -5.5585196179505114e-01
  -5.5585196179503893e-01
  -5.5585196179502261e-01
  -5.5585196179500396e-01
  -5.5585196179498553e-01
  -5.5585196179496887e-01
  -5.5585196179495522e-01
  -5.5585196179494512e-01
  -5.5585196179493856e-01
  -5.5585196179493490e-01
  -5.5585196179493368e-01
  -5.5585196179493379e-01
  -5.5585196179493446e-01
  -5.5585196179493535e-01
  -5.5585196179493623e-01
  -5.5585196179493657e-01
  -5.5585196179493657e-01
  -5.5585196179493745e-01
  -5.5585196179494001e-01
  -5.5585196179494456e-01
  -5.5585196179495078e-01
  -5.5585196179495899e-01
  -5.5585196179496921e-01
  -5.5585196179498142e-01
  -5.5585196179499541e-01
  -5.5585196179501106e-01
  -5.5585196179502760e-01
  -5.5585196179504437e-01
  -5.5585196179506047e-01
  -5.5585196179507479e-01
  -5.5585196179508645e-01
  -5.5585196179509433e-01
  -5.5585196179509799e-01
  -5.5585196179509733e-01
  -5.5585196179509200e-01
  -5.5585196179508256e-01
  -5.5585196179506979e-01
  -5.5585196179505447e-01
  -5.5585196179503760e-01
  -5.5585196179502028e-01
  -5.5585196179500329e-01
  -5.5585196179498753e-01
  -5.5585196179497343e-01
  -5.5585196179496144e-01
  -5.5585196179495144e-01
  -5.5585196179494356e-01
  -5.5585196179493745e-01
  -5.5585196179493335e-01
  -5.5585196179493090e-01
  -5.5585196179493002e-01
  -5.5585196179493002e-01
  -5.5585196179492957e-01
  -5.5585196179492857e-01
  -5.5585196179492735e-01
  -5.5585196179492624e-01
  -5.5585196179492569e-01
  -5.5585196179492646e-01
  -5.5585196179492979e-01
  -5.5585196179493612e-01
  -5.5585196179494656e-01
  -5.5585196179496099e-01
  -5.5585196179497920e-01
  -5.5585196179499974e-01
  -5.5585196179502105e-01
  -5.5585196179504026e-01
  -5.5585196179505525e-01
  -5.5585196179506380e-01
  -5.5585196179506491e-01
  -5.5585196179505814e-01
  -5.5585196179504492e-01
  -5.5585196179502694e-01
  -5.5585196179500629e-01
  -5.5585196179498564e-01
  -5.5585196179496699e-01
  -5.5585196179495155e-01
  -5.5585196179494012e-01
  -5.5585196179493257e-01
  -5.5585196179492846e-01
  -5.5585196179492702e-01
  -5.5585196179492702e-01
  -5.5585196179492780e-01
  -5.5585196179492879e-01
  -5.5585196179492968e-01
  -5.5585196179493002e-01
