   4.4773032184765214e-02
   4.3445906358907764e-02
   4.2177298884932699e-02
   4.0965589358004130e-02
   3.9809222715766285e-02
   3.8706708430652735e-02
   3.7656619653447153e-02
   3.6657592320834327e-02
   3.5708324238241620e-02
   3.4807574147978922e-02
   3.3954160791527910e-02
   3.3146961973794659e-02
   3.2384913636213750e-02
   3.1667008944764888e-02
   3.0992297398225899e-02
   3.0359883961330037e-02
   2.9768928226911927e-02
   2.9218643610608941e-02
   2.8708296581225659e-02
   2.8237205929462886e-02
   2.7804742077353468e-02
   2.7410326430430104e-02
   2.7053430774370654e-02
   2.6733576717620108e-02
   2.6450335181271246e-02
   2.6203325937295081e-02
   2.5992217196043450e-02
   2.5816725243797706e-02
   2.5676614131005335e-02
   2.5571695411729312e-02
   2.5501827934729510e-02
   2.5466917686500251e-02
   2.5466917686500251e-02
   2.5501827934729510e-02
   2.5571695411729312e-02
   2.5676614131005339e-02
   2.5816725243797710e-02
   2.5992217196043454e-02
   2.6203325937295085e-02
   2.6450335181271250e-02
   2.6733576717620115e-02
   2.7053430774370661e-02
   2.7410326430430114e-02
   2.7804742077353478e-02
   2.8237205929462897e-02
   2.8708296581225673e-02
   2.9218643610608955e-02
   2.9768928226911941e-02
   3.0359883961330051e-02
   3.0992297398225916e-02
   3.1667008944764902e-02
   3.2384913636213764e-02
   3.3146961973794679e-02
   3.3954160791527931e-02
   3.4807574147978942e-02
   3.5708324238241641e-02
   3.6657592320834355e-02
   3.7656619653447174e-02
   3.8706708430652756e-02
   3.9809222715766299e-02
   4.0965589358004151e-02
   4.2177298884932712e-02
   4.3445906358907778e-02
   4.4773032184765221e-02
   4.6879820935780366e-02
   4.9771290238562485e-02
   5.2731726639737901e-02
   5.5764912325114845e-02
   5.8874664877835541e-02
   6.2064834302556035e-02
   6.5339299135943704e-02
   6.8701961535336767e-02
   7.2156741226952703e-02
   7.5707568183950247e-02
   7.9358373892997339e-02
   8.3113081055854979e-02
   8.6975591559974030e-02
   9.0949772539375154e-02
   9.5039440334353686e-02
   9.9248342146092669e-02
   1.0358013517042425e-01
   1.0803836298418040e-01
   1.1262642894834814e-01
   1.1734756638523272e-01
   1.2220480528280422e-01
   1.2720093527926837e-01
   1.3233846468573149e-01
   1.3761957531585661e-01
   1.4304607291004690e-01
   1.4861933296953853e-01
   1.5434024185460954e-01
   1.6020913305284717e-01
   1.6622571859013588e-01
   1.7238901564089240e-01
   1.7869726849726936e-01
   1.8514786618169207e-01
   1.9173725613511675e-01
   1.9846085458637283e-01
   2.0531295440691733e-01
   2.1228663148052540e-01
   2.1937365086805688e-01
   2.2656437432128107e-01
   2.3384767099290402e-01
   2.4121083349645284e-01
   2.4674843714732925e-01
   2.5044670940098857e-01
   2.5418861317526870e-01
   2.5796554792812970e-01
   2.6176841513856453e-01
   2.6558762378747425e-01
   2.6941310096120408e-01
   2.7323430804657955e-01
   2.7704026295306600e-01
   2.8081956874994501e-01
   2.8456044904309397e-01
   2.8825079033633372e-01
   2.9187819152610889e-01
   2.9543002056574386e-01
   2.9889347820758327e-01
   3.0225566858958852e-01
   3.0550367627979319e-01
   3.0862464923057464e-01
   3.1160588692888996e-01
   3.1443493286307711e-01
   3.1709967026674296e-01
   3.1958841995129933e-01
   3.2189003890674067e-01
   3.2399401824113466e-01
   3.2589057894857498e-01
   3.2757076394799028e-01
   3.2902652482527200e-01
   3.3025080174159294e-01
   3.3123759504302142e-01
   3.3198202722052417e-01
   3.3248039402342117e-01
   3.3273020371986090e-01
   3.3273020371986101e-01
   3.3248039402342122e-01
   3.3198202722052428e-01
   3.3123759504302164e-01
   3.3025080174159321e-01
   3.2902652482527239e-01
   3.2757076394799062e-01
   3.2589057894857548e-01
   3.2399401824113516e-01
   3.2189003890674128e-01
   3.1958841995129994e-01
   3.1709967026674368e-01
   3.1443493286307783e-01
   3.1160588692889080e-01
   3.0862464923057548e-01
   3.0550367627979402e-01
   3.0225566858958930e-01
   2.9889347820758400e-01
   2.9543002056574452e-01
   2.9187819152610950e-01
   2.8825079033633433e-01
   2.8456044904309452e-01
   2.8081956874994551e-01
   2.7704026295306644e-01
   2.7323430804658000e-01
   2.6941310096120447e-01
   2.6558762378747452e-01
   2.6176841513856475e-01
   2.5796554792812987e-01
   2.5418861317526881e-01
   2.5044670940098862e-01
   2.4674843714732925e-01
