   5.5845956295917220e-04
   4.9939391909336163e-04
   4.4659958613941001e-04
   3.9941358153192639e-04
   3.5724335104975956e-04
   3.1955932766533185e-04
   2.8588828136174953e-04
   2.5580737641022893e-04
   2.2893886148326473e-04
   2.0494532592509816e-04
   1.8352546261009948e-04
   1.6441028418086326e-04
   1.4735974515095099e-04
   1.3215972745376099e-04
   1.1861935158293563e-04
   1.0656857955832220e-04
   9.5856079616115931e-05
   8.6347325808445034e-05
   7.7922908647568649e-05
   7.0477035580093799e-05
   6.3916202460450534e-05
   5.8158019340231058e-05
   5.3130175827862674e-05
   4.8769533025778226e-05
   4.5021330641783756e-05
   4.1838499317658301e-05
   3.9181069539320086e-05
   3.7015669705747893e-05
   3.5315107053486738e-05
   3.4058026174054113e-05
   3.3228640835961791e-05
   3.2816535743616170e-05
   3.2816535743616176e-05
   3.3228640835961805e-05
   3.4058026174054140e-05
   3.5315107053486779e-05
   3.7015669705747934e-05
   3.9181069539320133e-05
   4.1838499317658355e-05
   4.5021330641783817e-05
   4.8769533025778294e-05
   5.3130175827862755e-05
   5.8158019340231153e-05
   6.3916202460450642e-05
   7.0477035580093921e-05
   7.7922908647568771e-05
   8.6347325808445170e-05
   9.5856079616116080e-05
   1.0656857955832237e-04
   1.1861935158293580e-04
   1.3215972745376115e-04
   1.4735974515095121e-04
   1.6441028418086347e-04
   1.8352546261009970e-04
   2.0494532592509840e-04
   2.2893886148326500e-04
   2.5580737641022914e-04
   2.8588828136174980e-04
   3.1955932766533212e-04
   3.5724335104975972e-04
   3.9941358153192656e-04
   4.4659958613941017e-04
   4.9939391909336174e-04
   5.5845956295917220e-04
   6.5880611078651587e-04
   8.0200418078250251e-04
   9.5565165821842070e-04
   1.1217504291101399e-03
   1.3024646053736082e-03
   1.5001487197753196e-03
   1.7173784012637363e-03
   1.9569839300922474e-03
   2.2220871095586705e-03
   2.5161419342484333e-03
   2.8429795839217224e-03
   3.2068583282456615e-03
   3.6125189911361236e-03
   4.0652466953184450e-03
   4.5709396887082645e-03
   5.1361861453093982e-03
   5.7683499355733296e-03
   6.4756664757009896e-03
   7.2673498934092704e-03
   8.1537128905126485e-03
   9.1463008415998918e-03
   1.0258041844419447e-02
   1.1503414632541193e-02
   1.2898636475454773e-02
   1.4461873426149694e-02
   1.6213475531445861e-02
   1.8176239894989517e-02
   2.0375704774510742e-02
   2.2840478199064856e-02
   2.5602604900717550e-02
   2.8697975655926383e-02
   3.2166783405353838e-02
   3.6054030737893906e-02
   4.0410093442287312e-02
   4.5291344785131020e-02
   5.0760844876879770e-02
   5.6889098808126766e-02
   6.3754885993086319e-02
   7.1446161086078999e-02
   8.0061023575533158e-02
   8.7252793763449119e-02
   9.3071512250309477e-02
   1.0004346767218059e-01
   1.0825245211226014e-01
   1.1779640086321601e-01
   1.2878811063829210e-01
   1.4135594480278058e-01
   1.5564445878779903e-01
   1.7181484969447161e-01
   1.9004509409104814e-01
   2.1052958387442752e-01
   2.3347799800734001e-01
   2.5911305392261347e-01
   2.8766666288327314e-01
   3.1937386707386189e-01
   3.5446376586697087e-01
   3.9314645709018203e-01
   4.3559485533985504e-01
   4.8192015961594814e-01
   5.3213982320225151e-01
   5.8613727953630312e-01
   6.4361360690087233e-01
   7.0403301925935469e-01
   7.6656676633211140e-01
   8.3004374410702719e-01
   8.9292045012730548e-01
   9.5328671480574789e-01
   1.0089248276138099e+00
   1.0574355545220695e+00
   1.0964329209725501e+00
   1.1237908041867941e+00
   1.1379029651233150e+00
   1.1379029651233195e+00
   1.1237908041868074e+00
   1.0964329209725714e+00
   1.0574355545220975e+00
   1.0089248276138432e+00
   9.5328671480578520e-01
   8.9292045012734489e-01
   8.3004374410706772e-01
   7.6656676633215171e-01
   7.0403301925939399e-01
   6.4361360690091007e-01
   5.8613727953633876e-01
   5.3213982320228459e-01
   4.8192015961597878e-01
   4.3559485533988318e-01
   3.9314645709020757e-01
   3.5446376586699402e-01
   3.1937386707388277e-01
   2.8766666288329185e-01
   2.5911305392263012e-01
   2.3347799800735480e-01
   2.1052958387444051e-01
   1.9004509409105952e-01
   1.7181484969448146e-01
   1.5564445878780750e-01
   1.4135594480278771e-01
   1.2878811063829798e-01
   1.1779640086322075e-01
   1.0825245211226378e-01
   1.0004346767218315e-01
   9.3071512250311003e-02
   8.7252793763449632e-02
