   3.4661946955517706e-02
   3.3379428932347854e-02
   3.2159038828783487e-02
   3.0998554759447194e-02
   2.9895858764393726e-02
   2.8848933874238279e-02
   2.7855861238722770e-02
   2.6914817328477413e-02
   2.6024071218065999e-02
   2.5181981956961058e-02
   2.4386996033852467e-02
   2.3637644938626103e-02
   2.2932542825436986e-02
   2.2270384279524751e-02
   2.1649942189761951e-02
   2.1070065728372771e-02
   2.0529678438798382e-02
   2.0027776432303624e-02
   1.9563426693608277e-02
   1.9135765495575652e-02
   1.8743996922793847e-02
   1.8387391503733773e-02
   1.8065284951057296e-02
   1.7777077009572258e-02
   1.7522230411285204e-02
   1.7300269936982152e-02
   1.7110781583769552e-02
   1.6953411838028253e-02
   1.6827867053269930e-02
   1.6733912932435382e-02
   1.6671374114234978e-02
   1.6640133863201404e-02
   1.6640133863201404e-02
   1.6671374114234982e-02
   1.6733912932435386e-02
   1.6827867053269933e-02
   1.6953411838028256e-02
   1.7110781583769559e-02
   1.7300269936982159e-02
   1.7522230411285214e-02
   1.7777077009572265e-02
   1.8065284951057307e-02
   1.8387391503733783e-02
   1.8743996922793861e-02
   1.9135765495575670e-02
   1.9563426693608291e-02
   2.0027776432303641e-02
   2.0529678438798400e-02
   2.1070065728372788e-02
   2.1649942189761968e-02
   2.2270384279524765e-02
   2.2932542825437000e-02
   2.3637644938626117e-02
   2.4386996033852481e-02
   2.5181981956961069e-02
   2.6024071218066006e-02
   2.6914817328477419e-02
   2.7855861238722780e-02
   2.8848933874238286e-02
   2.9895858764393733e-02
   3.0998554759447201e-02
   3.2159038828783494e-02
   3.3379428932347861e-02
   3.4661946955517713e-02
   3.6707451529621085e-02
   3.9522201004290304e-02
   4.2412918416006161e-02
   4.5384959270914502e-02
   4.8443785370149255e-02
   5.1594967736456047e-02
   5.4844188684977473e-02
   5.8197242897316738e-02
   6.1660037338280412e-02
   6.5238589832737504e-02
   6.8939026095658662e-02
   7.2767574981462441e-02
   7.6730561689165991e-02
   8.0834398627416482e-02
   8.5085573608216059e-02
   8.9490635000064808e-02
   9.4056173430442688e-02
   9.8788799584258541e-02
   1.0369511759950295e-01
   1.0878169351443374e-01
   1.1405501817303998e-01
   1.1952146394842095e-01
   1.2518723459861342e-01
   1.3105830752829609e-01
   1.3714036769523782e-01
   1.4343873237551888e-01
   1.4995826599036946e-01
   1.5670328420470678e-01
   1.6367744653880328e-01
   1.7088363679668533e-01
   1.7832383071557861e-01
   1.8599895038874750e-01
   1.9390870521911927e-01
   2.0205141943358890e-01
   2.1042384653872234e-01
   2.1902097153847777e-01
   2.2783580227348413e-01
   2.3685915188747064e-01
   2.4607941518466045e-01
   2.5548234251265345e-01
   2.6261503581386814e-01
   2.6745725423758210e-01
   2.7243422379275201e-01
   2.7753434082527123e-01
   2.8274490473751801e-01
   2.8805207751328843e-01
   2.9344085175537726e-01
   2.9889502909401300e-01
   3.0439721091496696e-01
   3.0992880340808548e-01
   3.1547003893963405e-01
   3.2100001569430142e-01
   3.2649675740439088e-01
   3.3193729477498057e-01
   3.3729776991680238e-01
   3.4255356470809456e-01
   3.4767945352118629e-01
   3.5264978017210169e-01
   3.5743865829046045e-01
   3.6202019357683890e-01
   3.6636872563629258e-01
   3.7045908627689594e-01
   3.7426687037344636e-01
   3.7776871465587664e-01
   3.8094257912901341e-01
   3.8376802530517057e-01
   3.8622648507148127e-01
   3.8830151385262285e-01
   3.8997902179152510e-01
   3.9124747697022805e-01
   3.9209807523230994e-01
   3.9252487193577063e-01
   3.9252487193577063e-01
   3.9209807523230994e-01
   3.9124747697022805e-01
   3.8997902179152510e-01
   3.8830151385262285e-01
   3.8622648507148133e-01
   3.8376802530517062e-01
   3.8094257912901341e-01
   3.7776871465587658e-01
   3.7426687037344636e-01
   3.7045908627689600e-01
   3.6636872563629264e-01
   3.6202019357683890e-01
   3.5743865829046051e-01
   3.5264978017210175e-01
   3.4767945352118634e-01
   3.4255356470809456e-01
   3.3729776991680244e-01
   3.3193729477498063e-01
   3.2649675740439094e-01
   3.2100001569430148e-01
   3.1547003893963410e-01
   3.0992880340808554e-01
   3.0439721091496702e-01
   2.9889502909401305e-01
   2.9344085175537732e-01
   2.8805207751328848e-01
   2.8274490473751801e-01
   2.7753434082527129e-01
   2.7243422379275206e-01
   2.6745725423758215e-01
   2.6261503581386819e-01
