   5.9687322571872758e-03
   5.5461733986210768e-03
   5.1547067100858697e-03
   4.7921380228449434e-03
   4.4564350596588923e-03
   4.1457160664973101e-03
   3.8582392829606279e-03
   3.5923931934261329e-03
   3.3466875050983513e-03
   3.1197448030508401e-03
   2.9102928360073767e-03
   2.7171573900392088e-03
   2.5392557105653113e-03
   2.3755904360480097e-03
   2.2252440095903588e-03
   2.0873735372772422e-03
   1.9612060645718614e-03
   1.8460342443951722e-03
   1.7412123726895181e-03
   1.6461527693101576e-03
   1.5603224840102657e-03
   1.4832403090962428e-03
   1.4144740820404239e-03
   1.3536382629566856e-03
   1.3003917733796428e-03
   1.2544360842484897e-03
   1.2155135423899768e-03
   1.1834059261291660e-03
   1.1579332219387930e-03
   1.1389526152753575e-03
   1.1263576899492936e-03
   1.1200778315443732e-03
   1.1200778315443732e-03
   1.1263576899492934e-03
   1.1389526152753573e-03
   1.1579332219387927e-03
   1.1834059261291655e-03
   1.2155135423899763e-03
   1.2544360842484893e-03
   1.3003917733796428e-03
   1.3536382629566860e-03
   1.4144740820404241e-03
   1.4832403090962432e-03
   1.5603224840102666e-03
   1.6461527693101582e-03
   1.7412123726895192e-03
   1.8460342443951737e-03
   1.9612060645718627e-03
   2.0873735372772444e-03
   2.2252440095903610e-03
   2.3755904360480123e-03
   2.5392557105653139e-03
   2.7171573900392110e-03
   2.9102928360073793e-03
   3.1197448030508427e-03
   3.3466875050983539e-03
   3.5923931934261359e-03
   3.8582392829606313e-03
   4.1457160664973135e-03
   4.4564350596588958e-03
   4.7921380228449469e-03
   5.1547067100858723e-03
   5.5461733986210786e-03
   5.9687322571872767e-03
   6.6612394403889868e-03
   7.6289773836134113e-03
   8.6410846852060276e-03
   9.7034448126734497e-03
   1.0822232212732014e-02
   1.2003947864441013e-02
   1.3255456637702107e-02
   1.4584026649897226e-02
   1.5997370818814631e-02
   1.7503690814929439e-02
   1.9111723620181108e-02
   2.0830790903135277e-02
   2.2670851421203463e-02
   2.4642556658618069e-02
   2.6757309903099984e-02
   2.9027328953312628e-02
   3.1465712631625280e-02
   3.4086511250331880e-02
   3.6904801141671516e-02
   3.9936763309482301e-02
   4.3199766188966524e-02
   4.6712452405692391e-02
   5.0494829299175106e-02
   5.4568362812170659e-02
   5.8956074134276094e-02
   6.3682638215334306e-02
   6.8774482915474930e-02
   7.4259887116030737e-02
   8.0169075556760228e-02
   8.6534307462910798e-02
   9.3389955148573567e-02
   1.0077256769260973e-01
   1.0872091343606162e-01
   1.1727599339504265e-01
   1.2648101566461251e-01
   1.3638131844701795e-01
   1.4702422641103655e-01
   1.5845882162197159e-01
   1.7073560623216685e-01
   1.8390602947617113e-01
   1.9442848058485565e-01
   2.0230597831618974e-01
   2.1115812659282668e-01
   2.2101267458829971e-01
   2.3189825908656106e-01
   2.4384362295157513e-01
   2.5687664437749586e-01
   2.7102314249171860e-01
   2.8630542231394140e-01
   3.0274052098102233e-01
   3.2033811845895854e-01
   3.3909808091334936e-01
   3.5900761506390261e-01
   3.8003802909091067e-01
   4.0214112210614961e-01
   4.2524526198357315e-01
   4.4925126224493112e-01
   4.7402823352861351e-01
   4.9940966293385086e-01
   5.2519006132053103e-01
   5.5112260646805755e-01
   5.7691828579727766e-01
   6.0224708770220370e-01
   6.2674178262654001e-01
   6.5000474972033540e-01
   6.7161812220503037e-01
   6.9115723616059743e-01
   7.0820698509652269e-01
   7.2238024460129768e-01
   7.3333710308766853e-01
   7.4080330105462888e-01
   7.4458612914172262e-01
   7.4458612914172273e-01
   7.4080330105462910e-01
   7.3333710308766886e-01
   7.2238024460129824e-01
   7.0820698509652324e-01
   6.9115723616059810e-01
   6.7161812220503114e-01
   6.5000474972033639e-01
   6.2674178262654112e-01
   6.0224708770220470e-01
   5.7691828579727866e-01
   5.5112260646805855e-01
   5.2519006132053203e-01
   4.9940966293385192e-01
   4.7402823352861456e-01
   4.4925126224493211e-01
   4.2524526198357415e-01
   4.0214112210615055e-01
   3.8003802909091161e-01
   3.5900761506390350e-01
   3.3909808091335020e-01
   3.2033811845895932e-01
   3.0274052098102311e-01
   2.8630542231394207e-01
   2.7102314249171916e-01
   2.5687664437749641e-01
   2.4384362295157558e-01
   2.3189825908656145e-01
   2.2101267458830001e-01
   2.1115812659282693e-01
   2.0230597831618991e-01
   1.9442848058485573e-01
