   1.5108047266997705e-04
   1.3240826593937820e-04
   1.1604636780571155e-04
   1.0170928980307157e-04
   8.9146873275065586e-05
   7.8139924515153498e-05
   6.8496390194431388e-05
   6.0048006344468548e-05
   5.2647362425517216e-05
   4.6165329252941761e-05
   4.0488805903422293e-05
   3.5518746288148996e-05
   3.1168430959945942e-05
   2.7361954000187934e-05
   2.4032898584161672e-05
   2.1123178115650095e-05
   1.8582022710430263e-05
   1.6365093344475209e-05
   1.4433708210190564e-05
   1.2754167781863322e-05
   1.1297166813814832e-05
   1.0037283011583921e-05
   8.9525334542852653e-06
   8.0239910284357483e-06
   7.2354541806438601e-06
   6.5731642268843901e-06
   6.0255652858657046e-06
   5.5831026477177740e-06
   5.2380560598629528e-06
   4.9844050211794249e-06
   4.8177237340598128e-06
   4.7351038814494676e-06
   4.7351038814494685e-06
   4.8177237340598136e-06
   4.9844050211794257e-06
   5.2380560598629561e-06
   5.5831026477177765e-06
   6.0255652858657089e-06
   6.5731642268843969e-06
   7.2354541806438668e-06
   8.0239910284357568e-06
   8.9525334542852738e-06
   1.0037283011583931e-05
   1.1297166813814842e-05
   1.2754167781863335e-05
   1.4433708210190579e-05
   1.6365093344475223e-05
   1.8582022710430276e-05
   2.1123178115650116e-05
   2.4032898584161689e-05
   2.7361954000187951e-05
   3.1168430959945956e-05
   3.5518746288149023e-05
   4.0488805903422307e-05
   4.6165329252941781e-05
   5.2647362425517243e-05
   6.0048006344468575e-05
   6.8496390194431429e-05
   7.8139924515153525e-05
   8.9146873275065599e-05
   1.0170928980307159e-04
   1.1604636780571157e-04
   1.3240826593937820e-04
   1.5108047266997705e-04
   1.8343910146428235e-04
   2.3016887697587023e-04
   2.8106544321666047e-04
   3.3705019020897350e-04
   3.9913662015784789e-04
   4.6844869501161803e-04
   5.4624118366481745e-04
   6.3392237713698145e-04
   7.3307958292105049e-04
   8.4550785999523139e-04
   9.7324251464104379e-04
   1.1185959452666991e-03
   1.2841995031266571e-03
   1.4730511265732846e-03
   1.6885696109081262e-03
   1.9346564958944202e-03
   2.2157666906998203e-03
   2.5369891139192581e-03
   2.9041388071921813e-03
   3.3238621879775453e-03
   3.8037573439234193e-03
   4.3525115420913422e-03
   4.9800584357276648e-03
   5.6977578045522064e-03
   6.5186010675081993e-03
   7.4574462660650515e-03
   8.5312867385763345e-03
   9.7595582994972896e-03
   1.1164490409461629e-02
   1.2771507581378117e-02
   1.4609688121445721e-02
   1.6712288258585225e-02
   1.9117340774805161e-02
   2.1868338411110744e-02
   2.5015013579078076e-02
   2.8614227234012735e-02
   3.2730981117157484e-02
   3.7439568873829092e-02
   4.2824882672443693e-02
   4.8983892678678101e-02
   5.4234321070092274e-02
   5.8634979319831165e-02
   6.4054836507997939e-02
   7.0587280055687207e-02
   7.8344577024908518e-02
   8.7459589789256512e-02
   9.8087734072973096e-02
   1.1040915787571379e-01
   1.2463109721900545e-01
   1.4099032907417727e-01
   1.5975558722776745e-01
   1.8122972470111043e-01
   2.0575128492242264e-01
   2.3369496743090692e-01
   2.6547022237747891e-01
   3.0151685767620789e-01
   3.4229606903046855e-01
   3.8827468970612172e-01
   4.3989971319238375e-01
   4.9755933749603243e-01
   5.6152610442393569e-01
   6.3187756123409755e-01
   7.0839098033721004e-01
   7.9041217159922905e-01
   8.7670578323559600e-01
   9.6530701423342224e-01
   1.0534121960470086e+00
   1.1373644047924398e+00
   1.2128003040669320e+00
   1.2750103256542917e+00
   1.3195122238650749e+00
   1.3427510965436682e+00
   1.3427510965436793e+00
   1.3195122238651080e+00
   1.2750103256543435e+00
   1.2128003040669986e+00
   1.1373644047925164e+00
   1.0534121960470912e+00
   9.6530701423350673e-01
   8.7670578323567949e-01
   7.9041217159930910e-01
   7.0839098033728531e-01
   6.3187756123416705e-01
   5.6152610442399942e-01
   4.9755933749608988e-01
   4.3989971319243532e-01
   3.8827468970616763e-01
   3.4229606903050919e-01
   3.0151685767624375e-01
   2.6547022237751045e-01
   2.3369496743093454e-01
   2.0575128492244676e-01
   1.8122972470113141e-01
   1.5975558722778563e-01
   1.4099032907419290e-01
   1.2463109721901881e-01
   1.1040915787572510e-01
   9.8087734072982533e-02
   8.7459589789264242e-02
   7.8344577024914666e-02
   7.0587280055691898e-02
   6.4054836508001242e-02
   5.8634979319833129e-02
   5.4234321070092913e-02
