   3.8336500116799596e-03
   3.5357499644665122e-03
   3.2615835009009442e-03
   3.0093104064649679e-03
   2.7772373905641926e-03
   2.5638067286154424e-03
   2.3675858122666192e-03
   2.1872575380126914e-03
   2.0216114700100131e-03
   1.8695357180183135e-03
   1.7300094761455223e-03
   1.6020961724636377e-03
   1.4849371836310381e-03
   1.3777460724232185e-03
   1.2798033095636110e-03
   1.1904514444811387e-03
   1.1090906926221357e-03
   1.0351749097307116e-03
   9.6820792610156567e-04
   9.0774021621968287e-04
   8.5336588144798830e-04
   8.0471992552179187e-04
   7.6147580457149500e-04
   7.2334323523562329e-04
   6.9006624615696865e-04
   6.6142145978700636e-04
   6.3721659296865911e-04
   6.1728916623522462e-04
   6.0150541316365824e-04
   5.8975938246277166e-04
   5.8197222677025540e-04
   5.7809167338540319e-04
   5.7809167338540319e-04
   5.8197222677025550e-04
   5.8975938246277188e-04
   6.0150541316365857e-04
   6.1728916623522484e-04
   6.3721659296865922e-04
   6.6142145978700657e-04
   6.9006624615696886e-04
   7.2334323523562340e-04
   7.6147580457149521e-04
   8.0471992552179198e-04
   8.5336588144798852e-04
   9.0774021621968298e-04
   9.6820792610156589e-04
   1.0351749097307116e-03
   1.1090906926221359e-03
   1.1904514444811387e-03
   1.2798033095636112e-03
   1.3777460724232189e-03
   1.4849371836310387e-03
   1.6020961724636379e-03
   1.7300094761455230e-03
   1.8695357180183139e-03
   2.0216114700100135e-03
   2.1872575380126919e-03
   2.3675858122666196e-03
   2.5638067286154424e-03
   2.7772373905641926e-03
   3.0093104064649679e-03
   3.2615835009009446e-03
   3.5357499644665122e-03
   3.8336500116799600e-03
   4.3251165472104709e-03
   5.0145376927025883e-03
   5.7388806779556083e-03
   6.5031890200608379e-03
   7.3127841176160646e-03
   8.1733021740878608e-03
   9.0907332741104602e-03
   1.0071462873466505e-02
   1.1122315977085255e-02
   1.2250604293974001e-02
   1.3464176673409909e-02
   1.4771473142735957e-02
   1.6181582883409165e-02
   1.7704306498105907e-02
   1.9350222937105258e-02
   2.1130761466051300e-02
   2.3058279068477603e-02
   2.5146143683757883e-02
   2.7408823682578794e-02
   2.9861983975196505e-02
   3.2522589129486974e-02
   3.5409013842041336e-02
   3.8541161051002318e-02
   4.1940587897164788e-02
   4.5630639621309380e-02
   4.9636591319574583e-02
   5.3985797250565501e-02
   5.8707847079605149e-02
   6.3834728033939525e-02
   6.9400991398630818e-02
   7.5443921069673944e-02
   8.2003700952799477e-02
   8.9123576796766607e-02
   9.6850006508977418e-02
   1.0523279103416609e-01
   1.1432517538197950e-01
   1.2418390624651066e-01
   1.3486922873214777e-01
   1.4644479983162892e-01
   1.5897749033093714e-01
   1.6908527904384707e-01
   1.7678314105091542e-01
   1.8556119492962234e-01
   1.9546169968364552e-01
   2.0653032953539194e-01
   2.1881551888257347e-01
   2.3236759215860356e-01
   2.4723762405325903e-01
   2.6347596630687675e-01
   2.8113036815046039e-01
   3.0024360944223183e-01
   3.2085056024232816e-01
   3.4297458032974060e-01
   3.6662318031307239e-01
   3.9178288693836222e-01
   4.1841329450167158e-01
   4.4644034837409574e-01
   4.7574900219180344e-01
   5.0617552273007482e-01
   5.3749988785944769e-01
   5.6943892840893440e-01
   6.0164108826821006e-01
   6.3368388723173030e-01
   6.6507531826243649e-01
   6.9526042849816283e-01
   7.2363414674929860e-01
   7.4956096510906944e-01
   7.7240133249867304e-01
   7.9154361689998687e-01
   8.0643937593867809e-01
   8.1663866640618976e-01
   8.2182149379406710e-01
   8.2182149379406744e-01
   8.1663866640619120e-01
   8.0643937593868031e-01
   7.9154361689998987e-01
   7.7240133249867682e-01
   7.4956096510907377e-01
   7.2363414674930338e-01
   6.9526042849816805e-01
   6.6507531826244204e-01
   6.3368388723173585e-01
   6.0164108826821572e-01
   5.6943892840894006e-01
   5.3749988785945313e-01
   5.0617552273008004e-01
   4.7574900219180843e-01
   4.4644034837410040e-01
   4.1841329450167603e-01
   3.9178288693836633e-01
   3.6662318031307611e-01
   3.4297458032974404e-01
   3.2085056024233122e-01
   3.0024360944223460e-01
   2.8113036815046288e-01
   2.6347596630687897e-01
   2.4723762405326097e-01
   2.3236759215860520e-01
   2.1881551888257486e-01
   2.0653032953539305e-01
   1.9546169968364641e-01
   1.8556119492962295e-01
   1.7678314105091580e-01
   1.6908527904384721e-01
