   1.0485873683413953e-03
   9.4701138996551516e-04
   8.5534491060845579e-04
   7.7262873768064175e-04
   6.9799733335081950e-04
   6.3066975786909012e-04
   5.6994149804394552e-04
   5.1517709538753220e-04
   4.6580349680555181e-04
   4.2130405826483887e-04
   3.8121313870140966e-04
   3.4511122760584210e-04
   3.1262055530561838e-04
   2.8340114001380179e-04
   2.5714723028286325e-04
   2.3358410563933577e-04
   2.1246520192250338e-04
   1.9356953124767941e-04
   1.7669936959731857e-04
   1.6167818784347285e-04
   1.4834880455222473e-04
   1.3657174124135171e-04
   1.2622376288086966e-04
   1.1719658836442477e-04
   1.0939575745803757e-04
   1.0273964237004747e-04
   9.7158593599400516e-05
   9.2594211124491697e-05
   8.8998733306324562e-05
   8.6334537111502034e-05
   8.4573744425405371e-05
   8.3697930336039687e-05
   8.3697930336039701e-05
   8.4573744425405411e-05
   8.6334537111502075e-05
   8.8998733306324643e-05
   9.2594211124491778e-05
   9.7158593599400611e-05
   1.0273964237004761e-04
   1.0939575745803772e-04
   1.1719658836442495e-04
   1.2622376288086985e-04
   1.3657174124135195e-04
   1.4834880455222497e-04
   1.6167818784347315e-04
   1.7669936959731889e-04
   1.9356953124767973e-04
   2.1246520192250371e-04
   2.3358410563933615e-04
   2.5714723028286368e-04
   2.8340114001380222e-04
   3.1262055530561882e-04
   3.4511122760584259e-04
   3.8121313870141004e-04
   4.2130405826483930e-04
   4.6580349680555225e-04
   5.1517709538753263e-04
   5.6994149804394595e-04
   6.3066975786909044e-04
   6.9799733335081972e-04
   7.7262873768064197e-04
   8.5534491060845601e-04
   9.4701138996551538e-04
   1.0485873683413955e-03
   1.2195023684546018e-03
   1.4620237299005116e-03
   1.7204177668181295e-03
   1.9974897437460893e-03
   2.2962476876080681e-03
   2.6199350379441494e-03
   2.9720658503607960e-03
   3.3564629344354242e-03
   3.7772993388203416e-03
   4.2391436321518976e-03
   4.7470094689262511e-03
   5.3064099751292219e-03
   5.9234175395114011e-03
   6.6047296534157323e-03
   7.3577415054475832e-03
   8.1906261074903876e-03
   9.1124228060684206e-03
   1.0133135118264108e-02
   1.1263838924662121e-02
   1.2516802153345989e-02
   1.3905617198847649e-02
   1.5445347437878409e-02
   1.7152689328935777e-02
   1.9046151714120902e-02
   2.1146254076421792e-02
   2.3475745640709124e-02
   2.6059847336297740e-02
   2.8926518755118320e-02
   3.2106752330720939e-02
   3.5634897012973822e-02
   3.9549013698139852e-02
   4.3891264561463826e-02
   4.8708338184314158e-02
   5.4051911907970568e-02
   5.9979152095811596e-02
   6.6553251828174731e-02
   7.3844003830954935e-02
   8.1928403935868463e-02
   9.0891276799660220e-02
   1.0082591058804800e-01
   1.0903225408008684e-01
   1.1555209756361239e-01
   1.2325133522844124e-01
   1.3220418185084518e-01
   1.4249586983187429e-01
   1.5422285820089077e-01
   1.6749292342057903e-01
   1.8242505524626917e-01
   1.9914905434025187e-01
   2.1780469412451553e-01
   2.3854026604511630e-01
   2.6151027386737652e-01
   2.8687197846673240e-01
   3.1478042114787597e-01
   3.4538147523807389e-01
   3.7880240222924511e-01
   4.1513933801848618e-01
   4.5444113684200288e-01
   4.9668910154690360e-01
   5.4177239424830415e-01
   5.8945943419821833e-01
   6.3936643933673287e-01
   6.9092552181265865e-01
   7.4335639691562783e-01
   7.9564764316169234e-01
   8.4655514240075891e-01
   8.9462611027261596e-01
   9.3825603834839488e-01
   9.7578200270531157e-01
   1.0056088425515366e+00
   1.0263556092770005e+00
   1.0370009174261703e+00
   1.0370009174261703e+00
   1.0263556092770010e+00
   1.0056088425515370e+00
   9.7578200270531235e-01
   9.3825603834839566e-01
   8.9462611027261685e-01
   8.4655514240076002e-01
   7.9564764316169334e-01
   7.4335639691562883e-01
   6.9092552181265965e-01
   6.3936643933673398e-01
   5.8945943419821922e-01
   5.4177239424830503e-01
   4.9668910154690449e-01
   4.5444113684200366e-01
   4.1513933801848690e-01
   3.7880240222924583e-01
   3.4538147523807444e-01
   3.1478042114787652e-01
   2.8687197846673290e-01
   2.6151027386737696e-01
   2.3854026604511672e-01
   2.1780469412451592e-01
   1.9914905434025224e-01
   1.8242505524626945e-01
   1.6749292342057931e-01
   1.5422285820089102e-01
   1.4249586983187448e-01
   1.3220418185084534e-01
   1.2325133522844134e-01
   1.1555209756361245e-01
   1.0903225408008685e-01
