   1.0970838920925097e-02
   1.0304042717818474e-02
   9.6807574506552353e-03
   9.0983534939052986e-03
   8.5543733056337896e-03
   8.0465211559864244e-03
   7.5726535196686288e-03
   7.1307700953003698e-03
   6.7190054165628503e-03
   6.3356210220477816e-03
   5.9789981526641922e-03
   5.6476309473439687e-03
   5.3401201096105692e-03
   5.0551670193325323e-03
   4.7915682656732494e-03
   4.5482105788706212e-03
   4.3240661400357995e-03
   4.1181882496507038e-03
   3.9297073368717043e-03
   3.7578272931144473e-03
   3.6018221147053500e-03
   3.4610328406419776e-03
   3.3348647727108952e-03
   3.2227849663711253e-03
   3.1243199819277405e-03
   3.0390538865969863e-03
   2.9666264991053816e-03
   2.9067318694741746e-03
   2.8591169876209395e-03
   2.8235807153657116e-03
   2.7999729373634191e-03
   2.7881939274011086e-03
   2.7881939274011090e-03
   2.7999729373634191e-03
   2.8235807153657116e-03
   2.8591169876209404e-03
   2.9067318694741755e-03
   2.9666264991053824e-03
   3.0390538865969867e-03
   3.1243199819277413e-03
   3.2227849663711262e-03
   3.3348647727108965e-03
   3.4610328406419789e-03
   3.6018221147053513e-03
   3.7578272931144486e-03
   3.9297073368717052e-03
   4.1181882496507055e-03
   4.3240661400358003e-03
   4.5482105788706229e-03
   4.7915682656732511e-03
   5.0551670193325340e-03
   5.3401201096105718e-03
   5.6476309473439713e-03
   5.9789981526641939e-03
   6.3356210220477842e-03
   6.7190054165628538e-03
   7.1307700953003733e-03
   7.5726535196686323e-03
   8.0465211559864296e-03
   8.5543733056337948e-03
   9.0983534939053021e-03
   9.6807574506552387e-03
   1.0304042717818478e-02
   1.0970838920925098e-02
   1.2053776719236138e-02
   1.3559332814128350e-02
   1.5124273705279787e-02
   1.6755439669306822e-02
   1.8459955711412193e-02
   2.0245261508840810e-02
   2.2119142449908102e-02
   2.4089761841438167e-02
   2.6165694348927109e-02
   2.8355960722521223e-02
   3.0670063847286985e-02
   3.3118026137419758e-02
   3.5710428269980422e-02
   3.8458449223240564e-02
   4.1373907546276803e-02
   4.4469303738297314e-02
   4.7757863556158305e-02
   5.1253581994055240e-02
   5.4971267587366590e-02
   5.8926586579409364e-02
   6.3136106351072266e-02
   6.7617337343775147e-02
   7.2388772499921233e-02
   7.7469922994927456e-02
   8.2881348732921412e-02
   8.8644681715013884e-02
   9.4782639954267570e-02
   1.0131902909355751e-01
   1.0827872826902132e-01
   1.1568765603975387e-01
   1.2357271136095306e-01
   1.3196168360114055e-01
   1.4088312448533441e-01
   1.5036617358107415e-01
   1.6044032753710780e-01
   1.7113514175209951e-01
   1.8247985152825827e-01
   1.9450289811411783e-01
   2.0723134346002131e-01
   2.2069015614605628e-01
   2.3128370481212751e-01
   2.3899823747392820e-01
   2.4745932204555360e-01
   2.5667375436261031e-01
   2.6664660222553710e-01
   2.7738050744863868e-01
   2.8887488285274171e-01
   3.0112499747642235e-01
   3.1412094587733824e-01
   3.2784650135097709e-01
   3.4227785852554132e-01
   3.5738227841406678e-01
   3.7311665889188517e-01
   3.8942606589098439e-01
   4.0624227534999996e-01
   4.2348239282768591e-01
   4.4104763596667984e-01
   4.5882238343699966e-01
   4.7667361071276620e-01
   4.9445084548009244e-01
   5.1198678046372370e-01
   5.2909867543052502e-01
   5.4559065955567443e-01
   5.6125700738924467e-01
   5.7588640502406507e-01
   5.8926714884177056e-01
   6.0119313167334998e-01
   6.1147037814262828e-01
   6.1992380334640407e-01
   6.2640379984812322e-01
   6.3079222018113679e-01
   6.3300732601847909e-01
   6.3300732601847909e-01
   6.3079222018113679e-01
   6.2640379984812344e-01
   6.1992380334640418e-01
   6.1147037814262861e-01
   6.0119313167335031e-01
   5.8926714884177089e-01
   5.7588640502406552e-01
   5.6125700738924511e-01
   5.4559065955567487e-01
   5.2909867543052547e-01
   5.1198678046372414e-01
   4.9445084548009294e-01
   4.7667361071276665e-01
   4.5882238343700010e-01
   4.4104763596668023e-01
   4.2348239282768629e-01
   4.0624227535000029e-01
   3.8942606589098472e-01
   3.7311665889188550e-01
   3.5738227841406706e-01
   3.4227785852554160e-01
   3.2784650135097732e-01
   3.1412094587733846e-01
   3.0112499747642252e-01
   2.8887488285274188e-01
   2.7738050744863885e-01
   2.6664660222553727e-01
   2.5667375436261047e-01
   2.4745932204555368e-01
   2.3899823747392823e-01
   2.3128370481212754e-01
