   2.8472643151362959e-02
   2.7277305564302957e-02
   2.6143649212245601e-02
   2.5069141117304100e-02
   2.4051376869197078e-02
   2.3088075943012546e-02
   2.2177077194590233e-02
   2.1316334537024684e-02
   2.0503912800394250e-02
   1.9737983775664346e-02
   1.9016822442764043e-02
   1.8338803382065012e-02
   1.7702397367875395e-02
   1.7106168142077150e-02
   1.6548769365664788e-02
   1.6028941745669954e-02
   1.5545510334766024e-02
   1.5097382000727456e-02
   1.4683543062859801e-02
   1.4303057092508724e-02
   1.3955062874792637e-02
   1.3638772528776613e-02
   1.3353469783409715e-02
   1.3098508406678422e-02
   1.2873310785581711e-02
   1.2677366654704545e-02
   1.2510231971353088e-02
   1.2371527935414494e-02
   1.2260940152313833e-02
   1.2178217937659252e-02
   1.2123173762391677e-02
   1.2095682837486065e-02
   1.2095682837486065e-02
   1.2123173762391679e-02
   1.2178217937659252e-02
   1.2260940152313831e-02
   1.2371527935414494e-02
   1.2510231971353090e-02
   1.2677366654704546e-02
   1.2873310785581713e-02
   1.3098508406678422e-02
   1.3353469783409717e-02
   1.3638772528776615e-02
   1.3955062874792635e-02
   1.4303057092508722e-02
   1.4683543062859801e-02
   1.5097382000727457e-02
   1.5545510334766024e-02
   1.6028941745669954e-02
   1.6548769365664788e-02
   1.7106168142077150e-02
   1.7702397367875395e-02
   1.8338803382065012e-02
   1.9016822442764043e-02
   1.9737983775664346e-02
   2.0503912800394247e-02
   2.1316334537024681e-02
   2.2177077194590229e-02
   2.3088075943012543e-02
   2.4051376869197075e-02
   2.5069141117304100e-02
   2.6143649212245598e-02
   2.7277305564302953e-02
   2.8472643151362959e-02
   3.0385590593568171e-02
   3.3022979835303896e-02
   3.5737616405952813e-02
   3.8535716965592909e-02
   4.1423656209886590e-02
   4.4407975509948669e-02
   4.7495390954022824e-02
   5.0692800657117461e-02
   5.4007291181088331e-02
   5.7446142880616287e-02
   6.1016833959717381e-02
   6.4727042988415959e-02
   6.8584649589564756e-02
   7.2597732961048753e-02
   7.6774567848301584e-02
   8.1123617525746733e-02
   8.5653523283042349e-02
   9.0373089842520057e-02
   9.5291266057736260e-02
   1.0041712015953953e-01
   1.0575980872567159e-01
   1.1132853845316214e-01
   1.1713251971058089e-01
   1.2318091074107064e-01
   1.2948275127923972e-01
   1.3604688423859734e-01
   1.4288186402558589e-01
   1.4999584994713505e-01
   1.5739648310846951e-01
   1.6509074515611172e-01
   1.7308479721943701e-01
   1.8138379745722147e-01
   1.8999169574074348e-01
   1.9891100422260169e-01
   2.0814254287400419e-01
   2.1768515954918446e-01
   2.2753542478230421e-01
   2.3768730236926347e-01
   2.4813179786306630e-01
   2.5885658844228093e-01
   2.6704823267158229e-01
   2.7268305529178066e-01
   2.7854755306442736e-01
   2.8462930778743373e-01
   2.9091427057098729e-01
   2.9738664346359756e-01
   3.0402876801996470e-01
   3.1082102431293124e-01
   3.1774174433885477e-01
   3.2476714418230357e-01
   3.3187127966472180e-01
   3.3902603047059637e-01
   3.4620111788759839e-01
   3.5336416127530557e-01
   3.6048077815073931e-01
   3.6751473231021276e-01
   3.7442813366320610e-01
   3.8118169241166822e-01
   3.8773502885726768e-01
   3.9404703846754707e-01
   4.0007630990928783e-01
   4.0578159161798261e-01
   4.1112230019636253e-01
   4.1605906162764511e-01
   4.2055427407704782e-01
   4.2457267907936469e-01
   4.2808192631757475e-01
   4.3105311612772240e-01
   4.3346130343949218e-01
   4.3528594716840158e-01
   4.3651129015883194e-01
   4.3712665662939360e-01
   4.3712665662939360e-01
   4.3651129015883200e-01
   4.3528594716840158e-01
   4.3346130343949218e-01
   4.3105311612772240e-01
   4.2808192631757480e-01
   4.2457267907936469e-01
   4.2055427407704787e-01
   4.1605906162764511e-01
   4.1112230019636253e-01
   4.0578159161798266e-01
   4.0007630990928783e-01
   3.9404703846754707e-01
   3.8773502885726774e-01
   3.8118169241166827e-01
   3.7442813366320615e-01
   3.6751473231021281e-01
   3.6048077815073937e-01
   3.5336416127530562e-01
   3.4620111788759844e-01
   3.3902603047059637e-01
   3.3187127966472191e-01
   3.2476714418230368e-01
   3.1774174433885488e-01
   3.1082102431293129e-01
   3.0402876801996476e-01
   2.9738664346359761e-01
   2.9091427057098734e-01
   2.8462930778743378e-01
   2.7854755306442741e-01
   2.7268305529178072e-01
   2.6704823267158234e-01
