   3.6786863395912299e-02
   3.5485350689030928e-02
   3.4245598988781989e-02
   3.3065507619159107e-02
   3.1943071335956801e-02
   3.0876377919343251e-02
   2.9863605798791805e-02
   2.8903021721422062e-02
   2.7992978473124902e-02
   2.7131912660383162e-02
   2.6318342559426187e-02
   2.5550866038251300e-02
   2.4828158556088151e-02
   2.4148971244056395e-02
   2.3512129070057793e-02
   2.2916529090336504e-02
   2.2361138789624417e-02
   2.1844994511350909e-02
   2.1367199979028518e-02
   2.0926924909619882e-02
   2.0523403719438275e-02
   2.0155934322928885e-02
   1.9823877024513208e-02
   1.9526653503550435e-02
   1.9263745892372296e-02
   1.9034695947277150e-02
   1.8839104312321987e-02
   1.8676629875723591e-02
   1.8546989218669718e-02
   1.8449956156344861e-02
   1.8385361370990703e-02
   1.8353092136846435e-02
   1.8353092136846435e-02
   1.8385361370990703e-02
   1.8449956156344861e-02
   1.8546989218669714e-02
   1.8676629875723584e-02
   1.8839104312321980e-02
   1.9034695947277143e-02
   1.9263745892372289e-02
   1.9526653503550425e-02
   1.9823877024513197e-02
   2.0155934322928882e-02
   2.0523403719438268e-02
   2.0926924909619872e-02
   2.1367199979028511e-02
   2.1844994511350899e-02
   2.2361138789624414e-02
   2.2916529090336497e-02
   2.3512129070057789e-02
   2.4148971244056388e-02
   2.4828158556088151e-02
   2.5550866038251300e-02
   2.6318342559426181e-02
   2.7131912660383159e-02
   2.7992978473124902e-02
   2.8903021721422062e-02
   2.9863605798791808e-02
   3.0876377919343251e-02
   3.1943071335956801e-02
   3.3065507619159107e-02
   3.4245598988781996e-02
   3.5485350689030935e-02
   3.6786863395912306e-02
   3.8860458130838077e-02
   4.1712153872263291e-02
   4.4638771682006674e-02
   4.7645342640817781e-02
   5.0736987469058227e-02
   5.3918917853870325e-02
   5.7196436874729271e-02
   6.0574938389946903e-02
   6.4059905228838795e-02
   6.7656906014556442e-02
   7.1371590420925432e-02
   7.5209682642938494e-02
   7.9176972834779549e-02
   8.3279306241390710e-02
   8.7522569719684307e-02
   9.1912675313664760e-02
   9.6455540514172988e-02
   1.0115706479903643e-01
   1.0602310201358502e-01
   1.1105942811545839e-01
   1.1627170377229147e-01
   1.2166543126741507e-01
   1.2724590513867642e-01
   1.3301815595079453e-01
   1.3898688658470421e-01
   1.4515640042102687e-01
   1.5153052080263760e-01
   1.5811250118744161e-01
   1.6490492545177687e-01
   1.7190959788290064e-01
   1.7912742251207694e-01
   1.8655827159478244e-01
   1.9420084324893139e-01
   2.0205250852351861e-01
   2.1010914849638340e-01
   2.1836498239807334e-01
   2.2681238823504521e-01
   2.3544171794368682e-01
   2.4424110974785748e-01
   2.5319630111354541e-01
   2.5997541288504239e-01
   2.6455957067603947e-01
   2.6925366272337309e-01
   2.7404663393700435e-01
   2.7892648824307198e-01
   2.8388026397479504e-01
   2.8889401728698277e-01
   2.9395281503139714e-01
   2.9904073856580948e-01
   3.0414089997149690e-01
   3.0923547211500885e-01
   3.1430573390331501e-01
   3.1933213194054078e-01
   3.2429435959407227e-01
   3.2917145421416105e-01
   3.3394191292276321e-01
   3.3858382699544376e-01
   3.4307503440930748e-01
   3.4739328962830551e-01
   3.5151644915710467e-01
   3.5542267083214968e-01
   3.5909062425348526e-01
   3.6249970921636454e-01
   3.6563027850294927e-01
   3.6846386096781147e-01
   3.7098338052235574e-01
   3.7317336641640775e-01
   3.7502015014992623e-01
   3.7651204443837816e-01
   3.7763949990907281e-01
   3.7839523562191268e-01
   3.7877434007718069e-01
   3.7877434007718069e-01
   3.7839523562191263e-01
   3.7763949990907281e-01
   3.7651204443837810e-01
   3.7502015014992618e-01
   3.7317336641640769e-01
   3.7098338052235569e-01
   3.6846386096781147e-01
   3.6563027850294921e-01
   3.6249970921636454e-01
   3.5909062425348520e-01
   3.5542267083214962e-01
   3.5151644915710462e-01
   3.4739328962830546e-01
   3.4307503440930737e-01
   3.3858382699544376e-01
   3.3394191292276315e-01
   3.2917145421416094e-01
   3.2429435959407216e-01
   3.1933213194054072e-01
   3.1430573390331495e-01
   3.0923547211500879e-01
   3.0414089997149690e-01
   2.9904073856580943e-01
   2.9395281503139714e-01
   2.8889401728698272e-01
   2.8388026397479504e-01
   2.7892648824307198e-01
   2.7404663393700435e-01
   2.6925366272337309e-01
   2.6455957067603947e-01
   2.5997541288504239e-01
