  -2.3341638794333633e-01
  -2.3346615002524901e-01
  -2.3358730659141774e-01
  -2.3518549340451278e-01
  -2.3951148965075811e-01
  -2.4552533581132563e-01
  -2.5213492863371423e-01
  -2.5974801251813684e-01
  -2.6910889160339541e-01
  -2.8019827238882156e-01
  -2.9234533292511911e-01
  -3.0513148105926879e-01
  -3.1867206088046429e-01
  -3.3322427594471199e-01
  -3.4884043749883081e-01
  -3.6540073016244373e-01
  -3.8283860576422679e-01
  -4.0123776997731075e-01
  -4.2075273692162857e-01
  -4.4151071493123728e-01
  -4.6360180508634313e-01
  -4.8712833112250864e-01
  -5.1223504118006480e-01
  -5.3909462834546751e-01
  -5.6787980999693943e-01
  -5.9875337288314279e-01
  -6.3187567429405367e-01
  -6.6741185721448770e-01
  -7.0553036371638700e-01
  -7.4639921984862345e-01
  -7.9018872565665654e-01
  -8.3708125841516468e-01
  -8.8728301874149595e-01
  -9.4103376842030129e-01
  -9.9861464720694537e-01
  -1.0603558304593927e+00
  -1.1266447243735422e+00
  -1.1979342124040715e+00
  -1.2747506700767748e+00
  -1.3577023441265341e+00
  -1.4474890521415531e+00
  -1.5449138289679196e+00
  -1.6508967545780058e+00
  -1.7664911903021836e+00
  -1.8929029047666346e+00
  -2.0315127754126769e+00
