   2.1718726840402373e-02
   1.9917236805642308e-02
   1.8369417991008913e-02
   1.7055578736540920e-02
   1.5958999955483538e-02
   1.5065724563973820e-02
   1.4364381382770469e-02
   1.3846041467912329e-02
   1.3504105180383190e-02
   1.3334218652754099e-02
   1.3334218652754099e-02
   1.3504105180383188e-02
   1.3846041467912327e-02
   1.4364381382770465e-02
   1.5065724563973816e-02
   1.5958999955483531e-02
   1.7055578736540917e-02
   1.8369417991008906e-02
   1.9917236805642304e-02
   2.1718726840402366e-02
   2.3459748106203649e-02
   2.5170504745283755e-02
   2.7210377258890348e-02
   2.9605978194567801e-02
   3.2388543103603382e-02
   3.5594326648434343e-02
   3.9265059220919274e-02
   4.3448467951677970e-02
   4.8198865978628047e-02
   5.3577813536034989e-02
   5.9654853681029067e-02
   6.6508324089427931e-02
   7.4226244039792347e-02
   8.2907272061179774e-02
   9.2661724184805005e-02
   1.0361263453652422e-01
   1.1589682807143645e-01
   1.2966595814015872e-01
   1.4508743735624935e-01
   1.6234515636576138e-01
   1.8163983834497871e-01
   2.0318881333739539e-01
   2.2722491115682714e-01
   2.5399405947942327e-01
   2.8375103048748684e-01
   3.1675260312807912e-01
   3.5324720297350681e-01
   3.9345986439087016e-01
   4.3757116887008485e-01
   4.8568872363389942e-01
   5.3780988439186528e-01
   2.3459748106203653e-02
   2.5170504745283758e-02
   2.7210377258890351e-02
   2.9605978194567804e-02
   3.2388543103603382e-02
   3.5594326648434350e-02
   3.9265059220919281e-02
   4.3448467951677977e-02
   4.8198865978628047e-02
   5.3577813536034989e-02
   5.9654853681029053e-02
   6.6508324089427917e-02
   7.4226244039792319e-02
   8.2907272061179732e-02
   9.2661724184804964e-02
   1.0361263453652418e-01
   1.1589682807143638e-01
   1.2966595814015863e-01
   1.4508743735624927e-01
   1.6234515636576127e-01
   1.8163983834497860e-01
   2.0318881333739525e-01
   2.2722491115682700e-01
   2.5399405947942311e-01
   2.8375103048748673e-01
   3.1675260312807896e-01
   3.5324720297350665e-01
   3.9345986439087005e-01
   4.3757116887008485e-01
   4.8568872363389948e-01
   5.3780988439186539e-01
   2.3459748106203649e-02
   2.5170504745283762e-02
   2.7210377258890351e-02
   2.9605978194567808e-02
   3.2388543103603396e-02
   3.5594326648434364e-02
   3.9265059220919302e-02
   4.3448467951678005e-02
   4.8198865978628089e-02
   5.3577813536035031e-02
   5.9654853681029123e-02
   6.6508324089428000e-02
   7.4226244039792416e-02
   8.2907272061179843e-02
   9.2661724184805061e-02
   1.0361263453652431e-01
   1.1589682807143654e-01
   1.2966595814015883e-01
   1.4508743735624943e-01
   1.6234515636576147e-01
   1.8163983834497885e-01
   2.0318881333739552e-01
   2.2722491115682728e-01
   2.5399405947942338e-01
   2.8375103048748701e-01
   3.1675260312807929e-01
   3.5324720297350704e-01
   3.9345986439087038e-01
   4.3757116887008507e-01
   4.8568872363389964e-01
   5.3780988439186550e-01
   6.0721056472941770e-01
   6.9330760127730062e-01
   7.8157516971679486e-01
   8.7025463195673625e-01
   9.5684316571863948e-01
   1.0381051667222536e+00
   1.1102224504080875e+00
   1.1691195624758708e+00
   1.2109561670967313e+00
   1.2327101570124659e+00
   1.2327101570124659e+00
   1.2109561670967313e+00
   1.1691195624758708e+00
   1.1102224504080875e+00
   1.0381051667222536e+00
   9.5684316571863948e-01
   8.7025463195673614e-01
   7.8157516971679486e-01
   6.9330760127730062e-01
   6.0721056472941770e-01
