   1.8315061820227282e-01
   1.7896024055484747e-01
   1.7525166297040398e-01
   1.7201950543785566e-01
   1.6925884298104049e-01
   1.6696529814990255e-01
   1.6513511634867648e-01
   1.6376522584271447e-01
   1.6285328396458632e-01
   1.6239771072493150e-01
   1.6239771072493150e-01
   1.6285328396458632e-01
   1.6376522584271447e-01
   1.6513511634867645e-01
   1.6696529814990255e-01
   1.6925884298104046e-01
   1.7201950543785563e-01
   1.7525166297040395e-01
   1.7896024055484741e-01
   1.8315061820227277e-01
   1.8706979009136890e-01
   1.9073606506307686e-01
   1.9491265901871874e-01
   1.9960429800959892e-01
   2.0481579072633166e-01
   2.1055184333890489e-01
   2.1681684249811436e-01
   2.2361460305082187e-01
   2.3094807690467731e-01
   2.3881901949375917e-01
   2.4722761049299954e-01
   2.5617202586467036e-01
   2.6564795906376876e-01
   2.7564809036010324e-01
   2.8616150484056224e-01
   2.9717306182676062e-01
   3.0866272126951061e-01
   3.2060483623779612e-01
   3.3296742495402604e-01
   3.4571144094057665e-01
   3.5879006566597194e-01
   3.7214805444583249e-01
   3.8572117297085612e-01
   3.9943576825566551e-01
   4.1320852341160236e-01
   4.2694644965417350e-01
   4.4054717042412039e-01
   4.5389955040356506e-01
   4.6688471553313271e-01
   4.7937749803284863e-01
   4.9124832239935023e-01
   1.8706979009136893e-01
   1.9073606506307689e-01
   1.9491265901871876e-01
   1.9960429800959900e-01
   2.0481579072633174e-01
   2.1055184333890498e-01
   2.1681684249811445e-01
   2.2361460305082195e-01
   2.3094807690467742e-01
   2.3881901949375928e-01
   2.4722761049299966e-01
   2.5617202586467047e-01
   2.6564795906376892e-01
   2.7564809036010335e-01
   2.8616150484056241e-01
   2.9717306182676073e-01
   3.0866272126951078e-01
   3.2060483623779634e-01
   3.3296742495402620e-01
   3.4571144094057688e-01
   3.5879006566597216e-01
   3.7214805444583271e-01
   3.8572117297085634e-01
   3.9943576825566568e-01
   4.1320852341160258e-01
   4.2694644965417367e-01
   4.4054717042412062e-01
   4.5389955040356528e-01
   4.6688471553313293e-01
   4.7937749803284879e-01
   4.9124832239935046e-01
   1.8706979009136890e-01
   1.9073606506307686e-01
   1.9491265901871876e-01
   1.9960429800959897e-01
   2.0481579072633174e-01
   2.1055184333890498e-01
   2.1681684249811442e-01
   2.2361460305082195e-01
   2.3094807690467739e-01
   2.3881901949375928e-01
   2.4722761049299966e-01
   2.5617202586467047e-01
   2.6564795906376892e-01
   2.7564809036010335e-01
   2.8616150484056241e-01
   2.9717306182676073e-01
   3.0866272126951078e-01
   3.2060483623779634e-01
   3.3296742495402626e-01
   3.4571144094057688e-01
   3.5879006566597216e-01
   3.7214805444583271e-01
   3.8572117297085634e-01
   3.9943576825566574e-01
   4.1320852341160252e-01
   4.2694644965417361e-01
   4.4054717042412056e-01
   4.5389955040356528e-01
   4.6688471553313293e-01
   4.7937749803284879e-01
   4.9124832239935046e-01
   5.0503443654410418e-01
   5.2059633875871891e-01
   5.3507141430656080e-01
   5.4826591705314287e-01
   5.5999152960244414e-01
   5.7007129543364976e-01
   5.7834571854114325e-01
   5.8467868041930260e-01
   5.8896279409111352e-01
   5.9112382078216741e-01
   5.9112382078216741e-01
   5.8896279409111352e-01
   5.8467868041930260e-01
   5.7834571854114325e-01
   5.7007129543364976e-01
   5.5999152960244425e-01
   5.4826591705314287e-01
   5.3507141430656080e-01
   5.2059633875871891e-01
   5.0503443654410429e-01
