   1.1484473395113461e+00
   1.0973121325910018e+00
   1.0411918030338196e+00
   9.8275005202317711e-01
   9.2435793381953690e-01
   8.6799676347387700e-01
   8.1523296088512920e-01
   7.6724354571144726e-01
   7.2487064005757762e-01
   6.8868750561830139e-01
   6.5906417282413587e-01
   6.3622570288691349e-01
   6.2029978721226986e-01
   6.1135267208069843e-01
   6.0941356147886694e-01
   6.1448803562670917e-01
   6.2656092873579805e-01
   6.4558877478389165e-01
   6.7148154603771426e-01
   7.0407315621812905e-01
   7.4308028706759199e-01
   7.8804978981511786e-01
   8.3829653695688167e-01
   8.9283647971812297e-01
   9.5032395976105177e-01
   1.0090077063944447e+00
   1.0667251876834711e+00
   1.1209575822869886e+00
   1.1689640382980031e+00
   1.2080007781673450e+00
   1.2356075703397085e+00
   1.2499164174529933e+00
   1.2499164174529933e+00
   1.2356075703397087e+00
   1.2080007781673452e+00
   1.1689640382980035e+00
   1.1209575822869891e+00
   1.0667251876834718e+00
   1.0090077063944454e+00
   9.5032395976105255e-01
   8.9283647971812374e-01
   8.3829653695688244e-01
   7.8804978981511853e-01
   7.4308028706759277e-01
   7.0407315621812971e-01
   6.7148154603771493e-01
   6.4558877478389209e-01
   6.2656092873579861e-01
   6.1448803562670951e-01
   6.0941356147886727e-01
   6.1135267208069877e-01
   6.2029978721226997e-01
   6.3622570288691360e-01
   6.5906417282413599e-01
   6.8868750561830150e-01
   7.2487064005757773e-01
   7.6724354571144748e-01
   8.1523296088512942e-01
   8.6799676347387711e-01
   9.2435793381953701e-01
   9.8275005202317733e-01
   1.0411918030338196e+00
   1.0973121325910018e+00
   1.1484473395113461e+00
   1.2143169974898034e+00
   1.2903883366124258e+00
   1.3484798065681507e+00
   1.3836476549961738e+00
   1.3926351408477340e+00
   1.3745772343947162e+00
   1.3311983797970734e+00
   1.2664226013939512e+00
   1.1855529074409779e+00
   1.0943186816629964e+00
   9.9806994309910890e-01
   9.0126775521710778e-01
   8.0727993932047515e-01
   7.1840570471196075e-01
   6.3603032437779217e-01
   5.6082787854429517e-01
   4.9295982443768899e-01
   4.3224371274507617e-01
   3.7828428785467655e-01
   3.3056896437028449e-01
   2.8853375313771173e-01
   2.5160654672527083e-01
   2.1923398129180383e-01
   1.9089687370347941e-01
   1.6611799227274390e-01
   1.4446486155610566e-01
   1.2554947731295074e-01
   1.0902619971916913e-01
   9.4588660748843270e-02
   8.1966222594119259e-02
   7.0920321405851638e-02
   6.1240895865453969e-02
   5.2743011977936863e-02
   4.5263738909522608e-02
   3.8659295166291185e-02
   3.2802462727079741e-02
   2.7580254043861361e-02
   2.2891809857584336e-02
   1.8646502395342799e-02
   1.4762217302442900e-02
   1.2079815000694397e-02
   1.0538909245326879e-02
   9.1947188739639110e-03
   8.0221584275416737e-03
   6.9993438485131364e-03
   6.1071848100240581e-03
   5.3290289102491820e-03
   4.6503511864208055e-03
   4.0584832166297600e-03
   3.5423767949343890e-03
   3.0923977964041048e-03
   2.7001464027977548e-03
   2.3583003453602229e-03
   2.0604782467086693e-03
   1.8011205162028455e-03
   1.5753855790311370e-03
   1.3790595042638099e-03
   1.2084773464395013e-03
   1.0604547333758873e-03
   9.3222842381068599e-04
   8.2140472568753673e-04
   7.2591481248380065e-04
   6.4397610364330844e-04
   5.7405898831065999e-04
   5.1485827126488402e-04
   4.6526880807244562e-04
   4.2436487466255163e-04
   3.9138288622747163e-04
   3.6570714286600467e-04
   3.4685833588476138e-04
   3.3448460020324590e-04
   3.2835494583610144e-04
   3.2835494583610144e-04
   3.3448460020324595e-04
   3.4685833588476148e-04
   3.6570714286600478e-04
   3.9138288622747179e-04
   4.2436487466255196e-04
   4.6526880807244594e-04
   5.1485827126488434e-04
   5.7405898831066043e-04
   6.4397610364330888e-04
   7.2591481248380130e-04
   8.2140472568753727e-04
   9.3222842381068653e-04
   1.0604547333758880e-03
   1.2084773464395018e-03
   1.3790595042638108e-03
   1.5753855790311374e-03
   1.8011205162028461e-03
   2.0604782467086697e-03
   2.3583003453602233e-03
   2.7001464027977548e-03
   3.0923977964041043e-03
   3.5423767949343886e-03
   4.0584832166297592e-03
   4.6503511864208046e-03
   5.3290289102491811e-03
   6.1071848100240573e-03
   6.9993438485131364e-03
   8.0221584275416719e-03
   9.1947188739639110e-03
   1.0538909245326879e-02
   1.2079815000694397e-02
