   3.3327905676959196e-01
   3.1630011058237345e-01
   3.0267247008797271e-01
   2.9230096056095384e-01
   2.8510877555886316e-01
   2.8104051015970977e-01
   2.8006406645239068e-01
   2.8217166011344397e-01
   2.8738005437296427e-01
   2.9573005132648178e-01
   3.0728517575744246e-01
   3.2212938852172690e-01
   3.4036356077661328e-01
   3.6210032412007775e-01
   3.8745678535930295e-01
   4.1654446409348389e-01
   4.4945569202996233e-01
   4.8624563547989014e-01
   5.2690911951970476e-01
   5.7135162626642166e-01
   6.1935432718292571e-01
   6.7053393546150741e-01
   7.2429967528939476e-01
   7.7981184074013088e-01
   8.3594915489325361e-01
   8.9129498793377315e-01
   9.4415449664692142e-01
   9.9261443867366861e-01
   1.0346531464088013e+00
   1.0682989211570144e+00
   1.0918217571028386e+00
   1.1039293353491271e+00
   1.1039293353491275e+00
   1.0918217571028406e+00
   1.0682989211570173e+00
   1.0346531464088056e+00
   9.9261443867367327e-01
   9.4415449664692674e-01
   8.9129498793377882e-01
   8.3594915489325938e-01
   7.7981184074013665e-01
   7.2429967528940031e-01
   6.7053393546151285e-01
   6.1935432718293071e-01
   5.7135162626642644e-01
   5.2690911951970931e-01
   4.8624563547989424e-01
   4.4945569202996610e-01
   4.1654446409348733e-01
   3.8745678535930611e-01
   3.6210032412008059e-01
   3.4036356077661584e-01
   3.2212938852172918e-01
   3.0728517575744441e-01
   2.9573005132648356e-01
   2.8738005437296582e-01
   2.8217166011344530e-01
   2.8006406645239185e-01
   2.8104051015971077e-01
   2.8510877555886394e-01
   2.9230096056095445e-01
   3.0267247008797321e-01
   3.1630011058237373e-01
   3.3327905676959207e-01
   3.6431799593922642e-01
   4.0972338535093861e-01
   4.5907704009006217e-01
   5.1246086206682306e-01
   5.6981193013466758e-01
   6.3086687214258919e-01
   6.9509761165928641e-01
   7.6164349060934777e-01
   8.2924947504554725e-01
   8.9622588336716213e-01
   9.6045039892755146e-01
   1.0194352565804006e+00
   1.0704776095725439e+00
   1.1108959386229154e+00
   1.1383302116507346e+00
   1.1510549457895363e+00
   1.1482350651719724e+00
   1.1300575481189958e+00
   1.0977015161510559e+00
   1.0531554095171365e+00
   9.9893202164456507e-01
   9.3775264876133879e-01
   8.7226550397865676e-01
   8.0483926037805176e-01
   7.3744404911129746e-01
   6.7161030731022475e-01
   6.0844465417088700e-01
   5.4868007518729189e-01
   4.9274137948088814e-01
   4.4081261338770278e-01
   3.9289857756454821e-01
   3.4887678994332627e-01
   3.0853899525096257e-01
   2.7162288433257231e-01
   2.3783540784153559e-01
   2.0686927011029863e-01
   1.7841410826656795e-01
   1.5216365416263461e-01
   1.2781993333947289e-01
   1.0509532335623828e-01
   8.9156220015790447e-02
   7.9763162944486418e-02
   7.1359267499512366e-02
   6.3842061996513877e-02
   5.7119390540321405e-02
   5.1108482791666437e-02
   4.5735077853469669e-02
   4.0932609213059037e-02
   3.6641453409006590e-02
   3.2808242260542970e-02
   2.9385236681386196e-02
   2.6329758993347722e-02
   2.3603680039393414e-02
   2.1172957114811337e-02
   1.9007218678073434e-02
   1.7079391891924985e-02
   1.5365369225737805e-02
   1.3843710584551335e-02
   1.2495377692773920e-02
   1.1303497733954487e-02
   1.0253153521052074e-02
   9.3311977370896127e-03
   8.5260890397438737e-03
   7.8277480630599937e-03
   7.2274315742136630e-03
   6.7176232531190108e-03
   6.2919397583393148e-03
   5.9450509252306034e-03
   5.6726131128025711e-03
   5.4712148758225649e-03
   5.3383342896956123e-03
   5.2723073991375255e-03
   5.2723073991375255e-03
   5.3383342896956131e-03
   5.4712148758225667e-03
   5.6726131128025737e-03
   5.9450509252306051e-03
   6.2919397583393183e-03
   6.7176232531190143e-03
   7.2274315742136674e-03
   7.8277480630599989e-03
   8.5260890397438789e-03
   9.3311977370896179e-03
   1.0253153521052081e-02
   1.1303497733954492e-02
   1.2495377692773925e-02
   1.3843710584551342e-02
   1.5365369225737811e-02
   1.7079391891924988e-02
   1.9007218678073440e-02
   2.1172957114811344e-02
   2.3603680039393417e-02
   2.6329758993347729e-02
   2.9385236681386210e-02
   3.2808242260542977e-02
   3.6641453409006604e-02
   4.0932609213059044e-02
   4.5735077853469676e-02
   5.1108482791666437e-02
   5.7119390540321405e-02
   6.3842061996513877e-02
   7.1359267499512352e-02
   7.9763162944486418e-02
   8.9156220015790433e-02
