   1.3632113442418152e-02
   1.6067084783085078e-02
   1.8702000800570141e-02
   1.2431797411308602e-01
   4.3806429289440135e-01
   8.3910989778175060e-01
   1.2346096183598987e+00
   1.5914943806165751e+00
   1.6888806929523397e+00
   2.2905000994783524e+00
   3.0472504716757047e+00
   3.8968355147435476e+00
   4.8088707621612423e+00
   5.5293190436461748e+00
   5.8098879335185014e+00
   6.9350518514128243e+00
   8.1904173629271817e+00
   9.5613116821565818e+00
   1.0944725535364041e+01
   1.1041046251895093e+01
