   7.7512419236808816e-01
   7.7512419236808805e-01
   7.7512419236808794e-01
   7.7512419236808794e-01
   7.7512419236808783e-01
   7.7512419236808772e-01
   7.7512419236808772e-01
   7.7512419236808761e-01
   7.7512419236808749e-01
   7.7512419236808749e-01
   7.7512419236808738e-01
   7.7512419236808727e-01
   7.7512419236808727e-01
   7.7512419236808727e-01
   7.7512419236808716e-01
   7.7512419236808716e-01
   7.7512419236808705e-01
   7.7512419236808705e-01
   7.7512419236808694e-01
   7.7512419236808705e-01
   7.7512419236808705e-01
   7.7512419236808694e-01
   7.7512419236808694e-01
   7.7512419236808694e-01
   7.7512419236808694e-01
   7.7512419236808694e-01
   7.7512419236808705e-01
   7.7512419236808705e-01
   7.7512419236808705e-01
   7.7512419236808705e-01
   7.7512419236808705e-01
   7.7512419236808716e-01
   7.7512419236808727e-01
   7.7512419236808727e-01
   7.7512419236808727e-01
   7.7512419236808738e-01
   7.7512419236808738e-01
   7.7512419236808749e-01
   7.7512419236808749e-01
   7.7512419236808772e-01
   7.7512419236808772e-01
   7.7512419236808783e-01
   7.7512419236808783e-01
   7.7512419236808805e-01
   7.7512419236808805e-01
   7.7512419236808805e-01
   7.7512419236808827e-01
   7.7512419236808827e-01
   7.7512419236808838e-01
   7.7512419236808838e-01
   7.7512419236808838e-01
   7.7512419236808838e-01
   7.7512419236808838e-01
   7.7512419236808838e-01
   7.7512419236808838e-01
   7.7512419236808838e-01
   7.7512419236808838e-01
   7.7512419236808838e-01
   7.7512419236808838e-01
   7.7512419236808838e-01
   7.7512419236808838e-01
   7.7512419236808838e-01
   7.7512419236808838e-01
   7.7512419236808838e-01
   7.7512419236808838e-01
   7.7512419236808838e-01
   7.7512419236808838e-01
   7.7512419236808838e-01
   7.7512419236808838e-01
   7.7512419236808838e-01
   7.7512419236808838e-01
   7.7512419236808827e-01
   7.7512419236808827e-01
   7.7512419236808827e-01
   7.7512419236808827e-01
   7.7512419236808827e-01
   7.7512419236808827e-01
   7.7512419236808827e-01
   7.7512419236808827e-01
   7.7512419236808827e-01
   7.7512419236808827e-01
   7.7512419236808827e-01
   7.7512419236808827e-01
   7.7512419236808827e-01
   7.7512419236808827e-01
   7.7512419236808827e-01
   7.7512419236808827e-01
   7.7512419236808827e-01
   7.7512419236808827e-01
   7.7512419236808827e-01
   7.7512419236808816e-01
   7.7512419236808816e-01
   7.7512419236808816e-01
   7.7512419236808816e-01
   7.7512419236808816e-01
   7.7512419236808816e-01
   7.7512419236808816e-01
   7.7512419236808816e-01
   7.7512419236808816e-01
   7.7512419236808816e-01
   7.7512419236808816e-01
   7.7512419236808816e-01
   7.7512419236808816e-01
   7.7512419236808816e-01
   7.7512419236808816e-01
   7.7512419236808816e-01
   7.7512419236808816e-01
   7.7512419236808816e-01
   7.7512419236808816e-01
   7.7512419236808816e-01
   7.7512419236808816e-01
   7.7512419236808816e-01
   7.7512419236808827e-01
   7.7512419236808827e-01
   7.7512419236808827e-01
   7.7512419236808827e-01
   7.7512419236808827e-01
   7.7512419236808827e-01
   7.7512419236808827e-01
   7.7512419236808827e-01
   7.7512419236808827e-01
   7.7512419236808827e-01
   7.7512419236808827e-01
   7.7512419236808827e-01
   7.7512419236808838e-01
   7.7512419236808838e-01
   7.7512419236808838e-01
   7.7512419236808838e-01
   7.7512419236808838e-01
   7.7512419236808838e-01
   7.7512419236808838e-01
   7.7512419236808838e-01
   7.7512419236808838e-01
   7.7512419236808849e-01
   7.7512419236808849e-01
   7.7512419236808849e-01
   7.7512419236808849e-01
   7.7512419236808849e-01
   7.7512419236808849e-01
   7.7512419236808849e-01
   7.7512419236808849e-01
   7.7512419236808849e-01
   7.7512419236808849e-01
   7.7512419236808849e-01
   7.7512419236808849e-01
   7.7512419236808849e-01
   7.7512419236808849e-01
   7.7512419236808849e-01
   7.7512419236808849e-01
   7.7512419236808849e-01
   7.7512419236808849e-01
   7.7512419236808838e-01
   7.7512419236808838e-01
   7.7512419236808838e-01
   7.7512419236808838e-01
   7.7512419236808838e-01
   7.7512419236808838e-01
   7.7512419236808838e-01
   7.7512419236808838e-01
   7.7512419236808838e-01
   7.7512419236808838e-01
   7.7512419236808838e-01
   7.7512419236808827e-01
   7.7512419236808827e-01
   7.7512419236808827e-01
   7.7512419236808827e-01
   7.7512419236808827e-01
   7.7512419236808827e-01
   7.7512419236808827e-01
   7.7512419236808827e-01
   7.7512419236808827e-01
   7.7512419236808827e-01
   7.7512419236808827e-01
   7.7512419236808827e-01
   7.7512419236808816e-01
   7.7512419236808816e-01
   7.7512419236808816e-01
   7.7512419236808816e-01
   7.7512419236808816e-01
   7.7512419236808816e-01
   7.7512419236808816e-01
   7.7512419236808816e-01
   7.7512419236808816e-01
   7.7512419236808816e-01
   7.7512419236808816e-01
   7.7512419236808816e-01
   7.7512419236808816e-01
   7.7512419236808816e-01
   7.7512419236808816e-01
   7.7512419236808816e-01
   7.7512419236808816e-01
   7.7512419236808816e-01
   7.7512419236808816e-01
   7.7512419236808816e-01
   7.7512419236808816e-01
   7.7512419236808816e-01
   7.7512419236808816e-01
   7.7512419236808816e-01
   7.7512419236808816e-01
   7.7512419236808816e-01
   7.7512419236808849e-01
   7.7512419236808849e-01
   7.7512419236808849e-01
   7.7512419236808849e-01
   7.7512419236808849e-01
   7.7512419236808849e-01
   7.7512419236808849e-01
   7.7512419236808849e-01
   7.7512419236808849e-01
   7.7512419236808849e-01
   7.7512419236808849e-01
   7.7512419236808849e-01
   7.7512419236808849e-01
   7.7512419236808849e-01
   7.7512419236808849e-01
   7.7512419236808849e-01
   7.7512419236808849e-01
   7.7512419236808849e-01
   7.7512419236808849e-01
   7.7512419236808849e-01
   7.7512419236808849e-01
   7.7512419236808849e-01
   7.7512419236808849e-01
   7.7512419236808849e-01
   7.7512419236808849e-01
   7.7512419236808838e-01
   7.7512419236808838e-01
   7.7512419236808838e-01
   7.7512419236808838e-01
   7.7512419236808838e-01
   7.7512419236808838e-01
   7.7512419236808838e-01
   7.7512419236808838e-01
   7.7512419236808827e-01
   7.7512419236808827e-01
   7.7512419236808827e-01
   7.7512419236808827e-01
   7.7512419236808827e-01
   7.7512419236808827e-01
   7.7512419236808827e-01
   7.7512419236808827e-01
   7.7512419236808816e-01
   7.7512419236808816e-01
   7.7512419236808816e-01
   7.7512419236808816e-01
   7.7512419236808816e-01
   7.7512419236808816e-01
   7.7512419236808816e-01
   7.7512419236808816e-01
   7.7512419236808816e-01
   7.7512419236808816e-01
   7.7512419236808816e-01
   7.7512419236808816e-01
   7.7512419236808816e-01
   7.7512419236808805e-01
   7.7512419236808805e-01
   7.7512419236808805e-01
   7.7512419236808805e-01
   7.7512419236808805e-01
   7.7512419236808805e-01
   7.7512419236808805e-01
   7.7512419236808805e-01
   7.7512419236808805e-01
   7.7512419236808805e-01
   7.7512419236808816e-01
   7.7512419236808816e-01
   7.7512419236808816e-01
   7.7512419236808816e-01
   7.7512419236808816e-01
   7.7512419236808816e-01
   7.7512419236808816e-01
   7.7512419236808816e-01
   7.7512419236808816e-01
   7.7512419236808816e-01
   7.7512419236808827e-01
   7.7512419236808827e-01
   7.7512419236808794e-01
   7.7512419236808749e-01
   7.7512419236808727e-01
   7.7512419236808694e-01
   7.7512419236808672e-01
   7.7512419236808650e-01
   7.7512419236808605e-01
   7.7512419236808583e-01
   7.7512419236808561e-01
   7.7512419236808539e-01
   7.7512419236808516e-01
   7.7512419236808483e-01
   7.7512419236808472e-01
   7.7512419236808450e-01
   7.7512419236808439e-01
   7.7512419236808416e-01
   7.7512419236808405e-01
   7.7512419236808394e-01
   7.7512419236808383e-01
   7.7512419236808372e-01
   7.7512419236808372e-01
   7.7512419236808372e-01
   7.7512419236808361e-01
   7.7512419236808361e-01
   7.7512419236808361e-01
   7.7512419236808372e-01
   7.7512419236808372e-01
   7.7512419236808372e-01
   7.7512419236808383e-01
   7.7512419236808394e-01
   7.7512419236808405e-01
   7.7512419236808416e-01
   7.7512419236808439e-01
   7.7512419236808450e-01
   7.7512419236808472e-01
   7.7512419236808483e-01
   7.7512419236808516e-01
   7.7512419236808539e-01
   7.7512419236808561e-01
   7.7512419236808583e-01
   7.7512419236808616e-01
   7.7512419236808638e-01
   7.7512419236808672e-01
   7.7512419236808705e-01
   7.7512419236808727e-01
   7.7512419236808761e-01
   7.7512419236808783e-01
   7.7512419236808827e-01
