   8.9602620875608718e-01
   8.9602620875556804e-01
   8.9602620875504457e-01
   8.9602620875451977e-01
   8.9602620875399663e-01
   8.9602620875347805e-01
   8.9602620875296668e-01
   8.9602620875246541e-01
   8.9602620875197736e-01
   8.9602620875150485e-01
   8.9602620875105077e-01
   8.9602620875061767e-01
   8.9602620875020789e-01
   8.9602620874982364e-01
   8.9602620874946715e-01
   8.9602620874914030e-01
   8.9602620874884509e-01
   8.9602620874858308e-01
   8.9602620874835559e-01
   8.9602620874816430e-01
   8.9602620874800987e-01
   8.9602620874789329e-01
   8.9602620874781513e-01
   8.9602620874777594e-01
   8.9602620874777594e-01
   8.9602620874781513e-01
   8.9602620874789329e-01
   8.9602620874800976e-01
   8.9602620874816430e-01
   8.9602620874835570e-01
   8.9602620874858319e-01
   8.9602620874884509e-01
   8.9602620874914041e-01
   8.9602620874946715e-01
   8.9602620874982353e-01
   8.9602620875020789e-01
   8.9602620875061778e-01
   8.9602620875105099e-01
   8.9602620875150507e-01
   8.9602620875197747e-01
   8.9602620875246541e-01
   8.9602620875296668e-01
   8.9602620875347805e-01
   8.9602620875399674e-01
   8.9602620875451999e-01
   8.9602620875504468e-01
   8.9602620875556827e-01
   8.9602620875608741e-01
   8.9602620875651251e-01
   8.9602620875684147e-01
   8.9602620875715899e-01
   8.9602620875746386e-01
   8.9602620875775385e-01
   8.9602620875802763e-01
   8.9602620875828376e-01
   8.9602620875852090e-01
   8.9602620875873740e-01
   8.9602620875893235e-01
   8.9602620875910477e-01
   8.9602620875925343e-01
   8.9602620875937766e-01
   8.9602620875947681e-01
   8.9602620875955008e-01
   8.9602620875959738e-01
   8.9602620875961836e-01
   8.9602620875961303e-01
   8.9602620875958128e-01
   8.9602620875952321e-01
   8.9602620875943906e-01
   8.9602620875932970e-01
   8.9602620875919525e-01
   8.9602620875903682e-01
   8.9602620875885508e-01
   8.9602620875865124e-01
   8.9602620875842598e-01
   8.9602620875818095e-01
   8.9602620875791739e-01
   8.9602620875763672e-01
   8.9602620875734029e-01
   8.9602620875703021e-01
   8.9602620875670769e-01
   8.9602620875637473e-01
   8.9602620875603312e-01
   8.9602620875568473e-01
   8.9602620875533157e-01
   8.9602620875497552e-01
   8.9602620875461847e-01
   8.9602620875426231e-01
   8.9602620875390915e-01
   8.9602620875356087e-01
   8.9602620875321926e-01
   8.9602620875288652e-01
   8.9602620875256411e-01
   8.9602620875225403e-01
   8.9602620875195793e-01
   8.9602620875167749e-01
   8.9602620875141403e-01
   8.9602620875116934e-01
   8.9602620875094430e-01
   8.9602620875074068e-01
   8.9602620875055916e-01
   8.9602620875040095e-01
   8.9602620875026695e-01
   8.9602620875015759e-01
   8.9602620875007410e-01
   8.9602620875001615e-01
   8.9602620874998473e-01
   8.9602620874997951e-01
   8.9602620875000094e-01
   8.9602620875004846e-01
   8.9602620875012207e-01
   8.9602620875022165e-01
   8.9602620875034611e-01
   8.9602620875049499e-01
   8.9602620875066752e-01
   8.9602620875086270e-01
   8.9602620875107952e-01
   8.9602620875131678e-01
   8.9602620875157313e-01
   8.9602620875184724e-01
   8.9602620875213745e-01
   8.9602620875244232e-01
   8.9602620875275996e-01
   8.9602620875308903e-01
   8.9602620875651262e-01
   8.9602620875684136e-01
   8.9602620875715921e-01
   8.9602620875746375e-01
   8.9602620875775385e-01
   8.9602620875802774e-01
   8.9602620875828387e-01
   8.9602620875852090e-01
   8.9602620875873751e-01
   8.9602620875893246e-01
   8.9602620875910466e-01
   8.9602620875925332e-01
   8.9602620875937766e-01
   8.9602620875947658e-01
   8.9602620875955008e-01
   8.9602620875959760e-01
   8.9602620875961858e-01
   8.9602620875961314e-01
   8.9602620875958117e-01
   8.9602620875952321e-01
   8.9602620875943917e-01
   8.9602620875932970e-01
   8.9602620875919525e-01
   8.9602620875903682e-01
   8.9602620875885508e-01
   8.9602620875865102e-01
   8.9602620875842609e-01
   8.9602620875818095e-01
   8.9602620875791739e-01
   8.9602620875763672e-01
   8.9602620875734029e-01
   8.9602620875703021e-01
   8.9602620875670769e-01
   8.9602620875637484e-01
   8.9602620875603323e-01
   8.9602620875568473e-01
   8.9602620875533157e-01
   8.9602620875497563e-01
   8.9602620875461836e-01
   8.9602620875426231e-01
   8.9602620875390904e-01
   8.9602620875356076e-01
   8.9602620875321926e-01
   8.9602620875288652e-01
   8.9602620875256411e-01
   8.9602620875225403e-01
   8.9602620875195793e-01
   8.9602620875167749e-01
   8.9602620875141414e-01
   8.9602620875116934e-01
   8.9602620875094441e-01
   8.9602620875074068e-01
   8.9602620875055905e-01
   8.9602620875040095e-01
   8.9602620875026684e-01
   8.9602620875015759e-01
   8.9602620875007399e-01
   8.9602620875001604e-01
   8.9602620874998451e-01
   8.9602620874997940e-01
   8.9602620875000072e-01
   8.9602620875004846e-01
   8.9602620875012218e-01
   8.9602620875022154e-01
   8.9602620875034600e-01
   8.9602620875049488e-01
   8.9602620875066741e-01
   8.9602620875086281e-01
   8.9602620875107963e-01
   8.9602620875131678e-01
   8.9602620875157313e-01
   8.9602620875184713e-01
   8.9602620875213745e-01
   8.9602620875244232e-01
   8.9602620875276018e-01
   8.9602620875308903e-01
   8.9602620875651262e-01
   8.9602620875684136e-01
   8.9602620875715910e-01
   8.9602620875746364e-01
   8.9602620875775385e-01
   8.9602620875802763e-01
   8.9602620875828387e-01
   8.9602620875852090e-01
   8.9602620875873751e-01
   8.9602620875893235e-01
   8.9602620875910466e-01
   8.9602620875925332e-01
   8.9602620875937755e-01
   8.9602620875947669e-01
   8.9602620875955008e-01
   8.9602620875959749e-01
   8.9602620875961836e-01
   8.9602620875961292e-01
   8.9602620875958117e-01
   8.9602620875952321e-01
   8.9602620875943906e-01
   8.9602620875932959e-01
   8.9602620875919514e-01
   8.9602620875903682e-01
   8.9602620875885508e-01
   8.9602620875865102e-01
   8.9602620875842598e-01
   8.9602620875818106e-01
   8.9602620875791739e-01
   8.9602620875763672e-01
   8.9602620875734029e-01
   8.9602620875703021e-01
   8.9602620875670769e-01
   8.9602620875637484e-01
   8.9602620875603323e-01
   8.9602620875568473e-01
   8.9602620875533168e-01
   8.9602620875497552e-01
   8.9602620875461836e-01
   8.9602620875426231e-01
   8.9602620875390904e-01
   8.9602620875356087e-01
   8.9602620875321926e-01
   8.9602620875288652e-01
   8.9602620875256411e-01
   8.9602620875225414e-01
   8.9602620875195793e-01
   8.9602620875167749e-01
   8.9602620875141414e-01
   8.9602620875116934e-01
   8.9602620875094441e-01
   8.9602620875074068e-01
   8.9602620875055916e-01
   8.9602620875040107e-01
   8.9602620875026695e-01
   8.9602620875015770e-01
   8.9602620875007399e-01
   8.9602620875001615e-01
   8.9602620874998473e-01
   8.9602620874997962e-01
   8.9602620875000083e-01
   8.9602620875004846e-01
   8.9602620875012229e-01
   8.9602620875022165e-01
   8.9602620875034600e-01
   8.9602620875049499e-01
   8.9602620875066752e-01
   8.9602620875086270e-01
   8.9602620875107963e-01
   8.9602620875131678e-01
   8.9602620875157313e-01
   8.9602620875184713e-01
   8.9602620875213757e-01
   8.9602620875244221e-01
   8.9602620875276007e-01
   8.9602620875308903e-01
   8.9602620875351346e-01
   8.9602620875403138e-01
   8.9602620875455363e-01
   8.9602620875507721e-01
   8.9602620875559924e-01
   8.9602620875611672e-01
   8.9602620875662686e-01
   8.9602620875712691e-01
   8.9602620875761396e-01
   8.9602620875808536e-01
   8.9602620875853833e-01
   8.9602620875897043e-01
   8.9602620875937922e-01
   8.9602620875976258e-01
   8.9602620876011829e-01
   8.9602620876044448e-01
   8.9602620876073902e-01
   8.9602620876100025e-01
   8.9602620876122718e-01
   8.9602620876141836e-01
   8.9602620876157235e-01
   8.9602620876168870e-01
   8.9602620876176675e-01
   8.9602620876180572e-01
   8.9602620876180561e-01
   8.9602620876176675e-01
   8.9602620876168870e-01
   8.9602620876157246e-01
   8.9602620876141836e-01
   8.9602620876122741e-01
   8.9602620876100036e-01
   8.9602620876073913e-01
   8.9602620876044459e-01
   8.9602620876011851e-01
   8.9602620875976291e-01
   8.9602620875937944e-01
   8.9602620875897054e-01
   8.9602620875853844e-01
   8.9602620875808547e-01
   8.9602620875761418e-01
   8.9602620875712713e-01
   8.9602620875662708e-01
   8.9602620875611705e-01
   8.9602620875559935e-01
   8.9602620875507732e-01
   8.9602620875455385e-01
   8.9602620875403172e-01
   8.9602620875351369e-01
