   8.9996037915342519e-01
   8.9996037915342852e-01
   8.9996037915343208e-01
   8.9996037915343563e-01
   8.9996037915343907e-01
   8.9996037915344262e-01
   8.9996037915344618e-01
   8.9996037915344951e-01
   8.9996037915345284e-01
   8.9996037915345606e-01
   8.9996037915345928e-01
   8.9996037915346216e-01
   8.9996037915346505e-01
   8.9996037915346760e-01
   8.9996037915347005e-01
   8.9996037915347227e-01
   8.9996037915347438e-01
   8.9996037915347604e-01
   8.9996037915347771e-01
   8.9996037915347893e-01
   8.9996037915348004e-01
   8.9996037915348093e-01
   8.9996037915348148e-01
   8.9996037915348170e-01
   8.9996037915348170e-01
   8.9996037915348148e-01
   8.9996037915348093e-01
   8.9996037915348015e-01
   8.9996037915347915e-01
   8.9996037915347793e-01
   8.9996037915347626e-01
   8.9996037915347460e-01
   8.9996037915347260e-01
   8.9996037915347038e-01
   8.9996037915346794e-01
   8.9996037915346538e-01
   8.9996037915346250e-01
   8.9996037915345961e-01
   8.9996037915345650e-01
   8.9996037915345339e-01
   8.9996037915344995e-01
   8.9996037915344662e-01
   8.9996037915344318e-01
   8.9996037915343963e-01
   8.9996037915343619e-01
   8.9996037915343263e-01
   8.9996037915342897e-01
   8.9996037915342553e-01
   8.9996037915342242e-01
   8.9996037915341986e-01
   8.9996037915341720e-01
   8.9996037915341487e-01
   8.9996037915341265e-01
   8.9996037915341032e-01
   8.9996037915340832e-01
   8.9996037915340632e-01
   8.9996037915340454e-01
   8.9996037915340299e-01
   8.9996037915340155e-01
   8.9996037915340021e-01
   8.9996037915339933e-01
   8.9996037915339844e-01
   8.9996037915339777e-01
   8.9996037915339722e-01
   8.9996037915339699e-01
   8.9996037915339699e-01
   8.9996037915339722e-01
   8.9996037915339744e-01
   8.9996037915339799e-01
   8.9996037915339888e-01
   8.9996037915339977e-01
   8.9996037915340099e-01
   8.9996037915340232e-01
   8.9996037915340388e-01
   8.9996037915340554e-01
   8.9996037915340743e-01
   8.9996037915340943e-01
   8.9996037915341143e-01
   8.9996037915341376e-01
   8.9996037915341620e-01
   8.9996037915341864e-01
   8.9996037915342131e-01
   8.9996037915342375e-01
   8.9996037915342664e-01
   8.9996037915342930e-01
   8.9996037915343219e-01
   8.9996037915343485e-01
   8.9996037915343774e-01
   8.9996037915344052e-01
   8.9996037915344318e-01
   8.9996037915344584e-01
   8.9996037915344840e-01
   8.9996037915345106e-01
   8.9996037915345350e-01
   8.9996037915345573e-01
   8.9996037915345795e-01
   8.9996037915346005e-01
   8.9996037915346194e-01
   8.9996037915346394e-01
   8.9996037915346550e-01
   8.9996037915346705e-01
   8.9996037915346816e-01
   8.9996037915346938e-01
   8.9996037915347027e-01
   8.9996037915347094e-01
   8.9996037915347149e-01
   8.9996037915347182e-01
   8.9996037915347193e-01
   8.9996037915347171e-01
   8.9996037915347138e-01
   8.9996037915347071e-01
   8.9996037915347005e-01
   8.9996037915346916e-01
   8.9996037915346816e-01
   8.9996037915346683e-01
   8.9996037915346527e-01
   8.9996037915346372e-01
   8.9996037915346172e-01
   8.9996037915345972e-01
   8.9996037915345772e-01
   8.9996037915345539e-01
   8.9996037915345306e-01
   8.9996037915345062e-01
   8.9996037915344818e-01
   8.9996037915342264e-01
   8.9996037915341998e-01
   8.9996037915341764e-01
   8.9996037915341520e-01
   8.9996037915341287e-01
   8.9996037915341065e-01
   8.9996037915340854e-01
   8.9996037915340676e-01
   8.9996037915340510e-01
   8.9996037915340343e-01
   8.9996037915340188e-01
   8.9996037915340066e-01
   8.9996037915339966e-01
   8.9996037915339877e-01
   8.9996037915339822e-01
   8.9996037915339777e-01
   8.9996037915339755e-01
   8.9996037915339744e-01
   8.9996037915339744e-01
   8.9996037915339788e-01
   8.9996037915339844e-01
   8.9996037915339933e-01
   8.9996037915340010e-01
   8.9996037915340132e-01
   8.9996037915340266e-01
   8.9996037915340410e-01
   8.9996037915340588e-01
   8.9996037915340765e-01
   8.9996037915340976e-01
   8.9996037915341165e-01
   8.9996037915341398e-01
   8.9996037915341642e-01
   8.9996037915341887e-01
   8.9996037915342131e-01
   8.9996037915342386e-01
   8.9996037915342664e-01
   8.9996037915342930e-01
   8.9996037915343197e-01
   8.9996037915343485e-01
   8.9996037915343763e-01
   8.9996037915344029e-01
   8.9996037915344285e-01
   8.9996037915344551e-01
   8.9996037915344818e-01
   8.9996037915345062e-01
   8.9996037915345317e-01
   8.9996037915345539e-01
   8.9996037915345772e-01
   8.9996037915345972e-01
   8.9996037915346161e-01
   8.9996037915346350e-01
   8.9996037915346516e-01
   8.9996037915346638e-01
   8.9996037915346772e-01
   8.9996037915346894e-01
   8.9996037915346982e-01
   8.9996037915347049e-01
   8.9996037915347105e-01
   8.9996037915347116e-01
   8.9996037915347127e-01
   8.9996037915347127e-01
   8.9996037915347094e-01
   8.9996037915347038e-01
   8.9996037915346971e-01
   8.9996037915346883e-01
   8.9996037915346760e-01
   8.9996037915346638e-01
   8.9996037915346494e-01
   8.9996037915346339e-01
   8.9996037915346161e-01
   8.9996037915345961e-01
   8.9996037915345750e-01
   8.9996037915345528e-01
   8.9996037915345295e-01
   8.9996037915345051e-01
   8.9996037915344806e-01
   8.9996037915342242e-01
   8.9996037915341964e-01
   8.9996037915341709e-01
   8.9996037915341476e-01
   8.9996037915341243e-01
   8.9996037915341032e-01
   8.9996037915340821e-01
   8.9996037915340643e-01
   8.9996037915340454e-01
   8.9996037915340288e-01
   8.9996037915340144e-01
   8.9996037915340032e-01
   8.9996037915339933e-01
   8.9996037915339844e-01
   8.9996037915339777e-01
   8.9996037915339733e-01
   8.9996037915339711e-01
   8.9996037915339699e-01
   8.9996037915339711e-01
   8.9996037915339755e-01
   8.9996037915339810e-01
   8.9996037915339899e-01
   8.9996037915339988e-01
   8.9996037915340099e-01
   8.9996037915340243e-01
   8.9996037915340388e-01
   8.9996037915340577e-01
   8.9996037915340754e-01
   8.9996037915340965e-01
   8.9996037915341165e-01
   8.9996037915341398e-01
   8.9996037915341631e-01
   8.9996037915341875e-01
   8.9996037915342131e-01
   8.9996037915342397e-01
   8.9996037915342664e-01
   8.9996037915342941e-01
   8.9996037915343219e-01
   8.9996037915343496e-01
   8.9996037915343774e-01
   8.9996037915344063e-01
   8.9996037915344318e-01
   8.9996037915344596e-01
   8.9996037915344851e-01
   8.9996037915345106e-01
   8.9996037915345339e-01
   8.9996037915345584e-01
   8.9996037915345795e-01
   8.9996037915346005e-01
   8.9996037915346216e-01
   8.9996037915346394e-01
   8.9996037915346561e-01
   8.9996037915346683e-01
   8.9996037915346816e-01
   8.9996037915346938e-01
   8.9996037915347016e-01
   8.9996037915347094e-01
   8.9996037915347138e-01
   8.9996037915347160e-01
   8.9996037915347171e-01
   8.9996037915347160e-01
   8.9996037915347127e-01
   8.9996037915347071e-01
   8.9996037915347005e-01
   8.9996037915346905e-01
   8.9996037915346794e-01
   8.9996037915346672e-01
   8.9996037915346505e-01
   8.9996037915346350e-01
   8.9996037915346183e-01
   8.9996037915345983e-01
   8.9996037915345761e-01
   8.9996037915345528e-01
   8.9996037915345306e-01
   8.9996037915345062e-01
   8.9996037915344806e-01
   8.9996037915344484e-01
   8.9996037915344085e-01
   8.9996037915343663e-01
   8.9996037915343241e-01
   8.9996037915342841e-01
   8.9996037915342431e-01
   8.9996037915342009e-01
   8.9996037915341620e-01
   8.9996037915341232e-01
   8.9996037915340865e-01
   8.9996037915340510e-01
   8.9996037915340155e-01
   8.9996037915339844e-01
   8.9996037915339544e-01
   8.9996037915339266e-01
   8.9996037915339000e-01
   8.9996037915338756e-01
   8.9996037915338556e-01
   8.9996037915338367e-01
   8.9996037915338223e-01
   8.9996037915338101e-01
   8.9996037915338023e-01
   8.9996037915337956e-01
   8.9996037915337923e-01
   8.9996037915337934e-01
   8.9996037915337956e-01
   8.9996037915338023e-01
   8.9996037915338112e-01
   8.9996037915338234e-01
   8.9996037915338389e-01
   8.9996037915338567e-01
   8.9996037915338767e-01
   8.9996037915339011e-01
   8.9996037915339266e-01
   8.9996037915339544e-01
   8.9996037915339866e-01
   8.9996037915340188e-01
   8.9996037915340532e-01
   8.9996037915340887e-01
   8.9996037915341254e-01
   8.9996037915341642e-01
   8.9996037915342053e-01
   8.9996037915342442e-01
   8.9996037915342852e-01
   8.9996037915343274e-01
   8.9996037915343685e-01
   8.9996037915344096e-01
   8.9996037915344507e-01
