   6.3687485093555729e-01
   6.3687485081590411e-01
   6.3687485069873673e-01
   6.3687485058438487e-01
   6.3687485047317061e-01
   6.3687485036540736e-01
   6.3687485026139867e-01
   6.3687485016143741e-01
   6.3687485006580535e-01
   6.3687484997477162e-01
   6.3687484988859266e-01
   6.3687484980751119e-01
   6.3687484973175579e-01
   6.3687484966153973e-01
   6.3687484959706075e-01
   6.3687484953850060e-01
   6.3687484948602402e-01
   6.3687484943977901e-01
   6.3687484939989580e-01
   6.3687484936648653e-01
   6.3687484933964567e-01
   6.3687484931944849e-01
   6.3687484930595195e-01
   6.3687484929919425e-01
   6.3687484929919425e-01
   6.3687484930595195e-01
   6.3687484931944849e-01
   6.3687484933964555e-01
   6.3687484936648653e-01
   6.3687484939989580e-01
   6.3687484943977901e-01
   6.3687484948602413e-01
   6.3687484953850060e-01
   6.3687484959706075e-01
   6.3687484966153973e-01
   6.3687484973175590e-01
   6.3687484980751130e-01
   6.3687484988859266e-01
   6.3687484997477162e-01
   6.3687485006580535e-01
   6.3687485016143752e-01
   6.3687485026139878e-01
   6.3687485036540747e-01
   6.3687485047317072e-01
   6.3687485058438487e-01
   6.3687485069873673e-01
   6.3687485081590423e-01
   6.3687485093555740e-01
   6.3687485103673702e-01
   6.3687485111912923e-01
   6.3687485120312726e-01
   6.3687485128849819e-01
   6.3687485137500521e-01
   6.3687485146240874e-01
   6.3687485155046630e-01
   6.3687485163893376e-01
   6.3687485172756597e-01
   6.3687485181611714e-01
   6.3687485190434168e-01
   6.3687485199199523e-01
   6.3687485207883465e-01
   6.3687485216461925e-01
   6.3687485224911100e-01
   6.3687485233207608e-01
   6.3687485241328412e-01
   6.3687485249251019e-01
   6.3687485256953447e-01
   6.3687485264414356e-01
   6.3687485271613065e-01
   6.3687485278529610e-01
   6.3687485285144818e-01
   6.3687485291440338e-01
   6.3687485297398738e-01
   6.3687485303003477e-01
   6.3687485308239045e-01
   6.3687485313090908e-01
   6.3687485317545611e-01
   6.3687485321590820e-01
   6.3687485325215309e-01
   6.3687485328409033e-01
   6.3687485331163141e-01
   6.3687485333469995e-01
   6.3687485335323202e-01
   6.3687485336717609e-01
   6.3687485337649374e-01
   6.3687485338115901e-01
   6.3687485338115901e-01
   6.3687485337649374e-01
   6.3687485336717609e-01
   6.3687485335323191e-01
   6.3687485333469984e-01
   6.3687485331163129e-01
   6.3687485328409021e-01
   6.3687485325215298e-01
   6.3687485321590798e-01
   6.3687485317545600e-01
   6.3687485313090886e-01
   6.3687485308239022e-01
   6.3687485303003455e-01
   6.3687485297398716e-01
   6.3687485291440316e-01
   6.3687485285144785e-01
   6.3687485278529576e-01
   6.3687485271613042e-01
   6.3687485264414334e-01
   6.3687485256953413e-01
   6.3687485249250986e-01
   6.3687485241328390e-01
   6.3687485233207564e-01
   6.3687485224911067e-01
   6.3687485216461892e-01
   6.3687485207883432e-01
   6.3687485199199489e-01
   6.3687485190434134e-01
   6.3687485181611669e-01
   6.3687485172756553e-01
   6.3687485163893343e-01
   6.3687485155046597e-01
   6.3687485146240841e-01
   6.3687485137500488e-01
   6.3687485128849786e-01
   6.3687485120312692e-01
   6.3687485111912889e-01
   6.3687485103673658e-01
   6.3687485103673724e-01
   6.3687485111912945e-01
   6.3687485120312748e-01
   6.3687485128849841e-01
   6.3687485137500544e-01
   6.3687485146240885e-01
   6.3687485155046641e-01
   6.3687485163893387e-01
   6.3687485172756608e-01
   6.3687485181611725e-01
   6.3687485190434179e-01
   6.3687485199199534e-01
   6.3687485207883465e-01
   6.3687485216461925e-01
   6.3687485224911111e-01
   6.3687485233207619e-01
   6.3687485241328423e-01
   6.3687485249251019e-01
   6.3687485256953447e-01
   6.3687485264414356e-01
   6.3687485271613065e-01
   6.3687485278529610e-01
   6.3687485285144807e-01
   6.3687485291440338e-01
   6.3687485297398727e-01
   6.3687485303003477e-01
   6.3687485308239045e-01
   6.3687485313090897e-01
   6.3687485317545611e-01
   6.3687485321590809e-01
   6.3687485325215298e-01
   6.3687485328409033e-01
   6.3687485331163129e-01
   6.3687485333469984e-01
   6.3687485335323180e-01
   6.3687485336717597e-01
   6.3687485337649363e-01
   6.3687485338115879e-01
   6.3687485338115879e-01
   6.3687485337649352e-01
   6.3687485336717597e-01
   6.3687485335323168e-01
   6.3687485333469962e-01
   6.3687485331163107e-01
   6.3687485328409010e-01
   6.3687485325215276e-01
   6.3687485321590775e-01
   6.3687485317545578e-01
   6.3687485313090864e-01
   6.3687485308239000e-01
   6.3687485303003444e-01
   6.3687485297398694e-01
   6.3687485291440282e-01
   6.3687485285144763e-01
   6.3687485278529554e-01
   6.3687485271613020e-01
   6.3687485264414312e-01
   6.3687485256953391e-01
   6.3687485249250964e-01
   6.3687485241328368e-01
   6.3687485233207553e-01
   6.3687485224911056e-01
   6.3687485216461870e-01
   6.3687485207883410e-01
   6.3687485199199467e-01
   6.3687485190434123e-01
   6.3687485181611658e-01
   6.3687485172756542e-01
   6.3687485163893331e-01
   6.3687485155046586e-01
   6.3687485146240830e-01
   6.3687485137500477e-01
   6.3687485128849775e-01
   6.3687485120312692e-01
   6.3687485111912889e-01
   6.3687485103673658e-01
   6.3687485103673724e-01
   6.3687485111912956e-01
   6.3687485120312759e-01
   6.3687485128849841e-01
   6.3687485137500544e-01
   6.3687485146240896e-01
   6.3687485155046653e-01
   6.3687485163893398e-01
   6.3687485172756608e-01
   6.3687485181611725e-01
   6.3687485190434179e-01
   6.3687485199199534e-01
   6.3687485207883476e-01
   6.3687485216461925e-01
   6.3687485224911111e-01
   6.3687485233207619e-01
   6.3687485241328423e-01
   6.3687485249251019e-01
   6.3687485256953447e-01
   6.3687485264414356e-01
   6.3687485271613065e-01
   6.3687485278529610e-01
   6.3687485285144807e-01
   6.3687485291440327e-01
   6.3687485297398727e-01
   6.3687485303003477e-01
   6.3687485308239034e-01
   6.3687485313090886e-01
   6.3687485317545600e-01
   6.3687485321590798e-01
   6.3687485325215287e-01
   6.3687485328409021e-01
   6.3687485331163118e-01
   6.3687485333469973e-01
   6.3687485335323168e-01
   6.3687485336717586e-01
   6.3687485337649352e-01
   6.3687485338115868e-01
   6.3687485338115868e-01
   6.3687485337649341e-01
   6.3687485336717575e-01
   6.3687485335323157e-01
   6.3687485333469951e-01
   6.3687485331163096e-01
   6.3687485328408988e-01
   6.3687485325215254e-01
   6.3687485321590764e-01
   6.3687485317545567e-01
   6.3687485313090852e-01
   6.3687485308238989e-01
   6.3687485303003433e-01
   6.3687485297398683e-01
   6.3687485291440271e-01
   6.3687485285144751e-01
   6.3687485278529554e-01
   6.3687485271612998e-01
   6.3687485264414301e-01
   6.3687485256953380e-01
   6.3687485249250952e-01
   6.3687485241328357e-01
   6.3687485233207553e-01
   6.3687485224911045e-01
   6.3687485216461859e-01
   6.3687485207883399e-01
   6.3687485199199467e-01
   6.3687485190434112e-01
   6.3687485181611658e-01
   6.3687485172756542e-01
   6.3687485163893320e-01
   6.3687485155046575e-01
   6.3687485146240830e-01
   6.3687485137500477e-01
   6.3687485128849775e-01
   6.3687485120312692e-01
   6.3687485111912889e-01
   6.3687485103673658e-01
   6.3687485093555662e-01
   6.3687485081590345e-01
   6.3687485069873584e-01
   6.3687485058438387e-01
   6.3687485047316950e-01
   6.3687485036540625e-01
   6.3687485026139745e-01
   6.3687485016143619e-01
   6.3687485006580402e-01
   6.3687484997477006e-01
   6.3687484988859111e-01
   6.3687484980750964e-01
   6.3687484973175412e-01
   6.3687484966153807e-01
   6.3687484959705909e-01
   6.3687484953849882e-01
   6.3687484948602213e-01
   6.3687484943977701e-01
   6.3687484939989381e-01
   6.3687484936648453e-01
   6.3687484933964356e-01
   6.3687484931944638e-01
   6.3687484930594995e-01
   6.3687484929919214e-01
   6.3687484929919214e-01
   6.3687484930594995e-01
   6.3687484931944649e-01
   6.3687484933964356e-01
   6.3687484936648453e-01
   6.3687484939989381e-01
   6.3687484943977712e-01
   6.3687484948602224e-01
   6.3687484953849871e-01
   6.3687484959705898e-01
   6.3687484966153807e-01
   6.3687484973175412e-01
   6.3687484980750964e-01
   6.3687484988859111e-01
   6.3687484997477017e-01
   6.3687485006580402e-01
   6.3687485016143619e-01
   6.3687485026139756e-01
   6.3687485036540625e-01
   6.3687485047316961e-01
   6.3687485058438387e-01
   6.3687485069873584e-01
   6.3687485081590345e-01
   6.3687485093555674e-01
