   9.0021642744543007e-01
   9.0021642744543406e-01
   9.0021642744543784e-01
   9.0021642744544161e-01
   9.0021642744544517e-01
   9.0021642744544828e-01
   9.0021642744545083e-01
   9.0021642744545294e-01
   9.0021642744545427e-01
   9.0021642744545505e-01
   9.0021642744545516e-01
   9.0021642744545438e-01
   9.0021642744545316e-01
   9.0021642744545105e-01
   9.0021642744544850e-01
   9.0021642744544550e-01
   9.0021642744544195e-01
   9.0021642744543828e-01
   9.0021642744543440e-01
   9.0021642744543040e-01
   9.0021642744542707e-01
   9.0021642744542463e-01
   9.0021642744542241e-01
   9.0021642744542052e-01
   9.0021642744541919e-01
   9.0021642744541808e-01
   9.0021642744541763e-01
   9.0021642744541763e-01
   9.0021642744541808e-01
   9.0021642744541897e-01
   9.0021642744542030e-01
   9.0021642744542207e-01
   9.0021642744542429e-01
   9.0021642744542663e-01
   9.0021642744542929e-01
   9.0021642744543195e-01
   9.0021642744543484e-01
   9.0021642744543762e-01
   9.0021642744544017e-01
   9.0021642744544272e-01
   9.0021642744544472e-01
   9.0021642744544650e-01
   9.0021642744544783e-01
   9.0021642744544872e-01
   9.0021642744544916e-01
   9.0021642744544905e-01
   9.0021642744544839e-01
   9.0021642744544739e-01
   9.0021642744544594e-01
   9.0021642744544406e-01
   9.0021642744544184e-01
   9.0021642744543939e-01
   9.0021642744542685e-01
   9.0021642744542441e-01
   9.0021642744542207e-01
   9.0021642744542019e-01
   9.0021642744541863e-01
   9.0021642744541774e-01
   9.0021642744541730e-01
   9.0021642744541719e-01
   9.0021642744541774e-01
   9.0021642744541874e-01
   9.0021642744542019e-01
   9.0021642744542196e-01
   9.0021642744542429e-01
   9.0021642744542663e-01
   9.0021642744542940e-01
   9.0021642744543229e-01
   9.0021642744543506e-01
   9.0021642744543795e-01
   9.0021642744544061e-01
   9.0021642744544295e-01
   9.0021642744544517e-01
   9.0021642744544683e-01
   9.0021642744544816e-01
   9.0021642744544905e-01
   9.0021642744544950e-01
   9.0021642744544939e-01
   9.0021642744544872e-01
   9.0021642744544761e-01
   9.0021642744544605e-01
   9.0021642744544417e-01
   9.0021642744544184e-01
   9.0021642744543939e-01
   9.0021642744542696e-01
   9.0021642744542452e-01
   9.0021642744542218e-01
   9.0021642744542030e-01
   9.0021642744541874e-01
   9.0021642744541774e-01
   9.0021642744541708e-01
   9.0021642744541708e-01
   9.0021642744541763e-01
   9.0021642744541852e-01
   9.0021642744541985e-01
   9.0021642744542174e-01
   9.0021642744542396e-01
   9.0021642744542651e-01
   9.0021642744542907e-01
   9.0021642744543195e-01
   9.0021642744543484e-01
   9.0021642744543762e-01
   9.0021642744544028e-01
   9.0021642744544272e-01
   9.0021642744544494e-01
   9.0021642744544672e-01
   9.0021642744544828e-01
   9.0021642744544905e-01
   9.0021642744544961e-01
   9.0021642744544950e-01
   9.0021642744544883e-01
   9.0021642744544783e-01
   9.0021642744544628e-01
   9.0021642744544439e-01
   9.0021642744544217e-01
   9.0021642744543962e-01
   9.0021642744543628e-01
   9.0021642744543251e-01
   9.0021642744542896e-01
   9.0021642744542529e-01
   9.0021642744542207e-01
   9.0021642744541908e-01
   9.0021642744541674e-01
   9.0021642744541486e-01
   9.0021642744541353e-01
   9.0021642744541286e-01
   9.0021642744541286e-01
   9.0021642744541353e-01
   9.0021642744541486e-01
   9.0021642744541674e-01
   9.0021642744541908e-01
   9.0021642744542207e-01
   9.0021642744542529e-01
   9.0021642744542885e-01
   9.0021642744543251e-01
   9.0021642744543617e-01
