   4.4175563876332180e-01
   4.2408163850554387e-01
   4.0736242104557374e-01
   3.9158000696654383e-01
   3.7671524594871775e-01
   3.6274824147519164e-01
   3.4965871720692066e-01
   3.3742633136366085e-01
   3.2603094509346320e-01
   3.1545285039352888e-01
   3.0567296269027644e-01
   2.9667298271924997e-01
   2.8843553188247334e-01
   2.8094426481341950e-01
   2.7418396245532256e-01
   2.6814060856147071e-01
   2.6280145215843681e-01
   2.5815505817527762e-01
   2.5419134813268329e-01
   2.5090163250413805e-01
   2.4827863610401760e-01
   2.4631651762247589e-01
   2.4501088421099079e-01
   2.4435880182244613e-01
   2.4435880182244613e-01
   2.4501088421099079e-01
   2.4631651762247594e-01
   2.4827863610401762e-01
   2.5090163250413805e-01
   2.5419134813268329e-01
   2.5815505817527767e-01
   2.6280145215843687e-01
   2.6814060856147076e-01
   2.7418396245532262e-01
   2.8094426481341955e-01
   2.8843553188247339e-01
   2.9667298271925008e-01
   3.0567296269027655e-01
   3.1545285039352894e-01
   3.2603094509346331e-01
   3.3742633136366096e-01
   3.4965871720692077e-01
   3.6274824147519180e-01
   3.7671524594871791e-01
   3.9158000696654394e-01
   4.0736242104557385e-01
   4.2408163850554409e-01
   4.4175563876332191e-01
   4.5724401240174678e-01
   4.7054319457703275e-01
   4.8481821337721881e-01
   5.0007607736544368e-01
   5.1632203637157670e-01
   5.3355905444651752e-01
   5.5178721936677899e-01
   5.7100308544720468e-01
   5.9119894745938006e-01
   6.1236204493171187e-01
   6.3447369810979459e-01
   6.5750837946994234e-01
   6.8143272798765198e-01
   7.0620451743605295e-01
   7.3177159487151677e-01
   7.5807081115809927e-01
   7.8502697183315140e-01
   8.1255184368550060e-01
   8.4054325986255152e-01
   8.6888437377390826e-01
   8.9744311900224727e-01
   9.2607193819951372e-01
   9.5460784772437535e-01
   9.8287290563490259e-01
   1.0106751475996327e+00
   1.0378100473739551e+00
   1.0640625449075980e+00
   1.0892096654132084e+00
   1.1130237268225793e+00
   1.1352761016083035e+00
   1.1557414633310494e+00
   1.1742024106612392e+00
   1.1904543249272364e+00
   1.2043102849057670e+00
   1.2156058382446815e+00
   1.2242034160061384e+00
   1.2299961780162765e+00
   1.2329110934708392e+00
   1.2329110934708394e+00
   1.2299961780162771e+00
   1.2242034160061392e+00
   1.2156058382446828e+00
   1.2043102849057685e+00
   1.1904543249272383e+00
   1.1742024106612414e+00
   1.1557414633310519e+00
   1.1352761016083062e+00
   1.1130237268225820e+00
   1.0892096654132113e+00
   1.0640625449076009e+00
   1.0378100473739582e+00
   1.0106751475996361e+00
   9.8287290563490592e-01
   9.5460784772437879e-01
   9.2607193819951727e-01
   8.9744311900225082e-01
   8.6888437377391170e-01
   8.4054325986255485e-01
   8.1255184368550382e-01
   7.8502697183315440e-01
   7.5807081115810215e-01
   7.3177159487151955e-01
   7.0620451743605539e-01
   6.8143272798765431e-01
   6.5750837946994445e-01
   6.3447369810979648e-01
   6.1236204493171353e-01
   5.9119894745938162e-01
   5.7100308544720602e-01
   5.5178721936678010e-01
   5.3355905444651841e-01
   5.1632203637157736e-01
   5.0007607736544413e-01
   4.8481821337721914e-01
   4.7054319457703286e-01
   4.5724401240174661e-01
   4.5724401240174700e-01
   4.7054319457703331e-01
   4.8481821337721959e-01
   5.0007607736544457e-01
   5.1632203637157792e-01
   5.3355905444651908e-01
   5.5178721936678077e-01
   5.7100308544720668e-01
   5.9119894745938228e-01
   6.1236204493171431e-01
   6.3447369810979726e-01
   6.5750837946994534e-01
   6.8143272798765508e-01
   7.0620451743605639e-01
   7.3177159487152044e-01
   7.5807081115810315e-01
   7.8502697183315528e-01
   8.1255184368550470e-01
   8.4054325986255585e-01
   8.6888437377391270e-01
   8.9744311900225182e-01
   9.2607193819951794e-01
   9.5460784772437957e-01
   9.8287290563490670e-01
   1.0106751475996367e+00
   1.0378100473739587e+00
   1.0640625449076013e+00
   1.0892096654132113e+00
   1.1130237268225822e+00
   1.1352761016083062e+00
   1.1557414633310517e+00
   1.1742024106612410e+00
   1.1904543249272379e+00
   1.2043102849057679e+00
   1.2156058382446822e+00
   1.2242034160061384e+00
   1.2299961780162763e+00
   1.2329110934708385e+00
   1.2329110934708383e+00
   1.2299961780162756e+00
   1.2242034160061372e+00
   1.2156058382446804e+00
   1.2043102849057659e+00
   1.1904543249272352e+00
   1.1742024106612381e+00
   1.1557414633310483e+00
   1.1352761016083024e+00
   1.1130237268225782e+00
   1.0892096654132073e+00
   1.0640625449075971e+00
   1.0378100473739542e+00
   1.0106751475996321e+00
   9.8287290563490182e-01
   9.5460784772437468e-01
   9.2607193819951328e-01
   8.9744311900224705e-01
   8.6888437377390793e-01
   8.4054325986255118e-01
   8.1255184368550026e-01
   7.8502697183315107e-01
   7.5807081115809904e-01
   7.3177159487151655e-01
   7.0620451743605261e-01
   6.8143272798765175e-01
   6.5750837946994212e-01
   6.3447369810979437e-01
   6.1236204493171165e-01
   5.9119894745937984e-01
   5.7100308544720446e-01
   5.5178721936677877e-01
   5.3355905444651730e-01
   5.1632203637157648e-01
   5.0007607736544335e-01
   4.8481821337721870e-01
   4.7054319457703253e-01
   4.5724401240174656e-01
   4.5724401240174689e-01
   4.7054319457703286e-01
   4.8481821337721903e-01
   5.0007607736544379e-01
   5.1632203637157681e-01
   5.3355905444651774e-01
   5.5178721936677921e-01
   5.7100308544720479e-01
   5.9119894745938029e-01
   6.1236204493171198e-01
   6.3447369810979470e-01
   6.5750837946994245e-01
   6.8143272798765209e-01
   7.0620451743605306e-01
   7.3177159487151699e-01
   7.5807081115809938e-01
   7.8502697183315140e-01
   8.1255184368550060e-01
   8.4054325986255152e-01
   8.6888437377390837e-01
   8.9744311900224749e-01
   9.2607193819951383e-01
   9.5460784772437535e-01
   9.8287290563490248e-01
   1.0106751475996327e+00
   1.0378100473739549e+00
   1.0640625449075980e+00
   1.0892096654132082e+00
   1.1130237268225793e+00
   1.1352761016083035e+00
   1.1557414633310494e+00
   1.1742024106612392e+00
   1.1904543249272364e+00
   1.2043102849057670e+00
   1.2156058382446815e+00
   1.2242034160061381e+00
   1.2299961780162765e+00
   1.2329110934708392e+00
   1.2329110934708394e+00
   1.2299961780162769e+00
   1.2242034160061390e+00
   1.2156058382446826e+00
   1.2043102849057683e+00
   1.1904543249272381e+00
   1.1742024106612412e+00
   1.1557414633310519e+00
   1.1352761016083062e+00
   1.1130237268225822e+00
   1.0892096654132113e+00
   1.0640625449076009e+00
   1.0378100473739582e+00
   1.0106751475996363e+00
   9.8287290563490592e-01
   9.5460784772437868e-01
   9.2607193819951716e-01
   8.9744311900225082e-01
   8.6888437377391170e-01
   8.4054325986255474e-01
   8.1255184368550371e-01
   7.8502697183315440e-01
   7.5807081115810215e-01
   7.3177159487151944e-01
   7.0620451743605539e-01
   6.8143272798765431e-01
   6.5750837946994445e-01
   6.3447369810979648e-01
   6.1236204493171364e-01
   5.9119894745938173e-01
   5.7100308544720602e-01
   5.5178721936678021e-01
   5.3355905444651852e-01
   5.1632203637157736e-01
   5.0007607736544413e-01
   4.8481821337721920e-01
   4.7054319457703292e-01
   4.5724401240174667e-01
   4.4175563876332163e-01
   4.2408163850554376e-01
   4.0736242104557363e-01
   3.9158000696654366e-01
   3.7671524594871764e-01
   3.6274824147519152e-01
   3.4965871720692060e-01
   3.3742633136366074e-01
   3.2603094509346309e-01
   3.1545285039352877e-01
   3.0567296269027633e-01
   2.9667298271924986e-01
   2.8843553188247323e-01
   2.8094426481341939e-01
   2.7418396245532245e-01
   2.6814060856147065e-01
   2.6280145215843675e-01
   2.5815505817527751e-01
   2.5419134813268318e-01
   2.5090163250413794e-01
   2.4827863610401754e-01
   2.4631651762247583e-01
   2.4501088421099071e-01
   2.4435880182244599e-01
   2.4435880182244599e-01
   2.4501088421099071e-01
   2.4631651762247583e-01
   2.4827863610401754e-01
   2.5090163250413794e-01
   2.5419134813268318e-01
   2.5815505817527756e-01
   2.6280145215843675e-01
   2.6814060856147065e-01
   2.7418396245532251e-01
   2.8094426481341939e-01
   2.8843553188247328e-01
   2.9667298271924991e-01
   3.0567296269027638e-01
   3.1545285039352883e-01
   3.2603094509346314e-01
   3.3742633136366079e-01
   3.4965871720692066e-01
   3.6274824147519164e-01
   3.7671524594871769e-01
   3.9158000696654371e-01
   4.0736242104557369e-01
   4.2408163850554387e-01
   4.4175563876332175e-01
