   5.0763914737676752e-01
   4.9218948387312328e-01
   4.7745285404130000e-01
   4.6343159801837641e-01
   4.5012593593060973e-01
   4.3753432050597235e-01
   4.2565375773021891e-01
   4.1448009683851411e-01
   4.0400829123592047e-01
   3.9423263213323761e-01
   3.8514695679045774e-01
   3.7674483329644520e-01
   3.6901972379575310e-01
   3.6196512801468045e-01
   3.5557470884941472e-01
   3.4984240166804725e-01
   3.4476250885228271e-01
   3.4032978096914079e-01
   3.3653948582195548e-01
   3.3338746648649659e-01
   3.3087018929417589e-01
   3.2898478258143460e-01
   3.2772906688331876e-01
   3.2710157711027155e-01
   3.2710157711027155e-01
   3.2772906688331876e-01
   3.2898478258143465e-01
   3.3087018929417589e-01
   3.3338746648649664e-01
   3.3653948582195553e-01
   3.4032978096914074e-01
   3.4476250885228271e-01
   3.4984240166804725e-01
   3.5557470884941467e-01
   3.6196512801468045e-01
   3.6901972379575310e-01
   3.7674483329644520e-01
   3.8514695679045780e-01
   3.9423263213323761e-01
   4.0400829123592052e-01
   4.1448009683851417e-01
   4.2565375773021896e-01
   4.3753432050597241e-01
   4.5012593593060973e-01
   4.6343159801837652e-01
   4.7745285404130000e-01
   4.9218948387312339e-01
   5.0763914737676763e-01
   5.2106137716378675e-01
   5.3243884512639916e-01
   5.4450044828433153e-01
   5.5723751355824203e-01
   5.7063911816440838e-01
   5.8469176737767625e-01
   5.9937905293366767e-01
   6.1468129429796303e-01
   6.3057516594284080e-01
   6.4703331483479976e-01
   6.6402397354851639e-01
   6.8151057577734409e-01
   6.9945138248911687e-01
   7.1779912854833816e-01
   7.3650070124610345e-01
   7.5549686378404313e-01
   7.7472203826563768e-01
   7.9410416405480466e-01
   8.1356464834569664e-01
   8.3301842631047496e-01
   8.5237414810326428e-01
   8.7153450914505814e-01
   8.9039673835058664e-01
   9.0885325616108270e-01
   9.2679251033296883e-01
   9.4409999237614739e-01
   9.6065943138729992e-01
   9.7635415492573596e-01
   9.9106859877638420e-01
   1.0046899392855828e+00
   1.0171098138856016e+00
   1.0282260879639022e+00
   1.0379446199452453e+00
   1.0461809718976300e+00
   1.0528620106488700e+00
   1.0579273446991626e+00
   1.0613305453621975e+00
   1.0630401065853701e+00
   1.0630401065853703e+00
   1.0613305453621980e+00
   1.0579273446991633e+00
   1.0528620106488711e+00
   1.0461809718976312e+00
   1.0379446199452467e+00
   1.0282260879639040e+00
   1.0171098138856036e+00
   1.0046899392855850e+00
   9.9106859877638631e-01
   9.7635415492573829e-01
   9.6065943138730259e-01
   9.4409999237615017e-01
   9.2679251033297172e-01
   9.0885325616108570e-01
   8.9039673835058974e-01
   8.7153450914506114e-01
   8.5237414810326728e-01
   8.3301842631047807e-01
   8.1356464834569975e-01
   7.9410416405480766e-01
   7.7472203826564079e-01
   7.5549686378404612e-01
   7.3650070124610645e-01
   7.1779912854834127e-01
   6.9945138248911964e-01
   6.8151057577734697e-01
   6.6402397354851916e-01
   6.4703331483480242e-01
   6.3057516594284335e-01
   6.1468129429796559e-01
   5.9937905293367000e-01
   5.8469176737767858e-01
   5.7063911816441071e-01
   5.5723751355824425e-01
   5.4450044828433353e-01
   5.3243884512640116e-01
   5.2106137716378853e-01
   5.2106137716378698e-01
   5.3243884512639938e-01
   5.4450044828433164e-01
   5.5723751355824214e-01
   5.7063911816440849e-01
   5.8469176737767625e-01
   5.9937905293366767e-01
   6.1468129429796314e-01
   6.3057516594284080e-01
   6.4703331483479987e-01
   6.6402397354851639e-01
   6.8151057577734409e-01
   6.9945138248911687e-01
   7.1779912854833816e-01
   7.3650070124610345e-01
   7.5549686378404313e-01
   7.7472203826563768e-01
   7.9410416405480466e-01
   8.1356464834569653e-01
   8.3301842631047485e-01
   8.5237414810326417e-01
   8.7153450914505803e-01
   8.9039673835058675e-01
   9.0885325616108292e-01
   9.2679251033296894e-01
   9.4409999237614750e-01
   9.6065943138729992e-01
   9.7635415492573585e-01
   9.9106859877638398e-01
   1.0046899392855828e+00
   1.0171098138856016e+00
   1.0282260879639020e+00
   1.0379446199452453e+00
   1.0461809718976298e+00
   1.0528620106488700e+00
   1.0579273446991624e+00
   1.0613305453621973e+00
   1.0630401065853701e+00
   1.0630401065853701e+00
   1.0613305453621977e+00
   1.0579273446991631e+00
   1.0528620106488711e+00
   1.0461809718976312e+00
   1.0379446199452467e+00
   1.0282260879639038e+00
   1.0171098138856036e+00
   1.0046899392855850e+00
   9.9106859877638631e-01
   9.7635415492573829e-01
   9.6065943138730259e-01
   9.4409999237615005e-01
   9.2679251033297161e-01
   9.0885325616108570e-01
   8.9039673835058974e-01
   8.7153450914506103e-01
   8.5237414810326728e-01
   8.3301842631047796e-01
   8.1356464834569964e-01
   7.9410416405480766e-01
   7.7472203826564068e-01
   7.5549686378404601e-01
   7.3650070124610645e-01
   7.1779912854834116e-01
   6.9945138248911976e-01
   6.8151057577734686e-01
   6.6402397354851916e-01
   6.4703331483480242e-01
   6.3057516594284335e-01
   6.1468129429796559e-01
   5.9937905293367000e-01
   5.8469176737767858e-01
   5.7063911816441060e-01
   5.5723751355824425e-01
   5.4450044828433364e-01
   5.3243884512640116e-01
   5.2106137716378864e-01
   5.2106137716378698e-01
   5.3243884512639938e-01
   5.4450044828433164e-01
   5.5723751355824214e-01
   5.7063911816440860e-01
   5.8469176737767625e-01
   5.9937905293366767e-01
   6.1468129429796314e-01
   6.3057516594284080e-01
   6.4703331483479976e-01
   6.6402397354851639e-01
   6.8151057577734409e-01
   6.9945138248911687e-01
   7.1779912854833816e-01
   7.3650070124610334e-01
   7.5549686378404302e-01
   7.7472203826563757e-01
   7.9410416405480455e-01
   8.1356464834569653e-01
   8.3301842631047485e-01
   8.5237414810326417e-01
   8.7153450914505803e-01
   8.9039673835058686e-01
   9.0885325616108270e-01
   9.2679251033296894e-01
   9.4409999237614739e-01
   9.6065943138729992e-01
   9.7635415492573585e-01
   9.9106859877638409e-01
   1.0046899392855828e+00
   1.0171098138856016e+00
   1.0282260879639020e+00
   1.0379446199452451e+00
   1.0461809718976298e+00
   1.0528620106488700e+00
   1.0579273446991624e+00
   1.0613305453621975e+00
   1.0630401065853701e+00
   1.0630401065853701e+00
   1.0613305453621977e+00
   1.0579273446991631e+00
   1.0528620106488711e+00
   1.0461809718976312e+00
   1.0379446199452467e+00
   1.0282260879639040e+00
   1.0171098138856036e+00
   1.0046899392855850e+00
   9.9106859877638631e-01
   9.7635415492573829e-01
   9.6065943138730248e-01
   9.4409999237615005e-01
   9.2679251033297161e-01
   9.0885325616108570e-01
   8.9039673835058963e-01
   8.7153450914506103e-01
   8.5237414810326717e-01
   8.3301842631047796e-01
   8.1356464834569953e-01
   7.9410416405480766e-01
   7.7472203826564068e-01
   7.5549686378404612e-01
   7.3650070124610645e-01
   7.1779912854834116e-01
   6.9945138248911976e-01
   6.8151057577734686e-01
   6.6402397354851905e-01
   6.4703331483480242e-01
   6.3057516594284335e-01
   6.1468129429796547e-01
   5.9937905293367000e-01
   5.8469176737767858e-01
   5.7063911816441060e-01
   5.5723751355824425e-01
   5.4450044828433353e-01
   5.3243884512640116e-01
   5.2106137716378864e-01
   5.0763914737676918e-01
   4.9218948387312489e-01
   4.7745285404130156e-01
   4.6343159801837802e-01
   4.5012593593061123e-01
   4.3753432050597385e-01
   4.2565375773022035e-01
   4.1448009683851550e-01
   4.0400829123592186e-01
   3.9423263213323895e-01
   3.8514695679045913e-01
   3.7674483329644654e-01
   3.6901972379575437e-01
   3.6196512801468173e-01
   3.5557470884941594e-01
   3.4984240166804853e-01
   3.4476250885228393e-01
   3.4032978096914196e-01
   3.3653948582195675e-01
   3.3338746648649775e-01
   3.3087018929417705e-01
   3.2898478258143582e-01
   3.2772906688331993e-01
   3.2710157711027271e-01
   3.2710157711027271e-01
   3.2772906688331993e-01
   3.2898478258143582e-01
   3.3087018929417705e-01
   3.3338746648649775e-01
   3.3653948582195670e-01
   3.4032978096914196e-01
   3.4476250885228388e-01
   3.4984240166804847e-01
   3.5557470884941589e-01
   3.6196512801468167e-01
   3.6901972379575432e-01
   3.7674483329644642e-01
   3.8514695679045902e-01
   3.9423263213323884e-01
   4.0400829123592175e-01
   4.1448009683851544e-01
   4.2565375773022024e-01
   4.3753432050597368e-01
   4.5012593593061112e-01
   4.6343159801837785e-01
   4.7745285404130150e-01
   4.9218948387312489e-01
   5.0763914737676918e-01
