   4.7556415970742000e-01
   4.5882036706444862e-01
   4.4291563208353163e-01
   4.2784292571673888e-01
   4.1359343107702001e-01
   4.0015694950021508e-01
   3.8752226047899702e-01
   3.7567743910488477e-01
   3.6461013470907949e-01
   3.5430781434140735e-01
   3.4475797459784219e-01
   3.3594832512422634e-01
   3.2786694690539436e-01
   3.2050242820932540e-01
   3.1384398080614229e-01
   3.0788153882981351e-01
   3.0260584240205102e-01
   2.9800850789700667e-01
   2.9408208649434825e-01
   2.9082011244836770e-01
   2.8821714229227635e-01
   2.8626878599942218e-01
   2.8497173093594902e-01
   2.8432375926117670e-01
   2.8432375926117670e-01
   2.8497173093594902e-01
   2.8626878599942218e-01
   2.8821714229227641e-01
   2.9082011244836770e-01
   2.9408208649434830e-01
   2.9800850789700672e-01
   3.0260584240205107e-01
   3.0788153882981356e-01
   3.1384398080614229e-01
   3.2050242820932545e-01
   3.2786694690539442e-01
   3.3594832512422640e-01
   3.4475797459784230e-01
   3.5430781434140746e-01
   3.6461013470907960e-01
   3.7567743910488482e-01
   3.8752226047899713e-01
   4.0015694950021519e-01
   4.1359343107702018e-01
   4.2784292571673899e-01
   4.4291563208353174e-01
   4.5882036706444879e-01
   4.7556415970742016e-01
   4.9017410266842537e-01
   5.0263876531862917e-01
   5.1593575082381549e-01
   5.3006319720813466e-01
   5.4501707573506364e-01
   5.6079075746195073e-01
   5.7737454038617275e-01
   5.9475513755032650e-01
   6.1291512760292999e-01
   6.3183237073212573e-01
   6.5147939463383342e-01
   6.7182275726660534e-01
   6.9282239559516490e-01
   7.1443097232772923e-01
   7.3659323577872649e-01
   7.5924541137629697e-01
   7.8231464688076680e-01
   8.0571853693612028e-01
   8.2936475593752834e-01
   8.5315083110329748e-01
   8.7696408977263418e-01
   9.0068181594731556e-01
   9.2417165056074224e-01
   9.4729226749280315e-01
   9.6989435258777790e-01
   9.9182190559048999e-01
   1.0129138748445925e+00
   1.0330061218416773e+00
   1.0519336975627762e+00
   1.0695333955917821e+00
   1.0856465290786566e+00
   1.1001218609415220e+00
   1.1128186005874099e+00
   1.1236093673758536e+00
   1.1323830124853886e+00
   1.1390471880032675e+00
   1.1435305558002702e+00
   1.1457845394090673e+00
   1.1457845394090675e+00
   1.1435305558002709e+00
   1.1390471880032684e+00
   1.1323830124853902e+00
   1.1236093673758554e+00
   1.1128186005874121e+00
   1.1001218609415244e+00
   1.0856465290786594e+00
   1.0695333955917852e+00
   1.0519336975627795e+00
   1.0330061218416808e+00
   1.0129138748445965e+00
   9.9182190559049399e-01
   9.6989435258778223e-01
   9.4729226749280748e-01
   9.2417165056074679e-01
   9.0068181594731989e-01
   8.7696408977263862e-01
   8.5315083110330203e-01
   8.2936475593753267e-01
   8.0571853693612461e-01
   7.8231464688077124e-01
   7.5924541137630119e-01
   7.3659323577873070e-01
   7.1443097232773334e-01
   6.9282239559516878e-01
   6.7182275726660912e-01
   6.5147939463383719e-01
   6.3183237073212939e-01
   6.1291512760293354e-01
   5.9475513755032983e-01
   5.7737454038617586e-01
   5.6079075746195362e-01
   5.4501707573506653e-01
   5.3006319720813733e-01
   5.1593575082381793e-01
   5.0263876531863161e-01
   4.9017410266842759e-01
   4.9017410266842543e-01
   5.0263876531862950e-01
   5.1593575082381582e-01
   5.3006319720813522e-01
   5.4501707573506419e-01
   5.6079075746195128e-01
   5.7737454038617342e-01
   5.9475513755032738e-01
   6.1291512760293099e-01
   6.3183237073212684e-01
   6.5147939463383453e-01
   6.7182275726660656e-01
   6.9282239559516623e-01
   7.1443097232773078e-01
   7.3659323577872804e-01
   7.5924541137629864e-01
   7.8231464688076846e-01
   8.0571853693612194e-01
   8.2936475593753012e-01
   8.5315083110329937e-01
   8.7696408977263607e-01
   9.0068181594731744e-01
   9.2417165056074413e-01
   9.4729226749280482e-01
   9.6989435258777967e-01
   9.9182190559049144e-01
   1.0129138748445941e+00
   1.0330061218416786e+00
   1.0519336975627773e+00
   1.0695333955917832e+00
   1.0856465290786574e+00
   1.1001218609415226e+00
   1.1128186005874103e+00
   1.1236093673758538e+00
   1.1323830124853889e+00
   1.1390471880032673e+00
   1.1435305558002700e+00
   1.1457845394090669e+00
   1.1457845394090669e+00
   1.1435305558002700e+00
   1.1390471880032675e+00
   1.1323830124853891e+00
   1.1236093673758543e+00
   1.1128186005874110e+00
   1.1001218609415231e+00
   1.0856465290786579e+00
   1.0695333955917836e+00
   1.0519336975627778e+00
   1.0330061218416791e+00
   1.0129138748445947e+00
   9.9182190559049221e-01
   9.6989435258778023e-01
   9.4729226749280560e-01
   9.2417165056074502e-01
   9.0068181594731833e-01
   8.7696408977263696e-01
   8.5315083110330037e-01
   8.2936475593753112e-01
   8.0571853693612305e-01
   7.8231464688076968e-01
   7.5924541137629986e-01
   7.3659323577872937e-01
   7.1443097232773212e-01
   6.9282239559516778e-01
   6.7182275726660801e-01
   6.5147939463383608e-01
   6.3183237073212839e-01
   6.1291512760293265e-01
   5.9475513755032916e-01
   5.7737454038617531e-01
   5.6079075746195317e-01
   5.4501707573506608e-01
   5.3006319720813710e-01
   5.1593575082381782e-01
   5.0263876531863150e-01
   4.9017410266842759e-01
   4.9017410266842543e-01
   5.0263876531862939e-01
   5.1593575082381560e-01
   5.3006319720813488e-01
   5.4501707573506386e-01
   5.6079075746195073e-01
   5.7737454038617286e-01
   5.9475513755032661e-01
   6.1291512760293010e-01
   6.3183237073212584e-01
   6.5147939463383353e-01
   6.7182275726660545e-01
   6.9282239559516501e-01
   7.1443097232772945e-01
   7.3659323577872671e-01
   7.5924541137629709e-01
   7.8231464688076702e-01
   8.0571853693612039e-01
   8.2936475593752845e-01
   8.5315083110329759e-01
   8.7696408977263440e-01
   9.0068181594731567e-01
   9.2417165056074257e-01
   9.4729226749280326e-01
   9.6989435258777801e-01
   9.9182190559049022e-01
   1.0129138748445927e+00
   1.0330061218416775e+00
   1.0519336975627764e+00
   1.0695333955917823e+00
   1.0856465290786568e+00
   1.1001218609415220e+00
   1.1128186005874099e+00
   1.1236093673758536e+00
   1.1323830124853889e+00
   1.1390471880032675e+00
   1.1435305558002702e+00
   1.1457845394090673e+00
   1.1457845394090675e+00
   1.1435305558002709e+00
   1.1390471880032682e+00
   1.1323830124853900e+00
   1.1236093673758554e+00
   1.1128186005874121e+00
   1.1001218609415244e+00
   1.0856465290786592e+00
   1.0695333955917852e+00
   1.0519336975627793e+00
   1.0330061218416808e+00
   1.0129138748445963e+00
   9.9182190559049388e-01
   9.6989435258778189e-01
   9.4729226749280715e-01
   9.2417165056074657e-01
   9.0068181594731977e-01
   8.7696408977263840e-01
   8.5315083110330170e-01
   8.2936475593753256e-01
   8.0571853693612439e-01
   7.8231464688077101e-01
   7.5924541137630108e-01
   7.3659323577873059e-01
   7.1443097232773323e-01
   6.9282239559516878e-01
   6.7182275726660912e-01
   6.5147939463383697e-01
   6.3183237073212917e-01
   6.1291512760293343e-01
   5.9475513755032972e-01
   5.7737454038617586e-01
   5.6079075746195362e-01
   5.4501707573506641e-01
   5.3006319720813744e-01
   5.1593575082381804e-01
   5.0263876531863161e-01
   4.9017410266842754e-01
   4.7556415970742227e-01
   4.5882036706445084e-01
   4.4291563208353379e-01
   4.2784292571674093e-01
   4.1359343107702207e-01
   4.0015694950021707e-01
   3.8752226047899901e-01
   3.7567743910488666e-01
   3.6461013470908138e-01
   3.5430781434140923e-01
   3.4475797459784396e-01
   3.3594832512422806e-01
   3.2786694690539608e-01
   3.2050242820932706e-01
   3.1384398080614395e-01
   3.0788153882981517e-01
   3.0260584240205263e-01
   2.9800850789700828e-01
   2.9408208649434986e-01
   2.9082011244836919e-01
   2.8821714229227796e-01
   2.8626878599942374e-01
   2.8497173093595052e-01
   2.8432375926117825e-01
   2.8432375926117825e-01
   2.8497173093595052e-01
   2.8626878599942374e-01
   2.8821714229227796e-01
   2.9082011244836919e-01
   2.9408208649434986e-01
   2.9800850789700828e-01
   3.0260584240205263e-01
   3.0788153882981517e-01
   3.1384398080614395e-01
   3.2050242820932712e-01
   3.2786694690539608e-01
   3.3594832512422812e-01
   3.4475797459784402e-01
   3.5430781434140923e-01
   3.6461013470908138e-01
   3.7567743910488671e-01
   3.8752226047899901e-01
   4.0015694950021707e-01
   4.1359343107702212e-01
   4.2784292571674098e-01
   4.4291563208353385e-01
   4.5882036706445095e-01
   4.7556415970742238e-01
