   6.2371556583336418e-01
   6.2006044739696864e-01
   6.1649845109764323e-01
   6.1303847059859129e-01
   6.0968898881447220e-01
   6.0645807209011693e-01
   6.0335336620360247e-01
   6.0038209399143883e-01
   5.9755105439530110e-01
   5.9486662273350743e-01
   5.9233475200602637e-01
   5.8996097504890022e-01
   5.8775040736236994e-01
   5.8570775044642498e-01
   5.8383729548778451e-01
   5.8214292725324768e-01
   5.8062812805577846e-01
   5.7929598167147422e-01
   5.7814917709758595e-01
   5.7719001205393594e-01
   5.7642039614232765e-01
   5.7584185359082118e-01
   5.7545552552202195e-01
   5.7526217169676175e-01
   5.7526217169676175e-01
   5.7545552552202195e-01
   5.7584185359082118e-01
   5.7642039614232765e-01
   5.7719001205393605e-01
   5.7814917709758595e-01
   5.7929598167147422e-01
   5.8062812805577857e-01
   5.8214292725324779e-01
   5.8383729548778462e-01
   5.8570775044642509e-01
   5.8775040736237005e-01
   5.8996097504890044e-01
   5.9233475200602659e-01
   5.9486662273350754e-01
   5.9755105439530132e-01
   6.0038209399143905e-01
   6.0335336620360258e-01
   6.0645807209011704e-01
   6.0968898881447242e-01
   6.1303847059859140e-01
   6.1649845109764334e-01
   6.2006044739696875e-01
   6.2371556583336440e-01
   6.2682148405155735e-01
   6.2936897048366858e-01
   6.3198447112032263e-01
   6.3466114335367763e-01
   6.3739189275491304e-01
   6.4016938548171864e-01
   6.4298606217691523e-01
   6.4583415341939310e-01
   6.4870569677768597e-01
   6.5159255550393858e-01
   6.5448643889184888e-01
   6.5737892430636191e-01
   6.6026148087561143e-01
   6.6312549481690075e-01
   6.6596229634861270e-01
   6.6876318811897739e-01
   6.7151947506090115e-01
   6.7422249555980240e-01
   6.7686365379895819e-01
   6.7943445312457018e-01
   6.8192653025099259e-01
   6.8433169010572481e-01
   6.8664194109427168e-01
   6.8884953054723763e-01
   6.9094698009645228e-01
   6.9292712071394047e-01
   6.9478312713751289e-01
   6.9650855140001000e-01
   6.9809735517607252e-01
   6.9954394066097314e-01
   7.0084317970068633e-01
   7.0199044090109819e-01
   7.0298161445706331e-01
   7.0381313445884131e-01
   7.0448199845410719e-01
   7.0498578406800250e-01
   7.0532266251121278e-01
   7.0549140883644856e-01
   7.0549140883644856e-01
   7.0532266251121278e-01
   7.0498578406800250e-01
   7.0448199845410731e-01
   7.0381313445884131e-01
   7.0298161445706342e-01
   7.0199044090109819e-01
   7.0084317970068644e-01
   6.9954394066097314e-01
   6.9809735517607263e-01
   6.9650855140001011e-01
   6.9478312713751311e-01
   6.9292712071394058e-01
   6.9094698009645239e-01
   6.8884953054723785e-01
   6.8664194109427201e-01
   6.8433169010572503e-01
   6.8192653025099281e-01
   6.7943445312457029e-01
   6.7686365379895830e-01
   6.7422249555980263e-01
   6.7151947506090137e-01
   6.6876318811897761e-01
   6.6596229634861293e-01
   6.6312549481690108e-01
   6.6026148087561165e-01
   6.5737892430636213e-01
   6.5448643889184899e-01
   6.5159255550393880e-01
   6.4870569677768608e-01
   6.4583415341939332e-01
   6.4298606217691534e-01
   6.4016938548171887e-01
   6.3739189275491315e-01
   6.3466114335367785e-01
   6.3198447112032285e-01
   6.2936897048366880e-01
   6.2682148405155746e-01
   6.2682148405155746e-01
   6.2936897048366869e-01
   6.3198447112032274e-01
   6.3466114335367774e-01
   6.3739189275491293e-01
   6.4016938548171876e-01
   6.4298606217691523e-01
   6.4583415341939321e-01
   6.4870569677768597e-01
   6.5159255550393869e-01
   6.5448643889184888e-01
   6.5737892430636191e-01
   6.6026148087561143e-01
   6.6312549481690075e-01
   6.6596229634861270e-01
   6.6876318811897739e-01
   6.7151947506090115e-01
   6.7422249555980240e-01
   6.7686365379895808e-01
   6.7943445312457007e-01
   6.8192653025099259e-01
   6.8433169010572481e-01
   6.8664194109427168e-01
   6.8884953054723763e-01
   6.9094698009645217e-01
   6.9292712071394036e-01
   6.9478312713751278e-01
   6.9650855140000989e-01
   6.9809735517607241e-01
   6.9954394066097303e-01
   7.0084317970068621e-01
   7.0199044090109808e-01
   7.0298161445706320e-01
   7.0381313445884108e-01
   7.0448199845410708e-01
   7.0498578406800227e-01
   7.0532266251121267e-01
   7.0549140883644834e-01
   7.0549140883644834e-01
   7.0532266251121267e-01
   7.0498578406800239e-01
   7.0448199845410719e-01
   7.0381313445884108e-01
   7.0298161445706320e-01
   7.0199044090109808e-01
   7.0084317970068633e-01
   6.9954394066097303e-01
   6.9809735517607252e-01
   6.9650855140001000e-01
   6.9478312713751300e-01
   6.9292712071394047e-01
   6.9094698009645228e-01
   6.8884953054723785e-01
   6.8664194109427190e-01
   6.8433169010572492e-01
   6.8192653025099270e-01
   6.7943445312457029e-01
   6.7686365379895830e-01
   6.7422249555980251e-01
   6.7151947506090137e-01
   6.6876318811897750e-01
   6.6596229634861293e-01
   6.6312549481690108e-01
   6.6026148087561165e-01
   6.5737892430636213e-01
   6.5448643889184910e-01
   6.5159255550393891e-01
   6.4870569677768619e-01
   6.4583415341939332e-01
   6.4298606217691545e-01
   6.4016938548171887e-01
   6.3739189275491326e-01
   6.3466114335367796e-01
   6.3198447112032285e-01
   6.2936897048366880e-01
   6.2682148405155758e-01
   6.2682148405155746e-01
   6.2936897048366869e-01
   6.3198447112032274e-01
   6.3466114335367785e-01
   6.3739189275491304e-01
   6.4016938548171876e-01
   6.4298606217691534e-01
   6.4583415341939321e-01
   6.4870569677768608e-01
   6.5159255550393880e-01
   6.5448643889184899e-01
   6.5737892430636202e-01
   6.6026148087561143e-01
   6.6312549481690086e-01
   6.6596229634861281e-01
   6.6876318811897739e-01
   6.7151947506090126e-01
   6.7422249555980240e-01
   6.7686365379895819e-01
   6.7943445312457018e-01
   6.8192653025099259e-01
   6.8433169010572481e-01
   6.8664194109427168e-01
   6.8884953054723763e-01
   6.9094698009645228e-01
   6.9292712071394036e-01
   6.9478312713751289e-01
   6.9650855140001000e-01
   6.9809735517607252e-01
   6.9954394066097292e-01
   7.0084317970068621e-01
   7.0199044090109808e-01
   7.0298161445706320e-01
   7.0381313445884119e-01
   7.0448199845410708e-01
   7.0498578406800239e-01
   7.0532266251121267e-01
   7.0549140883644834e-01
   7.0549140883644834e-01
   7.0532266251121267e-01
   7.0498578406800239e-01
   7.0448199845410708e-01
   7.0381313445884108e-01
   7.0298161445706320e-01
   7.0199044090109808e-01
   7.0084317970068621e-01
   6.9954394066097303e-01
   6.9809735517607241e-01
   6.9650855140000989e-01
   6.9478312713751278e-01
   6.9292712071394036e-01
   6.9094698009645228e-01
   6.8884953054723774e-01
   6.8664194109427179e-01
   6.8433169010572481e-01
   6.8192653025099270e-01
   6.7943445312457018e-01
   6.7686365379895819e-01
   6.7422249555980240e-01
   6.7151947506090126e-01
   6.6876318811897739e-01
   6.6596229634861281e-01
   6.6312549481690097e-01
   6.6026148087561154e-01
   6.5737892430636202e-01
   6.5448643889184899e-01
   6.5159255550393880e-01
   6.4870569677768608e-01
   6.4583415341939332e-01
   6.4298606217691534e-01
   6.4016938548171876e-01
   6.3739189275491315e-01
   6.3466114335367785e-01
   6.3198447112032285e-01
   6.2936897048366880e-01
   6.2682148405155746e-01
   6.2371556583336452e-01
   6.2006044739696886e-01
   6.1649845109764356e-01
   6.1303847059859173e-01
   6.0968898881447253e-01
   6.0645807209011726e-01
   6.0335336620360280e-01
   6.0038209399143927e-01
   5.9755105439530154e-01
   5.9486662273350788e-01
   5.9233475200602681e-01
   5.8996097504890066e-01
   5.8775040736237039e-01
   5.8570775044642542e-01
   5.8383729548778507e-01
   5.8214292725324812e-01
   5.8062812805577890e-01
   5.7929598167147467e-01
   5.7814917709758640e-01
   5.7719001205393639e-01
   5.7642039614232810e-01
   5.7584185359082163e-01
   5.7545552552202239e-01
   5.7526217169676219e-01
   5.7526217169676219e-01
   5.7545552552202239e-01
   5.7584185359082163e-01
   5.7642039614232810e-01
   5.7719001205393650e-01
   5.7814917709758640e-01
   5.7929598167147467e-01
   5.8062812805577901e-01
   5.8214292725324823e-01
   5.8383729548778507e-01
   5.8570775044642553e-01
   5.8775040736237039e-01
   5.8996097504890077e-01
   5.9233475200602692e-01
   5.9486662273350799e-01
   5.9755105439530154e-01
   6.0038209399143938e-01
   6.0335336620360291e-01
   6.0645807209011737e-01
   6.0968898881447264e-01
   6.1303847059859184e-01
   6.1649845109764367e-01
   6.2006044739696897e-01
   6.2371556583336463e-01
