   4.9802629152857997e-01
   4.5974720115818479e-01
   4.2360564444986326e-01
   3.8969428095999120e-01
   3.5804175554559847e-01
   3.2862794673603474e-01
   3.0139688769765305e-01
   2.7626738552569663e-01
   2.5314152617009911e-01
   2.3191133054781785e-01
   2.1246385092061412e-01
   1.9468498723442193e-01
   1.7846227619098703e-01
   1.6368687145472907e-01
   1.5025489776508236e-01
   1.3806832827668067e-01
   1.2703550485063858e-01
   1.1707139583342012e-01
   1.0809766501841282e-01
   1.0004260859765007e-01
   9.2841003449711273e-02
   8.6433899521451821e-02
   8.0768380825742739e-02
   7.5797313235067471e-02
   7.1479092410939180e-02
   6.7777401548542046e-02
   6.4660985872661170e-02
   6.2103448785235126e-02
   6.0083073070800325e-02
   5.8582669483208019e-02
   5.7589454262977541e-02
   5.7094956589172213e-02
   5.7094956589172213e-02
   5.7589454262977548e-02
   5.8582669483208033e-02
   6.0083073070800345e-02
   6.2103448785235153e-02
   6.4660985872661197e-02
   6.7777401548542074e-02
   7.1479092410939235e-02
   7.5797313235067512e-02
   8.0768380825742808e-02
   8.6433899521451890e-02
   9.2841003449711343e-02
   1.0004260859765016e-01
   1.0809766501841293e-01
   1.1707139583342024e-01
   1.2703550485063869e-01
   1.3806832827668081e-01
   1.5025489776508250e-01
   1.6368687145472924e-01
   1.7846227619098723e-01
   1.9468498723442212e-01
   2.1246385092061434e-01
   2.3191133054781810e-01
   2.5314152617009933e-01
   2.7626738552569685e-01
   3.0139688769765327e-01
   3.2862794673603501e-01
   3.5804175554559875e-01
   3.8969428095999142e-01
   4.2360564444986343e-01
   4.5974720115818490e-01
   4.9802629152858002e-01
   5.5913840816613603e-01
   6.4268475651504897e-01
   7.2673903727945122e-01
   8.0969464151205917e-01
   8.8936215248188555e-01
   9.6301037340848161e-01
   1.0275132925207575e+00
   1.0796198100070828e+00
   1.1163305433513182e+00
   1.1353221251315315e+00
   1.1353221251315317e+00
   1.1163305433513189e+00
   1.0796198100070842e+00
   1.0275132925207593e+00
   9.6301037340848372e-01
   8.8936215248188799e-01
   8.0969464151206183e-01
   7.2673903727945377e-01
   6.4268475651505153e-01
   5.5913840816613858e-01
   4.9802629152858241e-01
   4.5974720115818712e-01
   4.2360564444986554e-01
   3.8969428095999331e-01
   3.5804175554560042e-01
   3.2862794673603657e-01
   3.0139688769765466e-01
   2.7626738552569813e-01
   2.5314152617010049e-01
   2.3191133054781918e-01
   2.1246385092061534e-01
   1.9468498723442301e-01
   1.7846227619098806e-01
   1.6368687145473004e-01
   1.5025489776508322e-01
   1.3806832827668145e-01
   1.2703550485063930e-01
   1.1707139583342080e-01
   1.0809766501841345e-01
   1.0004260859765063e-01
   9.2841003449711801e-02
   8.6433899521452293e-02
   8.0768380825743183e-02
   7.5797313235067887e-02
   7.1479092410939596e-02
   6.7777401548542421e-02
   6.4660985872661517e-02
   6.2103448785235472e-02
   6.0083073070800651e-02
   5.8582669483208331e-02
   5.7589454262977846e-02
   5.7094956589172519e-02
   5.7094956589172519e-02
   5.7589454262977846e-02
   5.8582669483208331e-02
   6.0083073070800651e-02
   6.2103448785235466e-02
   6.4660985872661517e-02
   6.7777401548542421e-02
   7.1479092410939582e-02
   7.5797313235067887e-02
   8.0768380825743169e-02
   8.6433899521452293e-02
   9.2841003449711773e-02
   1.0004260859765061e-01
   1.0809766501841343e-01
   1.1707139583342077e-01
   1.2703550485063927e-01
   1.3806832827668145e-01
   1.5025489776508319e-01
   1.6368687145472999e-01
   1.7846227619098803e-01
   1.9468498723442301e-01
   2.1246385092061532e-01
   2.3191133054781912e-01
   2.5314152617010044e-01
   2.7626738552569807e-01
   3.0139688769765466e-01
   3.2862794673603651e-01
   3.5804175554560036e-01
   3.8969428095999320e-01
   4.2360564444986543e-01
   4.5974720115818707e-01
   4.9802629152858235e-01
