   5.1152584240098975e-01
   5.0202533889839418e-01
   4.9192287609975605e-01
   4.8132578520963454e-01
   4.7034041442254709e-01
   4.5907041090889750e-01
   4.4761528656401461e-01
   4.3606927786255473e-01
   4.2452049497590899e-01
   4.1305034326122619e-01
   4.0173319149182524e-01
   3.9063625562991999e-01
   3.7981966418304702e-01
   3.6933667074665788e-01
   3.5923398067959739e-01
   3.4955216146140777e-01
   3.4032610966855309e-01
   3.3158555128512113e-01
   3.2335555592159260e-01
   3.1565704922516441e-01
   3.0850731117353092e-01
   3.0192045095986053e-01
   2.9590785175786211e-01
   2.9047858079653960e-01
   2.8563976189380957e-01
   2.8139690893178565e-01
   2.7775421974802766e-01
   2.7471483061353658e-01
   2.7228103191651626e-01
   2.7045444591503082e-01
   2.6923616750184021e-01
   2.6862686887669063e-01
   2.6862686887669068e-01
   2.6923616750184026e-01
   2.7045444591503093e-01
   2.7228103191651637e-01
   2.7471483061353674e-01
   2.7775421974802783e-01
   2.8139690893178587e-01
   2.8563976189380985e-01
   2.9047858079653988e-01
   2.9590785175786244e-01
   3.0192045095986086e-01
   3.0850731117353131e-01
   3.1565704922516480e-01
   3.2335555592159304e-01
   3.3158555128512146e-01
   3.4032610966855342e-01
   3.4955216146140805e-01
   3.5923398067959772e-01
   3.6933667074665816e-01
   3.7981966418304736e-01
   3.9063625562992021e-01
   4.0173319149182551e-01
   4.1305034326122647e-01
   4.2452049497590921e-01
   4.3606927786255489e-01
   4.4761528656401484e-01
   4.5907041090889772e-01
   4.7034041442254720e-01
   4.8132578520963465e-01
   4.9192287609975621e-01
   5.0202533889839429e-01
   5.1152584240098975e-01
   5.2487760936395589e-01
   5.4188961308688033e-01
   5.5777645926983299e-01
   5.7231027149876379e-01
   5.8526779633903203e-01
   5.9643777279630961e-01
   6.0562863000090050e-01
   6.1267605059863028e-01
   6.1744988483440766e-01
   6.1985989896596605e-01
   6.1985989896596605e-01
   6.1744988483440766e-01
   6.1267605059863028e-01
   6.0562863000090050e-01
   5.9643777279630961e-01
   5.8526779633903203e-01
   5.7231027149876368e-01
   5.5777645926983299e-01
   5.4188961308688022e-01
   5.2487760936395578e-01
   5.1152584240098953e-01
   5.0202533889839407e-01
   4.9192287609975588e-01
   4.8132578520963420e-01
   4.7034041442254676e-01
   4.5907041090889711e-01
   4.4761528656401417e-01
   4.3606927786255423e-01
   4.2452049497590844e-01
   4.1305034326122558e-01
   4.0173319149182463e-01
   3.9063625562991933e-01
   3.7981966418304636e-01
   3.6933667074665710e-01
   3.5923398067959661e-01
   3.4955216146140700e-01
   3.4032610966855226e-01
   3.3158555128512035e-01
   3.2335555592159176e-01
   3.1565704922516358e-01
   3.0850731117353009e-01
   3.0192045095985970e-01
   2.9590785175786122e-01
   2.9047858079653871e-01
   2.8563976189380869e-01
   2.8139690893178476e-01
   2.7775421974802678e-01
   2.7471483061353569e-01
   2.7228103191651531e-01
   2.7045444591502993e-01
   2.6923616750183932e-01
   2.6862686887668974e-01
   2.6862686887668979e-01
   2.6923616750183937e-01
   2.7045444591503004e-01
   2.7228103191651543e-01
   2.7471483061353585e-01
   2.7775421974802694e-01
   2.8139690893178498e-01
   2.8563976189380896e-01
   2.9047858079653899e-01
   2.9590785175786155e-01
   3.0192045095986003e-01
   3.0850731117353047e-01
   3.1565704922516391e-01
   3.2335555592159215e-01
   3.3158555128512068e-01
   3.4032610966855259e-01
   3.4955216146140733e-01
   3.5923398067959694e-01
   3.6933667074665738e-01
   3.7981966418304669e-01
   3.9063625562991955e-01
   4.0173319149182490e-01
   4.1305034326122581e-01
   4.2452049497590871e-01
   4.3606927786255445e-01
   4.4761528656401439e-01
   4.5907041090889728e-01
   4.7034041442254693e-01
   4.8132578520963437e-01
   4.9192287609975599e-01
   5.0202533889839418e-01
   5.1152584240098964e-01
