   5.3041252699524466e-01
   5.0260898557688471e-01
   4.7524860140511305e-01
   4.4855235334373661e-01
   4.2269617614061733e-01
   3.9781519934203691e-01
   3.7400857380786751e-01
   3.5134447966350590e-01
   3.2986502190286970e-01
   3.0959081781386505e-01
   2.9052515988298749e-01
   2.7265769847444188e-01
   2.5596763215241464e-01
   2.4042642281776636e-01
   2.2600007090967186e-01
   2.1265099563121528e-01
   2.0033956893510552e-01
   1.8902535180853183e-01
   1.7866807871672241e-01
   1.6922843199037951e-01
   1.6066864323110125e-01
   1.5295295396482567e-01
   1.4604796311104620e-01
   1.3992288453486881e-01
   1.3454973409685148e-01
   1.2990346223753615e-01
   1.2596204521662535e-01
   1.2270654563519320e-01
   1.2012115075559125e-01
   1.1819319534530853e-01
   1.1691317425476185e-01
   1.1627474864325311e-01
   1.1627474864325313e-01
   1.1691317425476185e-01
   1.1819319534530853e-01
   1.2012115075559127e-01
   1.2270654563519322e-01
   1.2596204521662535e-01
   1.2990346223753615e-01
   1.3454973409685150e-01
   1.3992288453486884e-01
   1.4604796311104620e-01
   1.5295295396482569e-01
   1.6066864323110125e-01
   1.6922843199037951e-01
   1.7866807871672241e-01
   1.8902535180853183e-01
   2.0033956893510546e-01
   2.1265099563121528e-01
   2.2600007090967186e-01
   2.4042642281776638e-01
   2.5596763215241464e-01
   2.7265769847444182e-01
   2.9052515988298749e-01
   3.0959081781386505e-01
   3.2986502190286970e-01
   3.5134447966350590e-01
   3.7400857380786751e-01
   3.9781519934203691e-01
   4.2269617614061727e-01
   4.4855235334373661e-01
   4.7524860140511299e-01
   5.0260898557688483e-01
   5.3041252699524466e-01
   5.7289899715653914e-01
   6.2955228535472796e-01
   6.8497190147728260e-01
   7.3805123522576765e-01
   7.8749398892656153e-01
   8.3186857597474206e-01
   8.6969387236787721e-01
   8.9955257348324547e-01
   9.2022074628523720e-01
   9.3079501303806067e-01
   9.3079501303805778e-01
   9.2022074628522843e-01
   8.9955257348323137e-01
   8.6969387236785822e-01
   8.3186857597471897e-01
   7.8749398892653510e-01
   7.3805123522573879e-01
   6.8497190147725207e-01
   6.2955228535469654e-01
   5.7289899715650727e-01
   5.3041252699521291e-01
   5.0260898557685318e-01
   4.7524860140508179e-01
   4.4855235334370602e-01
   4.2269617614058747e-01
   3.9781519934200804e-01
   3.7400857380783969e-01
   3.5134447966347915e-01
   3.2986502190284406e-01
   3.0959081781384062e-01
   2.9052515988296423e-01
   2.7265769847441973e-01
   2.5596763215239365e-01
   2.4042642281774645e-01
   2.2600007090965293e-01
   2.1265099563119730e-01
   2.0033956893508842e-01
   1.8902535180851560e-01
   1.7866807871670698e-01
   1.6922843199036486e-01
   1.6066864323108723e-01
   1.5295295396481226e-01
   1.4604796311103332e-01
   1.3992288453485643e-01
   1.3454973409683954e-01
   1.2990346223752458e-01
   1.2596204521661411e-01
   1.2270654563518223e-01
   1.2012115075558048e-01
   1.1819319534529793e-01
   1.1691317425475135e-01
   1.1627474864324268e-01
   1.1627474864324268e-01
   1.1691317425475135e-01
   1.1819319534529794e-01
   1.2012115075558051e-01
   1.2270654563518228e-01
   1.2596204521661417e-01
   1.2990346223752464e-01
   1.3454973409683960e-01
   1.3992288453485652e-01
   1.4604796311103341e-01
   1.5295295396481234e-01
   1.6066864323108734e-01
   1.6922843199036497e-01
   1.7866807871670709e-01
   1.8902535180851573e-01
   2.0033956893508859e-01
   2.1265099563119749e-01
   2.2600007090965313e-01
   2.4042642281774665e-01
   2.5596763215239382e-01
   2.7265769847441995e-01
   2.9052515988296451e-01
   3.0959081781384090e-01
   3.2986502190284434e-01
   3.5134447966347937e-01
   3.7400857380783992e-01
   3.9781519934200821e-01
   4.2269617614058763e-01
   4.4855235334370613e-01
   4.7524860140508191e-01
   5.0260898557685330e-01
   5.3041252699521291e-01
