   5.3749817917091902e-01
   5.1650615209268869e-01
   4.9528159993396670e-01
   4.7403910421067308e-01
   4.5296759004524612e-01
   4.3223001648425752e-01
   4.1196404287263355e-01
   3.9228341956636098e-01
   3.7327987293220583e-01
   3.5502528702178482e-01
   3.3757402122085250e-01
   3.2096523997537663e-01
   3.0522516441858510e-01
   2.9036918475179474e-01
   2.7640379596169734e-01
   2.6332833796781324e-01
   2.5113653507648592e-01
   2.3981783936514534e-01
   2.2935858908433301e-01
   2.1974299706520037e-01
   2.1095398609572202e-01
   2.0297388881630440e-01
   1.9578502931639150e-01
   1.8937020262237461e-01
   1.8371306690359671e-01
   1.7879846166772728e-01
   1.7461266359390673e-01
   1.7114359004344687e-01
   1.6838095874280612e-01
   1.6631641067754516e-01
   1.6494360187750853e-01
   1.6425826850914610e-01
   1.6425826850914610e-01
   1.6494360187750856e-01
   1.6631641067754516e-01
   1.6838095874280612e-01
   1.7114359004344687e-01
   1.7461266359390670e-01
   1.7879846166772728e-01
   1.8371306690359671e-01
   1.8937020262237461e-01
   1.9578502931639147e-01
   2.0297388881630440e-01
   2.1095398609572200e-01
   2.1974299706520037e-01
   2.2935858908433299e-01
   2.3981783936514531e-01
   2.5113653507648592e-01
   2.6332833796781324e-01
   2.7640379596169729e-01
   2.9036918475179474e-01
   3.0522516441858505e-01
   3.2096523997537663e-01
   3.3757402122085250e-01
   3.5502528702178482e-01
   3.7327987293220583e-01
   3.9228341956636092e-01
   4.1196404287263355e-01
   4.3223001648425746e-01
   4.5296759004524606e-01
   4.7403910421067308e-01
   4.9528159993396664e-01
   5.1650615209268869e-01
   5.3749817917091902e-01
   5.6866090152736404e-01
   6.0955624378471551e-01
   6.4888948377010669e-01
   6.8591743833600660e-01
   7.1983052793117230e-01
   7.4978841427396525e-01
   7.7496627597820811e-01
   7.9460857994961698e-01
   8.0808506517341194e-01
   8.1494208858573869e-01
   8.1494208858573869e-01
   8.0808506517341205e-01
   7.9460857994961720e-01
   7.7496627597820844e-01
   7.4978841427396570e-01
   7.1983052793117264e-01
   6.8591743833600716e-01
   6.4888948377010736e-01
   6.0955624378471618e-01
   5.6866090152736481e-01
   5.3749817917092013e-01
   5.1650615209268980e-01
   4.9528159993396775e-01
   4.7403910421067424e-01
   4.5296759004524723e-01
   4.3223001648425857e-01
   4.1196404287263466e-01
   3.9228341956636203e-01
   3.7327987293220688e-01
   3.5502528702178587e-01
   3.3757402122085350e-01
   3.2096523997537757e-01
   3.0522516441858599e-01
   2.9036918475179568e-01
   2.7640379596169817e-01
   2.6332833796781407e-01
   2.5113653507648676e-01
   2.3981783936514611e-01
   2.2935858908433374e-01
   2.1974299706520109e-01
   2.1095398609572272e-01
   2.0297388881630510e-01
   1.9578502931639216e-01
   1.8937020262237525e-01
   1.8371306690359729e-01
   1.7879846166772786e-01
   1.7461266359390729e-01
   1.7114359004344742e-01
   1.6838095874280667e-01
   1.6631641067754566e-01
   1.6494360187750906e-01
   1.6425826850914663e-01
   1.6425826850914663e-01
   1.6494360187750906e-01
   1.6631641067754563e-01
   1.6838095874280662e-01
   1.7114359004344734e-01
   1.7461266359390720e-01
   1.7879846166772778e-01
   1.8371306690359718e-01
   1.8937020262237508e-01
   1.9578502931639200e-01
   2.0297388881630493e-01
   2.1095398609572255e-01
   2.1974299706520090e-01
   2.2935858908433351e-01
   2.3981783936514589e-01
   2.5113653507648648e-01
   2.6332833796781380e-01
   2.7640379596169790e-01
   2.9036918475179535e-01
   3.0522516441858566e-01
   3.2096523997537724e-01
   3.3757402122085323e-01
   3.5502528702178560e-01
   3.7327987293220660e-01
   3.9228341956636181e-01
   4.1196404287263444e-01
   4.3223001648425841e-01
   4.5296759004524706e-01
   4.7403910421067408e-01
   4.9528159993396764e-01
   5.1650615209268969e-01
   5.3749817917092002e-01
