   5.3210654301403770e-01
   5.0523558189921225e-01
   4.7869625018087281e-01
   4.5271208773830368e-01
   4.2746416267799098e-01
   4.0309453014611607e-01
   3.7971039255139732e-01
   3.5738856511370604e-01
   3.3617994954919639e-01
   3.1611380842037101e-01
   2.9720170804050244e-01
   2.7944105726335505e-01
   2.6281821374564679e-01
   2.4731116031362427e-01
   2.3289177435395822e-01
   2.1952772514798691e-01
   2.0718403998679574e-01
   1.9582438158289553e-01
   1.8541207818236641e-01
   1.7591094497028384e-01
   1.6728593163866917e-01
   1.5950362689308184e-01
   1.5253264656775975e-01
   1.4634392811897451e-01
   1.4091095069338871e-01
   1.3620989677710058e-01
   1.3221976863206808e-01
   1.2892247030244361e-01
   1.2630286389060463e-01
   1.2434880701951115e-01
   1.2305117686913529e-01
   1.2240388485427045e-01
   1.2240388485427045e-01
   1.2305117686913530e-01
   1.2434880701951116e-01
   1.2630286389060461e-01
   1.2892247030244358e-01
   1.3221976863206808e-01
   1.3620989677710058e-01
   1.4091095069338874e-01
   1.4634392811897451e-01
   1.5253264656775975e-01
   1.5950362689308184e-01
   1.6728593163866914e-01
   1.7591094497028381e-01
   1.8541207818236635e-01
   1.9582438158289547e-01
   2.0718403998679569e-01
   2.1952772514798680e-01
   2.3289177435395808e-01
   2.4731116031362413e-01
   2.6281821374564668e-01
   2.7944105726335483e-01
   2.9720170804050222e-01
   3.1611380842037079e-01
   3.3617994954919617e-01
   3.5738856511370592e-01
   3.7971039255139721e-01
   4.0309453014611596e-01
   4.2746416267799087e-01
   4.5271208773830363e-01
   4.7869625018087270e-01
   5.0523558189921225e-01
   5.3210654301403770e-01
   5.7300876913462417e-01
   6.2743167145498147e-01
   6.8054504164218199e-01
   7.3129246154049898e-01
   7.7844960526358087e-01
   8.2067651876516334e-01
   8.5659741956056679e-01
   8.8490410829572275e-01
   9.0447252237155773e-01
   9.1447602022935592e-01
   9.1447602022935648e-01
   9.0447252237155917e-01
   8.8490410829572541e-01
   8.5659741956057012e-01
   8.2067651876516756e-01
   7.7844960526358553e-01
   7.3129246154050409e-01
   6.8054504164218754e-01
   6.2743167145498713e-01
   5.7300876913462995e-01
   5.3210654301404348e-01
   5.0523558189921802e-01
   4.7869625018087847e-01
   4.5271208773830929e-01
   4.2746416267799642e-01
   4.0309453014612134e-01
   3.7971039255140249e-01
   3.5738856511371103e-01
   3.3617994954920111e-01
   3.1611380842037556e-01
   2.9720170804050672e-01
   2.7944105726335916e-01
   2.6281821374565073e-01
   2.4731116031362801e-01
   2.3289177435396177e-01
   2.1952772514799029e-01
   2.0718403998679899e-01
   1.9582438158289861e-01
   1.8541207818236932e-01
   1.7591094497028664e-01
   1.6728593163867184e-01
   1.5950362689308439e-01
   1.5253264656776219e-01
   1.4634392811897687e-01
   1.4091095069339099e-01
   1.3620989677710277e-01
   1.3221976863207022e-01
   1.2892247030244566e-01
   1.2630286389060666e-01
   1.2434880701951316e-01
   1.2305117686913727e-01
   1.2240388485427242e-01
   1.2240388485427242e-01
   1.2305117686913727e-01
   1.2434880701951313e-01
   1.2630286389060663e-01
   1.2892247030244564e-01
   1.3221976863207016e-01
   1.3620989677710268e-01
   1.4091095069339091e-01
   1.4634392811897678e-01
   1.5253264656776211e-01
   1.5950362689308428e-01
   1.6728593163867175e-01
   1.7591094497028653e-01
   1.8541207818236924e-01
   1.9582438158289850e-01
   2.0718403998679888e-01
   2.1952772514799021e-01
   2.3289177435396169e-01
   2.4731116031362793e-01
   2.6281821374565068e-01
   2.7944105726335911e-01
   2.9720170804050666e-01
   3.1611380842037545e-01
   3.3617994954920100e-01
   3.5738856511371092e-01
   3.7971039255140238e-01
   4.0309453014612129e-01
   4.2746416267799636e-01
   4.5271208773830918e-01
   4.7869625018087836e-01
   5.0523558189921791e-01
   5.3210654301404348e-01
