   5.3538373033758224e-01
   5.1084161273214501e-01
   4.8637896146189230e-01
   4.6222068858593568e-01
   4.3855586269774571e-01
   4.1553942866904392e-01
   3.9329482323609816e-01
   3.7191713458305681e-01
   3.5147651963839371e-01
   3.3202165987338855e-01
   3.1358309825130171e-01
   2.9617635297539063e-01
   2.7980474647057857e-01
   2.6446192077962322e-01
   2.5013403431489767e-01
   2.3680165114223142e-01
   2.2444134423169462e-01
   2.1302703983714172e-01
   2.0253113260910793e-01
   1.9292540122118274e-01
   1.8418175299018116e-01
   1.7627282378757086e-01
   1.6917245689963570e-01
   1.6285608169049376e-01
   1.5730101014788805e-01
   1.5248666676430961e-01
   1.4839476478947591e-01
   1.4500943971116936e-01
   1.4231734888161135e-01
   1.4030774449146788e-01
   1.3897252557894141e-01
   1.3830627341724841e-01
   1.3830627341724838e-01
   1.3897252557894141e-01
   1.4030774449146785e-01
   1.4231734888161129e-01
   1.4500943971116931e-01
   1.4839476478947583e-01
   1.5248666676430953e-01
   1.5730101014788797e-01
   1.6285608169049368e-01
   1.6917245689963564e-01
   1.7627282378757081e-01
   1.8418175299018108e-01
   1.9292540122118268e-01
   2.0253113260910788e-01
   2.1302703983714166e-01
   2.2444134423169460e-01
   2.3680165114223140e-01
   2.5013403431489767e-01
   2.6446192077962316e-01
   2.7980474647057857e-01
   2.9617635297539058e-01
   3.1358309825130165e-01
   3.3202165987338850e-01
   3.5147651963839366e-01
   3.7191713458305686e-01
   3.9329482323609821e-01
   4.1553942866904392e-01
   4.3855586269774571e-01
   4.6222068858593568e-01
   4.8637896146189225e-01
   5.1084161273214501e-01
   5.3538373033758224e-01
   5.7237724525840594e-01
   6.2133319145623545e-01
   6.6883489612974034e-01
   7.1395138729717877e-01
   7.5563095148293768e-01
   7.9274727394657607e-01
   8.2416502449492213e-01
   8.4882101277009536e-01
   8.6581268923184429e-01
   8.7448212947490445e-01
   8.7448212947490433e-01
   8.6581268923184440e-01
   8.4882101277009570e-01
   8.2416502449492246e-01
   7.9274727394657662e-01
   7.5563095148293824e-01
   7.1395138729717933e-01
   6.6883489612974090e-01
   6.2133319145623600e-01
   5.7237724525840650e-01
   5.3538373033758280e-01
   5.1084161273214568e-01
   4.8637896146189291e-01
   4.6222068858593635e-01
   4.3855586269774632e-01
   4.1553942866904459e-01
   3.9329482323609877e-01
   3.7191713458305742e-01
   3.5147651963839432e-01
   3.3202165987338905e-01
   3.1358309825130221e-01
   2.9617635297539113e-01
   2.7980474647057907e-01
   2.6446192077962366e-01
   2.5013403431489811e-01
   2.3680165114223187e-01
   2.2444134423169504e-01
   2.1302703983714211e-01
   2.0253113260910829e-01
   1.9292540122118307e-01
   1.8418175299018147e-01
   1.7627282378757120e-01
   1.6917245689963603e-01
   1.6285608169049404e-01
   1.5730101014788830e-01
   1.5248666676430989e-01
   1.4839476478947616e-01
   1.4500943971116961e-01
   1.4231734888161157e-01
   1.4030774449146810e-01
   1.3897252557894166e-01
   1.3830627341724860e-01
   1.3830627341724860e-01
   1.3897252557894160e-01
   1.4030774449146804e-01
   1.4231734888161152e-01
   1.4500943971116953e-01
   1.4839476478947605e-01
   1.5248666676430972e-01
   1.5730101014788817e-01
   1.6285608169049390e-01
   1.6917245689963589e-01
   1.7627282378757100e-01
   1.8418175299018130e-01
   1.9292540122118290e-01
   2.0253113260910816e-01
   2.1302703983714191e-01
   2.2444134423169484e-01
   2.3680165114223165e-01
   2.5013403431489789e-01
   2.6446192077962344e-01
   2.7980474647057885e-01
   2.9617635297539091e-01
   3.1358309825130198e-01
   3.3202165987338889e-01
   3.5147651963839410e-01
   3.7191713458305725e-01
   3.9329482323609866e-01
   4.1553942866904447e-01
   4.3855586269774627e-01
   4.6222068858593623e-01
   4.8637896146189291e-01
   5.1084161273214568e-01
   5.3538373033758280e-01
