   5.3061197691683859e-01
   5.1597289223440579e-01
   5.0076892044812360e-01
   4.8516592956464066e-01
   4.6932022420459768e-01
   4.5337656118063419e-01
   4.3746683720329971e-01
   4.2170938084117110e-01
   4.0620876286194202e-01
   3.9105603104764136e-01
   3.7632927552923939e-01
   3.6209443646015665e-01
   3.4840627539233560e-01
   3.3530944327245732e-01
   3.2283959015454256e-01
   3.1102447352872059e-01
   2.9988503294312557e-01
   2.8943640798322817e-01
   2.7968888452644980e-01
   2.7064876052030518e-01
   2.6231912744930236e-01
   2.5470056732438701e-01
   2.4779176763676916e-01
   2.4159005845433196e-01
   2.3609187687937483e-01
   2.3129316458659593e-01
   2.2718970425174359e-01
   2.2377740047223679e-01
   2.2105251035701351e-01
   2.1901182839000324e-01
   2.1765282949930728e-01
   2.1697377352808417e-01
   2.1697377352808417e-01
   2.1765282949930731e-01
   2.1901182839000330e-01
   2.2105251035701359e-01
   2.2377740047223690e-01
   2.2718970425174373e-01
   2.3129316458659607e-01
   2.3609187687937500e-01
   2.4159005845433215e-01
   2.4779176763676936e-01
   2.5470056732438723e-01
   2.6231912744930264e-01
   2.7064876052030545e-01
   2.7968888452645013e-01
   2.8943640798322856e-01
   2.9988503294312596e-01
   3.1102447352872092e-01
   3.2283959015454283e-01
   3.3530944327245754e-01
   3.4840627539233587e-01
   3.6209443646015693e-01
   3.7632927552923967e-01
   3.9105603104764158e-01
   4.0620876286194224e-01
   4.2170938084117132e-01
   4.3746683720329993e-01
   4.5337656118063435e-01
   4.6932022420459779e-01
   4.8516592956464077e-01
   5.0076892044812371e-01
   5.1597289223440590e-01
   5.3061197691683870e-01
   5.5172261969857361e-01
   5.7899456656520421e-01
   6.0480975136228776e-01
   6.2873356130238711e-01
   6.5032008947730657e-01
   6.6912997816355646e-01
   6.8475077686781349e-01
   6.9681840472022738e-01
   7.0503789202579736e-01
   7.0920137058026600e-01
   7.0920137058026600e-01
   7.0503789202579759e-01
   6.9681840472022760e-01
   6.8475077686781383e-01
   6.6912997816355690e-01
   6.5032008947730713e-01
   6.2873356130238767e-01
   6.0480975136228843e-01
   5.7899456656520487e-01
   5.5172261969857428e-01
   5.3061197691683937e-01
   5.1597289223440657e-01
   5.0076892044812438e-01
   4.8516592956464155e-01
   4.6932022420459851e-01
   4.5337656118063507e-01
   4.3746683720330071e-01
   4.2170938084117210e-01
   4.0620876286194307e-01
   3.9105603104764242e-01
   3.7632927552924039e-01
   3.6209443646015771e-01
   3.4840627539233660e-01
   3.3530944327245832e-01
   3.2283959015454361e-01
   3.1102447352872159e-01
   2.9988503294312663e-01
   2.8943640798322923e-01
   2.7968888452645080e-01
   2.7064876052030618e-01
   2.6231912744930336e-01
   2.5470056732438795e-01
   2.4779176763677013e-01
   2.4159005845433290e-01
   2.3609187687937580e-01
   2.3129316458659688e-01
   2.2718970425174453e-01
   2.2377740047223774e-01
   2.2105251035701445e-01
   2.1901182839000416e-01
   2.1765282949930820e-01
   2.1697377352808506e-01
   2.1697377352808508e-01
   2.1765282949930823e-01
   2.1901182839000422e-01
   2.2105251035701451e-01
   2.2377740047223782e-01
   2.2718970425174467e-01
   2.3129316458659702e-01
   2.3609187687937597e-01
   2.4159005845433310e-01
   2.4779176763677033e-01
   2.5470056732438817e-01
   2.6231912744930364e-01
   2.7064876052030651e-01
   2.7968888452645113e-01
   2.8943640798322956e-01
   2.9988503294312702e-01
   3.1102447352872192e-01
   3.2283959015454394e-01
   3.3530944327245865e-01
   3.4840627539233698e-01
   3.6209443646015799e-01
   3.7632927552924067e-01
   3.9105603104764264e-01
   4.0620876286194330e-01
   4.2170938084117227e-01
   4.3746683720330087e-01
   4.5337656118063524e-01
   4.6932022420459868e-01
   4.8516592956464166e-01
   5.0076892044812449e-01
   5.1597289223440668e-01
   5.3061197691683937e-01
