   5.0916727979335163e-01
   4.7373284597121651e-01
   4.3989013106153957e-01
   4.0778760923367180e-01
   3.7751219511293077e-01
   3.4910125460225522e-01
   3.2255339226321045e-01
   2.9783779607048783e-01
   2.7490210212009930e-01
   2.5367885577675847e-01
   2.3409070874970728e-01
   2.1605451905826759e-01
   1.9948452523632462e-01
   1.8429475674701670e-01
   1.7040082597680792e-01
   1.5772122767548613e-01
   1.4617825198058826e-01
   1.3569859872965140e-01
   1.2621376436920964e-01
   1.1766025867679750e-01
   1.0997969669469643e-01
   1.0311880154994245e-01
   9.7029345951949703e-02
   9.1668053845709585e-02
   8.6996478693644894e-02
   8.2980870926335770e-02
   7.9592044035635356e-02
   7.6805246408637479e-02
   7.4600044172251023e-02
   7.2960218916228364e-02
   7.1873683089662910e-02
   7.1332415042352312e-02
   7.1332415042352326e-02
   7.1873683089662910e-02
   7.2960218916228378e-02
   7.4600044172251037e-02
   7.6805246408637506e-02
   7.9592044035635370e-02
   8.2980870926335798e-02
   8.6996478693644907e-02
   9.1668053845709613e-02
   9.7029345951949730e-02
   1.0311880154994248e-01
   1.0997969669469643e-01
   1.1766025867679751e-01
   1.2621376436920964e-01
   1.3569859872965140e-01
   1.4617825198058826e-01
   1.5772122767548613e-01
   1.7040082597680795e-01
   1.8429475674701673e-01
   1.9948452523632468e-01
   2.1605451905826767e-01
   2.3409070874970736e-01
   2.5367885577675858e-01
   2.7490210212009947e-01
   2.9783779607048799e-01
   3.2255339226321067e-01
   3.4910125460225538e-01
   3.7751219511293094e-01
   4.0778760923367197e-01
   4.3989013106153962e-01
   4.7373284597121668e-01
   5.0916727979335163e-01
   5.6505656794840875e-01
   6.4092949402470112e-01
   7.1664775719681650e-01
   7.9071975279542628e-01
   8.6120958821958404e-01
   9.2579226901052969e-01
   9.8188791164680422e-01
   1.0268807826690938e+00
   1.0584059265311292e+00
   1.0746583150988513e+00
   1.0746583150988509e+00
   1.0584059265311276e+00
   1.0268807826690913e+00
   9.8188791164680089e-01
   9.2579226901052569e-01
   8.6120958821957960e-01
   7.9071975279542150e-01
   7.1664775719681151e-01
   6.4092949402469601e-01
   5.6505656794840375e-01
   5.0916727979334675e-01
   4.7373284597121196e-01
   4.3989013106153513e-01
   4.0778760923366758e-01
   3.7751219511292683e-01
   3.4910125460225150e-01
   3.2255339226320706e-01
   2.9783779607048461e-01
   2.7490210212009630e-01
   2.5367885577675564e-01
   2.3409070874970464e-01
   2.1605451905826514e-01
   1.9948452523632237e-01
   1.8429475674701457e-01
   1.7040082597680595e-01
   1.5772122767548430e-01
   1.4617825198058657e-01
   1.3569859872964979e-01
   1.2621376436920814e-01
   1.1766025867679611e-01
   1.0997969669469512e-01
   1.0311880154994123e-01
   9.7029345951948537e-02
   9.1668053845708489e-02
   8.6996478693643839e-02
   8.2980870926334771e-02
   7.9592044035634371e-02
   7.6805246408636535e-02
   7.4600044172250093e-02
   7.2960218916227448e-02
   7.1873683089662008e-02
   7.1332415042351424e-02
   7.1332415042351410e-02
   7.1873683089661994e-02
   7.2960218916227448e-02
   7.4600044172250080e-02
   7.6805246408636521e-02
   7.9592044035634343e-02
   8.2980870926334729e-02
   8.6996478693643811e-02
   9.1668053845708447e-02
   9.7029345951948495e-02
   1.0311880154994117e-01
   1.0997969669469505e-01
   1.1766025867679605e-01
   1.2621376436920809e-01
   1.3569859872964973e-01
   1.4617825198058645e-01
   1.5772122767548422e-01
   1.7040082597680589e-01
   1.8429475674701451e-01
   1.9948452523632232e-01
   2.1605451905826512e-01
   2.3409070874970458e-01
   2.5367885577675564e-01
   2.7490210212009625e-01
   2.9783779607048461e-01
   3.2255339226320695e-01
   3.4910125460225144e-01
   3.7751219511292683e-01
   4.0778760923366758e-01
   4.3989013106153507e-01
   4.7373284597121190e-01
   5.0916727979334675e-01
