   5.0017198147459885e-01
   4.9259238405525774e-01
   4.8445646217100213e-01
   4.7584763918424577e-01
   4.6685015018645643e-01
   4.5754767523279577e-01
   4.4802213589308060e-01
   4.3835267341398193e-01
   4.2861481646940525e-01
   4.1887983746365648e-01
   4.0921428897545525e-01
   3.9967970632573102e-01
   3.9033245839241509e-01
   3.8122372653463682e-01
   3.7239959060230371e-01
   3.6390120123084901e-01
   3.5576501868266347e-01
   3.4802310013919940e-01
   3.4070341934387743e-01
   3.3383020465688706e-01
   3.2742428376042049e-01
   3.2150342533747106e-01
   3.1608266996449313e-01
   3.1117464416269858e-01
   3.0678985302272110e-01
   3.0293694804874449e-01
   2.9962296786963477e-01
   2.9685355025332194e-01
   2.9463311445901352e-01
   2.9296501339480036e-01
   2.9185165534174495e-01
   2.9129459518526157e-01
   2.9129459518526152e-01
   2.9185165534174484e-01
   2.9296501339480024e-01
   2.9463311445901325e-01
   2.9685355025332161e-01
   2.9962296786963438e-01
   3.0293694804874405e-01
   3.0678985302272055e-01
   3.1117464416269808e-01
   3.1608266996449258e-01
   3.2150342533747051e-01
   3.2742428376041993e-01
   3.3383020465688645e-01
   3.4070341934387688e-01
   3.4802310013919896e-01
   3.5576501868266303e-01
   3.6390120123084851e-01
   3.7239959060230332e-01
   3.8122372653463638e-01
   3.9033245839241471e-01
   3.9967970632573058e-01
   4.0921428897545492e-01
   4.1887983746365615e-01
   4.2861481646940486e-01
   4.3835267341398165e-01
   4.4802213589308032e-01
   4.5754767523279555e-01
   4.6685015018645631e-01
   4.7584763918424566e-01
   4.8445646217100197e-01
   4.9259238405525763e-01
   5.0017198147459885e-01
   5.1071429066049345e-01
   5.2407259525521421e-01
   5.3648135263729912e-01
   5.4777687627837279e-01
   5.5780155186599223e-01
   5.6640847903046343e-01
   5.7346617048928494e-01
   5.7886305273261673e-01
   5.8251149709350669e-01
   5.8435111908322401e-01
   5.8435111908322390e-01
   5.8251149709350658e-01
   5.7886305273261662e-01
   5.7346617048928461e-01
   5.6640847903046310e-01
   5.5780155186599178e-01
   5.4777687627837235e-01
   5.3648135263729857e-01
   5.2407259525521366e-01
   5.1071429066049290e-01
   5.0017198147459840e-01
   4.9259238405525713e-01
   4.8445646217100152e-01
   4.7584763918424527e-01
   4.6685015018645593e-01
   4.5754767523279527e-01
   4.4802213589308015e-01
   4.3835267341398154e-01
   4.2861481646940480e-01
   4.1887983746365615e-01
   4.0921428897545498e-01
   3.9967970632573069e-01
   3.9033245839241487e-01
   3.8122372653463665e-01
   3.7239959060230360e-01
   3.6390120123084885e-01
   3.5576501868266341e-01
   3.4802310013919935e-01
   3.4070341934387743e-01
   3.3383020465688712e-01
   3.2742428376042060e-01
   3.2150342533747117e-01
   3.1608266996449330e-01
   3.1117464416269880e-01
   3.0678985302272133e-01
   3.0293694804874477e-01
   2.9962296786963510e-01
   2.9685355025332233e-01
   2.9463311445901391e-01
   2.9296501339480086e-01
   2.9185165534174545e-01
   2.9129459518526213e-01
   2.9129459518526213e-01
   2.9185165534174545e-01
   2.9296501339480086e-01
   2.9463311445901397e-01
   2.9685355025332238e-01
   2.9962296786963510e-01
   3.0293694804874483e-01
   3.0678985302272138e-01
   3.1117464416269885e-01
   3.1608266996449330e-01
   3.2150342533747128e-01
   3.2742428376042060e-01
   3.3383020465688712e-01
   3.4070341934387749e-01
   3.4802310013919940e-01
   3.5576501868266347e-01
   3.6390120123084890e-01
   3.7239959060230365e-01
   3.8122372653463671e-01
   3.9033245839241493e-01
   3.9967970632573080e-01
   4.0921428897545503e-01
   4.1887983746365620e-01
   4.2861481646940486e-01
   4.3835267341398160e-01
   4.4802213589308021e-01
   4.5754767523279538e-01
   4.6685015018645598e-01
   4.7584763918424533e-01
   4.8445646217100163e-01
   4.9259238405525718e-01
   5.0017198147459840e-01
