   5.0086882725419590e-01
   4.6327388277150222e-01
   4.2767869630614452e-01
   3.9419107122627373e-01
   3.6285511723918507e-01
   3.3366572000628958e-01
   3.0658097036400150e-01
   2.8153250900391841e-01
   2.5843391258228615e-01
   2.3718733694928867e-01
   2.1768866828243724e-01
   1.9983143375693910e-01
   1.8350970482210091e-01
   1.6862019824950628e-01
   1.5506374927142949e-01
   1.4274630109299885e-01
   1.3157952781233534e-01
   1.2148118415518595e-01
   1.1237525557933790e-01
   1.0419196600926597e-01
   9.6867687323393514e-02
   9.0344784274124942e-02
   8.4571420319242904e-02
   7.9501343467147531e-02
   7.5093666326858183e-02
   7.1312650802928174e-02
   6.8127505035452118e-02
   6.5512198053753468e-02
   6.3445296027099571e-02
   6.1909822828189458e-02
   6.0893146773307247e-02
   6.0386894786175746e-02
   6.0386894786175753e-02
   6.0893146773307247e-02
   6.1909822828189458e-02
   6.3445296027099585e-02
   6.5512198053753481e-02
   6.8127505035452132e-02
   7.1312650802928187e-02
   7.5093666326858183e-02
   7.9501343467147531e-02
   8.4571420319242918e-02
   9.0344784274124970e-02
   9.6867687323393514e-02
   1.0419196600926599e-01
   1.1237525557933792e-01
   1.2148118415518598e-01
   1.3157952781233537e-01
   1.4274630109299885e-01
   1.5506374927142952e-01
   1.6862019824950630e-01
   1.8350970482210091e-01
   1.9983143375693913e-01
   2.1768866828243730e-01
   2.3718733694928870e-01
   2.5843391258228621e-01
   2.8153250900391846e-01
   3.0658097036400156e-01
   3.3366572000628963e-01
   3.6285511723918512e-01
   3.9419107122627378e-01
   4.2767869630614458e-01
   4.6327388277150228e-01
   5.0086882725419601e-01
   5.6071199680298878e-01
   6.4238360387382809e-01
   7.2438789807606740e-01
   8.0514354469009342e-01
   8.8252234371062643e-01
   9.5389479710824499e-01
   1.0162746200406214e+00
   1.0665757616192542e+00
   1.1019654824723344e+00
   1.1202576250485259e+00
   1.1202576250485263e+00
   1.1019654824723357e+00
   1.0665757616192564e+00
   1.0162746200406243e+00
   9.5389479710824843e-01
   8.8252234371063032e-01
   8.0514354469009763e-01
   7.2438789807607173e-01
   6.4238360387383242e-01
   5.6071199680299300e-01
   5.0086882725420012e-01
   4.6327388277150616e-01
   4.2767869630614830e-01
   3.9419107122627728e-01
   3.6285511723918834e-01
   3.3366572000629269e-01
   3.0658097036400439e-01
   2.8153250900392107e-01
   2.5843391258228859e-01
   2.3718733694929095e-01
   2.1768866828243935e-01
   1.9983143375694104e-01
   1.8350970482210271e-01
   1.6862019824950794e-01
   1.5506374927143102e-01
   1.4274630109300024e-01
   1.3157952781233664e-01
   1.2148118415518716e-01
   1.1237525557933901e-01
   1.0419196600926700e-01
   9.6867687323394458e-02
   9.0344784274125858e-02
   8.4571420319243765e-02
   7.9501343467148322e-02
   7.5093666326858932e-02
   7.1312650802928881e-02
   6.8127505035452784e-02
   6.5512198053754120e-02
   6.3445296027100209e-02
   6.1909822828190061e-02
   6.0893146773307837e-02
   6.0386894786176329e-02
   6.0386894786176329e-02
   6.0893146773307830e-02
   6.1909822828190048e-02
   6.3445296027100181e-02
   6.5512198053754106e-02
   6.8127505035452771e-02
   7.1312650802928854e-02
   7.5093666326858891e-02
   7.9501343467148280e-02
   8.4571420319243709e-02
   9.0344784274125817e-02
   9.6867687323394416e-02
   1.0419196600926695e-01
   1.1237525557933896e-01
   1.2148118415518711e-01
   1.3157952781233656e-01
   1.4274630109300016e-01
   1.5506374927143093e-01
   1.6862019824950786e-01
   1.8350970482210263e-01
   1.9983143375694098e-01
   2.1768866828243930e-01
   2.3718733694929089e-01
   2.5843391258228854e-01
   2.8153250900392102e-01
   3.0658097036400439e-01
   3.3366572000629269e-01
   3.6285511723918834e-01
   3.9419107122627728e-01
   4.2767869630614824e-01
   4.6327388277150622e-01
   5.0086882725420012e-01
