   4.7732091801149729e-01
   4.7263516299695152e-01
   4.6752980426285407e-01
   4.6205263262408808e-01
   4.5625335268462985e-01
   4.5018284515780244e-01
   4.4389246959512690e-01
   4.3743342181311856e-01
   4.3085615676103628e-01
   4.2420988402171178e-01
   4.1754213977076177e-01
   4.1089843598199144e-01
   4.0432198505767253e-01
   3.9785349593628466e-01
   3.9153103610256362e-01
   3.8538995277858024e-01
   3.7946284586941370e-01
   3.7377958491629726e-01
   3.6836736230892014e-01
   3.6325077525951205e-01
   3.5845192947945886e-01
   3.5399055806525009e-01
   3.4988414974310517e-01
   3.4614808129802077e-01
   3.4279574968955956e-01
   3.3983870000835203e-01
   3.3728674603661890e-01
   3.3514808073240243e-01
   3.3342937445557824e-01
   3.3213585919366095e-01
   3.3127139743002360e-01
   3.3083853463230117e-01
   3.3083853463230117e-01
   3.3127139743002360e-01
   3.3213585919366090e-01
   3.3342937445557824e-01
   3.3514808073240243e-01
   3.3728674603661901e-01
   3.3983870000835203e-01
   3.4279574968955961e-01
   3.4614808129802077e-01
   3.4988414974310517e-01
   3.5399055806525009e-01
   3.5845192947945892e-01
   3.6325077525951210e-01
   3.6836736230892014e-01
   3.7377958491629731e-01
   3.7946284586941370e-01
   3.8538995277858029e-01
   3.9153103610256362e-01
   3.9785349593628466e-01
   4.0432198505767258e-01
   4.1089843598199149e-01
   4.1754213977076177e-01
   4.2420988402171178e-01
   4.3085615676103639e-01
   4.3743342181311856e-01
   4.4389246959512696e-01
   4.5018284515780249e-01
   4.5625335268462996e-01
   4.6205263262408813e-01
   4.6752980426285412e-01
   4.7263516299695152e-01
   4.7732091801149734e-01
   4.8373094607748068e-01
   4.9178173249591972e-01
   4.9919791404199976e-01
   5.0589654577389565e-01
   5.1179987746499545e-01
   5.1683713289853928e-01
   5.2094622803891510e-01
   5.2407535363406843e-01
   5.2618434881241782e-01
   5.2724579845416764e-01
   5.2724579845416752e-01
   5.2618434881241760e-01
   5.2407535363406810e-01
   5.2094622803891455e-01
   5.1683713289853861e-01
   5.1179987746499467e-01
   5.0589654577389465e-01
   4.9919791404199870e-01
   4.9178173249591867e-01
   4.8373094607747952e-01
   4.7732091801149623e-01
   4.7263516299695058e-01
   4.6752980426285334e-01
   4.6205263262408758e-01
   4.5625335268462958e-01
   4.5018284515780238e-01
   4.4389246959512701e-01
   4.3743342181311878e-01
   4.3085615676103683e-01
   4.2420988402171245e-01
   4.1754213977076265e-01
   4.1089843598199249e-01
   4.0432198505767381e-01
   3.9785349593628616e-01
   3.9153103610256518e-01
   3.8538995277858201e-01
   3.7946284586941559e-01
   3.7377958491629931e-01
   3.6836736230892231e-01
   3.6325077525951432e-01
   3.5845192947946131e-01
   3.5399055806525254e-01
   3.4988414974310778e-01
   3.4614808129802344e-01
   3.4279574968956228e-01
   3.3983870000835487e-01
   3.3728674603662184e-01
   3.3514808073240532e-01
   3.3342937445558118e-01
   3.3213585919366390e-01
   3.3127139743002665e-01
   3.3083853463230412e-01
   3.3083853463230412e-01
   3.3127139743002665e-01
   3.3213585919366390e-01
   3.3342937445558118e-01
   3.3514808073240532e-01
   3.3728674603662184e-01
   3.3983870000835487e-01
   3.4279574968956233e-01
   3.4614808129802344e-01
   3.4988414974310778e-01
   3.5399055806525254e-01
   3.5845192947946131e-01
   3.6325077525951432e-01
   3.6836736230892231e-01
   3.7377958491629931e-01
   3.7946284586941559e-01
   3.8538995277858201e-01
   3.9153103610256523e-01
   3.9785349593628616e-01
   4.0432198505767381e-01
   4.1089843598199255e-01
   4.1754213977076271e-01
   4.2420988402171245e-01
   4.3085615676103689e-01
   4.3743342181311884e-01
   4.4389246959512707e-01
   4.5018284515780232e-01
   4.5625335268462958e-01
   4.6205263262408758e-01
   4.6752980426285340e-01
   4.7263516299695063e-01
   4.7732091801149623e-01
