   5.2683309136307632e-01
   4.9734606586054864e-01
   4.6851895612074790e-01
   4.4056497542074119e-01
   4.1364784676081517e-01
   3.8788756097131433e-01
   3.6336646103333092e-01
   3.4013524247074245e-01
   3.1821859541512276e-01
   2.9762032460834753e-01
   2.7832786798329984e-01
   2.6031619482015650e-01
   2.4355110473903263e-01
   2.2799197332512189e-01
   2.1359400308820564e-01
   2.0031004322349738e-01
   1.8809204103978983e-01
   1.7689218404416227e-01
   1.6666378602143125e-01
   1.5736196404952441e-01
   1.4894414691716637e-01
   1.4137044926305570e-01
   1.3460394015734967e-01
   1.2861082989420294e-01
   1.2336059447627079e-01
   1.1882605361837059e-01
   1.1498341502121218e-01
   1.1181229509818853e-01
   1.0929572420608165e-01
   1.0742014266333705e-01
   1.0617539237089503e-01
   1.0555470761959167e-01
   1.0555470761959167e-01
   1.0617539237089502e-01
   1.0742014266333702e-01
   1.0929572420608159e-01
   1.1181229509818845e-01
   1.1498341502121208e-01
   1.1882605361837049e-01
   1.2336059447627068e-01
   1.2861082989420280e-01
   1.3460394015734953e-01
   1.4137044926305553e-01
   1.4894414691716620e-01
   1.5736196404952421e-01
   1.6666378602143109e-01
   1.7689218404416210e-01
   1.8809204103978966e-01
   2.0031004322349724e-01
   2.1359400308820550e-01
   2.2799197332512175e-01
   2.4355110473903249e-01
   2.6031619482015639e-01
   2.7832786798329978e-01
   2.9762032460834742e-01
   3.1821859541512271e-01
   3.4013524247074234e-01
   3.6336646103333087e-01
   3.8788756097131427e-01
   4.1364784676081506e-01
   4.4056497542074119e-01
   4.6851895612074790e-01
   4.9734606586054864e-01
   5.2683309136307632e-01
   5.7220765227581627e-01
   6.3294882979843969e-01
   6.9262111392522374e-01
   7.5002800934447056e-01
   8.0373943609860055e-01
   8.5214922965238704e-01
   8.9357188231446860e-01
   9.2637542526673500e-01
   9.4913734039252085e-01
   9.6080051701337177e-01
   9.6080051701826963e-01
   9.4913734040697406e-01
   9.2637542529005379e-01
   8.9357188234559959e-01
   8.5214922969003581e-01
   8.0373943614136489e-01
   7.5002800939096326e-01
   6.9262111397416937e-01
   6.3294882984873924e-01
   5.7220765232657844e-01
   5.2683309141367951e-01
   4.9734606591054331e-01
   4.6851895616972361e-01
   4.4056497546837475e-01
   4.1364784680686223e-01
   3.8788756101559996e-01
   3.6336646107573967e-01
   3.4013524251120902e-01
   3.1821859545362297e-01
   2.9762032464489058e-01
   2.7832786801792142e-01
   2.6031619485291235e-01
   2.4355110476999409e-01
   2.2799197335437149e-01
   2.1359400311583374e-01
   2.0031004324959945e-01
   1.8809204106446439e-01
   1.7689218406750928e-01
   1.6666378604355073e-01
   1.5736196407051564e-01
   1.4894414693712724e-01
   1.4137044928208226e-01
   1.3460394017553590e-01
   1.2861082991164061e-01
   1.2336059449304952e-01
   1.1882605363457786e-01
   1.1498341503693356e-01
   1.1181229511350781e-01
   1.0929572422108114e-01
   1.0742014267809780e-01
   1.0617539238549716e-01
   1.0555470763411463e-01
   1.0555470763411465e-01
   1.0617539238549718e-01
   1.0742014267809784e-01
   1.0929572422108118e-01
   1.1181229511350788e-01
   1.1498341503693363e-01
   1.1882605363457796e-01
   1.2336059449304963e-01
   1.2861082991164074e-01
   1.3460394017553604e-01
   1.4137044928208242e-01
   1.4894414693712743e-01
   1.5736196407051584e-01
   1.6666378604355095e-01
   1.7689218406750948e-01
   1.8809204106446464e-01
   2.0031004324959967e-01
   2.1359400311583396e-01
   2.2799197335437174e-01
   2.4355110476999436e-01
   2.6031619485291263e-01
   2.7832786801792164e-01
   2.9762032464489085e-01
   3.1821859545362324e-01
   3.4013524251120919e-01
   3.6336646107573983e-01
   3.8788756101560012e-01
   4.1364784680686240e-01
   4.4056497546837492e-01
   4.6851895616972372e-01
   4.9734606591054337e-01
   5.2683309141367962e-01
