   5.3744403593217671e-01
   5.1602655958508259e-01
   4.9440929879434914e-01
   4.7280879656538816e-01
   4.5141473679338157e-01
   4.3038983653861168e-01
   4.0987071676976494e-01
   3.8996948673476528e-01
   3.7077580336362242e-01
   3.5235920345363042e-01
   3.3477154635161205e-01
   3.1804944383202099e-01
   3.0221658900328369e-01
   2.8728592588753016e-01
   2.7326162536313958e-01
   2.6014085165979178e-01
   2.4791531716273554e-01
   2.3657263270239551e-01
   2.2609746659540553e-01
   2.1647252922805843e-01
   2.0767940159891682e-01
   1.9969922651493188e-01
   1.9251328050212449e-01
   1.8610344328208939e-01
   1.8045258012605697e-01
   1.7554485070433620e-01
   1.7136595631977719e-01
   1.6790333572561700e-01
   1.6514631812492730e-01
   1.6308624045194406e-01
   1.6171653464948882e-01
   1.6103278937487159e-01
   1.6103278937487159e-01
   1.6171653464948882e-01
   1.6308624045194409e-01
   1.6514631812492733e-01
   1.6790333572561700e-01
   1.7136595631977722e-01
   1.7554485070433617e-01
   1.8045258012605700e-01
   1.8610344328208941e-01
   1.9251328050212452e-01
   1.9969922651493188e-01
   2.0767940159891685e-01
   2.1647252922805843e-01
   2.2609746659540553e-01
   2.3657263270239551e-01
   2.4791531716273560e-01
   2.6014085165979184e-01
   2.7326162536313964e-01
   2.8728592588753021e-01
   3.0221658900328374e-01
   3.1804944383202105e-01
   3.3477154635161210e-01
   3.5235920345363048e-01
   3.7077580336362248e-01
   3.8996948673476528e-01
   4.0987071676976494e-01
   4.3038983653861174e-01
   4.5141473679338168e-01
   4.7280879656538821e-01
   4.9440929879434914e-01
   5.1602655958508259e-01
   5.3744403593217682e-01
   5.6929748073261666e-01
   6.1114174860315484e-01
   6.5143010737861340e-01
   6.8939726148087110e-01
   7.2420601622735326e-01
   7.5498419676406570e-01
   7.8087306684782498e-01
   8.0108399363759097e-01
   8.1495775965414397e-01
   8.2201917665585600e-01
   8.2201917665585555e-01
   8.1495775965414285e-01
   8.0108399363758920e-01
   7.8087306684782254e-01
   7.5498419676406270e-01
   7.2420601622734981e-01
   6.8939726148086722e-01
   6.5143010737860929e-01
   6.1114174860315074e-01
   5.6929748073261244e-01
   5.3744403593217249e-01
   5.1602655958507815e-01
   4.9440929879434464e-01
   4.7280879656538355e-01
   4.5141473679337696e-01
   4.3038983653860713e-01
   4.0987071676976033e-01
   3.8996948673476078e-01
   3.7077580336361804e-01
   3.5235920345362615e-01
   3.3477154635160788e-01
   3.1804944383201700e-01
   3.0221658900327975e-01
   2.8728592588752633e-01
   2.7326162536313586e-01
   2.6014085165978823e-01
   2.4791531716273207e-01
   2.3657263270239215e-01
   2.2609746659540225e-01
   2.1647252922805524e-01
   2.0767940159891374e-01
   1.9969922651492886e-01
   1.9251328050212160e-01
   1.8610344328208653e-01
   1.8045258012605420e-01
   1.7554485070433348e-01
   1.7136595631977453e-01
   1.6790333572561436e-01
   1.6514631812492472e-01
   1.6308624045194148e-01
   1.6171653464948624e-01
   1.6103278937486903e-01
   1.6103278937486903e-01
   1.6171653464948624e-01
   1.6308624045194148e-01
   1.6514631812492470e-01
   1.6790333572561433e-01
   1.7136595631977453e-01
   1.7554485070433345e-01
   1.8045258012605420e-01
   1.8610344328208653e-01
   1.9251328050212155e-01
   1.9969922651492886e-01
   2.0767940159891374e-01
   2.1647252922805521e-01
   2.2609746659540220e-01
   2.3657263270239209e-01
   2.4791531716273202e-01
   2.6014085165978817e-01
   2.7326162536313581e-01
   2.8728592588752627e-01
   3.0221658900327963e-01
   3.1804944383201689e-01
   3.3477154635160783e-01
   3.5235920345362604e-01
   3.7077580336361793e-01
   3.8996948673476073e-01
   4.0987071676976033e-01
   4.3038983653860702e-01
   4.5141473679337696e-01
   4.7280879656538344e-01
   4.9440929879434453e-01
   5.1602655958507804e-01
   5.3744403593217249e-01
