   5.3358968150690622e-01
   5.0765368673573485e-01
   4.8194357408779576e-01
   4.5668427163711733e-01
   4.3206087016964634e-01
   4.0822134694299489e-01
   3.8528008384742313e-01
   3.6332179872008313e-01
   3.4240559390048536e-01
   3.2256890699330087e-01
   3.0383121921704420e-01
   2.8619743411354359e-01
   2.6966088357542661e-01
   2.5420595031753074e-01
   2.3981031794984978e-01
   2.2644687376796477e-01
   2.1408529721767514e-01
   2.0269337041096891e-01
   1.9223804745476636e-01
   1.8268631777698588e-01
   1.7400589589623397e-01
   1.6616576675300626e-01
   1.5913661219215275e-01
   1.5289114071174417e-01
   1.4740433932507635e-01
   1.4265366340186972e-01
   1.3861917769457688e-01
   1.3528365941692302e-01
   1.3263267220517400e-01
   1.3065461802724915e-01
   1.2934077257361373e-01
   1.2868530832720246e-01
   1.2868530832720246e-01
   1.2934077257361370e-01
   1.3065461802724912e-01
   1.3263267220517394e-01
   1.3528365941692300e-01
   1.3861917769457682e-01
   1.4265366340186966e-01
   1.4740433932507627e-01
   1.5289114071174406e-01
   1.5913661219215261e-01
   1.6616576675300615e-01
   1.7400589589623389e-01
   1.8268631777698577e-01
   1.9223804745476628e-01
   2.0269337041096885e-01
   2.1408529721767508e-01
   2.2644687376796471e-01
   2.3981031794984969e-01
   2.5420595031753063e-01
   2.6966088357542656e-01
   2.8619743411354354e-01
   3.0383121921704415e-01
   3.2256890699330087e-01
   3.4240559390048536e-01
   3.6332179872008313e-01
   3.8528008384742318e-01
   4.0822134694299489e-01
   4.3206087016964634e-01
   4.5668427163711733e-01
   4.8194357408779576e-01
   5.0765368673573485e-01
   5.3358968150690622e-01
   5.7291458792002858e-01
   6.2512521942482346e-01
   6.7596074192299971e-01
   7.2441515121405586e-01
   7.6933466875104717e-01
   8.0946767867767855e-01
   8.4353869739233567e-01
   8.7034241633089482e-01
   8.8884827211154194e-01
   8.9830109454898222e-01
   8.9830109454898244e-01
   8.8884827211154260e-01
   8.7034241633089604e-01
   8.4353869739233722e-01
   8.0946767867768066e-01
   7.6933466875104961e-01
   7.2441515121405831e-01
   6.7596074192300237e-01
   6.2512521942482624e-01
   5.7291458792003136e-01
   5.3358968150690900e-01
   5.0765368673573752e-01
   4.8194357408779853e-01
   4.5668427163712011e-01
   4.3206087016964906e-01
   4.0822134694299750e-01
   3.8528008384742574e-01
   3.6332179872008563e-01
   3.4240559390048769e-01
   3.2256890699330321e-01
   3.0383121921704642e-01
   2.8619743411354570e-01
   2.6966088357542861e-01
   2.5420595031753263e-01
   2.3981031794985161e-01
   2.2644687376796654e-01
   2.1408529721767683e-01
   2.0269337041097052e-01
   1.9223804745476789e-01
   1.8268631777698735e-01
   1.7400589589623541e-01
   1.6616576675300765e-01
   1.5913661219215405e-01
   1.5289114071174545e-01
   1.4740433932507760e-01
   1.4265366340187094e-01
   1.3861917769457810e-01
   1.3528365941692422e-01
   1.3263267220517516e-01
   1.3065461802725031e-01
   1.2934077257361490e-01
   1.2868530832720362e-01
   1.2868530832720362e-01
   1.2934077257361490e-01
   1.3065461802725031e-01
   1.3263267220517516e-01
   1.3528365941692422e-01
   1.3861917769457810e-01
   1.4265366340187097e-01
   1.4740433932507763e-01
   1.5289114071174548e-01
   1.5913661219215408e-01
   1.6616576675300762e-01
   1.7400589589623539e-01
   1.8268631777698729e-01
   1.9223804745476786e-01
   2.0269337041097044e-01
   2.1408529721767672e-01
   2.2644687376796643e-01
   2.3981031794985150e-01
   2.5420595031753251e-01
   2.6966088357542850e-01
   2.8619743411354553e-01
   3.0383121921704620e-01
   3.2256890699330298e-01
   3.4240559390048753e-01
   3.6332179872008541e-01
   3.8528008384742557e-01
   4.0822134694299739e-01
   4.3206087016964889e-01
   4.5668427163712000e-01
   4.8194357408779842e-01
   5.0765368673573752e-01
   5.3358968150690889e-01
