   5.3287563325018406e-01
   5.0647223215483905e-01
   4.8034682060379580e-01
   4.5472377714473650e-01
   4.2978632014503515e-01
   4.0567959299408229e-01
   3.8251449980428043e-01
   3.6037190239758421e-01
   3.3930688146848104e-01
   3.1935285017063125e-01
   3.0052538135275370e-01
   2.8282566818753757e-01
   2.6624358224831057e-01
   2.5076032477090382e-01
   2.3635068805759074e-01
   2.2298495700148332e-01
   2.1063048761859904e-01
   1.9925300204259377e-01
   1.8881763908385193e-01
   1.7928979726559693e-01
   1.7063580402006290e-01
   1.6282344101604254e-01
   1.5582235176975809e-01
   1.4960435400080804e-01
   1.4414367577140444e-01
   1.3941713135844327e-01
   1.3540425007586140e-01
   1.3208736888104891e-01
   1.2945169753751487e-01
   1.2748536333015589e-01
   1.2617944079812676e-01
   1.2552797062065804e-01
   1.2552797062065804e-01
   1.2617944079812674e-01
   1.2748536333015584e-01
   1.2945169753751479e-01
   1.3208736888104883e-01
   1.3540425007586129e-01
   1.3941713135844314e-01
   1.4414367577140430e-01
   1.4960435400080790e-01
   1.5582235176975789e-01
   1.6282344101604235e-01
   1.7063580402006273e-01
   1.7928979726559677e-01
   1.8881763908385174e-01
   1.9925300204259361e-01
   2.1063048761859884e-01
   2.2298495700148313e-01
   2.3635068805759052e-01
   2.5076032477090360e-01
   2.6624358224831030e-01
   2.8282566818753735e-01
   3.0052538135275342e-01
   3.1935285017063103e-01
   3.3930688146848087e-01
   3.6037190239758404e-01
   3.8251449980428026e-01
   4.0567959299408224e-01
   4.2978632014503504e-01
   4.5472377714473639e-01
   4.8034682060379574e-01
   5.0647223215483905e-01
   5.3287563325018406e-01
   5.7298770493766549e-01
   6.2630133500910778e-01
   6.7827135334643063e-01
   7.2786655018246793e-01
   7.7389808400482718e-01
   8.1507061389745794e-01
   8.5005916488782673e-01
   8.7760778013331198e-01
   8.9663995519440687e-01
   9.0636544787510953e-01
   9.0636544787510931e-01
   8.9663995519440609e-01
   8.7760778013331064e-01
   8.5005916488782496e-01
   8.1507061389745572e-01
   7.7389808400482474e-01
   7.2786655018246516e-01
   6.7827135334642763e-01
   6.2630133500910457e-01
   5.7298770493766227e-01
   5.3287563325018084e-01
   5.0647223215483583e-01
   4.8034682060379258e-01
   4.5472377714473333e-01
   4.2978632014503199e-01
   4.0567959299407935e-01
   3.8251449980427749e-01
   3.6037190239758143e-01
   3.3930688146847832e-01
   3.1935285017062870e-01
   3.0052538135275120e-01
   2.8282566818753524e-01
   2.6624358224830830e-01
   2.5076032477090171e-01
   2.3635068805758869e-01
   2.2298495700148135e-01
   2.1063048761859718e-01
   1.9925300204259200e-01
   1.8881763908385024e-01
   1.7928979726559532e-01
   1.7063580402006134e-01
   1.6282344101604107e-01
   1.5582235176975665e-01
   1.4960435400080668e-01
   1.4414367577140313e-01
   1.3941713135844197e-01
   1.3540425007586016e-01
   1.3208736888104772e-01
   1.2945169753751368e-01
   1.2748536333015473e-01
   1.2617944079812560e-01
   1.2552797062065688e-01
   1.2552797062065688e-01
   1.2617944079812560e-01
   1.2748536333015470e-01
   1.2945169753751362e-01
   1.3208736888104766e-01
   1.3540425007586010e-01
   1.3941713135844191e-01
   1.4414367577140305e-01
   1.4960435400080660e-01
   1.5582235176975653e-01
   1.6282344101604093e-01
   1.7063580402006123e-01
   1.7928979726559521e-01
   1.8881763908385010e-01
   1.9925300204259183e-01
   2.1063048761859701e-01
   2.2298495700148119e-01
   2.3635068805758846e-01
   2.5076032477090143e-01
   2.6624358224830802e-01
   2.8282566818753496e-01
   3.0052538135275092e-01
   3.1935285017062842e-01
   3.3930688146847809e-01
   3.6037190239758116e-01
   3.8251449980427726e-01
   4.0567959299407919e-01
   4.2978632014503187e-01
   4.5472377714473317e-01
   4.8034682060379247e-01
   5.0647223215483572e-01
   5.3287563325018072e-01
