   5.2980617086689263e-01
   5.1549562253724013e-01
   5.0061130549867106e-01
   4.8531573483999063e-01
   4.6976255564601888e-01
   4.5409453728015847e-01
   4.3844221532379557e-01
   4.2292312076226374e-01
   4.0764151742357624e-01
   3.9268855964882476e-01
   3.7814278093347486e-01
   3.6407082883148939e-01
   3.5052836982509106e-01
   3.3756109844248078e-01
   3.2520579630027080e-01
   3.1349139795942083e-01
   3.0244003084564380e-01
   2.9206800560773377e-01
   2.8238674099602196e-01
   2.7340361361933713e-01
   2.6512272786586666e-01
   2.5754560499420959e-01
   2.5067179308631715e-01
   2.4449940137981288e-01
   2.3902556363011956e-01
   2.3424683574221764e-01
   2.3015953308584042e-01
   2.2676001277254504e-01
   2.2404490581350758e-01
   2.2201130355940324e-01
   2.2065690219851913e-01
   2.1998010839311297e-01
   2.1998010839311299e-01
   2.2065690219851916e-01
   2.2201130355940327e-01
   2.2404490581350764e-01
   2.2676001277254515e-01
   2.3015953308584050e-01
   2.3424683574221775e-01
   2.3902556363011976e-01
   2.4449940137981302e-01
   2.5067179308631732e-01
   2.5754560499420981e-01
   2.6512272786586683e-01
   2.7340361361933735e-01
   2.8238674099602218e-01
   2.9206800560773399e-01
   3.0244003084564403e-01
   3.1349139795942110e-01
   3.2520579630027102e-01
   3.3756109844248111e-01
   3.5052836982509128e-01
   3.6407082883148967e-01
   3.7814278093347509e-01
   3.9268855964882493e-01
   4.0764151742357635e-01
   4.2292312076226390e-01
   4.3844221532379568e-01
   4.5409453728015864e-01
   4.6976255564601893e-01
   4.8531573483999069e-01
   5.0061130549867106e-01
   5.1549562253724013e-01
   5.2980617086689263e-01
   5.5041054217231511e-01
   5.7700590201287427e-01
   6.0215943049688103e-01
   6.2545107058784166e-01
   6.4645113286800326e-01
   6.6473734109970284e-01
   6.7991416460739984e-01
   6.9163310457734628e-01
   6.9961222775095566e-01
   7.0365306244495029e-01
   7.0365306244495029e-01
   6.9961222775095544e-01
   6.9163310457734595e-01
   6.7991416460739929e-01
   6.6473734109970217e-01
   6.4645113286800249e-01
   6.2545107058784077e-01
   6.0215943049688003e-01
   5.7700590201287327e-01
   5.5041054217231389e-01
   5.2980617086689152e-01
   5.1549562253723880e-01
   5.0061130549866961e-01
   4.8531573483998902e-01
   4.6976255564601710e-01
   4.5409453728015670e-01
   4.3844221532379368e-01
   4.2292312076226174e-01
   4.0764151742357424e-01
   3.9268855964882265e-01
   3.7814278093347276e-01
   3.6407082883148734e-01
   3.5052836982508889e-01
   3.3756109844247861e-01
   3.2520579630026858e-01
   3.1349139795941861e-01
   3.0244003084564158e-01
   2.9206800560773155e-01
   2.8238674099601979e-01
   2.7340361361933496e-01
   2.6512272786586449e-01
   2.5754560499420748e-01
   2.5067179308631499e-01
   2.4449940137981074e-01
   2.3902556363011748e-01
   2.3424683574221553e-01
   2.3015953308583828e-01
   2.2676001277254290e-01
   2.2404490581350545e-01
   2.2201130355940110e-01
   2.2065690219851697e-01
   2.1998010839311083e-01
   2.1998010839311083e-01
   2.2065690219851700e-01
   2.2201130355940107e-01
   2.2404490581350542e-01
   2.2676001277254287e-01
   2.3015953308583825e-01
   2.3424683574221547e-01
   2.3902556363011743e-01
   2.4449940137981069e-01
   2.5067179308631493e-01
   2.5754560499420742e-01
   2.6512272786586438e-01
   2.7340361361933485e-01
   2.8238674099601968e-01
   2.9206800560773144e-01
   3.0244003084564153e-01
   3.1349139795941855e-01
   3.2520579630026852e-01
   3.3756109844247856e-01
   3.5052836982508878e-01
   3.6407082883148723e-01
   3.7814278093347264e-01
   3.9268855964882260e-01
   4.0764151742357413e-01
   4.2292312076226163e-01
   4.3844221532379357e-01
   4.5409453728015653e-01
   4.6976255564601699e-01
   4.8531573483998891e-01
   5.0061130549866950e-01
   5.1549562253723868e-01
   5.2980617086689141e-01
