  -2.0908747855725546e-01
  -2.0774614040709513e-01
  -2.0645347419143917e-01
  -2.0357850365932942e-01
  -1.9992510105821040e-01
  -1.9723111517444245e-01
  -1.9535894606585708e-01
  -1.9380755036624739e-01
  -1.9250933519920568e-01
  -1.9176590641195490e-01
  -1.9168624607537185e-01
  -1.9182569925962797e-01
  -1.9278627131141512e-01
  -1.9478347312002237e-01
  -1.9800254963582273e-01
  -2.0252156812784897e-01
  -2.0824027339848944e-01
  -2.1497296743203165e-01
  -2.2255461844127369e-01
  -2.3086099559834408e-01
  -2.3978487700450937e-01
  -2.4357937040259861e-01
  -2.4922833076682727e-01
  -2.5911543243658930e-01
  -2.6939982314906230e-01
  -2.8005657568660464e-01
  -2.9106937650202686e-01
  -3.0242497377383087e-01
  -3.1411495671246303e-01
  -3.2613804496688925e-01
  -3.3849905489351628e-01
  -3.5120615946196232e-01
  -3.6426932019442526e-01
  -3.7770046627331860e-01
  -3.9151409742563437e-01
  -4.0572725437921925e-01
  -4.2035899192280002e-01
  -4.3542998184937232e-01
  -4.5096248980242265e-01
  -4.6698050364825577e-01
  -4.8350975558995385e-01
  -5.0057761601167983e-01
  -5.1821298092396328e-01
  -5.3644622350023408e-01
  -5.5530917638449817e-01
  -5.7483508580859433e-01
  -5.9505852190570785e-01
  -6.1601526664671347e-01
  -6.3774219755048123e-01
  -6.6027716485474941e-01
  -6.8365885247720071e-01
  -7.0792662197355671e-01
  -7.3312034902777190e-01
  -7.5928026445060071e-01
  -7.8644680926140886e-01
  -8.1466051258143113e-01
  -8.4396190318337483e-01
  -8.7439146768509379e-01
  -9.0598966812479131e-01
  -9.3879702924383712e-01
  -9.7285430264996653e-01
  -1.0082027118351589e+00
