   2.6060381969746482e-01
   2.5038404023891175e-01
   2.4053752710303711e-01
   2.3107201472424257e-01
   2.2199239415564034e-01
   2.1330110572835256e-01
   2.0499850142682713e-01
   1.9708317602807848e-01
   1.8955226706887707e-01
   1.8240172446527145e-01
   1.7562655115400200e-01
   1.6922101649373328e-01
   1.6317884439042482e-01
   1.5749337822620474e-01
   1.5215772470102665e-01
   1.4716487866310665e-01
   1.4250783092562072e-01
   1.3817966095781042e-01
   1.3417361620983340e-01
   1.3048317969113271e-01
   1.2710212727833703e-01
   1.2402457608551642e-01
   1.2124502509035705e-01
   1.1875838907669702e-01
   1.1656002682822611e-01
   1.1464576439065509e-01
   1.1301191411045884e-01
   1.1165529005716976e-01
   1.1057322034264301e-01
   1.0976355676404199e-01
   1.0922468211667237e-01
   1.0895551544730606e-01
   1.0895551544730606e-01
   1.0922468211667238e-01
   1.0976355676404201e-01
   1.1057322034264302e-01
   1.1165529005716979e-01
   1.1301191411045887e-01
   1.1464576439065513e-01
   1.1656002682822615e-01
   1.1875838907669706e-01
   1.2124502509035709e-01
   1.2402457608551648e-01
   1.2710212727833708e-01
   1.3048317969113279e-01
   1.3417361620983348e-01
   1.3817966095781051e-01
   1.4250783092562080e-01
   1.4716487866310674e-01
   1.5215772470102676e-01
   1.5749337822620482e-01
   1.6317884439042490e-01
   1.6922101649373336e-01
   1.7562655115400208e-01
   1.8240172446527150e-01
   1.8955226706887712e-01
   1.9708317602807851e-01
   2.0499850142682716e-01
   2.1330110572835256e-01
   2.2199239415564034e-01
   2.3107201472424257e-01
   2.4053752710303705e-01
   2.5038404023891170e-01
   2.6060381969746477e-01
   2.7667362819664471e-01
   2.9858246269848854e-01
   3.2079511560994695e-01
   3.4324591899838180e-01
   3.6584919584139636e-01
   3.8849771106243014e-01
   4.1106151681553388e-01
   4.3338737317435089e-01
   4.5529894303772411e-01
   4.7659796426891127e-01
   4.9706658664126452e-01
   5.1647102023284597e-01
   5.3456657136944075e-01
   5.5110404129847534e-01
   5.6583733573362194e-01
   5.7853199064511962e-01
   5.8897417780717021e-01
   5.9697963397535958e-01
   6.0240188290721830e-01
   6.0513910929079751e-01
   6.0513910929079762e-01
   6.0240188290721886e-01
   5.9697963397536036e-01
   5.8897417780717132e-01
   5.7853199064512106e-01
   5.6583733573362371e-01
   5.5110404129847734e-01
   5.3456657136944297e-01
   5.1647102023284830e-01
   4.9706658664126702e-01
   4.7659796426891393e-01
   4.5529894303772689e-01
   4.3338737317435366e-01
   4.1106151681553671e-01
   3.8849771106243297e-01
   3.6584919584139924e-01
   3.4324591899838458e-01
   3.2079511560994972e-01
   2.9858246269849131e-01
   2.7667362819664743e-01
   2.6060381969746738e-01
   2.5038404023891431e-01
   2.4053752710303955e-01
   2.3107201472424499e-01
   2.2199239415564267e-01
   2.1330110572835481e-01
   2.0499850142682935e-01
   1.9708317602808062e-01
   1.8955226706887918e-01
   1.8240172446527347e-01
   1.7562655115400397e-01
   1.6922101649373522e-01
   1.6317884439042668e-01
   1.5749337822620652e-01
   1.5215772470102842e-01
   1.4716487866310837e-01
   1.4250783092562239e-01
   1.3817966095781203e-01
   1.3417361620983498e-01
   1.3048317969113427e-01
   1.2710212727833853e-01
   1.2402457608551788e-01
   1.2124502509035850e-01
   1.1875838907669843e-01
   1.1656002682822750e-01
   1.1464576439065645e-01
   1.1301191411046019e-01
   1.1165529005717109e-01
   1.1057322034264432e-01
   1.0976355676404330e-01
   1.0922468211667367e-01
   1.0895551544730736e-01
   1.0895551544730736e-01
   1.0922468211667367e-01
   1.0976355676404330e-01
   1.1057322034264432e-01
   1.1165529005717109e-01
   1.1301191411046017e-01
   1.1464576439065645e-01
   1.1656002682822750e-01
   1.1875838907669842e-01
   1.2124502509035848e-01
   1.2402457608551788e-01
   1.2710212727833853e-01
   1.3048317969113427e-01
   1.3417361620983495e-01
   1.3817966095781201e-01
   1.4250783092562236e-01
   1.4716487866310834e-01
   1.5215772470102840e-01
   1.5749337822620652e-01
   1.6317884439042665e-01
   1.6922101649373519e-01
   1.7562655115400397e-01
   1.8240172446527350e-01
   1.8955226706887915e-01
   1.9708317602808059e-01
   2.0499850142682932e-01
   2.1330110572835481e-01
   2.2199239415564265e-01
   2.3107201472424493e-01
   2.4053752710303952e-01
   2.5038404023891425e-01
   2.6060381969746732e-01
