   2.9090638715998818e-01
   2.8385620968546182e-01
   2.7693486945615309e-01
   2.7015994542776534e-01
   2.6354715836715614e-01
   2.5711046940670945e-01
   2.5086218744748601e-01
   2.4481308233495769e-01
   2.3897250114711707e-01
   2.3334848533897060e-01
   2.2794788686929204e-01
   2.2277648178778323e-01
   2.1783908007902836e-01
   2.1313963084169019e-01
   2.0868132212691468e-01
   2.0446667496987012e-01
   2.0049763132466170e-01
   1.9677563575809184e-01
   1.9330171087478346e-01
   1.9007652653811252e-01
   1.8710046302127659e-01
   1.8437366827360052e-01
   1.8189610952162386e-01
   1.7966761944514761e-01
   1.7768793717751832e-01
   1.7595674437899630e-01
   1.7447369662383821e-01
   1.7323845032722063e-01
   1.7225068541860711e-01
   1.7151012394469048e-01
   1.7101654475850753e-01
   1.7076979442246729e-01
   1.7076979442246729e-01
   1.7101654475850753e-01
   1.7151012394469048e-01
   1.7225068541860711e-01
   1.7323845032722063e-01
   1.7447369662383821e-01
   1.7595674437899630e-01
   1.7768793717751832e-01
   1.7966761944514761e-01
   1.8189610952162386e-01
   1.8437366827360052e-01
   1.8710046302127659e-01
   1.9007652653811252e-01
   1.9330171087478346e-01
   1.9677563575809184e-01
   2.0049763132466170e-01
   2.0446667496987012e-01
   2.0868132212691470e-01
   2.1313963084169021e-01
   2.1783908007902839e-01
   2.2277648178778323e-01
   2.2794788686929207e-01
   2.3334848533897062e-01
   2.3897250114711707e-01
   2.4481308233495772e-01
   2.5086218744748606e-01
   2.5711046940670951e-01
   2.6354715836715614e-01
   2.7015994542776534e-01
   2.7693486945615309e-01
   2.8385620968546188e-01
   2.9090638715998823e-01
   3.0177873085447476e-01
   3.1644268952942811e-01
   3.3113186337646555e-01
   3.4578442613073385e-01
   3.6033016409326585e-01
   3.7469056486335400e-01
   3.8877914349529263e-01
   4.0250204357393743e-01
   4.1575894483164927e-01
   4.2844429924526456e-01
   4.4044890381717905e-01
   4.5166180060204708e-01
   4.6197247362353316e-01
   4.7127328932650953e-01
   4.7946210387792032e-01
   4.8644493917162457e-01
   4.9213861227084610e-01
   4.9647319265208467e-01
   4.9939416000352377e-01
   5.0086414371222199e-01
   5.0086414371222199e-01
   4.9939416000352366e-01
   4.9647319265208451e-01
   4.9213861227084588e-01
   4.8644493917162435e-01
   4.7946210387792004e-01
   4.7127328932650925e-01
   4.6197247362353278e-01
   4.5166180060204669e-01
   4.4044890381717866e-01
   4.2844429924526417e-01
   4.1575894483164877e-01
   4.0250204357393693e-01
   3.8877914349529213e-01
   3.7469056486335356e-01
   3.6033016409326535e-01
   3.4578442613073335e-01
   3.3113186337646505e-01
   3.1644268952942761e-01
   3.0177873085447421e-01
   2.9090638715998751e-01
   2.8385620968546116e-01
   2.7693486945615237e-01
   2.7015994542776461e-01
   2.6354715836715537e-01
   2.5711046940670873e-01
   2.5086218744748529e-01
   2.4481308233495694e-01
   2.3897250114711632e-01
   2.3334848533896985e-01
   2.2794788686929129e-01
   2.2277648178778245e-01
   2.1783908007902761e-01
   2.1313963084168944e-01
   2.0868132212691393e-01
   2.0446667496986934e-01
   2.0049763132466092e-01
   1.9677563575809107e-01
   1.9330171087478265e-01
   1.9007652653811175e-01
   1.8710046302127581e-01
   1.8437366827359977e-01
   1.8189610952162308e-01
   1.7966761944514684e-01
   1.7768793717751757e-01
   1.7595674437899553e-01
   1.7447369662383747e-01
   1.7323845032721985e-01
   1.7225068541860636e-01
   1.7151012394468973e-01
   1.7101654475850678e-01
   1.7076979442246651e-01
   1.7076979442246648e-01
   1.7101654475850678e-01
   1.7151012394468973e-01
   1.7225068541860636e-01
   1.7323845032721985e-01
   1.7447369662383747e-01
   1.7595674437899553e-01
   1.7768793717751757e-01
   1.7966761944514681e-01
   1.8189610952162308e-01
   1.8437366827359972e-01
   1.8710046302127581e-01
   1.9007652653811175e-01
   1.9330171087478265e-01
   1.9677563575809107e-01
   2.0049763132466089e-01
   2.0446667496986931e-01
   2.0868132212691390e-01
   2.1313963084168941e-01
   2.1783908007902758e-01
   2.2277648178778242e-01
   2.2794788686929127e-01
   2.3334848533896982e-01
   2.3897250114711630e-01
   2.4481308233495694e-01
   2.5086218744748529e-01
   2.5711046940670867e-01
   2.6354715836715537e-01
   2.7015994542776456e-01
   2.7693486945615237e-01
   2.8385620968546110e-01
   2.9090638715998751e-01
