   2.9530228558452737e-01
   2.8878291927543104e-01
   2.8236300402315739e-01
   2.7606028679660088e-01
   2.6989088103197434e-01
   2.6386933074874103e-01
   2.5800868545829980e-01
   2.5232058312320282e-01
   2.4681533871588793e-01
   2.4150203622479069e-01
   2.3638862225124047e-01
   2.3148199962432767e-01
   2.2678811972684607e-01
   2.2231207246939344e-01
   2.1805817306935643e-01
   2.1403004498577946e-01
   2.1023069853004833e-01
   2.0666260481673066e-01
   2.0332776484018228e-01
   2.0022777356240534e-01
   1.9736387897808055e-01
   1.9473703618574406e-01
   1.9234795654177556e-01
   1.9019715200817428e-01
   1.8828497482787526e-01
   1.8661165267430041e-01
   1.8517731942648694e-01
   1.8398204171886867e-01
   1.8302584140681588e-01
   1.8230871407643226e-01
   1.8183064371078950e-01
   1.8159161360555623e-01
   1.8159161360555623e-01
   1.8183064371078950e-01
   1.8230871407643226e-01
   1.8302584140681588e-01
   1.8398204171886867e-01
   1.8517731942648694e-01
   1.8661165267430041e-01
   1.8828497482787526e-01
   1.9019715200817428e-01
   1.9234795654177558e-01
   1.9473703618574406e-01
   1.9736387897808058e-01
   2.0022777356240537e-01
   2.0332776484018231e-01
   2.0666260481673066e-01
   2.1023069853004836e-01
   2.1403004498577949e-01
   2.1805817306935646e-01
   2.2231207246939347e-01
   2.2678811972684612e-01
   2.3148199962432769e-01
   2.3638862225124052e-01
   2.4150203622479074e-01
   2.4681533871588796e-01
   2.5232058312320282e-01
   2.5800868545829986e-01
   2.6386933074874103e-01
   2.6989088103197434e-01
   2.7606028679660094e-01
   2.8236300402315739e-01
   2.8878291927543109e-01
   2.9530228558452742e-01
   3.0532405880540764e-01
   3.1881730260916474e-01
   3.3230809988304078e-01
   3.4573796588022371e-01
   3.5904147186306085e-01
   3.7214642795178499e-01
   3.8497426758635894e-01
   3.9744065948046264e-01
   4.0945636722942302e-01
   4.2092836824723306e-01
   4.3176123241251735e-01
   4.4185874694456057e-01
   4.5112575819645945e-01
   4.5947018419951441e-01
   4.6680513522161565e-01
   4.7305106487171306e-01
   4.7813786306086642e-01
   4.8200679599273705e-01
   4.8461219855266646e-01
   4.8592283169698935e-01
   4.8592283169698930e-01
   4.8461219855266635e-01
   4.8200679599273683e-01
   4.7813786306086614e-01
   4.7305106487171272e-01
   4.6680513522161521e-01
   4.5947018419951391e-01
   4.5112575819645889e-01
   4.4185874694455995e-01
   4.3176123241251674e-01
   4.2092836824723234e-01
   4.0945636722942236e-01
   3.9744065948046187e-01
   3.8497426758635817e-01
   3.7214642795178415e-01
   3.5904147186306007e-01
   3.4573796588022293e-01
   3.3230809988304000e-01
   3.1881730260916386e-01
   3.0532405880540675e-01
   2.9530228558452642e-01
   2.8878291927543004e-01
   2.8236300402315634e-01
   2.7606028679659989e-01
   2.6989088103197328e-01
   2.6386933074873992e-01
   2.5800868545829869e-01
   2.5232058312320166e-01
   2.4681533871588679e-01
   2.4150203622478955e-01
   2.3638862225123933e-01
   2.3148199962432653e-01
   2.2678811972684490e-01
   2.2231207246939225e-01
   2.1805817306935524e-01
   2.1403004498577827e-01
   2.1023069853004714e-01
   2.0666260481672943e-01
   2.0332776484018106e-01
   2.0022777356240415e-01
   1.9736387897807936e-01
   1.9473703618574284e-01
   1.9234795654177433e-01
   1.9019715200817305e-01
   1.8828497482787404e-01
   1.8661165267429919e-01
   1.8517731942648571e-01
   1.8398204171886745e-01
   1.8302584140681466e-01
   1.8230871407643104e-01
   1.8183064371078828e-01
   1.8159161360555501e-01
   1.8159161360555501e-01
   1.8183064371078828e-01
   1.8230871407643104e-01
   1.8302584140681466e-01
   1.8398204171886745e-01
   1.8517731942648571e-01
   1.8661165267429919e-01
   1.8828497482787404e-01
   1.9019715200817305e-01
   1.9234795654177436e-01
   1.9473703618574284e-01
   1.9736387897807936e-01
   2.0022777356240415e-01
   2.0332776484018109e-01
   2.0666260481672946e-01
   2.1023069853004714e-01
   2.1403004498577827e-01
   2.1805817306935524e-01
   2.2231207246939225e-01
   2.2678811972684493e-01
   2.3148199962432653e-01
   2.3638862225123933e-01
   2.4150203622478958e-01
   2.4681533871588679e-01
   2.5232058312320166e-01
   2.5800868545829875e-01
   2.6386933074873992e-01
   2.6989088103197328e-01
   2.7606028679659989e-01
   2.8236300402315639e-01
   2.8878291927543009e-01
   2.9530228558452642e-01
