   2.3511498256373603e-01
   2.2274963376596704e-01
   2.1101178657769978e-01
   1.9988908444447634e-01
   1.8936671255963763e-01
   1.7942802031708158e-01
   1.7005505147903707e-01
   1.6122899174254515e-01
   1.5293054328754457e-01
   1.4514023546966348e-01
   1.3783868020092876e-01
   1.3100677983060230e-01
   1.2462589456076487e-01
   1.1867797565225799e-01
   1.1314566992634137e-01
   1.0801240036483432e-01
   1.0326242696719486e-01
   9.8880891441639210e-02
   9.4853848789612824e-02
   9.1168288386565197e-02
   8.7812146763242310e-02
   8.4774313945814903e-02
   8.2044634914896331e-02
   7.9613907487573174e-02
   7.7473877707822880e-02
   7.5617233644256543e-02
   7.4037598335498292e-02
   7.2729522488578474e-02
   7.1688477420755500e-02
   7.0910848636835805e-02
   7.0393930349318262e-02
   7.0135921174825464e-02
   7.0135921174825464e-02
   7.0393930349318262e-02
   7.0910848636835791e-02
   7.1688477420755473e-02
   7.2729522488578446e-02
   7.4037598335498264e-02
   7.5617233644256515e-02
   7.7473877707822825e-02
   7.9613907487573132e-02
   8.2044634914896275e-02
   8.4774313945814847e-02
   8.7812146763242241e-02
   9.1168288386565141e-02
   9.4853848789612769e-02
   9.8880891441639113e-02
   1.0326242696719476e-01
   1.0801240036483423e-01
   1.1314566992634126e-01
   1.1867797565225788e-01
   1.2462589456076473e-01
   1.3100677983060216e-01
   1.3783868020092863e-01
   1.4514023546966331e-01
   1.5293054328754443e-01
   1.6122899174254499e-01
   1.7005505147903696e-01
   1.7942802031708144e-01
   1.8936671255963755e-01
   1.9988908444447631e-01
   2.1101178657769973e-01
   2.2274963376596701e-01
   2.3511498256373603e-01
   2.5485974846171566e-01
   2.8201398683138568e-01
   3.0982376761557578e-01
   3.3825174770551808e-01
   3.6723001470702110e-01
   3.9665556173377764e-01
   4.2638591011205357e-01
   4.5623523810473132e-01
   4.8597147866950008e-01
   5.1531494513645826e-01
   5.4393910981472848e-01
   5.7147417016419488e-01
   5.9751396059307038e-01
   6.2162657867612814e-01
   6.4336877852918584e-01
   6.6230375019398302e-01
   6.7802139318127386e-01
   6.9015968040162456e-01
   6.9842529757945082e-01
   7.0261154043966334e-01
   7.0261154043966290e-01
   6.9842529757945004e-01
   6.9015968040162323e-01
   6.7802139318127219e-01
   6.6230375019398080e-01
   6.4336877852918328e-01
   6.2162657867612525e-01
   5.9751396059306749e-01
   5.7147417016419189e-01
   5.4393910981472537e-01
   5.1531494513645515e-01
   4.8597147866949703e-01
   4.5623523810472838e-01
   4.2638591011205063e-01
   3.9665556173377486e-01
   3.6723001470701849e-01
   3.3825174770551558e-01
   3.0982376761557345e-01
   2.8201398683138351e-01
   2.5485974846171361e-01
   2.3511498256373409e-01
   2.2274963376596515e-01
   2.1101178657769798e-01
   1.9988908444447467e-01
   1.8936671255963602e-01
   1.7942802031708005e-01
   1.7005505147903563e-01
   1.6122899174254374e-01
   1.5293054328754327e-01
   1.4514023546966223e-01
   1.3783868020092760e-01
   1.3100677983060116e-01
   1.2462589456076378e-01
   1.1867797565225698e-01
   1.1314566992634040e-01
   1.0801240036483341e-01
   1.0326242696719398e-01
   9.8880891441638377e-02
   9.4853848789612047e-02
   9.1168288386564447e-02
   8.7812146763241589e-02
   8.4774313945814223e-02
   8.2044634914895678e-02
   7.9613907487572549e-02
   7.7473877707822270e-02
   7.5617233644255974e-02
   7.4037598335497737e-02
   7.2729522488577933e-02
   7.1688477420754987e-02
   7.0910848636835305e-02
   7.0393930349317776e-02
   7.0135921174824992e-02
   7.0135921174825006e-02
   7.0393930349317804e-02
   7.0910848636835347e-02
   7.1688477420755042e-02
   7.2729522488578002e-02
   7.4037598335497834e-02
   7.5617233644256085e-02
   7.7473877707822408e-02
   7.9613907487572674e-02
   8.2044634914895803e-02
   8.4774313945814347e-02
   8.7812146763241714e-02
   9.1168288386564586e-02
   9.4853848789612172e-02
   9.8880891441638516e-02
   1.0326242696719411e-01
   1.0801240036483356e-01
   1.1314566992634055e-01
   1.1867797565225713e-01
   1.2462589456076396e-01
   1.3100677983060133e-01
   1.3783868020092777e-01
   1.4514023546966243e-01
   1.5293054328754346e-01
   1.6122899174254396e-01
   1.7005505147903580e-01
   1.7942802031708016e-01
   1.8936671255963614e-01
   1.9988908444447476e-01
   2.1101178657769806e-01
   2.2274963376596521e-01
   2.3511498256373412e-01
