   2.9963881542169546e-01
   2.9366924380357440e-01
   2.8777190374856082e-01
   2.8196436602950242e-01
   2.7626280249149970e-01
   2.7068201975441297e-01
   2.6523550470044466e-01
   2.5993547942394074e-01
   2.5479296349870367e-01
   2.4981784161700146e-01
   2.4501893486392542e-01
   2.4040407410240267e-01
   2.3598017415136610e-01
   2.3175330763725679e-01
   2.2772877758355142e-01
   2.2391118797195836e-01
   2.2030451166092518e-01
   2.1691215518158946e-01
   2.1373702004837555e-01
   2.1078156032166806e-01
   2.0804783624430440e-01
   2.0553756384317740e-01
   2.0325216044331976e-01
   2.0119278608580252e-01
   1.9936038087398408e-01
   1.9775569829640835e-01
   1.9637933459022988e-01
   1.9523175421761080e-01
   1.9431331153016781e-01
   1.9362426869423649e-01
   1.9316480994335880e-01
   1.9293505221479945e-01
   1.9293505221479945e-01
   1.9316480994335880e-01
   1.9362426869423649e-01
   1.9431331153016784e-01
   1.9523175421761080e-01
   1.9637933459022988e-01
   1.9775569829640835e-01
   1.9936038087398408e-01
   2.0119278608580252e-01
   2.0325216044331976e-01
   2.0553756384317740e-01
   2.0804783624430440e-01
   2.1078156032166809e-01
   2.1373702004837555e-01
   2.1691215518158946e-01
   2.2030451166092518e-01
   2.2391118797195839e-01
   2.2772877758355142e-01
   2.3175330763725679e-01
   2.3598017415136610e-01
   2.4040407410240267e-01
   2.4501893486392545e-01
   2.4981784161700146e-01
   2.5479296349870367e-01
   2.5993547942394080e-01
   2.6523550470044466e-01
   2.7068201975441297e-01
   2.7626280249149970e-01
   2.8196436602950242e-01
   2.8777190374856082e-01
   2.9366924380357445e-01
   2.9963881542169546e-01
   3.0878501043390272e-01
   3.2107714682872363e-01
   3.3334302386874315e-01
   3.4552812324886756e-01
   3.5757232725408261e-01
   3.6941016415182837e-01
   3.8097121978544912e-01
   3.9218073197457282e-01
   4.0296037916392169e-01
   4.1322926768690255e-01
   4.2290511309537088e-01
   4.3190560052295340e-01
   4.4014989749310862e-01
   4.4756028067998394e-01
   4.5406382680371693e-01
   4.5959410814698975e-01
   4.6409282619962278e-01
   4.6751131365433474e-01
   4.6981183612863620e-01
   4.7096863094260849e-01
   4.7096863094260838e-01
   4.6981183612863570e-01
   4.6751131365433390e-01
   4.6409282619962161e-01
   4.5959410814698831e-01
   4.5406382680371521e-01
   4.4756028067998194e-01
   4.4014989749310635e-01
   4.3190560052295091e-01
   4.2290511309536816e-01
   4.1322926768689960e-01
   4.0296037916391858e-01
   3.9218073197456960e-01
   3.8097121978544585e-01
   3.6941016415182498e-01
   3.5757232725407917e-01
   3.4552812324886406e-01
   3.3334302386873954e-01
   3.2107714682872007e-01
   3.0878501043389911e-01
   2.9963881542169174e-01
   2.9366924380357057e-01
   2.8777190374855682e-01
   2.8196436602949826e-01
   2.7626280249149543e-01
   2.7068201975440853e-01
   2.6523550470044011e-01
   2.5993547942393613e-01
   2.5479296349869890e-01
   2.4981784161699663e-01
   2.4501893486392051e-01
   2.4040407410239770e-01
   2.3598017415136105e-01
   2.3175330763725172e-01
   2.2772877758354629e-01
   2.2391118797195317e-01
   2.2030451166091994e-01
   2.1691215518158419e-01
   2.1373702004837025e-01
   2.1078156032166276e-01
   2.0804783624429901e-01
   2.0553756384317201e-01
   2.0325216044331434e-01
   2.0119278608579710e-01
   1.9936038087397867e-01
   1.9775569829640288e-01
   1.9637933459022441e-01
   1.9523175421760536e-01
   1.9431331153016235e-01
   1.9362426869423102e-01
   1.9316480994335331e-01
   1.9293505221479396e-01
   1.9293505221479396e-01
   1.9316480994335333e-01
   1.9362426869423099e-01
   1.9431331153016235e-01
   1.9523175421760536e-01
   1.9637933459022439e-01
   1.9775569829640288e-01
   1.9936038087397864e-01
   2.0119278608579708e-01
   2.0325216044331432e-01
   2.0553756384317198e-01
   2.0804783624429901e-01
   2.1078156032166273e-01
   2.1373702004837022e-01
   2.1691215518158416e-01
   2.2030451166091991e-01
   2.2391118797195314e-01
   2.2772877758354626e-01
   2.3175330763725166e-01
   2.3598017415136102e-01
   2.4040407410239767e-01
   2.4501893486392051e-01
   2.4981784161699661e-01
   2.5479296349869884e-01
   2.5993547942393608e-01
   2.6523550470044005e-01
   2.7068201975440848e-01
   2.7626280249149537e-01
   2.8196436602949820e-01
   2.8777190374855677e-01
   2.9366924380357057e-01
   2.9963881542169174e-01
