   1.8106142932519881e-01
   1.6611069592843847e-01
   1.5237589893565337e-01
   1.3976934783590753e-01
   1.2820762205563202e-01
   1.1761195069483291e-01
   1.0790839962972773e-01
   9.9027916641008989e-02
   9.0906274120697794e-02
   8.3483939932982962e-02
   7.6705899836228636e-02
   7.0521449208368600e-02
   6.4883967380575017e-02
   5.9750684436015694e-02
   5.5082447671150364e-02
   5.0843492881028386e-02
   4.7001224083183218e-02
   4.3526004129247654e-02
   4.0390957783708659e-02
   3.7571788207737301e-02
   3.5046607319830649e-02
   3.2795780172825868e-02
   3.0801783256683216e-02
   2.9049076483563342e-02
   2.7523988517132156e-02
   2.6214615057146205e-02
   2.5110729672091343e-02
   2.4203706778522693e-02
   2.3486456389397562e-02
   2.2953370290291836e-02
   2.2600279348333623e-02
   2.2424421711269592e-02
   2.2424421711269592e-02
   2.2600279348333627e-02
   2.2953370290291840e-02
   2.3486456389397566e-02
   2.4203706778522696e-02
   2.5110729672091350e-02
   2.6214615057146218e-02
   2.7523988517132166e-02
   2.9049076483563356e-02
   3.0801783256683229e-02
   3.2795780172825889e-02
   3.5046607319830662e-02
   3.7571788207737329e-02
   4.0390957783708679e-02
   4.3526004129247675e-02
   4.7001224083183246e-02
   5.0843492881028421e-02
   5.5082447671150399e-02
   5.9750684436015729e-02
   6.4883967380575044e-02
   7.0521449208368642e-02
   7.6705899836228691e-02
   8.3483939932983003e-02
   9.0906274120697850e-02
   9.9027916641009045e-02
   1.0790839962972777e-01
   1.1761195069483295e-01
   1.2820762205563208e-01
   1.3976934783590755e-01
   1.5237589893565340e-01
   1.6611069592843850e-01
   1.8106142932519884e-01
   2.0575068255346127e-01
   2.4037316260192670e-01
   2.7667609623275696e-01
   3.1480941153309150e-01
   3.5488337128112940e-01
   3.9695452981907386e-01
   4.4100853464569539e-01
   4.8693983984967631e-01
   5.3452888157055145e-01
   5.8341799514768677e-01
   6.3308834858425522e-01
   6.8284137575167514e-01
   7.3178944098788556e-01
   7.7886140988238040e-01
   8.2282891758316368e-01
   8.6235780352132441e-01
   8.9608594095407168e-01
   9.2272353390311068e-01
   9.4116570931981691e-01
   9.5060163221059646e-01
   9.5060163221059624e-01
   9.4116570931981602e-01
   9.2272353390310935e-01
   8.9608594095406990e-01
   8.6235780352132230e-01
   8.2282891758316135e-01
   7.7886140988237773e-01
   7.3178944098788268e-01
   6.8284137575167214e-01
   6.3308834858425234e-01
   5.8341799514768411e-01
   5.3452888157054901e-01
   4.8693983984967409e-01
   4.4100853464569334e-01
   3.9695452981907203e-01
   3.5488337128112785e-01
   3.1480941153309017e-01
   2.7667609623275580e-01
   2.4037316260192568e-01
   2.0575068255346038e-01
   1.8106142932519806e-01
   1.6611069592843777e-01
   1.5237589893565270e-01
   1.3976934783590692e-01
   1.2820762205563149e-01
   1.1761195069483241e-01
   1.0790839962972727e-01
   9.9027916641008559e-02
   9.0906274120697406e-02
   8.3483939932982587e-02
   7.6705899836228317e-02
   7.0521449208368295e-02
   6.4883967380574739e-02
   5.9750684436015424e-02
   5.5082447671150128e-02
   5.0843492881028171e-02
   4.7001224083183017e-02
   4.3526004129247467e-02
   4.0390957783708485e-02
   3.7571788207737135e-02
   3.5046607319830489e-02
   3.2795780172825729e-02
   3.0801783256683080e-02
   2.9049076483563210e-02
   2.7523988517132027e-02
   2.6214615057146087e-02
   2.5110729672091228e-02
   2.4203706778522582e-02
   2.3486456389397451e-02
   2.2953370290291729e-02
   2.2600279348333519e-02
   2.2424421711269481e-02
   2.2424421711269481e-02
   2.2600279348333519e-02
   2.2953370290291729e-02
   2.3486456389397451e-02
   2.4203706778522575e-02
   2.5110729672091225e-02
   2.6214615057146083e-02
   2.7523988517132024e-02
   2.9049076483563207e-02
   3.0801783256683073e-02
   3.2795780172825716e-02
   3.5046607319830482e-02
   3.7571788207737128e-02
   4.0390957783708471e-02
   4.3526004129247453e-02
   4.7001224083183010e-02
   5.0843492881028164e-02
   5.5082447671150114e-02
   5.9750684436015424e-02
   6.4883967380574739e-02
   7.0521449208368295e-02
   7.6705899836228331e-02
   8.3483939932982587e-02
   9.0906274120697406e-02
   9.9027916641008559e-02
   1.0790839962972724e-01
   1.1761195069483238e-01
   1.2820762205563146e-01
   1.3976934783590689e-01
   1.5237589893565268e-01
   1.6611069592843772e-01
   1.8106142932519803e-01
