   3.3844870931743920e-01
   3.4210931247359250e-01
   3.4631688617552253e-01
   3.5105882041323755e-01
   3.5632005334968037e-01
   3.6208280471468923e-01
   3.6832628968808923e-01
   3.7502641925359148e-01
   3.8215549453928771e-01
   3.8968190438680744e-01
   3.9756983727063350e-01
   4.0577902065637284e-01
   4.1426450284561156e-01
   4.2297649417422561e-01
   4.3186028594327136e-01
   4.4085626646500536e-01
   4.4990005387163001e-01
   4.5892276461651388e-01
   4.6785143465726670e-01
   4.7660960693949378e-01
   4.8511809385697841e-01
   4.9329591680869489e-01
   5.0106141690506123e-01
   5.0833352156473488e-01
   5.1503314164556668e-01
   5.2108466350907634e-01
   5.2641749082033540e-01
   5.3096758282172485e-01
   5.3467893018393364e-01
   5.3750490712557586e-01
   5.3940943988655710e-01
   5.4036793710908038e-01
   5.4036793710908038e-01
   5.3940943988655710e-01
   5.3750490712557597e-01
   5.3467893018393375e-01
   5.3096758282172496e-01
   5.2641749082033540e-01
   5.2108466350907634e-01
   5.1503314164556668e-01
   5.0833352156473488e-01
   5.0106141690506134e-01
   4.9329591680869495e-01
   4.8511809385697846e-01
   4.7660960693949378e-01
   4.6785143465726675e-01
   4.5892276461651393e-01
   4.4990005387163007e-01
   4.4085626646500542e-01
   4.3186028594327147e-01
   4.2297649417422567e-01
   4.1426450284561162e-01
   4.0577902065637295e-01
   3.9756983727063355e-01
   3.8968190438680750e-01
   3.8215549453928777e-01
   3.7502641925359154e-01
   3.6832628968808928e-01
   3.6208280471468923e-01
   3.5632005334968037e-01
   3.5105882041323755e-01
   3.4631688617552253e-01
   3.4210931247359255e-01
   3.3844870931743926e-01
   3.3373616717370280e-01
   3.2800569503705684e-01
   3.2288132523434510e-01
   3.1837512742122570e-01
   3.1449687397933629e-01
   3.1125435393142581e-01
   3.0865364351996583e-01
   3.0669933228908070e-01
   3.0539470409287711e-01
   3.0474187281982906e-01
   3.0474187281982906e-01
   3.0539470409287722e-01
   3.0669933228908086e-01
   3.0865364351996605e-01
   3.1125435393142614e-01
   3.1449687397933673e-01
   3.1837512742122620e-01
   3.2288132523434565e-01
   3.2800569503705740e-01
   3.3373616717370347e-01
   3.3844870931743981e-01
   3.4210931247359311e-01
   3.4631688617552309e-01
   3.5105882041323810e-01
   3.5632005334968092e-01
   3.6208280471468968e-01
   3.6832628968808967e-01
   3.7502641925359198e-01
   3.8215549453928810e-01
   3.8968190438680783e-01
   3.9756983727063383e-01
   4.0577902065637311e-01
   4.1426450284561184e-01
   4.2297649417422589e-01
   4.3186028594327158e-01
   4.4085626646500548e-01
   4.4990005387163012e-01
   4.5892276461651388e-01
   4.6785143465726670e-01
   4.7660960693949378e-01
   4.8511809385697829e-01
   4.9329591680869472e-01
   5.0106141690506112e-01
   5.0833352156473466e-01
   5.1503314164556646e-01
   5.2108466350907612e-01
   5.2641749082033507e-01
   5.3096758282172452e-01
   5.3467893018393331e-01
   5.3750490712557553e-01
   5.3940943988655665e-01
   5.4036793710907993e-01
   5.4036793710907993e-01
   5.3940943988655665e-01
   5.3750490712557553e-01
   5.3467893018393331e-01
   5.3096758282172452e-01
   5.2641749082033507e-01
   5.2108466350907612e-01
   5.1503314164556646e-01
   5.0833352156473466e-01
   5.0106141690506112e-01
   4.9329591680869478e-01
   4.8511809385697835e-01
   4.7660960693949372e-01
   4.6785143465726670e-01
   4.5892276461651393e-01
   4.4990005387163007e-01
   4.4085626646500548e-01
   4.3186028594327158e-01
   4.2297649417422589e-01
   4.1426450284561184e-01
   4.0577902065637317e-01
   3.9756983727063383e-01
   3.8968190438680789e-01
   3.8215549453928810e-01
   3.7502641925359198e-01
   3.6832628968808973e-01
   3.6208280471468973e-01
   3.5632005334968087e-01
   3.5105882041323810e-01
   3.4631688617552309e-01
   3.4210931247359311e-01
   3.3844870931743981e-01
