   2.7671441296886568e-01
   2.8196519054411301e-01
   2.8809994538698480e-01
   2.9511848827914738e-01
   3.0301906310123511e-01
   3.1179767939987968e-01
   3.2144733496330119e-01
   3.3195712339504624e-01
   3.4331122410881276e-01
   3.5548777596675968e-01
   3.6845764125012098e-01
   3.8218307408112606e-01
   3.9661631706172373e-01
   4.1169816190660347e-01
   4.2735652419086584e-01
   4.4350509868687127e-01
   4.6004217940989967e-01
   4.7684974619003401e-01
   4.9379293548808262e-01
   5.1072002477961165e-01
   5.2746306406996690e-01
   5.4383928154988781e-01
   5.5965336970090129e-01
   5.7470072065515754e-01
   5.8877162414201689e-01
   6.0165636909068543e-01
   6.1315110512834137e-01
   6.2306423039763403e-01
   6.3122298791552156e-01
   6.3747988656902055e-01
   6.4171852716706168e-01
   6.4385841856409121e-01
   6.4385841856409110e-01
   6.4171852716706168e-01
   6.3747988656902044e-01
   6.3122298791552156e-01
   6.2306423039763403e-01
   6.1315110512834126e-01
   6.0165636909068521e-01
   5.8877162414201667e-01
   5.7470072065515732e-01
   5.5965336970090107e-01
   5.4383928154988759e-01
   5.2746306406996668e-01
   5.1072002477961143e-01
   4.9379293548808245e-01
   4.7684974619003379e-01
   4.6004217940989944e-01
   4.4350509868687099e-01
   4.2735652419086562e-01
   4.1169816190660324e-01
   3.9661631706172357e-01
   3.8218307408112590e-01
   3.6845764125012087e-01
   3.5548777596675957e-01
   3.4331122410881265e-01
   3.3195712339504618e-01
   3.2144733496330113e-01
   3.1179767939987962e-01
   3.0301906310123505e-01
   2.9511848827914738e-01
   2.8809994538698480e-01
   2.8196519054411306e-01
   2.7671441296886568e-01
   2.7008179059005188e-01
   2.6209809449288923e-01
   2.5502358854803286e-01
   2.4885239151990643e-01
   2.4357812087636971e-01
   2.3919441930359794e-01
   2.3569538342454902e-01
   2.3307590487504434e-01
   2.3133193245142175e-01
   2.3046066242838839e-01
   2.3046066242838842e-01
   2.3133193245142175e-01
   2.3307590487504432e-01
   2.3569538342454893e-01
   2.3919441930359786e-01
   2.4357812087636962e-01
   2.4885239151990632e-01
   2.5502358854803275e-01
   2.6209809449288907e-01
   2.7008179059005172e-01
   2.7671441296886534e-01
   2.8196519054411256e-01
   2.8809994538698430e-01
   2.9511848827914677e-01
   3.0301906310123433e-01
   3.1179767939987885e-01
   3.2144733496330030e-01
   3.3195712339504518e-01
   3.4331122410881165e-01
   3.5548777596675851e-01
   3.6845764125011976e-01
   3.8218307408112479e-01
   3.9661631706172235e-01
   4.1169816190660202e-01
   4.2735652419086434e-01
   4.4350509868686971e-01
   4.6004217940989817e-01
   4.7684974619003251e-01
   4.9379293548808112e-01
   5.1072002477961009e-01
   5.2746306406996546e-01
   5.4383928154988637e-01
   5.5965336970089985e-01
   5.7470072065515621e-01
   5.8877162414201567e-01
   6.0165636909068443e-01
   6.1315110512834048e-01
   6.2306423039763348e-01
   6.3122298791552112e-01
   6.3747988656902033e-01
   6.4171852716706168e-01
   6.4385841856409154e-01
   6.4385841856409176e-01
   6.4171852716706246e-01
   6.3747988656902144e-01
   6.3122298791552267e-01
   6.2306423039763537e-01
   6.1315110512834270e-01
   6.0165636909068676e-01
   5.8877162414201822e-01
   5.7470072065515909e-01
   5.5965336970090274e-01
   5.4383928154988936e-01
   5.2746306406996846e-01
   5.1072002477961320e-01
   4.9379293548808412e-01
   4.7684974619003545e-01
   4.6004217940990105e-01
   4.4350509868687255e-01
   4.2735652419086706e-01
   4.1169816190660458e-01
   3.9661631706172479e-01
   3.8218307408112706e-01
   3.6845764125012193e-01
   3.5548777596676040e-01
   3.4331122410881348e-01
   3.3195712339504679e-01
   3.2144733496330169e-01
   3.1179767939988007e-01
   3.0301906310123533e-01
   2.9511848827914755e-01
   2.8809994538698486e-01
   2.8196519054411290e-01
   2.7671441296886545e-01
