   1.7701739623085269e-01
   1.8320205930729502e-01
   1.9060913329022769e-01
   1.9927786813650888e-01
   2.0925265981937768e-01
   2.2058244535888907e-01
   2.3331988226466530e-01
   2.4752025159802404e-01
   2.6324001146089548e-01
   2.8053491458262197e-01
   2.9945759069709366e-01
   3.2005448313399631e-01
   3.4236202196496723e-01
   3.6640191685593615e-01
   3.9217546673224157e-01
   4.1965681748553152e-01
   4.4878516201801882e-01
   4.7945597894732100e-01
   5.1151155716538155e-01
   5.4473126023226992e-01
   5.7882224719897279e-01
   6.1341167150605502e-01
   6.4804169316898019e-01
   6.8216890065795932e-01
   7.1516985801054622e-01
   7.4635435917953274e-01
   7.7498747693325265e-01
   8.0032057146880564e-01
   8.2163010103048129e-01
   8.3826151702115581e-01
   8.4967403951328579e-01
   8.5548110108060316e-01
   8.5548110108060449e-01
   8.4967403951328979e-01
   8.3826151702116214e-01
   8.2163010103049006e-01
   8.0032057146881630e-01
   7.7498747693326520e-01
   7.4635435917954651e-01
   7.1516985801056099e-01
   6.8216890065797497e-01
   6.4804169316899607e-01
   6.1341167150607101e-01
   5.7882224719898845e-01
   5.4473126023228535e-01
   5.1151155716539642e-01
   4.7945597894733527e-01
   4.4878516201803231e-01
   4.1965681748554412e-01
   3.9217546673225345e-01
   3.6640191685594720e-01
   3.4236202196497739e-01
   3.2005448313400559e-01
   2.9945759069710209e-01
   2.8053491458262947e-01
   2.6324001146090209e-01
   2.4752025159802982e-01
   2.3331988226467029e-01
   2.2058244535889324e-01
   2.0925265981938110e-01
   1.9927786813651149e-01
   1.9060913329022958e-01
   1.8320205930729616e-01
   1.7701739623085305e-01
   1.6943063823034726e-01
   1.6044244405657002e-01
   1.5259007146929879e-01
   1.4582543257336325e-01
   1.4010619332342619e-01
   1.3539593573569808e-01
   1.3166425268600748e-01
   1.2888679771343856e-01
   1.2704530682148449e-01
   1.2612760479303961e-01
   1.2612760479303961e-01
   1.2704530682148449e-01
   1.2888679771343858e-01
   1.3166425268600751e-01
   1.3539593573569811e-01
   1.4010619332342625e-01
   1.4582543257336333e-01
   1.5259007146929884e-01
   1.6044244405657007e-01
   1.6943063823034735e-01
   1.7701739623085314e-01
   1.8320205930729608e-01
   1.9060913329022941e-01
   1.9927786813651122e-01
   2.0925265981938065e-01
   2.2058244535889274e-01
   2.3331988226466963e-01
   2.4752025159802910e-01
   2.6324001146090120e-01
   2.8053491458262847e-01
   2.9945759069710093e-01
   3.2005448313400425e-01
   3.4236202196497595e-01
   3.6640191685594564e-01
   3.9217546673225173e-01
   4.1965681748554234e-01
   4.4878516201803037e-01
   4.7945597894733316e-01
   5.1151155716539420e-01
   5.4473126023228313e-01
   5.7882224719898612e-01
   6.1341167150606868e-01
   6.4804169316899374e-01
   6.8216890065797242e-01
   7.1516985801055855e-01
   7.4635435917954429e-01
   7.7498747693326286e-01
   8.0032057146881430e-01
   8.2163010103048828e-01
   8.3826151702116081e-01
   8.4967403951328857e-01
   8.5548110108060382e-01
   8.5548110108060282e-01
   8.4967403951328579e-01
   8.3826151702115625e-01
   8.2163010103048217e-01
   8.0032057146880697e-01
   7.7498747693325432e-01
   7.4635435917953463e-01
   7.1516985801054844e-01
   6.8216890065796187e-01
   6.4804169316898286e-01
   6.1341167150605769e-01
   5.7882224719897546e-01
   5.4473126023227258e-01
   5.1151155716538421e-01
   4.7945597894732361e-01
   4.4878516201802132e-01
   4.1965681748553380e-01
   3.9217546673224379e-01
   3.6640191685593831e-01
   3.4236202196496923e-01
   3.2005448313399826e-01
   2.9945759069709543e-01
   2.8053491458262353e-01
   2.6324001146089687e-01
   2.4752025159802529e-01
   2.3331988226466638e-01
   2.2058244535888999e-01
   2.0925265981937846e-01
   1.9927786813650950e-01
   1.9060913329022816e-01
   1.8320205930729533e-01
   1.7701739623085289e-01
