   3.2104941375299523e-01
   3.2524531860845229e-01
   3.3009150819112687e-01
   3.3557746354330320e-01
   3.4169019435439202e-01
   3.4841384939897829e-01
   3.5572928679578453e-01
   3.6361360940862331e-01
   3.7203967287925255e-01
   3.8097557641204455e-01
   3.9038414951553596e-01
   4.0022245140151641e-01
   4.1044130355164837e-01
   4.2098487992209410e-01
   4.3179038312719770e-01
   4.4278783839550090e-01
   4.5390003970787968e-01
   4.6504268381169200e-01
   4.7612472720574078e-01
   4.8704899814805347e-01
   4.9771308974691875e-01
   5.0801055089037905e-01
   5.1783237902343293e-01
   5.2706880280535517e-01
   5.3561132410085233e-01
   5.4335496867068434e-01
   5.5020067486930846e-01
   5.5605773152101368e-01
   5.6084616199792370e-01
   5.6449894335115358e-01
   5.6696394876504375e-01
   5.6820550956442928e-01
   5.6820550956442928e-01
   5.6696394876504386e-01
   5.6449894335115369e-01
   5.6084616199792370e-01
   5.5605773152101379e-01
   5.5020067486930846e-01
   5.4335496867068445e-01
   5.3561132410085255e-01
   5.2706880280535540e-01
   5.1783237902343315e-01
   5.0801055089037928e-01
   4.9771308974691897e-01
   4.8704899814805369e-01
   4.7612472720574101e-01
   4.6504268381169228e-01
   4.5390003970787995e-01
   4.4278783839550118e-01
   4.3179038312719797e-01
   4.2098487992209432e-01
   4.1044130355164860e-01
   4.0022245140151663e-01
   3.9038414951553613e-01
   3.8097557641204477e-01
   3.7203967287925271e-01
   3.6361360940862353e-01
   3.5572928679578464e-01
   3.4841384939897846e-01
   3.4169019435439218e-01
   3.3557746354330331e-01
   3.3009150819112698e-01
   3.2524531860845235e-01
   3.2104941375299528e-01
   3.1567781082244167e-01
   3.0916538901822682e-01
   3.0335737785415373e-01
   2.9826212831767285e-01
   2.9388595458938988e-01
   2.9023353740153052e-01
   2.8730826586516228e-01
   2.8511251901431128e-01
   2.8364788858121026e-01
   2.8291534451063871e-01
   2.8291534451063877e-01
   2.8364788858121054e-01
   2.8511251901431173e-01
   2.8730826586516284e-01
   2.9023353740153118e-01
   2.9388595458939076e-01
   2.9826212831767385e-01
   3.0335737785415490e-01
   3.0916538901822810e-01
   3.1567781082244312e-01
   3.2104941375299673e-01
   3.2524531860845385e-01
   3.3009150819112837e-01
   3.3557746354330459e-01
   3.4169019435439346e-01
   3.4841384939897962e-01
   3.5572928679578575e-01
   3.6361360940862458e-01
   3.7203967287925371e-01
   3.8097557641204571e-01
   3.9038414951553696e-01
   4.0022245140151730e-01
   4.1044130355164926e-01
   4.2098487992209493e-01
   4.3179038312719847e-01
   4.4278783839550151e-01
   4.5390003970788018e-01
   4.6504268381169239e-01
   4.7612472720574106e-01
   4.8704899814805364e-01
   4.9771308974691886e-01
   5.0801055089037905e-01
   5.1783237902343282e-01
   5.2706880280535484e-01
   5.3561132410085188e-01
   5.4335496867068389e-01
   5.5020067486930779e-01
   5.5605773152101301e-01
   5.6084616199792292e-01
   5.6449894335115280e-01
   5.6696394876504297e-01
   5.6820550956442828e-01
   5.6820550956442828e-01
   5.6696394876504286e-01
   5.6449894335115269e-01
   5.6084616199792281e-01
   5.5605773152101290e-01
   5.5020067486930757e-01
   5.4335496867068367e-01
   5.3561132410085166e-01
   5.2706880280535462e-01
   5.1783237902343260e-01
   5.0801055089037872e-01
   4.9771308974691852e-01
   4.8704899814805336e-01
   4.7612472720574078e-01
   4.6504268381169217e-01
   4.5390003970787990e-01
   4.4278783839550129e-01
   4.3179038312719814e-01
   4.2098487992209460e-01
   4.1044130355164898e-01
   4.0022245140151713e-01
   3.9038414951553679e-01
   3.8097557641204549e-01
   3.7203967287925355e-01
   3.6361360940862436e-01
   3.5572928679578558e-01
   3.4841384939897951e-01
   3.4169019435439330e-01
   3.3557746354330448e-01
   3.3009150819112826e-01
   3.2524531860845374e-01
   3.2104941375299673e-01
