   1.2693209229278422e+00
   1.2116560219270425e+00
   1.1449813255645254e+00
   1.0732606457162668e+00
   1.0001015165052667e+00
   9.2852626091451551e-01
   8.6089231125184063e-01
   7.9892100592721049e-01
   7.4378882302330562e-01
   6.9624326997927466e-01
   6.5671829295557316e-01
   6.2543553716799771e-01
   6.0248595257462079e-01
   5.8789104576409446e-01
   5.8164531397384289e-01
   5.8374195611209201e-01
   5.9418354925794925e-01
   6.1297848707272029e-01
   6.4012290813798944e-01
   6.7556683090931280e-01
   7.1916251676700738e-01
   7.7059308775768420e-01
   8.2928072360888150e-01
   8.9427717420050878e-01
   9.6414574846071455e-01
   1.0368538672434295e+00
   1.1097077810117377e+00
   1.1793724370577325e+00
   1.2420222357047912e+00
   1.2936525504936383e+00
   1.3305405877176857e+00
   1.3497831908243529e+00
   1.3497831908243532e+00
   1.3305405877176861e+00
   1.2936525504936391e+00
   1.2420222357047923e+00
   1.1793724370577343e+00
   1.1097077810117395e+00
   1.0368538672434315e+00
   9.6414574846071655e-01
   8.9427717420051089e-01
   8.2928072360888361e-01
   7.7059308775768609e-01
   7.1916251676700926e-01
   6.7556683090931458e-01
   6.4012290813799111e-01
   6.1297848707272184e-01
   5.9418354925795080e-01
   5.8374195611209356e-01
   5.8164531397384456e-01
   5.8789104576409612e-01
   6.0248595257462256e-01
   6.2543553716799938e-01
   6.5671829295557493e-01
   6.9624326997927632e-01
   7.4378882302330729e-01
   7.9892100592721238e-01
   8.6089231125184240e-01
   9.2852626091451718e-01
   1.0001015165052682e+00
   1.0732606457162681e+00
   1.1449813255645265e+00
   1.2116560219270434e+00
   1.2693209229278426e+00
   1.3372411023880593e+00
   1.4094777701487198e+00
   1.4562235490646425e+00
   1.4727315278610678e+00
   1.4572347614668859e+00
   1.4113933336807822e+00
   1.3398738425169641e+00
   1.2492503905399173e+00
   1.1466774562960327e+00
   1.0387722711792087e+00
   9.3093590692723316e-01
   8.2711594973578262e-01
   7.2988379975597972e-01
   6.4067497154585551e-01
   5.6007548258244944e-01
   4.8808632403292612e-01
   4.2433735291512237e-01
   3.6824595880159222e-01
   3.1912734132899290e-01
   2.7626692703778299e-01
   2.3896520787976072e-01
   2.0656349930429352e-01
   1.7845703891014444e-01
   1.5410000916762884e-01
   1.3300562681001490e-01
   1.1474338630828686e-01
   9.8934805511258328e-02
   8.5248519434516765e-02
   7.3395235304888992e-02
   6.3122845756974549e-02
   5.4211859376303274e-02
   4.6471221939587914e-02
   3.9734549583643794e-02
   3.3856764631509995e-02
   2.8711107943866925e-02
   2.4186493256003028e-02
   2.0185165661093015e-02
   1.6620626075597330e-02
   1.3415784824900629e-02
   1.0501309576475120e-02
   8.4981905750042188e-03
   7.3564230406023400e-03
   6.3681336983752047e-03
   5.5127053798942668e-03
   4.7722920081283643e-03
   4.1314465862326635e-03
   3.5767991242511075e-03
   3.0967778250342586e-03
   2.6813677388000594e-03
   2.3219018681501229e-03
   2.0108803763306052e-03
   1.7418141339372981e-03
   1.5090893445104880e-03
   1.3078504276013193e-03
   1.1338987177435561e-03
   9.8360486705336260e-04
   8.5383312464255910e-04
   7.4187591353759921e-04
   6.4539734045540543e-04
   5.6238446004067361e-04
   4.9110527687981490e-04
   4.3007260913309025e-04
   3.7801305989077297e-04
   3.3384044890589880e-04
   2.9663315040417352e-04
   2.6561486415958282e-04
   2.4013841865062400e-04
   2.1967226837013980e-04
   2.0378940357057535e-04
   1.9215844105837903e-04
   1.8453671015604224e-04
   1.8076518957714819e-04
   1.8076518957714819e-04
   1.8453671015604233e-04
   1.9215844105837908e-04
   2.0378940357057543e-04
   2.1967226837013991e-04
   2.4013841865062413e-04
   2.6561486415958293e-04
   2.9663315040417368e-04
   3.3384044890589896e-04
   3.7801305989077313e-04
   4.3007260913309052e-04
   4.9110527687981512e-04
   5.6238446004067382e-04
   6.4539734045540565e-04
   7.4187591353759954e-04
   8.5383312464255953e-04
   9.8360486705336325e-04
   1.1338987177435568e-03
   1.3078504276013200e-03
   1.5090893445104886e-03
   1.7418141339372987e-03
   2.0108803763306056e-03
   2.3219018681501233e-03
   2.6813677388000602e-03
   3.0967778250342594e-03
   3.5767991242511084e-03
   4.1314465862326635e-03
   4.7722920081283643e-03
   5.5127053798942676e-03
   6.3681336983752047e-03
   7.3564230406023400e-03
   8.4981905750042188e-03
