   1.0219290369888066e-01
   9.9681874632403036e-02
   9.7269535986352393e-02
   9.4954390264443758e-02
   9.2734938718542839e-02
   9.0609689266129778e-02
   8.8577163619530996e-02
   8.6635903691544253e-02
   8.4784477338421926e-02
   8.3021483497491166e-02
   8.1345556773024144e-02
   7.9755371520370280e-02
   7.8249645474852553e-02
   7.6827142968538376e-02
   7.5486677774735333e-02
   7.4227115616946587e-02
   7.3047376376056558e-02
   7.1946436026705557e-02
   7.0923328331155139e-02
   6.9977146316439059e-02
   6.9107043558234965e-02
   6.8312235292672607e-02
   6.7591999375208295e-02
   6.6945677103735349e-02
   6.6372673921255940e-02
   6.5872460011703785e-02
   6.5444570800869240e-02
   6.5088607372827748e-02
   6.4804236810802024e-02
   6.4591192469984973e-02
   6.4449274188506767e-02
   6.4378348441434211e-02
   6.4378348441434211e-02
   6.4449274188506767e-02
   6.4591192469984945e-02
   6.4804236810801996e-02
   6.5088607372827720e-02
   6.5444570800869198e-02
   6.5872460011703743e-02
   6.6372673921255898e-02
   6.6945677103735307e-02
   6.7591999375208239e-02
   6.8312235292672538e-02
   6.9107043558234896e-02
   6.9977146316438976e-02
   7.0923328331155056e-02
   7.1946436026705474e-02
   7.3047376376056461e-02
   7.4227115616946490e-02
   7.5486677774735222e-02
   7.6827142968538265e-02
   7.8249645474852428e-02
   7.9755371520370169e-02
   8.1345556773024047e-02
   8.3021483497491083e-02
   8.4784477338421857e-02
   8.6635903691544169e-02
   8.8577163619530927e-02
   9.0609689266129737e-02
   9.2734938718542811e-02
   9.4954390264443730e-02
   9.7269535986352365e-02
   9.9681874632403022e-02
   1.0219290369888066e-01
   1.0615826074377886e-01
   1.1158398425466214e-01
   1.1711871631103019e-01
   1.2276489890277975e-01
   1.2852457943373963e-01
   1.3439936241896155e-01
   1.4039035720215765e-01
   1.4649812165685375e-01
   1.5272260189715578e-01
   1.5906306810056681e-01
   1.6551804663763134e-01
   1.7208524881279999e-01
   1.7876149664906058e-01
   1.8554264629649883e-01
   1.9242350981244780e-01
   1.9939777624800870e-01
   2.0645793318132080e-01
   2.1359519005975783e-01
   2.2079940494758951e-01
   2.2805901651733509e-01
   2.3350217223843653e-01
   2.3711700601064190e-01
   2.4075502506576718e-01
   2.4440851683481354e-01
   2.4806936504289528e-01
   2.5172905860520634e-01
   2.5537870478503399e-01
   2.5900904692404497e-01
   2.6261048702105400e-01
   2.6617311339103966e-01
   2.6968673358084871e-01
   2.7314091265165252e-01
   2.7652501686095393e-01
   2.7982826268933575e-01
   2.8303977106017286e-01
   2.8614862649565154e-01
   2.8914394084156658e-01
   2.9201492107890414e-01
   2.9475094062500828e-01
   2.9734161341439175e-01
   2.9977686994253150e-01
   3.0204703435899111e-01
   3.0414290161271756e-01
   3.0605581358603223e-01
   3.0777773310806200e-01
   3.0930131471607442e-01
   3.1061997103670408e-01
   3.1172793368991758e-01
   3.1262030767738996e-01
   3.1329311830338791e-01
   3.1374334978886720e-01
   3.1396897487585085e-01
   3.1396897487585085e-01
   3.1374334978886725e-01
   3.1329311830338802e-01
   3.1262030767739013e-01
   3.1172793368991775e-01
   3.1061997103670430e-01
   3.0930131471607464e-01
   3.0777773310806222e-01
   3.0605581358603245e-01
   3.0414290161271779e-01
   3.0204703435899133e-01
   2.9977686994253172e-01
   2.9734161341439191e-01
   2.9475094062500845e-01
   2.9201492107890437e-01
   2.8914394084156675e-01
   2.8614862649565170e-01
   2.8303977106017303e-01
   2.7982826268933586e-01
   2.7652501686095404e-01
   2.7314091265165263e-01
   2.6968673358084888e-01
   2.6617311339103977e-01
   2.6261048702105405e-01
   2.5900904692404503e-01
   2.5537870478503405e-01
   2.5172905860520639e-01
   2.4806936504289534e-01
   2.4440851683481357e-01
   2.4075502506576718e-01
   2.3711700601064192e-01
   2.3350217223843653e-01
