   6.3551537295005067e-02
   6.0542209649672260e-02
   5.7697304280331561e-02
   5.5009469035246533e-02
   5.2471708018270877e-02
   5.0077373721362908e-02
   4.7820158467485975e-02
   4.5694085374432716e-02
   4.3693499016342535e-02
   4.1813055930725825e-02
   4.0047715094048107e-02
   3.8392728467813414e-02
   3.6843631699133961e-02
   3.5396235044554789e-02
   3.4046614573043331e-02
   3.2791103693228019e-02
   3.1626285040891197e-02
   3.0548982755142361e-02
   2.9556255165403882e-02
   2.8645387906145636e-02
   2.7813887472048267e-02
   2.7059475222817462e-02
   2.6380081844094894e-02
   2.5773842268712231e-02
   2.5239091060824271e-02
   2.4774358264160100e-02
   2.4378365714680553e-02
   2.4050023817270651e-02
   2.3788428785676771e-02
   2.3592860344678244e-02
   2.3462779893424143e-02
   2.3397829128934740e-02
   2.3397829128934740e-02
   2.3462779893424143e-02
   2.3592860344678244e-02
   2.3788428785676774e-02
   2.4050023817270654e-02
   2.4378365714680553e-02
   2.4774358264160100e-02
   2.5239091060824274e-02
   2.5773842268712235e-02
   2.6380081844094898e-02
   2.7059475222817462e-02
   2.7813887472048271e-02
   2.8645387906145639e-02
   2.9556255165403882e-02
   3.0548982755142364e-02
   3.1626285040891197e-02
   3.2791103693228019e-02
   3.4046614573043331e-02
   3.5396235044554795e-02
   3.6843631699133968e-02
   3.8392728467813414e-02
   4.0047715094048114e-02
   4.1813055930725831e-02
   4.3693499016342542e-02
   4.5694085374432723e-02
   4.7820158467485989e-02
   5.0077373721362915e-02
   5.2471708018270884e-02
   5.5009469035246540e-02
   5.7697304280331568e-02
   6.0542209649672267e-02
   6.3551537295005081e-02
   6.8382883823398924e-02
   7.5055415046840601e-02
   8.1936479619201100e-02
   8.9043425561137993e-02
   9.6393681190934416e-02
   1.0400470324925588e-01
   1.1189390861456877e-01
   1.2007858698328210e-01
   1.2857579157941895e-01
   1.3740220464258196e-01
   1.4657397413210899e-01
   1.5610651779652493e-01
   1.6601429051380490e-01
   1.7631051064032727e-01
   1.8700684105462845e-01
   1.9811302069675121e-01
   2.0963644274769699e-01
   2.2158167624172340e-01
   2.3394992894539202e-01
   2.4673845087143784e-01
   2.5657928356926973e-01
   2.6344886645086235e-01
   2.7070007821105063e-01
   2.7832321171370134e-01
   2.8630628607037528e-01
   2.9463474857989869e-01
   3.0329116674294920e-01
   3.1225491551755807e-01
   3.2150186647492479e-01
   3.3100408716575780e-01
   3.4072956077365302e-01
   3.5064193794829546e-01
   3.6070033448444705e-01
   3.7085919011936819e-01
   3.8106820500720651e-01
   3.9127237121134884e-01
   4.0141211663073056e-01
   4.1142357793051892e-01
   4.2123901707752281e-01
   4.3078739281572737e-01
   4.3999509374988283e-01
   4.4878683362201360e-01
   4.5708670197918305e-01
   4.6481935500241761e-01
   4.7191132221933912e-01
   4.7829239573490751e-01
   4.8389706018999173e-01
   4.8866591467294485e-01
   4.9254703303800945e-01
   4.9549720720411689e-01
   4.9748301950593399e-01
   4.9848169525858438e-01
   4.9848169525858432e-01
   4.9748301950593393e-01
   4.9549720720411666e-01
   4.9254703303800929e-01
   4.8866591467294451e-01
   4.8389706018999135e-01
   4.7829239573490712e-01
   4.7191132221933862e-01
   4.6481935500241711e-01
   4.5708670197918250e-01
   4.4878683362201305e-01
   4.3999509374988227e-01
   4.3078739281572681e-01
   4.2123901707752226e-01
   4.1142357793051826e-01
   4.0141211663072984e-01
   3.9127237121134822e-01
   3.8106820500720584e-01
   3.7085919011936752e-01
   3.6070033448444644e-01
   3.5064193794829474e-01
   3.4072956077365241e-01
   3.3100408716575713e-01
   3.2150186647492418e-01
   3.1225491551755752e-01
   3.0329116674294859e-01
   2.9463474857989819e-01
   2.8630628607037489e-01
   2.7832321171370106e-01
   2.7070007821105041e-01
   2.6344886645086218e-01
   2.5657928356926968e-01
