   3.4201838795423706e-01
   3.4201838795423706e-01
   3.4201838795423711e-01
   3.4201838795423711e-01
   3.4201838795423717e-01
   3.4201838795423722e-01
   3.4201838795423722e-01
   3.4201838795423728e-01
   3.4201838795423728e-01
   3.4201838795423734e-01
   3.4201838795423734e-01
   3.4201838795423739e-01
   3.4201838795423739e-01
   3.4201838795423745e-01
   3.4201838795423745e-01
   3.4201838795423750e-01
   3.4201838795423750e-01
   3.4201838795423756e-01
   3.4201838795423761e-01
   3.4201838795423761e-01
   3.4201838795423761e-01
   3.4201838795423767e-01
   3.4201838795423767e-01
   3.4201838795423767e-01
   3.4201838795423772e-01
   3.4201838795423772e-01
   3.4201838795423772e-01
   3.4201838795423772e-01
   3.4201838795423778e-01
   3.4201838795423778e-01
   3.4201838795423778e-01
   3.4201838795423778e-01
   3.4201838795423778e-01
   3.4201838795423778e-01
   3.4201838795423778e-01
   3.4201838795423778e-01
   3.4201838795423778e-01
   3.4201838795423778e-01
   3.4201838795423778e-01
   3.4201838795423778e-01
   3.4201838795423772e-01
   3.4201838795423772e-01
   3.4201838795423772e-01
   3.4201838795423767e-01
   3.4201838795423767e-01
   3.4201838795423767e-01
   3.4201838795423761e-01
   3.4201838795423761e-01
   3.4201838795423756e-01
   3.4201838795423750e-01
   3.4201838795423750e-01
   3.4201838795423750e-01
   3.4201838795423745e-01
   3.4201838795423739e-01
   3.4201838795423739e-01
   3.4201838795423734e-01
   3.4201838795423734e-01
   3.4201838795423728e-01
   3.4201838795423722e-01
   3.4201838795423717e-01
   3.4201838795423717e-01
   3.4201838795423717e-01
   3.4201838795423711e-01
   3.4201838795423706e-01
   3.4201838795423717e-01
   3.4201838795423722e-01
   3.4201838795423728e-01
   3.4201838795423734e-01
   3.4201838795423745e-01
   3.4201838795423756e-01
   3.4201838795423761e-01
   3.4201838795423772e-01
   3.4201838795423778e-01
   3.4201838795423783e-01
   3.4201838795423795e-01
   3.4201838795423800e-01
   3.4201838795423806e-01
   3.4201838795423811e-01
   3.4201838795423817e-01
   3.4201838795423822e-01
   3.4201838795423828e-01
   3.4201838795423833e-01
   3.4201838795423839e-01
   3.4201838795423839e-01
   3.4201838795423845e-01
   3.4201838795423828e-01
   3.4201838795423822e-01
   3.4201838795423806e-01
   3.4201838795423789e-01
   3.4201838795423778e-01
   3.4201838795423761e-01
   3.4201838795423745e-01
   3.4201838795423734e-01
   3.4201838795423717e-01
   3.4201838795423700e-01
   3.4201838795423689e-01
   3.4201838795423672e-01
   3.4201838795423661e-01
   3.4201838795423650e-01
   3.4201838795423634e-01
   3.4201838795423617e-01
   3.4201838795423606e-01
   3.4201838795423595e-01
   3.4201838795423589e-01
   3.4201838795423578e-01
   3.4201838795423567e-01
   3.4201838795423556e-01
   3.4201838795423545e-01
   3.4201838795423539e-01
   3.4201838795423534e-01
   3.4201838795423534e-01
   3.4201838795423528e-01
   3.4201838795423523e-01
   3.4201838795423523e-01
   3.4201838795423517e-01
   3.4201838795423517e-01
   3.4201838795423517e-01
   3.4201838795423523e-01
   3.4201838795423523e-01
   3.4201838795423523e-01
   3.4201838795423528e-01
   3.4201838795423528e-01
   3.4201838795423534e-01
   3.4201838795423539e-01
   3.4201838795423550e-01
   3.4201838795423561e-01
   3.4201838795423567e-01
   3.4201838795423578e-01
   3.4201838795423589e-01
   3.4201838795423595e-01
   3.4201838795423611e-01
   3.4201838795423622e-01
   3.4201838795423639e-01
   3.4201838795423650e-01
   3.4201838795423667e-01
   3.4201838795423678e-01
   3.4201838795423689e-01
   3.4201838795423706e-01
   3.4201838795423722e-01
   3.4201838795423739e-01
   3.4201838795423756e-01
   3.4201838795423761e-01
   3.4201838795423778e-01
   3.4201838795423795e-01
   3.4201838795423811e-01
   3.4201838795423817e-01
   3.4201838795423833e-01
   3.4201838795423845e-01
