   5.3822820973902383e-02
   5.0763048496162810e-02
   4.8100147999210197e-02
   4.5813553847329033e-02
   4.3885573878963649e-02
   4.2301268259158621e-02
   4.1048345580487394e-02
   4.0117076334623365e-02
   3.9500223774067325e-02
   3.9192992129528523e-02
   3.9192992129528530e-02
   3.9500223774067325e-02
   4.0117076334623379e-02
   4.1048345580487394e-02
   4.2301268259158621e-02
   4.3885573878963656e-02
   4.5813553847329033e-02
   4.8100147999210190e-02
   5.0763048496162803e-02
   5.3822820973902376e-02
   5.6738570396179328e-02
   5.9544671411649812e-02
   6.2827691257904744e-02
   6.6613406591144883e-02
   7.0931437106780543e-02
   7.5815423352812772e-02
   8.1303218117729933e-02
   8.7437087323366955e-02
   9.4263914744791122e-02
   1.0183540274459878e-01
   1.1020825840114769e-01
   1.1944435074779043e-01
   1.2961082010236619e-01
   1.4078011438981744e-01
   1.5302991964056620e-01
   1.6644294214329708e-01
   1.8110648768793597e-01
   1.9711176862192256e-01
   2.1455285182433012e-01
   2.3352514015521517e-01
   2.5412325683956538e-01
   2.7643817765740070e-01
   3.0055343188487338e-01
   3.2654017345978886e-01
   3.5445091496728742e-01
   3.8431172803724301e-01
   4.1611275777450968e-01
   4.4979699330091405e-01
   4.8524740238308678e-01
   5.2227279757133371e-01
   5.6059317191125413e-01
   5.6738570396179334e-02
   5.9544671411649833e-02
   6.2827691257904772e-02
   6.6613406591144939e-02
   7.0931437106780612e-02
   7.5815423352812855e-02
   8.1303218117730044e-02
   8.7437087323367066e-02
   9.4263914744791247e-02
   1.0183540274459892e-01
   1.1020825840114781e-01
   1.1944435074779058e-01
   1.2961082010236635e-01
   1.4078011438981763e-01
   1.5302991964056639e-01
   1.6644294214329730e-01
   1.8110648768793619e-01
   1.9711176862192273e-01
   2.1455285182433029e-01
   2.3352514015521536e-01
   2.5412325683956549e-01
   2.7643817765740081e-01
   3.0055343188487349e-01
   3.2654017345978897e-01
   3.5445091496728759e-01
   3.8431172803724317e-01
   4.1611275777450984e-01
   4.4979699330091422e-01
   4.8524740238308706e-01
   5.2227279757133394e-01
   5.6059317191125435e-01
   5.6738570396179334e-02
   5.9544671411649840e-02
   6.2827691257904786e-02
   6.6613406591144952e-02
   7.0931437106780626e-02
   7.5815423352812855e-02
   8.1303218117730044e-02
   8.7437087323367080e-02
   9.4263914744791275e-02
   1.0183540274459893e-01
   1.1020825840114784e-01
   1.1944435074779061e-01
   1.2961082010236638e-01
   1.4078011438981766e-01
   1.5302991964056645e-01
   1.6644294214329733e-01
   1.8110648768793622e-01
   1.9711176862192281e-01
   2.1455285182433037e-01
   2.3352514015521539e-01
   2.5412325683956560e-01
   2.7643817765740092e-01
   3.0055343188487360e-01
   3.2654017345978903e-01
   3.5445091496728764e-01
   3.8431172803724323e-01
   4.1611275777450984e-01
   4.4979699330091416e-01
   4.8524740238308695e-01
   5.2227279757133382e-01
   5.6059317191125424e-01
   6.0924430596133117e-01
   6.6758579805031537e-01
   7.2523049692530150e-01
   7.8095368285978373e-01
   8.3329681695473268e-01
   8.8062516534500079e-01
   9.2122523058611838e-01
   9.5343896490744773e-01
   9.7582154975140456e-01
   9.8729943729914527e-01
   9.8729943729914527e-01
   9.7582154975140456e-01
   9.5343896490744773e-01
   9.2122523058611849e-01
   8.8062516534500079e-01
   8.3329681695473268e-01
   7.8095368285978384e-01
   7.2523049692530150e-01
   6.6758579805031548e-01
   6.0924430596133117e-01
