   1.7358314708850617e-01
   1.6933663457826395e-01
   1.6558193326490767e-01
   1.6231230266759566e-01
   1.5952164471200317e-01
   1.5720458977359941e-01
   1.5535656612071136e-01
   1.5397385478331799e-01
   1.5305363150585985e-01
   1.5259399708945290e-01
   1.5259399708945290e-01
   1.5305363150585985e-01
   1.5397385478331799e-01
   1.5535656612071139e-01
   1.5720458977359941e-01
   1.5952164471200317e-01
   1.6231230266759569e-01
   1.6558193326490767e-01
   1.6933663457826398e-01
   1.7358314708850617e-01
   1.7755903892925948e-01
   1.8128444109798475e-01
   1.8553497926968296e-01
   1.9031702425598529e-01
   1.9563724920072575e-01
   2.0150244735121745e-01
   2.0791931619485576e-01
   2.1489420368637682e-01
   2.2243281200291226e-01
   2.3053985408956143e-01
   2.3921865824943803e-01
   2.4847071625469480e-01
   2.5829517098977767e-01
   2.6868824058185387e-01
   2.7964257743796112e-01
   2.9114656271832429e-01
   3.0318353966148143e-01
   3.1573099296690127e-01
   3.2875968624329649e-01
   3.4223277541348268e-01
   3.5610492292669998e-01
   3.7032144555715757e-01
   3.8481753720442957e-01
   3.9951761700542249e-01
   4.1433486153508436e-01
   4.2917098697415390e-01
   4.4391635166653826e-01
   4.5845045008457513e-01
   4.7264286438402731e-01
   4.8635472806708624e-01
   4.9944073672439299e-01
   1.7755903892925951e-01
   1.8128444109798481e-01
   1.8553497926968301e-01
   1.9031702425598532e-01
   1.9563724920072578e-01
   2.0150244735121753e-01
   2.0791931619485576e-01
   2.1489420368637691e-01
   2.2243281200291229e-01
   2.3053985408956149e-01
   2.3921865824943805e-01
   2.4847071625469486e-01
   2.5829517098977772e-01
   2.6868824058185392e-01
   2.7964257743796117e-01
   2.9114656271832440e-01
   3.0318353966148148e-01
   3.1573099296690132e-01
   3.2875968624329654e-01
   3.4223277541348274e-01
   3.5610492292670004e-01
   3.7032144555715768e-01
   3.8481753720442963e-01
   3.9951761700542260e-01
   4.1433486153508436e-01
   4.2917098697415390e-01
   4.4391635166653831e-01
   4.5845045008457513e-01
   4.7264286438402736e-01
   4.8635472806708635e-01
   4.9944073672439304e-01
   1.7755903892925948e-01
   1.8128444109798478e-01
   1.8553497926968299e-01
   1.9031702425598537e-01
   1.9563724920072587e-01
   2.0150244735121756e-01
   2.0791931619485587e-01
   2.1489420368637699e-01
   2.2243281200291246e-01
   2.3053985408956162e-01
   2.3921865824943825e-01
   2.4847071625469508e-01
   2.5829517098977794e-01
   2.6868824058185414e-01
   2.7964257743796145e-01
   2.9114656271832468e-01
   3.0318353966148176e-01
   3.1573099296690166e-01
   3.2875968624329693e-01
   3.4223277541348301e-01
   3.5610492292670032e-01
   3.7032144555715790e-01
   3.8481753720442985e-01
   3.9951761700542282e-01
   4.1433486153508459e-01
   4.2917098697415412e-01
   4.4391635166653848e-01
   4.5845045008457530e-01
   4.7264286438402742e-01
   4.8635472806708641e-01
   4.9944073672439310e-01
   5.1470721502564476e-01
   5.3199210283390741e-01
   5.4811593180367801e-01
   5.6285259808982491e-01
   5.7598050623750174e-01
   5.8728990987052676e-01
   5.9659057608552435e-01
   6.0371931363097397e-01
   6.0854685302107314e-01
   6.1098356559332534e-01
   6.1098356559332534e-01
   6.0854685302107314e-01
   6.0371931363097397e-01
   5.9659057608552435e-01
   5.8728990987052687e-01
   5.7598050623750174e-01
   5.6285259808982491e-01
   5.4811593180367801e-01
   5.3199210283390741e-01
   5.1470721502564476e-01
