   6.3729973652630667e-01
   6.0962410821280644e-01
   5.8464397626527354e-01
   5.6258510482053248e-01
   5.4361171600273650e-01
   5.2783968656846136e-01
   5.1534808008874722e-01
   5.0618871634626539e-01
   5.0039366892200388e-01
   4.9798068804232171e-01
   4.9895659024158928e-01
   5.0331865913077967e-01
   5.1105407966076188e-01
   5.2213739655097446e-01
   5.3652595977396911e-01
   5.5415331033691895e-01
   5.7492048410904395e-01
   5.9868528882487360e-01
   6.2524976076194505e-01
   6.5434625414585423e-01
   6.8562297389622606e-01
   7.1863023164680184e-01
   7.5280925747990113e-01
   7.8748596048531139e-01
   8.2187246402328662e-01
   8.5507934773367422e-01
   8.8614107244608320e-01
   9.1405584048417132e-01
   9.3783908328847576e-01
   9.5658705797973553e-01
   9.6954418939297293e-01
   9.7616560351366566e-01
   9.7616560351366588e-01
   9.6954418939297349e-01
   9.5658705797973653e-01
   9.3783908328847698e-01
   9.1405584048417288e-01
   8.8614107244608509e-01
   8.5507934773367622e-01
   8.2187246402328884e-01
   7.8748596048531339e-01
   7.5280925747990313e-01
   7.1863023164680384e-01
   6.8562297389622795e-01
   6.5434625414585601e-01
   6.2524976076194672e-01
   5.9868528882487515e-01
   5.7492048410904539e-01
   5.5415331033692039e-01
   5.3652595977397044e-01
   5.2213739655097580e-01
   5.1105407966076311e-01
   5.0331865913078089e-01
   4.9895659024159039e-01
   4.9798068804232271e-01
   5.0039366892200488e-01
   5.0618871634626617e-01
   5.1534808008874800e-01
   5.2783968656846192e-01
   5.4361171600273706e-01
   5.6258510482053292e-01
   5.8464397626527387e-01
   6.0962410821280666e-01
   6.3729973652630678e-01
   6.8296310068376720e-01
   7.4605852193920785e-01
   8.0981664656734154e-01
   8.7268743807491378e-01
   9.3275574372552528e-01
   9.8780551888710200e-01
   1.0354518340669459e+00
   1.0733412201767532e+00
   1.0994014323811589e+00
   1.1121002548698031e+00
   1.1106587220231217e+00
   1.0951663379429857e+00
   1.0665676085904803e+00
   1.0265235526068552e+00
   9.7718466144728544e-01
   9.2092978664530500e-01
   8.6012377405503515e-01
   7.9693012742535674e-01
   7.3319328241680481e-01
   6.7038677992342310e-01
   6.0961287024231081e-01
   5.5163573149695999e-01
   4.9693216434074355e-01
   4.4574762602524098e-01
   3.9814980493350716e-01
   3.5407555931300672e-01
   3.1336961641937106e-01
   2.7581502138458647e-01
   2.4115616977829296e-01
   2.0911560208282443e-01
   1.7940578509070187e-01
   1.5173699779904701e-01
   1.2582226845392433e-01
   1.0138012697099835e-01
   7.8135769425161081e-02
   5.5821089628478843e-02
   3.4173919488983101e-02
   1.2936733241936399e-02
  -8.1449923875440474e-03
  -2.9324612779776264e-02
  -4.5375068337449406e-02
  -5.6468265690813875e-02
  -6.8212207823903706e-02
  -8.0740307532986208e-02
  -9.4193681643492955e-02
  -1.0872223099901951e-01
  -1.2448561340323643e-01
  -1.4165404293529482e-01
  -1.6040881994981426e-01
  -1.8094245710509568e-01
  -2.0345821532476988e-01
  -2.2816879686085642e-01
  -2.5529385795951814e-01
  -2.8505589944056153e-01
  -3.1767397077113935e-01
  -3.5335448812482700e-01
  -3.9227833501076037e-01
  -4.3458331635398301e-01
  -4.8034102803022688e-01
  -5.2952737114211290e-01
  -5.8198641059125689e-01
  -6.3738821405127488e-01
  -6.9518288389347938e-01
  -7.5455532641910728e-01
  -8.1438831790720878e-01
  -8.7324467690050533e-01
  -9.2938181824768806e-01
  -9.8081200947487590e-01
  -1.0254173527165193e+00
  -1.0611185895723481e+00
  -1.0860820001829712e+00
  -1.0989327745827149e+00
  -1.0989327745827167e+00
  -1.0860820001829758e+00
  -1.0611185895723558e+00
  -1.0254173527165293e+00
  -9.8081200947488800e-01
  -9.2938181824770172e-01
  -8.7324467690051988e-01
  -8.1438831790722388e-01
  -7.5455532641912237e-01
  -6.9518288389349414e-01
  -6.3738821405128920e-01
  -5.8198641059127043e-01
  -5.2952737114212556e-01
  -4.8034102803023865e-01
  -4.3458331635399389e-01
  -3.9227833501077031e-01
  -3.5335448812483605e-01
  -3.1767397077114756e-01
  -2.8505589944056886e-01
  -2.5529385795952469e-01
  -2.2816879686086222e-01
  -2.0345821532477498e-01
  -1.8094245710510018e-01
  -1.6040881994981812e-01
  -1.4165404293529812e-01
  -1.2448561340323923e-01
  -1.0872223099902183e-01
  -9.4193681643494814e-02
  -8.0740307532987637e-02
  -6.8212207823904719e-02
  -5.6468265690814479e-02
  -4.5375068337449601e-02
