   2.6294183157261508e+00
   2.6253488477914479e+00
   2.6213722216486692e+00
   2.6106600582853163e+00
   2.6043791503604989e+00
   2.5803964237957082e+00
   2.5786534837567041e+00
   2.5651352806156416e+00
   2.5560539205178818e+00
   2.5483917221843715e+00
   2.5397815770045744e+00
   2.5303520187750257e+00
   2.5213732402638325e+00
   2.5132104859094877e+00
   2.5053468515237269e+00
   2.4972353516557249e+00
   2.4887389158496118e+00
   2.4800122999754071e+00
   2.4711563029798769e+00
   2.4620972991558472e+00
   2.4527109539607643e+00
   2.4429497918116558e+00
   2.4328469603867324e+00
   2.4224500535938223e+00
   2.4117902005725647e+00
   2.4009095956004423e+00
   2.3899001688716610e+00
   2.3789183940433722e+00
   2.3681844789271187e+00
   2.3579864054412920e+00
   2.3486878951790202e+00
   2.3407203532659486e+00
   2.3345425474565928e+00
   2.3305708475729698e+00
   2.3293104839182672e+00
   2.3291040479671414e+00
   2.3302784831803391e+00
   2.3340772895741555e+00
   2.3403838473694498e+00
   2.3490439574536328e+00
