   5.1997807281853869e-01
   5.0865943540082514e-01
   4.9672642296865499e-01
   4.8430832475391894e-01
   4.7153100207221182e-01
   4.5851494289423073e-01
   4.4537373317519202e-01
   4.3221293735043892e-01
   4.1912936180329913e-01
   4.0621066194683519e-01
   3.9353524555056058e-01
   3.8117242142343066e-01
   3.6918274266643381e-01
   3.5761849650168970e-01
   3.4652429728539536e-01
   3.3593774494763340e-01
   3.2589011714822069e-01
   3.1640706942404007e-01
   3.0750932320350438e-01
   2.9921332657560784e-01
   2.9153187702115352e-01
   2.8447469891313959e-01
   2.7804897149453783e-01
   2.7225980530020599e-01
   2.6711066667889838e-01
   2.6260375127181645e-01
   2.5874030809599807e-01
   2.5552091633897017e-01
   2.5294571716245912e-01
   2.5101460279549237e-01
   2.4972736501977186e-01
   2.4908380485311996e-01
   2.4908380485311996e-01
   2.4972736501977183e-01
   2.5101460279549237e-01
   2.5294571716245906e-01
   2.5552091633897017e-01
   2.5874030809599807e-01
   2.6260375127181645e-01
   2.6711066667889838e-01
   2.7225980530020594e-01
   2.7804897149453783e-01
   2.8447469891313959e-01
   2.9153187702115346e-01
   2.9921332657560784e-01
   3.0750932320350433e-01
   3.1640706942404007e-01
   3.2589011714822069e-01
   3.3593774494763334e-01
   3.4652429728539530e-01
   3.5761849650168970e-01
   3.6918274266643381e-01
   3.8117242142343066e-01
   3.9353524555056058e-01
   4.0621066194683519e-01
   4.1912936180329913e-01
   4.3221293735043892e-01
   4.4537373317519202e-01
   4.5851494289423067e-01
   4.7153100207221177e-01
   4.8430832475391888e-01
   4.9672642296865493e-01
   5.0865943540082514e-01
   5.1997807281853869e-01
   5.3603549565784780e-01
   5.5659810327618531e-01
   5.7589472799904973e-01
   5.9362977575543507e-01
   6.0950890047474093e-01
   6.2324956691080891e-01
   6.3459242249154224e-01
   6.4331274695979457e-01
   6.4923112420475615e-01
   6.5222244747292313e-01
   6.5222244747292313e-01
   6.4923112420475615e-01
   6.4331274695979457e-01
   6.3459242249154224e-01
   6.2324956691080902e-01
   6.0950890047474104e-01
   5.9362977575543530e-01
   5.7589472799905006e-01
   5.5659810327618564e-01
   5.3603549565784825e-01
   5.1997807281853925e-01
   5.0865943540082570e-01
   4.9672642296865555e-01
   4.8430832475391949e-01
   4.7153100207221244e-01
   4.5851494289423139e-01
   4.4537373317519274e-01
   4.3221293735043959e-01
   4.1912936180329979e-01
   4.0621066194683597e-01
   3.9353524555056130e-01
   3.8117242142343138e-01
   3.6918274266643453e-01
   3.5761849650169036e-01
   3.4652429728539602e-01
   3.3593774494763395e-01
   3.2589011714822136e-01
   3.1640706942404068e-01
   3.0750932320350494e-01
   2.9921332657560845e-01
   2.9153187702115402e-01
   2.8447469891314009e-01
   2.7804897149453833e-01
   2.7225980530020638e-01
   2.6711066667889877e-01
   2.6260375127181690e-01
   2.5874030809599846e-01
   2.5552091633897051e-01
   2.5294571716245945e-01
   2.5101460279549270e-01
   2.4972736501977214e-01
   2.4908380485312023e-01
   2.4908380485312021e-01
   2.4972736501977205e-01
   2.5101460279549259e-01
   2.5294571716245928e-01
   2.5552091633897028e-01
   2.5874030809599818e-01
   2.6260375127181657e-01
   2.6711066667889843e-01
   2.7225980530020599e-01
   2.7804897149453789e-01
   2.8447469891313959e-01
   2.9153187702115346e-01
   2.9921332657560779e-01
   3.0750932320350427e-01
   3.1640706942404001e-01
   3.2589011714822069e-01
   3.3593774494763340e-01
   3.4652429728539541e-01
   3.5761849650168981e-01
   3.6918274266643397e-01
   3.8117242142343088e-01
   3.9353524555056085e-01
   4.0621066194683553e-01
   4.1912936180329941e-01
   4.3221293735043925e-01
   4.4537373317519235e-01
   4.5851494289423117e-01
   4.7153100207221227e-01
   4.8430832475391933e-01
   4.9672642296865549e-01
   5.0865943540082559e-01
   5.1997807281853925e-01
