   5.2914791096953206e-01
   5.1509153484499837e-01
   5.0045510589816666e-01
   4.8539850009332242e-01
   4.7007324775818776e-01
   4.5462051542688414e-01
   4.3916971615370975e-01
   4.2383769345085970e-01
   4.0872840505622526e-01
   3.9393302301851790e-01
   3.7953036448570188e-01
   3.6558757123240787e-01
   3.5216096352099219e-01
   3.3929700372712607e-01
   3.2703331594837148e-01
   3.1539971856123750e-01
   3.0441923672179988e-01
   2.9410907070928172e-01
   2.8448150359540686e-01
   2.7554473794430784e-01
   2.6730365617193907e-01
   2.5976050294661590e-01
   2.5291549075069775e-01
   2.4676733161329539e-01
   2.4131369922462687e-01
   2.3655162629866136e-01
   2.3247784228698956e-01
   2.2908905646783406e-01
   2.2638219112420904e-01
   2.2435456905081244e-01
   2.2300405904095150e-01
   2.2232918234026061e-01
   2.2232918234026064e-01
   2.2300405904095152e-01
   2.2435456905081250e-01
   2.2638219112420913e-01
   2.2908905646783417e-01
   2.3247784228698967e-01
   2.3655162629866153e-01
   2.4131369922462703e-01
   2.4676733161329559e-01
   2.5291549075069797e-01
   2.5976050294661618e-01
   2.6730365617193930e-01
   2.7554473794430812e-01
   2.8448150359540719e-01
   2.9410907070928205e-01
   3.0441923672180021e-01
   3.1539971856123783e-01
   3.2703331594837187e-01
   3.3929700372712646e-01
   3.5216096352099252e-01
   3.6558757123240820e-01
   3.7953036448570215e-01
   3.9393302301851818e-01
   4.0872840505622554e-01
   4.2383769345085998e-01
   4.3916971615371003e-01
   4.5462051542688431e-01
   4.7007324775818793e-01
   4.8539850009332253e-01
   5.0045510589816677e-01
   5.1509153484499837e-01
   5.2914791096953206e-01
   5.4936154105335000e-01
   5.7543536416529029e-01
   6.0007951275994054e-01
   6.2288507739215360e-01
   6.4343473382502681e-01
   6.6131918239532927e-01
   6.7615570783016476e-01
   6.8760758511106224e-01
   6.9540271302267798e-01
   6.9934969733548269e-01
   6.9934969733548269e-01
   6.9540271302267787e-01
   6.8760758511106213e-01
   6.7615570783016465e-01
   6.6131918239532927e-01
   6.4343473382502658e-01
   6.2288507739215349e-01
   6.0007951275994043e-01
   5.7543536416529006e-01
   5.4936154105334989e-01
   5.2914791096953195e-01
   5.1509153484499814e-01
   5.0045510589816644e-01
   4.8539850009332219e-01
   4.7007324775818748e-01
   4.5462051542688381e-01
   4.3916971615370942e-01
   4.2383769345085937e-01
   4.0872840505622493e-01
   3.9393302301851751e-01
   3.7953036448570138e-01
   3.6558757123240737e-01
   3.5216096352099169e-01
   3.3929700372712557e-01
   3.2703331594837093e-01
   3.1539971856123689e-01
   3.0441923672179932e-01
   2.9410907070928111e-01
   2.8448150359540625e-01
   2.7554473794430723e-01
   2.6730365617193846e-01
   2.5976050294661523e-01
   2.5291549075069714e-01
   2.4676733161329473e-01
   2.4131369922462620e-01
   2.3655162629866064e-01
   2.3247784228698887e-01
   2.2908905646783334e-01
   2.2638219112420829e-01
   2.2435456905081169e-01
   2.2300405904095072e-01
   2.2232918234025981e-01
   2.2232918234025981e-01
   2.2300405904095066e-01
   2.2435456905081161e-01
   2.2638219112420824e-01
   2.2908905646783326e-01
   2.3247784228698876e-01
   2.3655162629866053e-01
   2.4131369922462606e-01
   2.4676733161329459e-01
   2.5291549075069697e-01
   2.5976050294661512e-01
   2.6730365617193824e-01
   2.7554473794430701e-01
   2.8448150359540603e-01
   2.9410907070928088e-01
   3.0441923672179905e-01
   3.1539971856123661e-01
   3.2703331594837065e-01
   3.3929700372712529e-01
   3.5216096352099141e-01
   3.6558757123240715e-01
   3.7953036448570121e-01
   3.9393302301851735e-01
   4.0872840505622476e-01
   4.2383769345085925e-01
   4.3916971615370937e-01
   4.5462051542688370e-01
   4.7007324775818748e-01
   4.8539850009332214e-01
   5.0045510589816644e-01
   5.1509153484499826e-01
   5.2914791096953195e-01
