   5.3150888135207719e-01
   5.1647756671108469e-01
   5.0089308087439233e-01
   4.8492520542794049e-01
   4.6873330840620892e-01
   4.5246439313673520e-01
   4.3625184785114274e-01
   4.2021481889070439e-01
   4.0445811320589697e-01
   3.8907252915079443e-01
   3.7413551606189838e-01
   3.5971207042059744e-01
   3.4585578733897615e-01
   3.3260999884202846e-01
   3.2000894353031806e-01
   3.0807892469989800e-01
   2.9683942524484702e-01
   2.8630415734463538e-01
   2.7648203293878820e-01
   2.6737804736277715e-01
   2.5899407340389657e-01
   2.5132956662558542e-01
   2.4438218531167685e-01
   2.3814833000227367e-01
   2.3262360851666103e-01
   2.2780323274799857e-01
   2.2368235350514740e-01
   2.2025633937867481e-01
   2.1752100510696798e-01
   2.1547279427999014e-01
   2.1410892049073352e-01
   2.1342747026201270e-01
   2.1342747026201273e-01
   2.1410892049073355e-01
   2.1547279427999019e-01
   2.1752100510696804e-01
   2.2025633937867489e-01
   2.2368235350514748e-01
   2.2780323274799869e-01
   2.3262360851666117e-01
   2.3814833000227381e-01
   2.4438218531167702e-01
   2.5132956662558559e-01
   2.5899407340389674e-01
   2.6737804736277737e-01
   2.7648203293878842e-01
   2.8630415734463560e-01
   2.9683942524484735e-01
   3.0807892469989828e-01
   3.2000894353031833e-01
   3.3260999884202874e-01
   3.4585578733897637e-01
   3.5971207042059766e-01
   3.7413551606189854e-01
   3.8907252915079460e-01
   4.0445811320589709e-01
   4.2021481889070456e-01
   4.3625184785114285e-01
   4.5246439313673525e-01
   4.6873330840620897e-01
   4.8492520542794054e-01
   5.0089308087439233e-01
   5.1647756671108469e-01
   5.3150888135207719e-01
   5.5322572602157905e-01
   5.8130905809047251e-01
   6.0791896701144210e-01
   6.3260325065911260e-01
   6.5489629588926423e-01
   6.7433789464603766e-01
   6.9049486667540627e-01
   7.0298398327421630e-01
   7.1149421811716840e-01
   7.1580611054089982e-01
   7.1580611054089971e-01
   7.1149421811716829e-01
   7.0298398327421618e-01
   6.9049486667540605e-01
   6.7433789464603722e-01
   6.5489629588926368e-01
   6.3260325065911205e-01
   6.0791896701144155e-01
   5.8130905809047206e-01
   5.5322572602157860e-01
   5.3150888135207663e-01
   5.1647756671108414e-01
   5.0089308087439177e-01
   4.8492520542793977e-01
   4.6873330840620814e-01
   4.5246439313673442e-01
   4.3625184785114191e-01
   4.2021481889070356e-01
   4.0445811320589603e-01
   3.8907252915079360e-01
   3.7413551606189749e-01
   3.5971207042059644e-01
   3.4585578733897521e-01
   3.3260999884202752e-01
   3.2000894353031711e-01
   3.0807892469989706e-01
   2.9683942524484613e-01
   2.8630415734463444e-01
   2.7648203293878731e-01
   2.6737804736277621e-01
   2.5899407340389563e-01
   2.5132956662558448e-01
   2.4438218531167594e-01
   2.3814833000227276e-01
   2.3262360851666014e-01
   2.2780323274799766e-01
   2.2368235350514648e-01
   2.2025633937867389e-01
   2.1752100510696704e-01
   2.1547279427998919e-01
   2.1410892049073260e-01
   2.1342747026201175e-01
   2.1342747026201175e-01
   2.1410892049073260e-01
   2.1547279427998919e-01
   2.1752100510696706e-01
   2.2025633937867389e-01
   2.2368235350514648e-01
   2.2780323274799766e-01
   2.3262360851666011e-01
   2.3814833000227273e-01
   2.4438218531167591e-01
   2.5132956662558448e-01
   2.5899407340389563e-01
   2.6737804736277621e-01
   2.7648203293878726e-01
   2.8630415734463444e-01
   2.9683942524484608e-01
   3.0807892469989706e-01
   3.2000894353031711e-01
   3.3260999884202747e-01
   3.4585578733897521e-01
   3.5971207042059644e-01
   3.7413551606189749e-01
   3.8907252915079349e-01
   4.0445811320589603e-01
   4.2021481889070356e-01
   4.3625184785114191e-01
   4.5246439313673437e-01
   4.6873330840620814e-01
   4.8492520542793977e-01
   5.0089308087439166e-01
   5.1647756671108414e-01
   5.3150888135207663e-01
