   5.2223358930377006e-01
   4.9092421488920324e-01
   4.6053215983337437e-01
   4.3125734246270525e-01
   4.0324577445032411e-01
   3.7659710785016909e-01
   3.5137214004929346e-01
   3.2759988703255505e-01
   3.0528399320308897e-01
   2.8440836591735724e-01
   2.6494200794843875e-01
   2.4684307707442987e-01
   2.3006223541383414e-01
   2.1454536809031255e-01
   2.0023575644262243e-01
   1.8707578933229799e-01
   1.7500829012768626e-01
   1.6397752876057736e-01
   1.5392997926659951e-01
   1.4481487431856574e-01
   1.3658459995805577e-01
   1.2919496628643878e-01
   1.2260538338877883e-01
   1.1677896622699692e-01
   1.1168258758819123e-01
   1.0728689431658396e-01
   1.0356629888862721e-01
   1.0049895580596996e-01
   9.8066730182187922e-02
   9.6255164197559487e-02
   9.5053445712964021e-02
   9.4454382200094944e-02
   9.4454382200094958e-02
   9.5053445712964008e-02
   9.6255164197559459e-02
   9.8066730182187867e-02
   1.0049895580596992e-01
   1.0356629888862716e-01
   1.0728689431658389e-01
   1.1168258758819116e-01
   1.1677896622699684e-01
   1.2260538338877872e-01
   1.2919496628643867e-01
   1.3658459995805566e-01
   1.4481487431856560e-01
   1.5392997926659938e-01
   1.6397752876057720e-01
   1.7500829012768607e-01
   1.8707578933229779e-01
   2.0023575644262220e-01
   2.1454536809031230e-01
   2.3006223541383389e-01
   2.4684307707442957e-01
   2.6494200794843842e-01
   2.8440836591735691e-01
   3.0528399320308863e-01
   3.2759988703255466e-01
   3.5137214004929318e-01
   3.7659710785016881e-01
   4.0324577445032389e-01
   4.3125734246270508e-01
   4.6053215983337425e-01
   4.9092421488920318e-01
   5.2223358930377006e-01
   5.7077668060913600e-01
   6.3603575212339214e-01
   7.0044761318092752e-01
   7.6272050009488879e-01
   8.2127433233252956e-01
   8.7430015221160995e-01
   9.1986888896049224e-01
   9.5608774447120348e-01
   9.8128934947231694e-01
   9.9422506995156923e-01
   9.9422506995156790e-01
   9.8128934947231294e-01
   9.5608774447119715e-01
   9.1986888896048391e-01
   8.7430015221159973e-01
   8.2127433233251801e-01
   7.6272050009487635e-01
   7.0044761318091453e-01
   6.3603575212337882e-01
   5.7077668060912257e-01
   5.2223358930375696e-01
   4.9092421488919036e-01
   4.6053215983336188e-01
   4.3125734246269315e-01
   4.0324577445031251e-01
   3.7659710785015804e-01
   3.5137214004928302e-01
   3.2759988703254506e-01
   3.0528399320307958e-01
   2.8440836591734836e-01
   2.6494200794843037e-01
   2.4684307707442199e-01
   2.3006223541382675e-01
   2.1454536809030561e-01
   2.0023575644261590e-01
   1.8707578933229188e-01
   1.7500829012768052e-01
   1.6397752876057195e-01
   1.5392997926659444e-01
   1.4481487431856091e-01
   1.3658459995805122e-01
   1.2919496628643448e-01
   1.2260538338877472e-01
   1.1677896622699302e-01
   1.1168258758818748e-01
   1.0728689431658037e-01
   1.0356629888862373e-01
   1.0049895580596659e-01
   9.8066730182184633e-02
   9.6255164197556267e-02
   9.5053445712960857e-02
   9.4454382200091794e-02
   9.4454382200091808e-02
   9.5053445712960871e-02
   9.6255164197556281e-02
   9.8066730182184647e-02
   1.0049895580596661e-01
   1.0356629888862376e-01
   1.0728689431658041e-01
   1.1168258758818754e-01
   1.1677896622699309e-01
   1.2260538338877479e-01
   1.2919496628643454e-01
   1.3658459995805133e-01
   1.4481487431856102e-01
   1.5392997926659452e-01
   1.6397752876057206e-01
   1.7500829012768060e-01
   1.8707578933229191e-01
   2.0023575644261593e-01
   2.1454536809030561e-01
   2.3006223541382673e-01
   2.4684307707442199e-01
   2.6494200794843031e-01
   2.8440836591734830e-01
   3.0528399320307947e-01
   3.2759988703254495e-01
   3.5137214004928291e-01
   3.7659710785015799e-01
   4.0324577445031246e-01
   4.3125734246269315e-01
   4.6053215983336182e-01
   4.9092421488919036e-01
   5.2223358930375696e-01
