   5.3556143239457754e-01
   5.1118385335315331e-01
   4.8686934402905285e-01
   4.6284265609336722e-01
   4.3929317225508968e-01
   4.1637651496906480e-01
   3.9421706015617519e-01
   3.7291100804688565e-01
   3.5252972654954745e-01
   3.3312314796435327e-01
   3.1472306064130828e-01
   2.9734618956846126e-01
   2.8099700240533876e-01
   2.6567021020788079e-01
   2.5135295598785334e-01
   2.3802670070223561e-01
   2.2566882677489977e-01
   2.1425398522721131e-01
   2.0375521516447276e-01
   1.9414486473895590e-01
   1.8539534157650089e-01
   1.7747971860540607e-01
   1.7037221869250641e-01
   1.6404859876956968e-01
   1.5848645142009815e-01
   1.5366543931387611e-01
   1.4956747549159422e-01
   1.4617686034423288e-01
   1.4348038420569706e-01
   1.4146740276995345e-01
   1.4012989103285495e-01
   1.3946248011517515e-01
   1.3946248011517517e-01
   1.4012989103285495e-01
   1.4146740276995348e-01
   1.4348038420569709e-01
   1.4617686034423291e-01
   1.4956747549159424e-01
   1.5366543931387616e-01
   1.5848645142009815e-01
   1.6404859876956968e-01
   1.7037221869250643e-01
   1.7747971860540609e-01
   1.8539534157650092e-01
   1.9414486473895590e-01
   2.0375521516447273e-01
   2.1425398522721131e-01
   2.2566882677489974e-01
   2.3802670070223558e-01
   2.5135295598785329e-01
   2.6567021020788073e-01
   2.8099700240533870e-01
   2.9734618956846121e-01
   3.1472306064130817e-01
   3.3312314796435316e-01
   3.5252972654954734e-01
   3.7291100804688554e-01
   3.9421706015617508e-01
   4.1637651496906464e-01
   4.3929317225508951e-01
   4.6284265609336706e-01
   4.8686934402905274e-01
   5.1118385335315319e-01
   5.3556143239457743e-01
   5.7228131703900631e-01
   6.2085645508158849e-01
   6.6796943513577300e-01
   7.1269811521352955e-01
   7.5400257775120694e-01
   7.9077080312999903e-01
   8.2188329290984474e-01
   8.4629278669104813e-01
   8.6311099951430148e-01
   8.7169079774515268e-01
   8.7169079774515357e-01
   8.6311099951430392e-01
   8.4629278669105212e-01
   8.2188329290985007e-01
   7.9077080313000547e-01
   7.5400257775121438e-01
   7.1269811521353787e-01
   6.6796943513578166e-01
   6.2085645508159759e-01
   5.7228131703901552e-01
   5.3556143239458687e-01
   5.1118385335316274e-01
   4.8686934402906229e-01
   4.6284265609337660e-01
   4.3929317225509895e-01
   4.1637651496907391e-01
   3.9421706015618413e-01
   3.7291100804689437e-01
   3.5252972654955594e-01
   3.3312314796436138e-01
   3.1472306064131611e-01
   2.9734618956846887e-01
   2.8099700240534609e-01
   2.6567021020788778e-01
   2.5135295598786006e-01
   2.3802670070224211e-01
   2.2566882677490599e-01
   2.1425398522721728e-01
   2.0375521516447845e-01
   1.9414486473896139e-01
   1.8539534157650620e-01
   1.7747971860541123e-01
   1.7037221869251135e-01
   1.6404859876957451e-01
   1.5848645142010281e-01
   1.5366543931388071e-01
   1.4956747549159868e-01
   1.4617686034423730e-01
   1.4348038420570142e-01
   1.4146740276995778e-01
   1.4012989103285922e-01
   1.3946248011517945e-01
   1.3946248011517945e-01
   1.4012989103285928e-01
   1.4146740276995787e-01
   1.4348038420570153e-01
   1.4617686034423744e-01
   1.4956747549159885e-01
   1.5366543931388091e-01
   1.5848645142010306e-01
   1.6404859876957473e-01
   1.7037221869251162e-01
   1.7747971860541148e-01
   1.8539534157650650e-01
   1.9414486473896173e-01
   2.0375521516447884e-01
   2.1425398522721764e-01
   2.2566882677490635e-01
   2.3802670070224249e-01
   2.5135295598786050e-01
   2.6567021020788822e-01
   2.8099700240534653e-01
   2.9734618956846937e-01
   3.1472306064131661e-01
   3.3312314796436182e-01
   3.5252972654955633e-01
   3.7291100804689470e-01
   3.9421706015618446e-01
   4.1637651496907419e-01
   4.3929317225509917e-01
   4.6284265609337677e-01
   4.8686934402906246e-01
   5.1118385335316274e-01
   5.3556143239458687e-01
