   5.7871086539291638e-01
   5.7871086539292904e-01
   5.7871086539293803e-01
   5.7871086539294336e-01
   5.7871086539294470e-01
   5.7871086539294236e-01
   5.7871086539293604e-01
   5.7871086539292615e-01
   5.7871086539291261e-01
   5.7871086539289562e-01
   5.7871086539287542e-01
   5.7871086539285221e-01
   5.7871086539282646e-01
   5.7871086539279837e-01
   5.7871086539276817e-01
   5.7871086539273664e-01
   5.7871086539270378e-01
   5.7871086539267025e-01
   5.7871086539263639e-01
   5.7871086539260275e-01
   5.7871086539256966e-01
   5.7871086539253758e-01
   5.7871086539250682e-01
   5.7871086539247796e-01
   5.7871086539245131e-01
   5.7871086539242711e-01
   5.7871086539240568e-01
   5.7871086539238747e-01
   5.7871086539237260e-01
   5.7871086539236127e-01
   5.7871086539235372e-01
   5.7871086539234984e-01
   5.7871086539234984e-01
   5.7871086539235361e-01
   5.7871086539236127e-01
   5.7871086539237260e-01
   5.7871086539238747e-01
   5.7871086539240568e-01
   5.7871086539242700e-01
   5.7871086539245120e-01
   5.7871086539247785e-01
   5.7871086539250671e-01
   5.7871086539253747e-01
   5.7871086539256955e-01
   5.7871086539260264e-01
   5.7871086539263639e-01
   5.7871086539267025e-01
   5.7871086539270367e-01
   5.7871086539273642e-01
   5.7871086539276817e-01
   5.7871086539279826e-01
   5.7871086539282635e-01
   5.7871086539285210e-01
   5.7871086539287531e-01
   5.7871086539289551e-01
   5.7871086539291250e-01
   5.7871086539292615e-01
   5.7871086539293604e-01
   5.7871086539294225e-01
   5.7871086539294470e-01
   5.7871086539294336e-01
   5.7871086539293803e-01
   5.7871086539292904e-01
   5.7871086539291650e-01
   5.7871086539289185e-01
   5.7871086539285577e-01
   5.7871086539281669e-01
   5.7871086539277550e-01
   5.7871086539273253e-01
   5.7871086539268835e-01
   5.7871086539264360e-01
   5.7871086539259908e-01
   5.7871086539255501e-01
   5.7871086539251226e-01
   5.7871086539247130e-01
   5.7871086539243266e-01
   5.7871086539239702e-01
   5.7871086539236460e-01
   5.7871086539233596e-01
   5.7871086539231154e-01
   5.7871086539229155e-01
   5.7871086539227645e-01
   5.7871086539226624e-01
   5.7871086539226113e-01
   5.7871086539226124e-01
   5.7871086539226646e-01
   5.7871086539227679e-01
   5.7871086539229211e-01
   5.7871086539231209e-01
   5.7871086539233663e-01
   5.7871086539236538e-01
   5.7871086539239780e-01
   5.7871086539243366e-01
   5.7871086539247230e-01
   5.7871086539251337e-01
   5.7871086539255612e-01
   5.7871086539260019e-01
   5.7871086539264482e-01
   5.7871086539268946e-01
   5.7871086539273364e-01
   5.7871086539277661e-01
   5.7871086539281780e-01
   5.7871086539285677e-01
   5.7871086539289285e-01
   5.7871086539291738e-01
   5.7871086539293015e-01
   5.7871086539293914e-01
   5.7871086539294447e-01
   5.7871086539294592e-01
   5.7871086539294347e-01
   5.7871086539293715e-01
   5.7871086539292715e-01
   5.7871086539291350e-01
   5.7871086539289640e-01
   5.7871086539287619e-01
   5.7871086539285288e-01
   5.7871086539282701e-01
   5.7871086539279881e-01
   5.7871086539276861e-01
   5.7871086539273686e-01
   5.7871086539270400e-01
   5.7871086539267025e-01
   5.7871086539263628e-01
   5.7871086539260252e-01
   5.7871086539256933e-01
   5.7871086539253702e-01
   5.7871086539250627e-01
   5.7871086539247729e-01
   5.7871086539245054e-01
   5.7871086539242622e-01
   5.7871086539240479e-01
   5.7871086539238648e-01
   5.7871086539237160e-01
   5.7871086539236027e-01
   5.7871086539235261e-01
   5.7871086539234873e-01
   5.7871086539234873e-01
   5.7871086539235261e-01
   5.7871086539236027e-01
   5.7871086539237160e-01
   5.7871086539238648e-01
   5.7871086539240479e-01
   5.7871086539242622e-01
   5.7871086539245042e-01
   5.7871086539247729e-01
   5.7871086539250627e-01
   5.7871086539253713e-01
   5.7871086539256933e-01
   5.7871086539260252e-01
   5.7871086539263639e-01
   5.7871086539267036e-01
   5.7871086539270400e-01
   5.7871086539273686e-01
   5.7871086539276861e-01
   5.7871086539279881e-01
   5.7871086539282701e-01
   5.7871086539285299e-01
   5.7871086539287619e-01
   5.7871086539289651e-01
   5.7871086539291350e-01
   5.7871086539292715e-01
   5.7871086539293715e-01
   5.7871086539294347e-01
   5.7871086539294592e-01
   5.7871086539294447e-01
   5.7871086539293914e-01
   5.7871086539293015e-01
   5.7871086539291750e-01
