   3.2328365872714321e-01
   3.2577878288083606e-01
   3.2839431861560614e-01
   3.3112040140902210e-01
   3.3394647323774812e-01
   3.3686128833758272e-01
   3.3985292462010863e-01
   3.4290880153790348e-01
   3.4601570516595698e-01
   3.4915982122133093e-01
   3.5232677667373591e-01
   3.5550169050455394e-01
   3.5866923404945050e-01
   3.6181370120941336e-01
   3.6491908863713074e-01
   3.6796918580151905e-01
   3.7094767460567946e-01
   3.7383823798677746e-01
   3.7662467666590121e-01
   3.7929103294891098e-01
   3.8182172021397320e-01
   3.8420165646726750e-01
   3.8641640011541245e-01
   3.8845228590191050e-01
   3.9029655879562819e-01
   3.9193750351149637e-01
   3.9336456729539721e-01
   3.9456847362283742e-01
   3.9554132454832119e-01
   3.9627668960032336e-01
   3.9676967934334112e-01
   3.9701700201841150e-01
   3.9701700201841150e-01
   3.9676967934334112e-01
   3.9627668960032336e-01
   3.9554132454832125e-01
   3.9456847362283748e-01
   3.9336456729539721e-01
   3.9193750351149637e-01
   3.9029655879562819e-01
   3.8845228590191050e-01
   3.8641640011541240e-01
   3.8420165646726750e-01
   3.8182172021397320e-01
   3.7929103294891098e-01
   3.7662467666590121e-01
   3.7383823798677751e-01
   3.7094767460567946e-01
   3.6796918580151905e-01
   3.6491908863713080e-01
   3.6181370120941336e-01
   3.5866923404945056e-01
   3.5550169050455399e-01
   3.5232677667373591e-01
   3.4915982122133093e-01
   3.4601570516595698e-01
   3.4290880153790348e-01
   3.3985292462010863e-01
   3.3686128833758272e-01
   3.3394647323774812e-01
   3.3112040140902216e-01
   3.2839431861560614e-01
   3.2577878288083612e-01
   3.2328365872714321e-01
   3.1969136574525497e-01
   3.1502004123339805e-01
   3.1051295758299102e-01
   3.0618527371925525e-01
   3.0205083271429306e-01
   2.9812221663941224e-01
   2.9441080698449179e-01
   2.9092684865317703e-01
   2.8767951575902306e-01
   2.8467697766182520e-01
   2.8192646388930614e-01
   2.7943432678275493e-01
   2.7720610088323944e-01
   2.7524655823598332e-01
   2.7355975893377593e-01
   2.7214909634605472e-01
   2.7101733658939281e-01
   2.7016665188887912e-01
   2.6959864755999358e-01
   2.6931438240902572e-01
   2.6931438240902572e-01
   2.6959864755999352e-01
   2.7016665188887912e-01
   2.7101733658939275e-01
   2.7214909634605466e-01
   2.7355975893377582e-01
   2.7524655823598326e-01
   2.7720610088323938e-01
   2.7943432678275482e-01
   2.8192646388930603e-01
   2.8467697766182509e-01
   2.8767951575902295e-01
   2.9092684865317692e-01
   2.9441080698449168e-01
   2.9812221663941213e-01
   3.0205083271429289e-01
   3.0618527371925514e-01
   3.1051295758299086e-01
   3.1502004123339788e-01
   3.1969136574525481e-01
   3.2328365872714299e-01
   3.2577878288083589e-01
   3.2839431861560597e-01
   3.3112040140902194e-01
   3.3394647323774795e-01
   3.3686128833758255e-01
   3.3985292462010847e-01
   3.4290880153790337e-01
   3.4601570516595692e-01
   3.4915982122133088e-01
   3.5232677667373585e-01
   3.5550169050455394e-01
   3.5866923404945056e-01
   3.6181370120941336e-01
   3.6491908863713074e-01
   3.6796918580151911e-01
   3.7094767460567951e-01
   3.7383823798677757e-01
   3.7662467666590133e-01
   3.7929103294891109e-01
   3.8182172021397337e-01
   3.8420165646726767e-01
   3.8641640011541262e-01
   3.8845228590191078e-01
   3.9029655879562836e-01
   3.9193750351149653e-01
   3.9336456729539743e-01
   3.9456847362283770e-01
   3.9554132454832147e-01
   3.9627668960032364e-01
   3.9676967934334134e-01
   3.9701700201841178e-01
   3.9701700201841178e-01
   3.9676967934334134e-01
   3.9627668960032364e-01
   3.9554132454832147e-01
   3.9456847362283770e-01
   3.9336456729539743e-01
   3.9193750351149659e-01
   3.9029655879562841e-01
   3.8845228590191078e-01
   3.8641640011541262e-01
   3.8420165646726767e-01
   3.8182172021397337e-01
   3.7929103294891114e-01
   3.7662467666590133e-01
   3.7383823798677757e-01
   3.7094767460567957e-01
   3.6796918580151911e-01
   3.6491908863713085e-01
   3.6181370120941342e-01
   3.5866923404945056e-01
   3.5550169050455394e-01
   3.5232677667373585e-01
   3.4915982122133088e-01
   3.4601570516595692e-01
   3.4290880153790337e-01
   3.3985292462010852e-01
   3.3686128833758255e-01
   3.3394647323774801e-01
   3.3112040140902194e-01
   3.2839431861560597e-01
   3.2577878288083589e-01
   3.2328365872714304e-01
