   3.1377148776162028e-01
   3.1762971049567801e-01
   3.2172794074543370e-01
   3.2605302501482364e-01
   3.3059040372325049e-01
   3.3532404425024948e-01
   3.4023638132313766e-01
   3.4530826754928307e-01
   3.5051893712847393e-01
   3.5584598597387201e-01
   3.6126537160364935e-01
   3.6675143621914191e-01
   3.7227695633753749e-01
   3.7781322217594177e-01
   3.8333014966861406e-01
   3.8879642752272792e-01
   3.9417970106767009e-01
   3.9944679382332460e-01
   4.0456396670796507e-01
   4.0949721364158087e-01
   4.1421259100373087e-01
   4.1867657701792049e-01
   4.2285645571189850e-01
   4.2672071871181150e-01
   4.3023947684346364e-01
   4.3338487241640328e-01
   4.3613148223597659e-01
   4.3845670089779781e-01
   4.4034109382783504e-01
   4.4176870987942812e-01
   4.4272734410114384e-01
   4.4320874253326548e-01
   4.4320874253326548e-01
   4.4272734410114384e-01
   4.4176870987942812e-01
   4.4034109382783504e-01
   4.3845670089779781e-01
   4.3613148223597664e-01
   4.3338487241640328e-01
   4.3023947684346364e-01
   4.2672071871181155e-01
   4.2285645571189850e-01
   4.1867657701792049e-01
   4.1421259100373098e-01
   4.0949721364158093e-01
   4.0456396670796507e-01
   3.9944679382332471e-01
   3.9417970106767020e-01
   3.8879642752272792e-01
   3.8333014966861412e-01
   3.7781322217594182e-01
   3.7227695633753760e-01
   3.6675143621914191e-01
   3.6126537160364941e-01
   3.5584598597387207e-01
   3.5051893712847398e-01
   3.4530826754928318e-01
   3.4023638132313772e-01
   3.3532404425024948e-01
   3.3059040372325049e-01
   3.2605302501482364e-01
   3.2172794074543376e-01
   3.1762971049567801e-01
   3.1377148776162028e-01
   3.0829484488226616e-01
   3.0122567843582870e-01
   2.9445382552290617e-01
   2.8799635791423933e-01
   2.8186804500686991e-01
   2.7608157007106476e-01
   2.7064774243437928e-01
   2.6557570228929228e-01
   2.6087311557612874e-01
   2.5654635705171563e-01
   2.5260068020783671e-01
   2.4904037315739558e-01
   2.4586889996810635e-01
   2.4308902720278872e-01
   2.4070293563185091e-01
   2.3871231722722200e-01
   2.3711845763739814e-01
   2.3592230438932263e-01
   2.3512452107272558e-01
   2.3472552774373370e-01
   2.3472552774373368e-01
   2.3512452107272552e-01
   2.3592230438932252e-01
   2.3711845763739800e-01
   2.3871231722722178e-01
   2.4070293563185063e-01
   2.4308902720278844e-01
   2.4586889996810601e-01
   2.4904037315739525e-01
   2.5260068020783633e-01
   2.5654635705171513e-01
   2.6087311557612824e-01
   2.6557570228929173e-01
   2.7064774243437872e-01
   2.7608157007106410e-01
   2.8186804500686924e-01
   2.8799635791423861e-01
   2.9445382552290544e-01
   3.0122567843582793e-01
   3.0829484488226533e-01
   3.1377148776161951e-01
   3.1762971049567729e-01
   3.2172794074543304e-01
   3.2605302501482297e-01
   3.3059040372324983e-01
   3.3532404425024892e-01
   3.4023638132313722e-01
   3.4530826754928268e-01
   3.5051893712847360e-01
   3.5584598597387174e-01
   3.6126537160364908e-01
   3.6675143621914169e-01
   3.7227695633753743e-01
   3.7781322217594165e-01
   3.8333014966861406e-01
   3.8879642752272792e-01
   3.9417970106767020e-01
   3.9944679382332476e-01
   4.0456396670796529e-01
   4.0949721364158120e-01
   4.1421259100373126e-01
   4.1867657701792094e-01
   4.2285645571189900e-01
   4.2672071871181200e-01
   4.3023947684346414e-01
   4.3338487241640383e-01
   4.3613148223597725e-01
   4.3845670089779842e-01
   4.4034109382783565e-01
   4.4176870987942879e-01
   4.4272734410114450e-01
   4.4320874253326614e-01
   4.4320874253326614e-01
   4.4272734410114450e-01
   4.4176870987942884e-01
   4.4034109382783571e-01
   4.3845670089779842e-01
   4.3613148223597725e-01
   4.3338487241640383e-01
   4.3023947684346420e-01
   4.2672071871181200e-01
   4.2285645571189900e-01
   4.1867657701792094e-01
   4.1421259100373131e-01
   4.0949721364158120e-01
   4.0456396670796535e-01
   3.9944679382332482e-01
   3.9417970106767025e-01
   3.8879642752272797e-01
   3.8333014966861412e-01
   3.7781322217594171e-01
   3.7227695633753743e-01
   3.6675143621914175e-01
   3.6126537160364913e-01
   3.5584598597387174e-01
   3.5051893712847360e-01
   3.4530826754928273e-01
   3.4023638132313727e-01
   3.3532404425024898e-01
   3.3059040372324994e-01
   3.2605302501482297e-01
   3.2172794074543309e-01
   3.1762971049567734e-01
   3.1377148776161956e-01
