   2.9286138188834726e-01
   2.9826598236366730e-01
   3.0411134229296011e-01
   3.1038545804750323e-01
   3.1707410763385707e-01
   3.2416057242907098e-01
   3.3162534876953537e-01
   3.3944585475892353e-01
   3.4759613906581321e-01
   3.5604660002950167e-01
   3.6476372504056948e-01
   3.7370986184583610e-01
   3.8284303505456407e-01
   3.9211682257514863e-01
   4.0148030784193361e-01
   4.1087812432783022e-01
   4.2025060878946036e-01
   4.2953407876069433e-01
   4.3866124781198990e-01
   4.4756178887513193e-01
   4.5616305140510122e-01
   4.6439093231223971e-01
   4.7217089356554781e-01
   4.7942911139749289e-01
   4.8609373353604202e-01
   4.9209621239551143e-01
   4.9737267433158261e-01
   5.0186527862689145e-01
   5.0552351553294683e-01
   5.0830539107051820e-01
   5.1017844782395816e-01
   5.1112057584028925e-01
   5.1112057584028925e-01
   5.1017844782395827e-01
   5.0830539107051820e-01
   5.0552351553294683e-01
   5.0186527862689156e-01
   4.9737267433158261e-01
   4.9209621239551155e-01
   4.8609373353604213e-01
   4.7942911139749295e-01
   4.7217089356554798e-01
   4.6439093231223977e-01
   4.5616305140510133e-01
   4.4756178887513215e-01
   4.3866124781199006e-01
   4.2953407876069455e-01
   4.2025060878946052e-01
   4.1087812432783033e-01
   4.0148030784193384e-01
   3.9211682257514885e-01
   3.8284303505456418e-01
   3.7370986184583627e-01
   3.6476372504056964e-01
   3.5604660002950178e-01
   3.4759613906581338e-01
   3.3944585475892369e-01
   3.3162534876953559e-01
   3.2416057242907115e-01
   3.1707410763385724e-01
   3.1038545804750334e-01
   3.0411134229296027e-01
   2.9826598236366741e-01
   2.9286138188834732e-01
   2.8533859514682836e-01
   2.7572734851163533e-01
   2.6661018821305987e-01
   2.5799714236314569e-01
   2.4989524019086271e-01
   2.4230899606629414e-01
   2.3524085134453029e-01
   2.2869157368366766e-01
   2.2266061467595710e-01
   2.1714642746685472e-01
   2.1214674658589361e-01
   2.0765883253255507e-01
   2.0367968379922066e-01
   2.0020621901386804e-01
   1.9723543178214339e-01
   1.9476452062975166e-01
   1.9279099621370208e-01
   1.9131276770161987e-01
   1.9032820992456911e-01
   1.8983621259958541e-01
   1.8983621259958541e-01
   1.9032820992456903e-01
   1.9131276770161976e-01
   1.9279099621370188e-01
   1.9476452062975141e-01
   1.9723543178214306e-01
   2.0020621901386768e-01
   2.0367968379922025e-01
   2.0765883253255457e-01
   2.1214674658589308e-01
   2.1714642746685411e-01
   2.2266061467595646e-01
   2.2869157368366694e-01
   2.3524085134452957e-01
   2.4230899606629336e-01
   2.4989524019086184e-01
   2.5799714236314475e-01
   2.6661018821305887e-01
   2.7572734851163427e-01
   2.8533859514682725e-01
   2.9286138188834626e-01
   2.9826598236366636e-01
   3.0411134229295922e-01
   3.1038545804750239e-01
   3.1707410763385629e-01
   3.2416057242907031e-01
   3.3162534876953476e-01
   3.3944585475892303e-01
   3.4759613906581271e-01
   3.5604660002950117e-01
   3.6476372504056909e-01
   3.7370986184583582e-01
   3.8284303505456380e-01
   3.9211682257514846e-01
   4.0148030784193350e-01
   4.1087812432783016e-01
   4.2025060878946041e-01
   4.2953407876069449e-01
   4.3866124781199006e-01
   4.4756178887513220e-01
   4.5616305140510155e-01
   4.6439093231224010e-01
   4.7217089356554831e-01
   4.7942911139749339e-01
   4.8609373353604263e-01
   4.9209621239551204e-01
   4.9737267433158322e-01
   5.0186527862689212e-01
   5.0552351553294761e-01
   5.0830539107051897e-01
   5.1017844782395894e-01
   5.1112057584029003e-01
   5.1112057584029003e-01
   5.1017844782395894e-01
   5.0830539107051897e-01
   5.0552351553294761e-01
   5.0186527862689223e-01
   4.9737267433158322e-01
   4.9209621239551204e-01
   4.8609373353604257e-01
   4.7942911139749333e-01
   4.7217089356554826e-01
   4.6439093231223999e-01
   4.5616305140510155e-01
   4.4756178887513220e-01
   4.3866124781199006e-01
   4.2953407876069438e-01
   4.2025060878946036e-01
   4.1087812432783011e-01
   4.0148030784193350e-01
   3.9211682257514846e-01
   3.8284303505456374e-01
   3.7370986184583571e-01
   3.6476372504056909e-01
   3.5604660002950117e-01
   3.4759613906581260e-01
   3.3944585475892292e-01
   3.3162534876953476e-01
   3.2416057242907020e-01
   3.1707410763385624e-01
   3.1038545804750234e-01
   3.0411134229295922e-01
   2.9826598236366630e-01
   2.9286138188834621e-01
