  -4.9852248188667105e-02
  -4.9969275436383548e-02
  -5.0174160600946115e-02
  -5.0647957447030323e-02
  -5.1098817272297620e-02
  -5.1471686704466564e-02
  -5.1896866578519302e-02
  -5.2487293696389818e-02
  -5.3225494532918909e-02
  -5.4017043721528650e-02
  -5.4835971212189243e-02
  -5.5726479589708909e-02
  -5.6730152189002604e-02
  -5.7846001925871270e-02
  -5.9051210369407942e-02
  -6.0338458369671055e-02
  -6.1720963919022882e-02
  -6.3213818854946785e-02
  -6.4821595604685867e-02
  -6.6542534542905707e-02
  -6.8377895190721794e-02
  -7.0334227711288902e-02
  -7.2419164318646895e-02
  -7.4637900105429839e-02
  -7.6993623672801048e-02
  -7.9489542778782951e-02
  -8.2129455625119793e-02
  -8.4916651699131374e-02
  -8.7852734518061651e-02
  -9.0937295783722241e-02
  -9.4168048334883320e-02
  -9.7540738906451832e-02
  -1.0104875921179546e-01
  -1.0468283573003621e-01
  -1.0843108089828943e-01
  -1.1227937680062001e-01
  -1.1621193541152237e-01
  -1.2021194903933742e-01
  -1.2426231169627264e-01
  -1.2834636484943890e-01
  -1.3244856805327174e-01
  -1.3655499834853116e-01
  -1.4065363991018456e-01
  -1.4473448423929589e-01
  -1.4878948762123370e-01
  -1.5281243207144554e-01
  -1.5679872776383416e-01
  -1.6074518839838170e-01
  -1.6464980480367417e-01
  -1.6851153397073385e-01
  -1.7233011212112001e-01
  -1.7610589410558899e-01
  -1.7983971829372020e-01
  -1.8353279498222924e-01
  -1.8718661583671964e-01
  -1.9080288148008392e-01
  -1.9438344420474302e-01
  -1.9793026302353742e-01
  -2.0144536872150010e-01
  -2.0493083700703221e-01
  -2.0838876818005811e-01
  -2.1182127198912470e-01
  -2.1523045658473799e-01
  -2.1861842070186818e-01
  -2.2198724839017248e-01
  -2.2533900575265134e-01
  -2.2867573926271806e-01
  -2.3199947531490536e-01
  -2.3531222073690880e-01
  -2.3861596405369717e-01
  -2.4191267733986005e-01
  -2.4520431853304586e-01
  -2.4849283410603926e-01
  -2.5178016202423970e-01
  -2.5506823492583025e-01
  -2.5835898348447173e-01
  -2.6165433991923914e-01
  -2.6495624163080939e-01
  -2.6826663494500608e-01
  -2.7158747895441437e-01
  -2.7492074945157696e-01
  -2.7826844295130820e-01
  -2.8163258080154868e-01
  -2.8501521338541658e-01
  -2.8841842441873095e-01
  -2.9184433534707216e-01
  -2.9529510984837093e-01
  -2.9877295844810170e-01
  -3.0228014325235358e-01
  -3.0581898280580561e-01
  -3.0939185708038608e-01
  -3.1300121259774127e-01
  -3.1664956769393743e-01
  -3.2033951792350607e-01
  -3.2407374160795660e-01
  -3.2785500552439001e-01
  -3.3168617073118145e-01
  -3.3557019852317621e-01
  -3.3951015650390676e-01
  -3.4350922475890278e-01
  -3.4757070210846741e-01
  -3.5169801241179582e-01
  -3.5589471088635555e-01
  -3.6016449039792592e-01
  -3.6451118766833690e-01
  -3.6893878933766133e-01
  -3.7345143779862866e-01
  -3.7805343672064473e-01
  -3.8274925615054284e-01
  -3.8754353707404648e-01
  -3.9244109529697702e-01
  -3.9744692448930352e-01
  -4.0256619822123230e-01
  -4.0780427079399517e-01
  -4.1316667665952828e-01
  -4.1865912820212725e-01
  -4.2428751164619483e-01
  -4.3005788084712471e-01
  -4.3597644872016217e-01
  -4.4204957606581813e-01
  -4.4828375757883038e-01
  -4.5468560484314463e-01
  -4.6126182617324218e-01
  -4.6801920321380880e-01
  -4.7496456429213191e-01
  -4.8210475461589020e-01
  -4.8944660351946112e-01
  -4.9699688909188927e-01
  -5.0476230066240313e-01
  -5.1274939976304901e-01
  -5.2096458033136717e-01
  -5.2941402905054735e-01
  -5.3810368683131360e-01
  -5.4703921251837673e-01
  -5.5622594993868568e-01
  -5.6566889938540044e-01
  -5.7537269456080375e-01
  -5.8534158586386942e-01
  -5.9557943072028185e-01
  -6.0608969141639901e-01
  -6.1687544063247002e-01
  -6.2793937458742399e-01
  -6.3928383342741313e-01
  -6.5091082823464341e-01
  -6.6282207381512870e-01
  -6.7501902625774424e-01
  -6.8750292415300973e-01
  -7.0027483231677978e-01
  -7.1333568688195725e-01
  -7.2668634068964899e-01
  -7.4032760802438669e-01
  -7.5426030787876674e-01
  -7.6848530509166568e-01
  -7.8300354886802193e-01
  -7.9781610834690153e-01
  -8.1292420503133600e-01
  -8.2832924202343428e-01
  -8.4403283011432539e-01
  -8.6003681086600825e-01
  -8.7634327688688352e-01
  -8.9295458954718043e-01
  -9.0987339440888548e-01
  -9.2710263465861531e-01
  -9.4464556283310508e-01
  -9.6250575112011494e-01
  -9.8068710050491770e-01
  -9.9919384901436203e-01
  -1.0180305792903228e+00
  -1.0372022257034177e+00
  -1.0567140811967752e+00
  -1.0765718040286505e+00
  -1.0967814245634289e+00
  -1.1173493522441009e+00
  -1.1382823828616464e+00
  -1.1595877062246034e+00
  -1.1812729143190974e+00
  -1.2033460100404301e+00
  -1.2258154165673323e+00
  -1.2486899874446657e+00
  -1.2719790174347350e+00
  -1.2956922541927705e+00
  -1.3198399108195755e+00
  -1.3444326793427626e+00
  -1.3694817451776327e+00
  -1.3949988026178639e+00
  -1.4209960714082828e+00
  -1.4474863144525052e+00
  -1.4744828567119466e+00
  -1.5019996053547051e+00
  -1.5300510712170199e+00
  -1.5586523916435691e+00
  -1.5878193547791248e+00
  -1.6175684253877762e+00
  -1.6479167722835342e+00
  -1.6788822974627349e+00
  -1.7104836670333028e+00
  -1.7427403440492055e+00
  -1.7756726233634337e+00
  -1.8093016686228216e+00
  -1.8436495515391105e+00
  -1.8787392935850276e+00
  -1.9145949102721571e+00
  -1.9512414581836997e+00
  -1.9887050849509689e+00
  -2.0270130823766164e+00
