   1.2155109003231239e-01
   1.2845944206218973e-01
   1.3654114824212582e-01
   1.4586439029139031e-01
   1.5650653901509048e-01
   1.6855411274290080e-01
   1.8210257412330275e-01
   1.9725588823251802e-01
   2.1412574145251717e-01
   2.3283029141907741e-01
   2.5349228300475868e-01
   2.7623632379775276e-01
   3.0118506594603739e-01
   3.2845399250033175e-01
   3.5814446147918771e-01
   3.9033463037933880e-01
   4.2506788493131337e-01
   4.6233845438934895e-01
   5.0207404755196083e-01
   5.4411563472605851e-01
   5.8819498147933458e-01
   6.3391125292321093e-01
   6.8070896299449235e-01
   7.2786068248288160e-01
   7.7445906616505966e-01
   8.1942358017282813e-01
   8.6152731617821432e-01
   8.9944791157113524e-01
   9.3184344139673503e-01
   9.5744925699741779e-01
   9.7518592598757636e-01
   9.8426329737522322e-01
   9.8426329737522300e-01
   9.7518592598757614e-01
   9.5744925699741723e-01
   9.3184344139673425e-01
   8.9944791157113435e-01
   8.6152731617821332e-01
   8.1942358017282702e-01
   7.7445906616505855e-01
   7.2786068248288049e-01
   6.8070896299449113e-01
   6.3391125292320971e-01
   5.8819498147933358e-01
   5.4411563472605762e-01
   5.0207404755195995e-01
   4.6233845438934812e-01
   4.2506788493131253e-01
   3.9033463037933808e-01
   3.5814446147918705e-01
   3.2845399250033108e-01
   3.0118506594603683e-01
   2.7623632379775226e-01
   2.5349228300475823e-01
   2.3283029141907702e-01
   2.1412574145251684e-01
   1.9725588823251772e-01
   1.8210257412330250e-01
   1.6855411274290061e-01
   1.5650653901509032e-01
   1.4586439029139017e-01
   1.3654114824212574e-01
   1.2845944206218968e-01
   1.2155109003231239e-01
   1.1275229085642843e-01
   1.0202582327947450e-01
   9.2278669506600908e-02
   8.3420765033476132e-02
   7.5369346699993151e-02
   6.8048503057936457e-02
   6.1388700201166574e-02
   5.5326301453074177e-02
   4.9803093530750256e-02
   4.4765827542141409e-02
   4.0165780053823881e-02
   3.5958337208375830e-02
   3.2102603253437195e-02
   2.8561033703353143e-02
   2.5299092563216708e-02
   2.2284932509701764e-02
   1.9489096572596728e-02
   1.6884239642706723e-02
   1.4444868006658231e-02
   1.2147095048185050e-02
   1.0523023685407093e-02
   9.5530074258720881e-03
   8.6732707465449459e-03
   7.8755024795470925e-03
   7.1521651667717772e-03
   6.4964240844734575e-03
   5.9020828420176148e-03
   5.3635249632999768e-03
   4.8756609115349955e-03
   4.4338800663083653e-03
   4.0340072061645959e-03
   3.6722630907695154e-03
   3.3452287740788813e-03
   3.0498133141953132e-03
   2.7832245769433854e-03
   2.5429428588683812e-03
   2.3266970815904835e-03
   2.1324433334346735e-03
   1.9583455562071053e-03
   1.8027581950883480e-03
   1.6642106480376495e-03
   1.5413933680130010e-03
   1.4331454868607837e-03
   1.3384438440567467e-03
   1.2563933167177629e-03
   1.1862183595728168e-03
   1.1272556749953515e-03
   1.0789479438633202e-03
   1.0408385580274104e-03
   1.0125673046254555e-03
   9.9386696147058667e-04
   9.8456077134653503e-04
   9.8456077134653503e-04
   9.9386696147058689e-04
   1.0125673046254560e-03
   1.0408385580274110e-03
   1.0789479438633211e-03
   1.1272556749953528e-03
   1.1862183595728183e-03
   1.2563933167177644e-03
   1.3384438440567482e-03
   1.4331454868607850e-03
   1.5413933680130025e-03
   1.6642106480376513e-03
   1.8027581950883498e-03
   1.9583455562071066e-03
   2.1324433334346752e-03
   2.3266970815904852e-03
   2.5429428588683830e-03
   2.7832245769433875e-03
   3.0498133141953153e-03
   3.3452287740788835e-03
   3.6722630907695176e-03
   4.0340072061645985e-03
   4.4338800663083679e-03
   4.8756609115349972e-03
   5.3635249632999777e-03
   5.9020828420176166e-03
   6.4964240844734601e-03
   7.1521651667717789e-03
   7.8755024795470942e-03
   8.6732707465449494e-03
   9.5530074258720881e-03
   1.0523023685407093e-02
