   2.3656718964554344e-01
   2.4433817487826162e-01
   2.5276395553708825e-01
   2.6184670363722101e-01
   2.7158643401534471e-01
   2.8198038424407357e-01
   2.9302231698244752e-01
   3.0470174335753225e-01
   3.1700306883071377e-01
   3.2990466690555231e-01
   3.4337789114632428e-01
   3.5738604242951932e-01
   3.7188331621091336e-01
   3.8681376381561100e-01
   4.0211031214239634e-01
   4.1769389728929884e-01
   4.3347277874511397e-01
   4.4934211091296405e-01
   4.6518385644957844e-01
   4.8086712951284377e-01
   4.9624905459126606e-01
   5.1117621620572540e-01
   5.2548675477034978e-01
   5.3901313328785061e-01
   5.5158555845047752e-01
   5.6303598974241231e-01
   5.7320261468408473e-01
   5.8193461258491563e-01
   5.8909697964495056e-01
   5.9457515216685064e-01
   5.9827914871689736e-01
   6.0014696122991107e-01
   6.0014696122991118e-01
   5.9827914871689725e-01
   5.9457515216685042e-01
   5.8909697964495034e-01
   5.8193461258491541e-01
   5.7320261468408451e-01
   5.6303598974241198e-01
   5.5158555845047719e-01
   5.3901313328785017e-01
   5.2548675477034934e-01
   5.1117621620572495e-01
   4.9624905459126556e-01
   4.8086712951284333e-01
   4.6518385644957794e-01
   4.4934211091296355e-01
   4.3347277874511347e-01
   4.1769389728929834e-01
   4.0211031214239590e-01
   3.8681376381561056e-01
   3.7188331621091292e-01
   3.5738604242951888e-01
   3.4337789114632383e-01
   3.2990466690555198e-01
   3.1700306883071339e-01
   3.0470174335753186e-01
   2.9302231698244718e-01
   2.8198038424407329e-01
   2.7158643401534449e-01
   2.6184670363722090e-01
   2.5276395553708814e-01
   2.4433817487826157e-01
   2.3656718964554344e-01
   2.2575485806883749e-01
   2.1191731066011044e-01
   1.9873168242148190e-01
   1.8617893184206311e-01
   1.7423707480431733e-01
   1.6288192593405376e-01
   1.5208771941924076e-01
   1.4182762303742857e-01
   1.3207415871694006e-01
   1.2279954214626376e-01
   1.1397595290635489e-01
   1.0557574545293638e-01
   9.7571610105051318e-02
   8.9936692058583609e-02
   8.2644675374712137e-02
   7.5669837913396626e-02
   6.8987082300254576e-02
   6.2571947233389089e-02
   5.6400602751844005e-02
   5.0449832493408536e-02
   4.6161462792629282e-02
   4.3512485330277711e-02
   4.1028603371194662e-02
   3.8700558625047364e-02
   3.6519647047662904e-02
   3.4477692657249079e-02
   3.2567022172236976e-02
   3.0780440574466716e-02
   2.9111207671606527e-02
   2.7553015708628576e-02
   2.6099968058888007e-02
   2.4746559010044158e-02
   2.3487654648037884e-02
   2.2318474833022590e-02
   2.1234576254058564e-02
   2.0231836544122590e-02
   1.9306439433224472e-02
   1.8454860914885220e-02
   1.7673856399689093e-02
   1.6960448828886376e-02
   1.6311917720939918e-02
   1.5725789124348955e-02
   1.5199826450943961e-02
   1.4732022165040911e-02
   1.4320590305302843e-02
   1.3963959817824596e-02
   1.3660768680787477e-02
   1.3409858802987952e-02
   1.3210271680598788e-02
   1.3061244798649212e-02
   1.2962208765894281e-02
   1.2912785173967949e-02
   1.2912785173967949e-02
   1.2962208765894281e-02
   1.3061244798649212e-02
   1.3210271680598790e-02
   1.3409858802987951e-02
   1.3660768680787473e-02
   1.3963959817824593e-02
   1.4320590305302841e-02
   1.4732022165040909e-02
   1.5199826450943959e-02
   1.5725789124348952e-02
   1.6311917720939914e-02
   1.6960448828886372e-02
   1.7673856399689086e-02
   1.8454860914885213e-02
   1.9306439433224465e-02
   2.0231836544122583e-02
   2.1234576254058560e-02
   2.2318474833022586e-02
   2.3487654648037880e-02
   2.4746559010044147e-02
   2.6099968058888000e-02
   2.7553015708628566e-02
   2.9111207671606520e-02
   3.0780440574466706e-02
   3.2567022172236962e-02
   3.4477692657249065e-02
   3.6519647047662890e-02
   3.8700558625047350e-02
   4.1028603371194655e-02
   4.3512485330277705e-02
   4.6161462792629275e-02
