   1.9122942867460024e-01
   1.9923409589532787e-01
   2.0821033232835237e-01
   2.1818723183621117e-01
   2.2919485116579991e-01
   2.4126343309755979e-01
   2.5442243837245865e-01
   2.6869935088777930e-01
   2.8411821780664520e-01
   3.0069788481632748e-01
   3.1844988774072874e-01
   3.3737596632562522e-01
   3.5746517588588145e-01
   3.7869058959139695e-01
   4.0100561069494295e-01
   4.2433995225025894e-01
   4.4859539378737495e-01
   4.7364149101418329e-01
   4.9931149507335315e-01
   5.2539882839859442e-01
   5.5165455673854558e-01
   5.7778637807083277e-01
   6.0345969978485836e-01
   6.2830137174669975e-01
   6.5190655902286521e-01
   6.7384905242270199e-01
   6.9369501789265386e-01
   7.1101978837677537e-01
   7.2542684324043627e-01
   7.3656766914383931e-01
   7.4416084191471876e-01
   7.4800850379706640e-01
   7.4800850379706629e-01
   7.4416084191471898e-01
   7.3656766914383942e-01
   7.2542684324043638e-01
   7.1101978837677560e-01
   6.9369501789265409e-01
   6.7384905242270221e-01
   6.5190655902286554e-01
   6.2830137174670020e-01
   6.0345969978485858e-01
   5.7778637807083288e-01
   5.5165455673854591e-01
   5.2539882839859464e-01
   4.9931149507335332e-01
   4.7364149101418346e-01
   4.4859539378737517e-01
   4.2433995225025911e-01
   4.0100561069494312e-01
   3.7869058959139712e-01
   3.5746517588588161e-01
   3.3737596632562539e-01
   3.1844988774072885e-01
   3.0069788481632759e-01
   2.8411821780664531e-01
   2.6869935088777935e-01
   2.5442243837245870e-01
   2.4126343309755985e-01
   2.2919485116579996e-01
   2.1818723183621122e-01
   2.0821033232835240e-01
   1.9923409589532787e-01
   1.9122942867460024e-01
   1.8050724317581132e-01
   1.6706243873068777e-01
   1.5450226643351886e-01
   1.4277269783431981e-01
   1.3182063151186221e-01
   1.2159435406868899e-01
   1.1204386304082391e-01
   1.0312107975173535e-01
   9.4779975323484159e-02
   8.6976628873506337e-02
   7.9669233353220043e-02
   7.2818061476853629e-02
   6.6385401684489892e-02
   6.0335472017202615e-02
   5.4634318090799168e-02
   4.9249699979292093e-02
   4.4150971707277373e-02
   3.9308956156113919e-02
   3.4695817473010419e-02
   3.0284932501803797e-02
   2.7128625683511421e-02
   2.5202848656231392e-02
   2.3418949683997534e-02
   2.1766925561341577e-02
   2.0237504868613351e-02
   1.8822098119520958e-02
   1.7512751262195515e-02
   1.6302102370746738e-02
   1.5183341362328059e-02
   1.4150172575850040e-02
   1.3196780051876132e-02
   1.2317795358284445e-02
   1.1508267812498999e-02
   1.0763636958108509e-02
   1.0079707161211690e-02
   9.4526241996344598e-03
   8.8788537260909191e-03
   8.3551614942826563e-03
   7.8785952447607381e-03
   7.4464681550481093e-03
   7.0563437659948575e-03
   6.7060223035882074e-03
   6.3935283224495782e-03
   6.1170996040180899e-03
   5.8751772489467387e-03
   5.6663969095329253e-03
   5.4895811140820367e-03
   5.3437326409777114e-03
   5.2280289059238412e-03
   5.1418173313516578e-03
   5.0846116723721095e-03
   5.0560892789216286e-03
   5.0560892789216286e-03
   5.0846116723721095e-03
   5.1418173313516578e-03
   5.2280289059238420e-03
   5.3437326409777114e-03
   5.4895811140820375e-03
   5.6663969095329262e-03
   5.8751772489467396e-03
   6.1170996040180907e-03
   6.3935283224495791e-03
   6.7060223035882082e-03
   7.0563437659948583e-03
   7.4464681550481101e-03
   7.8785952447607398e-03
   8.3551614942826598e-03
   8.8788537260909208e-03
   9.4526241996344615e-03
   1.0079707161211692e-02
   1.0763636958108513e-02
   1.1508267812499003e-02
   1.2317795358284450e-02
   1.3196780051876135e-02
   1.4150172575850046e-02
   1.5183341362328065e-02
   1.6302102370746741e-02
   1.7512751262195519e-02
   1.8822098119520965e-02
   2.0237504868613358e-02
   2.1766925561341584e-02
   2.3418949683997541e-02
   2.5202848656231396e-02
   2.7128625683511425e-02
