   1.9575546546384173e-01
   2.0378029259972472e-01
   2.1275302243869831e-01
   2.2270006465462239e-01
   2.3364837764968799e-01
   2.4562468280594005e-01
   2.5865449536992929e-01
   2.7276094029435544e-01
   2.8796331953296239e-01
   3.0427539701681400e-01
   3.2170336971793290e-01
   3.4024349898393114e-01
   3.5987938713884265e-01
   3.8057890187606880e-01
   4.0229077705370853e-01
   4.2494095491157974e-01
   4.4842878280287662e-01
   4.7262323761966279e-01
   4.9735942177829739e-01
   5.2243565181146601e-01
   5.4761153651903427e-01
   5.7260750410131256e-01
   5.9710627011981832e-01
   6.2075672057001263e-01
   6.4318059643579761e-01
   6.6398219189167529e-01
   6.8276101284675583e-01
   6.9912699862071892e-01
   7.1271752271803157e-01
   7.2321501705817348e-01
   7.3036378097833210e-01
   7.3398441522748137e-01
   7.3398441522748104e-01
   7.3036378097833088e-01
   7.2321501705817182e-01
   7.1271752271802924e-01
   6.9912699862071603e-01
   6.8276101284675239e-01
   6.6398219189167140e-01
   6.4318059643579339e-01
   6.2075672057000797e-01
   5.9710627011981354e-01
   5.7260750410130767e-01
   5.4761153651902938e-01
   5.2243565181146123e-01
   4.9735942177829279e-01
   4.7262323761965824e-01
   4.4842878280287224e-01
   4.2494095491157557e-01
   4.0229077705370464e-01
   3.8057890187606513e-01
   3.5987938713883916e-01
   3.4024349898392797e-01
   3.2170336971793001e-01
   3.0427539701681133e-01
   2.8796331953296000e-01
   2.7276094029435338e-01
   2.5865449536992752e-01
   2.4562468280593852e-01
   2.3364837764968677e-01
   2.2270006465462147e-01
   2.1275302243869765e-01
   2.0378029259972433e-01
   1.9575546546384162e-01
   1.8497019372100809e-01
   1.7142155184591737e-01
   1.5874184273584988e-01
   1.4688008423342722e-01
   1.3578580557569686e-01
   1.2540955320011432e-01
   1.1570325594834029e-01
   1.0662047707796554e-01
   9.8116576012644854e-02
   9.0148798807267311e-02
   8.2676312884063907e-02
   7.5660198681743729e-02
   6.9063408408388816e-02
   6.2850700047359251e-02
   5.6988553079642901e-02
   5.1445071003922371e-02
   4.6189874609443737e-02
   4.1193989044173991e-02
   3.6429726984888264e-02
   3.1870569625252601e-02
   2.8605911537710294e-02
   2.6611628704366109e-02
   2.4762071274254338e-02
   2.3047225919114477e-02
   2.1457799860337495e-02
   1.9985172956295653e-02
   1.8621352911761223e-02
   1.7358933473151053e-02
   1.6191055468272101e-02
   1.5111370547619466e-02
   1.4114007485257520e-02
   1.3193540900236209e-02
   1.2344962263839538e-02
   1.1563653063324920e-02
   1.0845359998874066e-02
   1.0186172096993565e-02
   9.5824996303891033e-03
   9.0310547412487882e-03
   8.5288336718028750e-03
   8.0731005129012958e-03
   7.6613723881118834e-03
   7.2914059974537419e-03
   6.9611854513180541e-03
   6.6689113313802510e-03
   6.4129909213683422e-03
   6.1920295564246502e-03
   6.0048230454893261e-03
   5.8503511266548378e-03
   5.7277719208050932e-03
   5.6364173540771204e-03
   5.5757895247848781e-03
   5.5455579954430427e-03
   5.5455579954430427e-03
   5.5757895247848781e-03
   5.6364173540771204e-03
   5.7277719208050932e-03
   5.8503511266548370e-03
   6.0048230454893270e-03
   6.1920295564246502e-03
   6.4129909213683422e-03
   6.6689113313802518e-03
   6.9611854513180532e-03
   7.2914059974537419e-03
   7.6613723881118834e-03
   8.0731005129012958e-03
   8.5288336718028750e-03
   9.0310547412487882e-03
   9.5824996303891033e-03
   1.0186172096993565e-02
   1.0845359998874066e-02
   1.1563653063324920e-02
   1.2344962263839538e-02
   1.3193540900236210e-02
   1.4114007485257521e-02
   1.5111370547619470e-02
   1.6191055468272104e-02
   1.7358933473151053e-02
   1.8621352911761223e-02
   1.9985172956295656e-02
   2.1457799860337499e-02
   2.3047225919114477e-02
   2.4762071274254342e-02
   2.6611628704366112e-02
   2.8605911537710298e-02
