   9.6215546655245399e-02
   1.0237542159154836e-01
   1.0970198321029073e-01
   1.1827544039684255e-01
   1.2818878457249358e-01
   1.3954828190898366e-01
   1.5247390252033868e-01
   1.6709961402508750e-01
   1.8357343834163517e-01
   2.0205713247254831e-01
   2.2272530389683098e-01
   2.4576370643635978e-01
   2.7136638080637976e-01
   2.9973120436896322e-01
   3.3105329844640130e-01
   3.6551561575165525e-01
   4.0327591117688638e-01
   4.4444921756303912e-01
   4.8908495798871521e-01
   5.3713801214076673e-01
   5.8843353712124946e-01
   6.4262627468745726e-01
   6.9915661368526305e-01
   7.5720791164485857e-01
   8.1567242098280435e-01
   8.7313616167474617e-01
   9.2789525437310960e-01
   9.7801604473649772e-01
   1.0214470641854418e+00
   1.0561813841227070e+00
   1.0804540256204511e+00
   1.0929444148459104e+00
   1.0929444148459087e+00
   1.0804540256204458e+00
   1.0561813841226988e+00
   1.0214470641854307e+00
   9.7801604473648451e-01
   9.2789525437309484e-01
   8.7313616167473040e-01
   8.1567242098278803e-01
   7.5720791164484225e-01
   6.9915661368524695e-01
   6.4262627468744160e-01
   5.8843353712123470e-01
   5.3713801214075285e-01
   4.8908495798870222e-01
   4.4444921756302702e-01
   4.0327591117687533e-01
   3.6551561575164510e-01
   3.3105329844639209e-01
   2.9973120436895478e-01
   2.7136638080637221e-01
   2.4576370643635309e-01
   2.2272530389682504e-01
   2.0205713247254309e-01
   1.8357343834163062e-01
   1.6709961402508353e-01
   1.5247390252033532e-01
   1.3954828190898089e-01
   1.2818878457249133e-01
   1.1827544039684083e-01
   1.0970198321028951e-01
   1.0237542159154764e-01
   9.6215546655245149e-02
   8.8529774705620373e-02
   7.9270791559354084e-02
   7.0955747791865253e-02
   6.3487402340506593e-02
   5.6777912101800880e-02
   5.0747995868305633e-02
   4.5326139732023381e-02
   4.0447851475849290e-02
   3.6054967349648442e-02
   3.2095011833680298e-02
   2.8520609147158212e-02
   2.5288944085234421e-02
   2.2361269061822960e-02
   1.9702453852984528e-02
   1.7280574371859980e-02
   1.5066536787053504e-02
   1.3033733369288364e-02
   1.1157726579037136e-02
   9.4159580647932683e-03
   7.7874794098021843e-03
   6.6433993810514009e-03
   5.9670628738002947e-03
   5.3599294146226889e-03
   4.8149584800612349e-03
   4.3258302088002168e-03
   3.8868721884322954e-03
   3.4929937278058037e-03
   3.1396268591585177e-03
   2.8226733904958409e-03
   2.5384573975389541e-03
   2.2836826067132864e-03
   2.0553941766911113e-03
   1.8509444365222576e-03
   1.6679621839177366e-03
   1.5043251882828745e-03
   1.3581355800779151e-03
   1.2276978414241893e-03
   1.1114991429451617e-03
   1.0081917989724306e-03
   9.1657763776430764e-04
   8.3559410555789581e-04
   7.6430194335783835e-04
   7.0187429358620939e-04
   6.4758711028761826e-04
   6.0081076169220358e-04
   5.6100272776093670e-04
   5.2770130803206805e-04
   5.0052026680129879e-04
   4.7914435353679059e-04
   4.6332564657918857e-04
   4.5288067772392555e-04
   4.4768830433876931e-04
   4.4768830433876937e-04
   4.5288067772392560e-04
   4.6332564657918868e-04
   4.7914435353679075e-04
   5.0052026680129889e-04
   5.2770130803206827e-04
   5.6100272776093692e-04
   6.0081076169220379e-04
   6.4758711028761848e-04
   7.0187429358620961e-04
   7.6430194335783857e-04
   8.3559410555789592e-04
   9.1657763776430774e-04
   1.0081917989724308e-03
   1.1114991429451620e-03
   1.2276978414241895e-03
   1.3581355800779151e-03
   1.5043251882828743e-03
   1.6679621839177366e-03
   1.8509444365222571e-03
   2.0553941766911108e-03
   2.2836826067132859e-03
   2.5384573975389532e-03
   2.8226733904958405e-03
   3.1396268591585169e-03
   3.4929937278058033e-03
   3.8868721884322949e-03
   4.3258302088002168e-03
   4.8149584800612349e-03
   5.3599294146226889e-03
   5.9670628738002947e-03
   6.6433993810514009e-03
