   1.0512203335266324e-01
   1.1156793647475303e-01
   1.1918858178171698e-01
   1.2806016974328505e-01
   1.3827039726717952e-01
   1.4991874602915603e-01
   1.6311666679759745e-01
   1.7798758378736379e-01
   1.9466661584701545e-01
   2.1329987582979773e-01
   2.3404316411530257e-01
   2.5705981540380196e-01
   2.8251738874491100e-01
   3.1058281000062471e-01
   3.4141548733447097e-01
   3.7515783294468885e-01
   4.1192255583837029e-01
   4.5177607170808315e-01
   4.9471745567920322e-01
   5.4065261281644805e-01
   5.8936385309858064e-01
   6.4047593772278821e-01
   6.9342100103123305e-01
   7.4740656105389502e-01
   8.0139295827270107e-01
   8.5408857339083311e-01
   9.0397227612612929e-01
   9.4935164411566408e-01
   9.8846146056819428e-01
   1.0195993763892888e+00
   1.0412853395258053e+00
   1.0524212338258985e+00
   1.0524212338259014e+00
   1.0412853395258130e+00
   1.0195993763893016e+00
   9.8846146056821138e-01
   9.4935164411568462e-01
   9.0397227612615227e-01
   8.5408857339085786e-01
   8.0139295827272683e-01
   7.4740656105392100e-01
   6.9342100103125870e-01
   6.4047593772281319e-01
   5.8936385309860451e-01
   5.4065261281647048e-01
   4.9471745567922421e-01
   4.5177607170810258e-01
   4.1192255583838822e-01
   3.7515783294470528e-01
   3.4141548733448585e-01
   3.1058281000063809e-01
   2.8251738874492305e-01
   2.5705981540381279e-01
   2.3404316411531217e-01
   2.1329987582980617e-01
   1.9466661584702280e-01
   1.7798758378737009e-01
   1.6311666679760281e-01
   1.4991874602916050e-01
   1.3827039726718310e-01
   1.2806016974328779e-01
   1.1918858178171894e-01
   1.1156793647475420e-01
   1.0512203335266364e-01
   9.7018521676207892e-02
   8.7213472197220684e-02
   7.8369634640563152e-02
   7.0391833077051449e-02
   6.3193578359491812e-02
   5.6696369499849859e-02
   5.0829012172555088e-02
   4.5526966058518040e-02
   4.0731727925757723e-02
   3.6390253952395271e-02
   3.2454422449549859e-02
   2.8880536547647447e-02
   2.5628865357112264e-02
   2.2663221446999969e-02
   1.9950572088519278e-02
   1.7460681501379201e-02
   1.5165781259247575e-02
   1.3040266012905701e-02
   1.1060411744826604e-02
   9.2041138547314608e-03
   7.8970115406134921e-03
   7.1213143372654301e-03
   6.4223019714826461e-03
   5.7924484023168972e-03
   5.2249718873287176e-03
   4.7137620802032406e-03
   4.2533143234411413e-03
   3.8386704379695749e-03
   3.4653653789537527e-03
   3.1293791884099858e-03
   2.8270937309051621e-03
   2.5552537491426836e-03
   2.3109318220278494e-03
   2.0914968492984133e-03
   1.8945857243933537e-03
   1.7180778912813182e-03
   1.5600725118183976e-03
   1.4188679981646665e-03
   1.2929436901462387e-03
   1.1809434804666173e-03
   1.0816612115876337e-03
   9.9402768713562702e-04
   9.1709915804337732e-04
   8.5004715949642772e-04
   7.9214958928223588e-04
   7.4278293149688710e-04
   7.0141554188945089e-04
   6.6760192255029970e-04
   6.4097792429921089e-04
   6.2125682511603479e-04
   6.0822624238831430e-04
   6.0174584572780386e-04
   6.0174584572780386e-04
   6.0822624238831440e-04
   6.2125682511603489e-04
   6.4097792429921110e-04
   6.6760192255029970e-04
   7.0141554188945100e-04
   7.4278293149688710e-04
   7.9214958928223588e-04
   8.5004715949642772e-04
   9.1709915804337743e-04
   9.9402768713562702e-04
   1.0816612115876337e-03
   1.1809434804666173e-03
   1.2929436901462387e-03
   1.4188679981646662e-03
   1.5600725118183974e-03
   1.7180778912813182e-03
   1.8945857243933537e-03
   2.0914968492984128e-03
   2.3109318220278494e-03
   2.5552537491426836e-03
   2.8270937309051616e-03
   3.1293791884099862e-03
   3.4653653789537527e-03
   3.8386704379695749e-03
   4.2533143234411413e-03
   4.7137620802032406e-03
   5.2249718873287176e-03
   5.7924484023168972e-03
   6.4223019714826461e-03
   7.1213143372654301e-03
   7.8970115406134921e-03
