   2.2182132907042304e-01
   2.2478755198399855e-01
   2.2775375295492947e-01
   2.3071403845372282e-01
   2.3366229563422608e-01
   2.3659220407366258e-01
   2.3949724997007660e-01
   2.4237074288230237e-01
   2.4520583507257740e-01
   2.4799554348297601e-01
   2.5073277434406260e-01
   2.5341035037780080e-01
   2.5602104051717878e-01
   2.5855759202273487e-01
   2.6101276483184638e-01
   2.6337936793106753e-01
   2.6565029749589347e-01
   2.6781857649712210e-01
   2.6987739542961181e-01
   2.7182015377888791e-01
   2.7364050180495375e-01
   2.7533238219203471e-01
   2.7689007108897740e-01
   2.7830821804871292e-01
   2.7958188436748049e-01
   2.8070657932612275e-01
   2.8167829384720061e-01
   2.8249353110316111e-01
   2.8314933364226302e-01
   2.8364330664006238e-01
   2.8397363693430483e-01
   2.8413910755910859e-01
   2.8413910755910859e-01
   2.8397363693430483e-01
   2.8364330664006238e-01
   2.8314933364226302e-01
   2.8249353110316111e-01
   2.8167829384720061e-01
   2.8070657932612275e-01
   2.7958188436748049e-01
   2.7830821804871292e-01
   2.7689007108897740e-01
   2.7533238219203471e-01
   2.7364050180495370e-01
   2.7182015377888785e-01
   2.6987739542961181e-01
   2.6781857649712204e-01
   2.6565029749589342e-01
   2.6337936793106748e-01
   2.6101276483184632e-01
   2.5855759202273482e-01
   2.5602104051717878e-01
   2.5341035037780080e-01
   2.5073277434406255e-01
   2.4799554348297595e-01
   2.4520583507257734e-01
   2.4237074288230234e-01
   2.3949724997007654e-01
   2.3659220407366252e-01
   2.3366229563422605e-01
   2.3071403845372276e-01
   2.2775375295492942e-01
   2.2478755198399850e-01
   2.2182132907042304e-01
   2.1732541699651900e-01
   2.1130849046507263e-01
   2.0531638465771732e-01
   1.9935864701374847e-01
   1.9344389312540786e-01
   1.8757983639285442e-01
   1.8177332234340030e-01
   1.7603036656812734e-01
   1.7035619532628030e-01
   1.6475528796832517e-01
   1.5923142042914329e-01
   1.5378770914102169e-01
   1.4842665480997649e-01
   1.4315018558712078e-01
   1.3795969924831020e-01
   1.3285610406960663e-01
   1.2783985815293472e-01
   1.2291100701567116e-01
   1.1806921930998958e-01
   1.1331382058292234e-01
   1.0983263345079475e-01
   1.0762168460456187e-01
   1.0549152383967783e-01
   1.0344147525945077e-01
   1.0147083609400274e-01
   9.9578883386130718e-02
   9.7764880152174632e-02
   9.6028081049518377e-02
   9.4367737581580971e-02
   9.2783102870206691e-02
   9.1273436024272084e-02
   8.9838006132131887e-02
   8.8476095904251748e-02
   8.7187004991048062e-02
   8.5970052999597146e-02
   8.4824582231501522e-02
   8.3749960162826015e-02
   8.2745581685652228e-02
   8.1810871129453441e-02
   8.0945284079172980e-02
   8.0148309005598661e-02
   7.9419468722371600e-02
   7.8758321682747726e-02
   7.8164463128048353e-02
   7.7637526098589649e-02
   7.7177182316772633e-02
   7.6783142950938382e-02
   7.6455159267550865e-02
   7.6193023178256256e-02
   7.5996567687380223e-02
   7.5865667244461379e-02
   7.5800238005475265e-02
   7.5800238005475279e-02
   7.5865667244461379e-02
   7.5996567687380237e-02
   7.6193023178256269e-02
   7.6455159267550879e-02
   7.6783142950938410e-02
   7.7177182316772688e-02
   7.7637526098589676e-02
   7.8164463128048381e-02
   7.8758321682747767e-02
   7.9419468722371614e-02
   8.0148309005598689e-02
   8.0945284079173022e-02
   8.1810871129453469e-02
   8.2745581685652242e-02
   8.3749960162826056e-02
   8.4824582231501536e-02
   8.5970052999597174e-02
   8.7187004991048075e-02
   8.8476095904251761e-02
   8.9838006132131901e-02
   9.1273436024272084e-02
   9.2783102870206718e-02
   9.4367737581580985e-02
   9.6028081049518377e-02
   9.7764880152174646e-02
   9.9578883386130718e-02
   1.0147083609400274e-01
   1.0344147525945076e-01
   1.0549152383967783e-01
   1.0762168460456185e-01
   1.0983263345079473e-01
