   1.7852923228606546e-01
   1.7945638642155387e-01
   1.8036852249180968e-01
   1.8126442301695928e-01
   1.8214287529233983e-01
   1.8300267389317035e-01
   1.8384262324959286e-01
   1.8466154028376836e-01
   1.8545825709995836e-01
   1.8623162371780136e-01
   1.8698051083830841e-01
   1.8770381263146860e-01
   1.8840044953377375e-01
   1.8906937104345897e-01
   1.8970955850081334e-01
   1.9032002784055452e-01
   1.9089983230298668e-01
   1.9144806509048323e-01
   1.9196386195575452e-01
   1.9244640370838476e-01
   1.9289491862625499e-01
   1.9330868475870949e-01
   1.9368703210867533e-01
   1.9402934468140839e-01
   1.9433506238811163e-01
   1.9460368279334933e-01
   1.9483476269596237e-01
   1.9502791953406579e-01
   1.9518283260567723e-01
   1.9529924409757068e-01
   1.9537695991607065e-01
   1.9541585031468198e-01
   1.9541585031468198e-01
   1.9537695991607065e-01
   1.9529924409757068e-01
   1.9518283260567726e-01
   1.9502791953406579e-01
   1.9483476269596237e-01
   1.9460368279334936e-01
   1.9433506238811163e-01
   1.9402934468140839e-01
   1.9368703210867536e-01
   1.9330868475870949e-01
   1.9289491862625499e-01
   1.9244640370838476e-01
   1.9196386195575454e-01
   1.9144806509048326e-01
   1.9089983230298666e-01
   1.9032002784055452e-01
   1.8970955850081336e-01
   1.8906937104345900e-01
   1.8840044953377377e-01
   1.8770381263146863e-01
   1.8698051083830844e-01
   1.8623162371780136e-01
   1.8545825709995839e-01
   1.8466154028376836e-01
   1.8384262324959286e-01
   1.8300267389317035e-01
   1.8214287529233983e-01
   1.8126442301695928e-01
   1.8036852249180971e-01
   1.7945638642155390e-01
   1.7852923228606549e-01
   1.7710030988366723e-01
   1.7517101589592901e-01
   1.7323183649971480e-01
   1.7128522189127932e-01
   1.6933355304153117e-01
   1.6737913891425749e-01
   1.6542421415892941e-01
   1.6347093725760486e-01
   1.6152138910373057e-01
   1.5957757198929781e-01
   1.5764140897580539e-01
   1.5571474362380297e-01
   1.5379934005540433e-01
   1.5189688332404391e-01
   1.5000898006587587e-01
   1.4813715940755229e-01
   1.4628287410564250e-01
   1.4444750189364000e-01
   1.4263234701332120e-01
   1.4083864190815085e-01
   1.3951840389775239e-01
   1.3867160622422411e-01
   1.3784788667308526e-01
   1.3704771340890273e-01
   1.3627153085462268e-01
   1.3551976041090419e-01
   1.3479280117203701e-01
   1.3409103063554673e-01
   1.3341480540279738e-01
   1.3276446186810126e-01
   1.3214031689403752e-01
   1.3154266847086127e-01
   1.3097179635806089e-01
   1.3042796270628240e-01
   1.2991141265799633e-01
   1.2942237492542707e-01
   1.2896106234440155e-01
   1.2852767240290106e-01
   1.2812238774321985e-01
   1.2774537663674315e-01
   1.2739679343046167e-01
   1.2707677896443259e-01
   1.2678546095948579e-01
   1.2652295437455491e-01
   1.2628936173308655e-01
   1.2608477341805016e-01
   1.2590926793513435e-01
   1.2576291214377347e-01
   1.2564576145570264e-01
   1.2555786000078956e-01
   1.2549924075993829e-01
   1.2546992566490461e-01
   1.2546992566490461e-01
   1.2549924075993829e-01
   1.2555786000078956e-01
   1.2564576145570264e-01
   1.2576291214377344e-01
   1.2590926793513435e-01
   1.2608477341805016e-01
   1.2628936173308655e-01
   1.2652295437455491e-01
   1.2678546095948579e-01
   1.2707677896443259e-01
   1.2739679343046167e-01
   1.2774537663674315e-01
   1.2812238774321982e-01
   1.2852767240290106e-01
   1.2896106234440152e-01
   1.2942237492542705e-01
   1.2991141265799633e-01
   1.3042796270628237e-01
   1.3097179635806089e-01
   1.3154266847086124e-01
   1.3214031689403749e-01
   1.3276446186810126e-01
   1.3341480540279735e-01
   1.3409103063554673e-01
   1.3479280117203699e-01
   1.3551976041090416e-01
   1.3627153085462265e-01
   1.3704771340890270e-01
   1.3784788667308526e-01
   1.3867160622422409e-01
   1.3951840389775239e-01
