   2.1065811113993321e-01
   2.1306283446112564e-01
   2.1545549333825717e-01
   2.1783169397707011e-01
   2.2018693161947864e-01
   2.2251660087485478e-01
   2.2481600737856694e-01
   2.2708038078330758e-01
   2.2930488907426755e-01
   2.3148465418344633e-01
   2.3361476886147745e-01
   2.3569031474749566e-01
   2.3770638155900434e-01
   2.3965808730470994e-01
   2.4154059940418190e-01
   2.4334915657933565e-01
   2.4507909136450284e-01
   2.4672585306465239e-01
   2.4828503097557808e-01
   2.4975237766599098e-01
   2.5112383210985773e-01
   2.5239554244839069e-01
   2.5356388815517772e-01
   2.5462550137532591e-01
   2.5557728721043727e-01
   2.5641644272587844e-01
   2.5714047446525340e-01
   2.5774721426921005e-01
   2.5823483321161894e-01
   2.5860185348555054e-01
   2.5884715809405662e-01
   2.5896999822615391e-01
   2.5896999822615391e-01
   2.5884715809405662e-01
   2.5860185348555054e-01
   2.5823483321161894e-01
   2.5774721426921005e-01
   2.5714047446525340e-01
   2.5641644272587849e-01
   2.5557728721043732e-01
   2.5462550137532597e-01
   2.5356388815517772e-01
   2.5239554244839074e-01
   2.5112383210985773e-01
   2.4975237766599098e-01
   2.4828503097557808e-01
   2.4672585306465239e-01
   2.4507909136450284e-01
   2.4334915657933567e-01
   2.4154059940418190e-01
   2.3965808730470997e-01
   2.3770638155900434e-01
   2.3569031474749569e-01
   2.3361476886147747e-01
   2.3148465418344635e-01
   2.2930488907426760e-01
   2.2708038078330758e-01
   2.2481600737856697e-01
   2.2251660087485481e-01
   2.2018693161947867e-01
   2.1783169397707014e-01
   2.1545549333825720e-01
   2.1306283446112567e-01
   2.1065811113993324e-01
   2.0699448762288739e-01
   2.0207814664597668e-01
   1.9716836410924365e-01
   1.9227271050780848e-01
   1.8739816664509829e-01
   1.8255113378143994e-01
   1.7773744720262388e-01
   1.7296239266030483e-01
   1.6823072516885634e-01
   1.6354668968027505e-01
   1.5891404319843558e-01
   1.5433607793511969e-01
   1.4981564515168927e-01
   1.4535517937113329e-01
   1.4095672268477194e-01
   1.3662194891559426e-01
   1.3235218743562666e-01
   1.2814844646760856e-01
   1.2401143573141504e-01
   1.1994158832304730e-01
   1.1695797211819911e-01
   1.1505813030655655e-01
   1.1322309619397408e-01
   1.1145275045808972e-01
   1.0974693618272319e-01
   1.0810546394564863e-01
   1.0652811659125072e-01
   1.0501465369977381e-01
   1.0356481576528449e-01
   1.0217832809470842e-01
   1.0085490444039516e-01
   9.9594250378628471e-02
   9.8396066446357178e-02
   9.7260051048182999e-02
   9.6185903145329543e-02
   9.5173324737936257e-02
   9.4222023151589673e-02
   9.3331713138529074e-02
   9.2502118803453465e-02
   9.1732975363320549e-02
   9.1024030749970175e-02
   9.0375047063832217e-02
   8.9785801886394970e-02
   8.9256089458518859e-02
   8.8785721731084857e-02
   8.8374529293869561e-02
   8.8022362187941280e-02
   8.7729090606274235e-02
   8.7494605486683655e-02
   8.7318819000591644e-02
   8.7201664940543711e-02
   8.7143099008808622e-02
   8.7143099008808622e-02
   8.7201664940543711e-02
   8.7318819000591644e-02
   8.7494605486683655e-02
   8.7729090606274235e-02
   8.8022362187941280e-02
   8.8374529293869561e-02
   8.8785721731084857e-02
   8.9256089458518859e-02
   8.9785801886394970e-02
   9.0375047063832217e-02
   9.1024030749970175e-02
   9.1732975363320549e-02
   9.2502118803453465e-02
   9.3331713138529074e-02
   9.4222023151589687e-02
   9.5173324737936257e-02
   9.6185903145329543e-02
   9.7260051048182999e-02
   9.8396066446357192e-02
   9.9594250378628485e-02
   1.0085490444039516e-01
   1.0217832809470843e-01
   1.0356481576528448e-01
   1.0501465369977382e-01
   1.0652811659125072e-01
   1.0810546394564863e-01
   1.0974693618272320e-01
   1.1145275045808974e-01
   1.1322309619397410e-01
   1.1505813030655655e-01
   1.1695797211819912e-01
