   7.3708081119649646e-02
   7.9021051034483106e-02
   8.5447515872688909e-02
   9.3076290764216585e-02
   1.0201227469962916e-01
   1.1237754089369549e-01
   1.2431250203485496e-01
   1.3797709691126828e-01
   1.5355191648275546e-01
   1.7123914671857804e-01
   1.9126314794366228e-01
   2.1387041028729967e-01
   2.3932851511125205e-01
   2.6792358511007841e-01
   2.9995551342927185e-01
   3.3573001965489657e-01
   3.7554629059166028e-01
   4.1967864567841062e-01
   4.6835037138240143e-01
   5.2169770021135420e-01
   5.7972205494996132e-01
   6.4222943621421380e-01
   7.0875762224494576e-01
   7.7849516544402519e-01
   8.5020139046331322e-01
   9.2214360061984313e-01
   9.9207524017003901e-01
   1.0572838371845372e+00
   1.1147353424270767e+00
   1.1613268140777984e+00
   1.1942303786544390e+00
   1.2112739752622868e+00
   1.2112739752622921e+00
   1.1942303786544546e+00
   1.1613268140778232e+00
   1.1147353424271091e+00
   1.0572838371845752e+00
   9.9207524017008097e-01
   9.2214360061988709e-01
   8.5020139046335763e-01
   7.7849516544406894e-01
   7.0875762224498784e-01
   6.4222943621425366e-01
   5.7972205494999840e-01
   5.2169770021138839e-01
   4.6835037138243263e-01
   4.1967864567843893e-01
   3.7554629059168582e-01
   3.3573001965491950e-01
   2.9995551342929222e-01
   2.6792358511009656e-01
   2.3932851511126810e-01
   2.1387041028731377e-01
   1.9126314794367458e-01
   1.7123914671858873e-01
   1.5355191648276467e-01
   1.3797709691127613e-01
   1.2431250203486158e-01
   1.1237754089370094e-01
   1.0201227469963352e-01
   9.3076290764219929e-02
   8.5447515872691268e-02
   7.9021051034484521e-02
   7.3708081119650118e-02
   6.7218853956189845e-02
   5.9498643450653477e-02
   5.2651517633418021e-02
   4.6577810225371365e-02
   4.1188863640018773e-02
   3.6405842231244337e-02
   3.2158653689613285e-02
   2.8384973827494078e-02
   2.5029368139049359e-02
   2.2042502590358788e-02
   1.9380435766892048e-02
   1.7003984560030504e-02
   1.4878155861356091e-02
   1.2971637151822911e-02
   1.1256339355300503e-02
   9.7069858281362102e-03
   8.3007418499850411e-03
   7.0168794485851770e-03
   5.8364728219855071e-03
   4.7421200102620176e-03
   3.9784696762526122e-03
   3.5321409615850135e-03
   3.1360083721370256e-03
   2.7844425297880097e-03
   2.4724473395753019e-03
   2.1955890107664970e-03
   1.9499330621963683e-03
   1.7319884186985147e-03
   1.5386578056123437e-03
   1.3671937374142684e-03
   1.2151594757172622e-03
   1.0803944022913406e-03
   9.6098331535205122e-04
   8.5522921301496850e-04
   7.6162917729885994e-04
   6.7885301607243861e-04
   6.0572435949831000e-04
   5.4120394238474357e-04
   4.8437483490338897e-04
   4.3442941180799028e-04
   3.9065787498726421e-04
   3.5243816625430471e-04
   3.1922712702801506e-04
   2.9055277927932013e-04
   2.6600761804770526e-04
   2.4524282020810647e-04
   2.2796328718845466e-04
   2.1392345118914838e-04
   2.0292378530573760e-04
   1.9480796795926116e-04
   1.8946066133712289e-04
   1.8680587227321726e-04
   1.8680587227321729e-04
   1.8946066133712289e-04
   1.9480796795926116e-04
   2.0292378530573760e-04
   2.1392345118914836e-04
   2.2796328718845463e-04
   2.4524282020810647e-04
   2.6600761804770521e-04
   2.9055277927932013e-04
   3.1922712702801506e-04
   3.5243816625430465e-04
   3.9065787498726410e-04
   4.3442941180799012e-04
   4.8437483490338876e-04
   5.4120394238474335e-04
   6.0572435949830979e-04
   6.7885301607243818e-04
   7.6162917729885951e-04
   8.5522921301496807e-04
   9.6098331535205068e-04
   1.0803944022913399e-03
   1.2151594757172615e-03
   1.3671937374142677e-03
   1.5386578056123430e-03
   1.7319884186985141e-03
   1.9499330621963677e-03
   2.1955890107664962e-03
   2.4724473395753015e-03
   2.7844425297880097e-03
   3.1360083721370256e-03
   3.5321409615850135e-03
   3.9784696762526122e-03
