   2.5107149016568830e-01
   2.5835841343862925e-01
   2.6612931099442566e-01
   2.7437783100375918e-01
   2.8309519641389730e-01
   2.9226978322523062e-01
   3.0188666894650995e-01
   3.1192715571494128e-01
   3.2236827477738234e-01
   3.3318228165433783e-01
   3.4433615433661890e-01
   3.5579111024559590e-01
   3.6750216132277186e-01
   3.7941773034205323e-01
   3.9147935512515875e-01
   4.0362151047410699e-01
   4.1577157992230351e-01
   4.2785001038639220e-01
   4.3977068197033053e-01
   4.5144152202569438e-01
   4.6276538666278522e-01
   4.7364122392823649e-01
   4.8396552073506743e-01
   4.9363402058254907e-01
   5.0254368175205610e-01
   5.1059482704621073e-01
   5.1769341768476440e-01
   5.2375336742118139e-01
   5.2869880017945425e-01
   5.3246614732418318e-01
   5.3500598050861725e-01
   5.3628448372469451e-01
   5.3628448372469451e-01
   5.3500598050861714e-01
   5.3246614732418307e-01
   5.2869880017945403e-01
   5.2375336742118106e-01
   5.1769341768476396e-01
   5.1059482704621040e-01
   5.0254368175205566e-01
   4.9363402058254852e-01
   4.8396552073506682e-01
   4.7364122392823588e-01
   4.6276538666278455e-01
   4.5144152202569365e-01
   4.3977068197032981e-01
   4.2785001038639148e-01
   4.1577157992230279e-01
   4.0362151047410633e-01
   3.9147935512515802e-01
   3.7941773034205262e-01
   3.6750216132277114e-01
   3.5579111024559523e-01
   3.4433615433661824e-01
   3.3318228165433722e-01
   3.2236827477738167e-01
   3.1192715571494073e-01
   3.0188666894650940e-01
   2.9226978322523012e-01
   2.8309519641389691e-01
   2.7437783100375890e-01
   2.6612931099442549e-01
   2.5835841343862920e-01
   2.5107149016568830e-01
   2.4074714271425418e-01
   2.2740731235738151e-01
   2.1457784503213800e-01
   2.0225428296191564e-01
   1.9042835019254678e-01
   1.7908863640141645e-01
   1.6822119640472544e-01
   1.5781007030455158e-01
   1.4783773032155001e-01
   1.3828546092502567e-01
   1.2913367903979980e-01
   1.2036220099358737e-01
   1.1195046256091812e-01
   1.0387769803083252e-01
   9.6123083729150530e-02
   8.8665850901261084e-02
   8.1485372335948048e-02
   7.4561226603698447e-02
   6.7873243306410772e-02
   6.1401532296578291e-02
   5.6723891082865414e-02
   5.3819368502524632e-02
   5.1081907974955182e-02
   4.8503294845138635e-02
   4.6075750595762847e-02
   4.3791918293662718e-02
   4.1644847839817742e-02
   3.9627981207632335e-02
   3.7735137819632190e-02
   3.5960500183630548e-02
   3.4298599885055986e-02
   3.2744304011795795e-02
   3.1292802071000256e-02
   2.9939593443297875e-02
   2.8680475408348359e-02
   2.7511531766230189e-02
   2.6429122071498872e-02
   2.5429871490585003e-02
   2.4510661288291730e-02
   2.3668619945300222e-02
   2.2901114905628593e-02
   2.2205744950771121e-02
   2.1580333195648279e-02
   2.1022920700421225e-02
   2.0531760691579675e-02
   2.0105313385426170e-02
   1.9742241407090272e-02
   1.9441405798460799e-02
   1.9201862608878181e-02
   1.9022860063044631e-02
   1.8903836301355045e-02
   1.8844417688697712e-02
   1.8844417688697712e-02
   1.8903836301355049e-02
   1.9022860063044638e-02
   1.9201862608878191e-02
   1.9441405798460813e-02
   1.9742241407090279e-02
   2.0105313385426177e-02
   2.0531760691579685e-02
   2.1022920700421239e-02
   2.1580333195648293e-02
   2.2205744950771131e-02
   2.2901114905628610e-02
   2.3668619945300239e-02
   2.4510661288291748e-02
   2.5429871490585017e-02
   2.6429122071498889e-02
   2.7511531766230207e-02
   2.8680475408348380e-02
   2.9939593443297895e-02
   3.1292802071000277e-02
   3.2744304011795816e-02
   3.4298599885056007e-02
   3.5960500183630568e-02
   3.7735137819632211e-02
   3.9627981207632355e-02
   4.1644847839817763e-02
   4.3791918293662739e-02
   4.6075750595762861e-02
   4.8503294845138642e-02
   5.1081907974955196e-02
   5.3819368502524639e-02
   5.6723891082865414e-02
