   2.4117833556232379e-01
   2.4527840739487261e-01
   2.4942654216124260e-01
   2.5361368600727380e-01
   2.5783019648863365e-01
   2.6206584382253995e-01
   2.6630981799241910e-01
   2.7055074233018706e-01
   2.7477669417241085e-01
   2.7897523313984635e-01
   2.8313343752291276e-01
   2.8723794916713291e-01
   2.9127502714153414e-01
   2.9523061033926251e-01
   2.9909038900383256e-01
   3.0283988499809661e-01
   3.0646454043881660e-01
   3.0994981411142730e-01
   3.1328128486209988e-01
   3.1644476094353430e-01
   3.1942639407398388e-01
   3.2221279676355480e-01
   3.2479116127601154e-01
   3.2714937843650899e-01
   3.2927615437390650e-01
   3.3116112320799007e-01
   3.3279495366323597e-01
   3.3416944761634504e-01
   3.3527762866733235e-01
   3.3611381896392195e-01
   3.3667370270436164e-01
   3.3695437499008840e-01
   3.3695437499008840e-01
   3.3667370270436159e-01
   3.3611381896392184e-01
   3.3527762866733218e-01
   3.3416944761634487e-01
   3.3279495366323575e-01
   3.3116112320798985e-01
   3.2927615437390628e-01
   3.2714937843650871e-01
   3.2479116127601121e-01
   3.2221279676355447e-01
   3.1942639407398354e-01
   3.1644476094353380e-01
   3.1328128486209950e-01
   3.0994981411142686e-01
   3.0646454043881616e-01
   3.0283988499809622e-01
   2.9909038900383217e-01
   2.9523061033926212e-01
   2.9127502714153380e-01
   2.8723794916713258e-01
   2.8313343752291242e-01
   2.7897523313984607e-01
   2.7477669417241063e-01
   2.7055074233018683e-01
   2.6630981799241893e-01
   2.6206584382253978e-01
   2.5783019648863353e-01
   2.5361368600727369e-01
   2.4942654216124252e-01
   2.4527840739487258e-01
   2.4117833556232382e-01
   2.3503785003989860e-01
   2.2687132502037341e-01
   2.1879035872151617e-01
   2.1080766254498307e-01
   2.0293410971418122e-01
   1.9517884541880492e-01
   1.8754940136367490e-01
   1.8005181219723315e-01
   1.7269073170646426e-01
   1.6546954704885050e-01
   1.5839048964223221e-01
   1.5145474164683981e-01
   1.4466253724913508e-01
   1.3801325819492086e-01
   1.3150552322111711e-01
   1.2513727120413087e-01
   1.1890583798084654e-01
   1.1280802690915916e-01
   1.0684017332196781e-01
   1.0099820309486392e-01
   9.6733918115364831e-02
   9.4039555130530139e-02
   9.1456646771767333e-02
   8.8982976478963208e-02
   8.6616355254551303e-02
   8.4354629860540070e-02
   8.2195690041362318e-02
   8.0137474867134975e-02
   7.8177978284930949e-02
   7.6315253958932516e-02
   7.4547419473901810e-02
   7.2872659970292686e-02
   7.1289231273559503e-02
   6.9795462574796879e-02
   6.8389758714771071e-02
   6.7070602118673744e-02
   6.5836554424530916e-02
   6.4686257844122408e-02
   6.3618436291493802e-02
   6.2631896310656562e-02
   6.1725527830855408e-02
   6.0898304774814616e-02
   6.0149285542640304e-02
   5.9477613391531667e-02
   5.8882516729124902e-02
   5.8363309336137890e-02
   5.7919390531985943e-02
   5.7550245295179651e-02
   5.7255444348578897e-02
   5.7034644217946073e-02
   5.6887587270699640e-02
   5.6814101740301347e-02
   5.6814101740301340e-02
   5.6887587270699633e-02
   5.7034644217946066e-02
   5.7255444348578884e-02
   5.7550245295179638e-02
   5.7919390531985929e-02
   5.8363309336137870e-02
   5.8882516729124888e-02
   5.9477613391531646e-02
   6.0149285542640277e-02
   6.0898304774814588e-02
   6.1725527830855373e-02
   6.2631896310656535e-02
   6.3618436291493760e-02
   6.4686257844122366e-02
   6.5836554424530860e-02
   6.7070602118673689e-02
   6.8389758714771015e-02
   6.9795462574796824e-02
   7.1289231273559447e-02
   7.2872659970292630e-02
   7.4547419473901741e-02
   7.6315253958932447e-02
   7.8177978284930880e-02
   8.0137474867134920e-02
   8.2195690041362249e-02
   8.4354629860540015e-02
   8.6616355254551247e-02
   8.8982976478963166e-02
   9.1456646771767292e-02
   9.4039555130530125e-02
   9.6733918115364817e-02
