   1.0971113384089930e-01
   1.1629450086270450e-01
   1.2405425679226657e-01
   1.3306443626920253e-01
   1.4340991639440476e-01
   1.5518660693585520e-01
   1.6850151815192635e-01
   1.8347262933610209e-01
   2.0022845484594404e-01
   2.1890717053352562e-01
   2.3965512079469228e-01
   2.6262447385480470e-01
   2.8796973018772315e-01
   3.1584271760712240e-01
   3.4638563116987692e-01
   3.7972160640008679e-01
   4.1594226843245885e-01
   4.5509170726074599e-01
   4.9714643583270834e-01
   5.4199115699003164e-01
   5.8939067736986539e-01
   6.3895914646771057e-01
   6.9012902870655779e-01
   7.4212382097368912e-01
   7.9394033877193682e-01
   8.4434800016386791e-01
   8.9191323582642201e-01
   9.3505602354447415e-01
   9.7214173017151817e-01
   1.0016046780715639e+00
   1.0220910649037784e+00
   1.0326004612175854e+00
   1.0326004612175872e+00
   1.0220910649037838e+00
   1.0016046780715724e+00
   9.7214173017152949e-01
   9.3505602354448791e-01
   8.9191323582643744e-01
   8.4434800016388478e-01
   7.9394033877195436e-01
   7.4212382097370688e-01
   6.9012902870657555e-01
   6.3895914646772778e-01
   5.8939067736988193e-01
   5.4199115699004741e-01
   4.9714643583272311e-01
   4.5509170726075965e-01
   4.1594226843247151e-01
   3.7972160640009833e-01
   3.4638563116988746e-01
   3.1584271760713190e-01
   2.8796973018773170e-01
   2.6262447385481236e-01
   2.3965512079469908e-01
   2.1890717053353162e-01
   2.0022845484594928e-01
   1.8347262933610661e-01
   1.6850151815193018e-01
   1.5518660693585840e-01
   1.4340991639440734e-01
   1.3306443626920450e-01
   1.2405425679226798e-01
   1.1629450086270532e-01
   1.0971113384089959e-01
   1.0140379038397775e-01
   9.1330360122692036e-02
   8.2224930607660951e-02
   7.3993593156280721e-02
   6.6550747490459000e-02
   5.9818473339626414e-02
   5.3725907097619950e-02
   4.8208637255179917e-02
   4.3208127200974840e-02
   3.8671170319694623e-02
   3.4549379731050107e-02
   3.0798713219053576e-02
   2.7379032680575469e-02
   2.4253696615435139e-02
   2.1389183668728405e-02
   1.8754744932687729e-02
   1.6322082556458610e-02
   1.4065052151418607e-02
   1.1959386483489197e-02
   9.9824379880903615e-03
   8.5888434479761949e-03
   7.7602629036560081e-03
   7.0121962167979911e-03
   6.3368835803597201e-03
   5.7273194847503343e-03
   5.1771801898468708e-03
   4.6807582282795690e-03
   4.2329032716830993e-03
   3.8289687546581236e-03
   3.4647637087380106e-03
   3.1365093110999887e-03
   2.8407997004908201e-03
   2.5745666562375616e-03
   2.3350477756520203e-03
   2.1197578209615530e-03
   1.9264629394358515e-03
   1.7531574899338918e-03
   1.5980432359496987e-03
   1.4595106896506884e-03
   1.3361224136182537e-03
   1.2265981072377603e-03
   1.1298013231470056e-03
   1.0447276760247985e-03
   9.7049442145578316e-04
   9.0633129680147675e-04
   8.5157252908586842e-04
   8.0564992700099796e-04
   7.6808698537804291e-04
   7.3849394096841387e-04
   7.1656372824545778e-04
   7.0206879327254317e-04
   6.9485873258402840e-04
   6.9485873258402840e-04
   7.0206879327254295e-04
   7.1656372824545778e-04
   7.3849394096841365e-04
   7.6808698537804280e-04
   8.0564992700099774e-04
   8.5157252908586820e-04
   9.0633129680147654e-04
   9.7049442145578295e-04
   1.0447276760247983e-03
   1.1298013231470052e-03
   1.2265981072377599e-03
   1.3361224136182535e-03
   1.4595106896506879e-03
   1.5980432359496983e-03
   1.7531574899338910e-03
   1.9264629394358506e-03
   2.1197578209615525e-03
   2.3350477756520199e-03
   2.5745666562375612e-03
   2.8407997004908201e-03
   3.1365093110999887e-03
   3.4647637087380110e-03
   3.8289687546581245e-03
   4.2329032716831010e-03
   4.6807582282795707e-03
   5.1771801898468734e-03
   5.7273194847503360e-03
   6.3368835803597227e-03
   7.0121962167979919e-03
   7.7602629036560098e-03
   8.5888434479761966e-03
