   2.3235712791196020e-01
   2.3590444618096754e-01
   2.3947202354913705e-01
   2.4305233758621048e-01
   2.4663748459056856e-01
   2.5021918911044444e-01
   2.5378881751785237e-01
   2.5733739591293670e-01
   2.6085563260281880e-01
   2.6433394535584692e-01
   2.6776249357909654e-01
   2.7113121550394714e-01
   2.7442987039179867e-01
   2.7764808569007182e-01
   2.8077540897852465e-01
   2.8380136444900345e-01
   2.8671551355983416e-01
   2.8950751940137343e-01
   2.9216721420438957e-01
   2.9468466932086412e-01
   2.9705026691069031e-01
   2.9925477248092741e-01
   3.0128940735011889e-01
   3.0314592005194407e-01
   3.0481665565313132e-01
   3.0629462194268448e-01
   3.0757355145505333e-01
   3.0864795832021724e-01
   3.0951318898922942e-01
   3.1016546596418831e-01
   3.1060192376554829e-01
   3.1082063649491498e-01
   3.1082063649491498e-01
   3.1060192376554829e-01
   3.1016546596418831e-01
   3.0951318898922936e-01
   3.0864795832021713e-01
   3.0757355145505311e-01
   3.0629462194268431e-01
   3.0481665565313115e-01
   3.0314592005194391e-01
   3.0128940735011872e-01
   2.9925477248092724e-01
   2.9705026691069020e-01
   2.9468466932086401e-01
   2.9216721420438946e-01
   2.8950751940137331e-01
   2.8671551355983399e-01
   2.8380136444900333e-01
   2.8077540897852454e-01
   2.7764808569007177e-01
   2.7442987039179856e-01
   2.7113121550394703e-01
   2.6776249357909648e-01
   2.6433394535584687e-01
   2.6085563260281874e-01
   2.5733739591293664e-01
   2.5378881751785237e-01
   2.5021918911044444e-01
   2.4663748459056853e-01
   2.4305233758621053e-01
   2.3947202354913708e-01
   2.3590444618096754e-01
   2.3235712791196023e-01
   2.2701180109833391e-01
   2.1987998841568868e-01
   2.1279988607622413e-01
   2.0578286691385947e-01
   1.9883893929965019e-01
   1.9197681025006322e-01
   1.8520395379160309e-01
   1.7852668283468470e-01
   1.7195022303212260e-01
   1.6547878731458604e-01
   1.5911565000180433e-01
   1.5286321958062696e-01
   1.4672310941694561e-01
   1.4069620582671136e-01
   1.3478273307142311e-01
   1.2898231496576018e-01
   1.2329403289021225e-01
   1.1771648009068629e-01
   1.1224781222143121e-01
   1.0688579414862560e-01
   1.0296632326744684e-01
   1.0048358979865119e-01
   9.8097722759774283e-02
   9.5807318097513375e-02
   9.3610967156705208e-02
   9.1507264510773248e-02
   8.9494815031189515e-02
   8.7572240256710690e-02
   8.5738184119873884e-02
   8.3991318084905800e-02
   8.2330345747866310e-02
   8.0754006946546872e-02
   7.9261081424414181e-02
   7.7850392089748810e-02
   7.6520807908098176e-02
   7.5271246463254560e-02
   7.4100676219190198e-02
   7.3008118512736933e-02
   7.1992649304289863e-02
   7.1053400711440479e-02
   7.0189562348203047e-02
   6.9400382490383369e-02
   6.8685169085645634e-02
   6.8043290624954414e-02
   6.7474176890296764e-02
   6.6977319591916953e-02
   6.6552272906713575e-02
   6.6198653927948048e-02
   6.5916143034985886e-02
   6.5704484190427473e-02
   6.5563485170676020e-02
   6.5493017734725642e-02
   6.5493017734725642e-02
   6.5563485170676020e-02
   6.5704484190427473e-02
   6.5916143034985872e-02
   6.6198653927948048e-02
   6.6552272906713561e-02
   6.6977319591916940e-02
   6.7474176890296736e-02
   6.8043290624954386e-02
   6.8685169085645606e-02
   6.9400382490383328e-02
   7.0189562348203005e-02
   7.1053400711440437e-02
   7.1992649304289821e-02
   7.3008118512736878e-02
   7.4100676219190142e-02
   7.5271246463254504e-02
   7.6520807908098121e-02
   7.7850392089748754e-02
   7.9261081424414126e-02
   8.0754006946546816e-02
   8.2330345747866268e-02
   8.3991318084905758e-02
   8.5738184119873842e-02
   8.7572240256710662e-02
   8.9494815031189487e-02
   9.1507264510773220e-02
   9.3610967156705180e-02
   9.5807318097513375e-02
   9.8097722759774283e-02
   1.0048358979865119e-01
   1.0296632326744684e-01
