   2.2105437995040536e-01
   2.2903712778247096e-01
   2.3780651799343921e-01
   2.4737390262418155e-01
   2.5774925139521787e-01
   2.6894041274172215e-01
   2.8095225090274323e-01
   2.9378564769880455e-01
   3.0743635975411437e-01
   3.2189372557448948e-01
   3.3713922252069478e-01
   3.5314488179610382e-01
   3.6987158056915198e-01
   3.8726724467362550e-01
   4.0526501319737041e-01
   4.2378143759247711e-01
   4.4271481213803299e-01
   4.6194375839225987e-01
   4.8132621153294763e-01
   5.0069897802681151e-01
   5.1987804766973167e-01
   5.3865984363220099e-01
   5.5682357630718027e-01
   5.7413482557708961e-01
   5.9035040839376052e-01
   6.0522449424092728e-01
   6.1851581456425442e-01
   6.2999568342096579e-01
   6.3945642050202867e-01
   6.4671966320429031e-01
   6.5164399135354933e-01
   6.5413128314588997e-01
   6.5413128314589009e-01
   6.5164399135354967e-01
   6.4671966320429097e-01
   6.3945642050202944e-01
   6.2999568342096690e-01
   6.1851581456425564e-01
   6.0522449424092861e-01
   5.9035040839376185e-01
   5.7413482557709117e-01
   5.5682357630718182e-01
   5.3865984363220254e-01
   5.1987804766973322e-01
   5.0069897802681296e-01
   4.8132621153294908e-01
   4.6194375839226126e-01
   4.4271481213803437e-01
   4.2378143759247838e-01
   4.0526501319737157e-01
   3.8726724467362661e-01
   3.6987158056915298e-01
   3.5314488179610476e-01
   3.3713922252069561e-01
   3.2189372557449020e-01
   3.0743635975411499e-01
   2.9378564769880505e-01
   2.8095225090274367e-01
   2.6894041274172253e-01
   2.5774925139521815e-01
   2.4737390262418177e-01
   2.3780651799343935e-01
   2.2903712778247104e-01
   2.2105437995040539e-01
   2.1010804880529182e-01
   1.9620724114995283e-01
   1.8306039369040825e-01
   1.7063524281428921e-01
   1.5889780154306271e-01
   1.4781305651411486e-01
   1.3734552622736698e-01
   1.2745970126995956e-01
   1.1812038511471654e-01
   1.0929295188775394e-01
   1.0094353535109382e-01
   9.3039161329433753e-02
   8.5547833971439086e-02
   7.8438584594735253e-02
   7.1681490422921615e-02
   6.5247669274469164e-02
   5.9109255193156421e-02
   5.3239359100463401e-02
   4.7612017783752007e-02
   4.2202133892050540e-02
   3.8313394581693819e-02
   3.5921889307954452e-02
   3.3689191080535273e-02
   3.1605530297937987e-02
   2.9661771952794048e-02
   2.7849380056781059e-02
   2.6160383820991027e-02
   2.4587345604675587e-02
   2.3123330623885118e-02
   2.1761878395287475e-02
   2.0496975878405429e-02
   1.9323032270836243e-02
   1.8234855405046019e-02
   1.7227629691521810e-02
   1.6296895550971868e-02
   1.5438530277529542e-02
   1.4648730275246113e-02
   1.3923994611316924e-02
   1.3261109831283363e-02
   1.2657135983737805e-02
   1.2109393804708634e-02
   1.1615453014820927e-02
   1.1173121685439675e-02
   1.0780436633247466e-02
   1.0435654806041547e-02
   1.0137245625921752e-02
   9.8838842594552861e-03
   9.6744457878284156e-03
   9.5080002534159731e-03
   9.3838085626097162e-03
   9.3013192281411455e-03
   9.2601659375125753e-03
   9.2601659375125753e-03
   9.3013192281411472e-03
   9.3838085626097197e-03
   9.5080002534159765e-03
   9.6744457878284208e-03
   9.8838842594552931e-03
   1.0137245625921757e-02
   1.0435654806041554e-02
   1.0780436633247473e-02
   1.1173121685439682e-02
   1.1615453014820934e-02
   1.2109393804708643e-02
   1.2657135983737813e-02
   1.3261109831283374e-02
   1.3923994611316935e-02
   1.4648730275246123e-02
   1.5438530277529554e-02
   1.6296895550971878e-02
   1.7227629691521820e-02
   1.8234855405046033e-02
   1.9323032270836253e-02
   2.0496975878405439e-02
   2.1761878395287482e-02
   2.3123330623885129e-02
   2.4587345604675598e-02
   2.6160383820991034e-02
   2.7849380056781066e-02
   2.9661771952794055e-02
   3.1605530297937993e-02
   3.3689191080535280e-02
   3.5921889307954452e-02
   3.8313394581693819e-02
