   1.0062256952242796e-01
   1.0692721071369628e-01
   1.1440335071709130e-01
   1.2312924930931014e-01
   1.3319530991744047e-01
   1.4470446871272380e-01
   1.5777249950760680e-01
   1.7252815992169640e-01
   1.8911307631892471e-01
   2.0768122813853943e-01
   2.2839784437088304e-01
   2.5143746401831479e-01
   2.7698083688771752e-01
   3.0521025082448150e-01
   3.3630276926261382e-01
   3.7042075682369813e-01
   4.0769897776662767e-01
   4.4822750360436125e-01
   4.9202971374729260e-01
   5.3903489458545684e-01
   5.8904544484735499e-01
   6.4169960639471979e-01
   6.9643208031919468e-01
   7.5243690804931440e-01
   8.0863946782260765e-01
   8.6368691054746793e-01
   9.1596794795303460e-01
   9.6367230266813275e-01
   1.0048959359899061e+00
   1.0377896357425569e+00
   1.0607365671526097e+00
   1.0725321563037342e+00
   1.0725321563037353e+00
   1.0607365671526132e+00
   1.0377896357425627e+00
   1.0048959359899141e+00
   9.6367230266814230e-01
   9.1596794795304526e-01
   8.6368691054747948e-01
   8.0863946782261964e-01
   7.5243690804932639e-01
   6.9643208031920656e-01
   6.4169960639473134e-01
   5.8904544484736598e-01
   5.3903489458546716e-01
   4.9202971374730220e-01
   4.4822750360437019e-01
   4.0769897776663583e-01
   3.7042075682370551e-01
   3.3630276926262043e-01
   3.0521025082448755e-01
   2.7698083688772290e-01
   2.5143746401831957e-01
   2.2839784437088734e-01
   2.0768122813854317e-01
   1.8911307631892799e-01
   1.7252815992169926e-01
   1.5777249950760922e-01
   1.4470446871272583e-01
   1.3319530991744208e-01
   1.2312924930931139e-01
   1.1440335071709219e-01
   1.0692721071369680e-01
   1.0062256952242814e-01
   9.2726381719978976e-02
   8.3192982458317966e-02
   7.4612763100705831e-02
   6.6889436690112949e-02
   5.9935766434148947e-02
   5.3672797816988936e-02
   4.8029119986017568e-02
   4.2940166057822388e-02
   3.8347557505011322e-02
   3.4198494686028487e-02
   3.0445193479014587e-02
   2.7044366593752030e-02
   2.3956747254951578e-02
   2.1146652424253377e-02
   1.8581582447759905e-02
   1.6231853901758398e-02
   1.4070262404962836e-02
   1.2071772230809028e-02
   1.0213229659538746e-02
   8.4730971369569724e-03
   7.2491704380974308e-03
   6.5242212929342795e-03
   5.8721843456050098e-03
   5.2857735959224933e-03
   4.7584361173162873e-03
   4.2842789253090341e-03
   3.8580031927715618e-03
   3.4748450846013535e-03
   3.1305225563091161e-03
   2.8211875260935435e-03
   2.5433828889047166e-03
   2.2940038942852450e-03
   2.0702634579470173e-03
   1.8696610205676039e-03
   1.6899546066158830e-03
   1.5291357715485128e-03
   1.3854071578309559e-03
   1.2571624092705760e-03
   1.1429682194168949e-03
   1.0415483135697971e-03
   9.5176918549961566e-04
   8.7262742955966394e-04
   8.0323852667726610e-04
   7.4282695894006964e-04
   6.9071754232994038e-04
   6.4632788076148765e-04
   6.0916185710732217e-04
   5.7880408847674225e-04
   5.5491528378765105e-04
   5.3722845175312932e-04
   5.2554591690662765e-04
   5.1973711031918222e-04
   5.1973711031918222e-04
   5.2554591690662765e-04
   5.3722845175312943e-04
   5.5491528378765105e-04
   5.7880408847674225e-04
   6.0916185710732228e-04
   6.4632788076148776e-04
   6.9071754232994059e-04
   7.4282695894006985e-04
   8.0323852667726621e-04
   8.7262742955966405e-04
   9.5176918549961587e-04
   1.0415483135697971e-03
   1.1429682194168951e-03
   1.2571624092705767e-03
   1.3854071578309562e-03
   1.5291357715485135e-03
   1.6899546066158834e-03
   1.8696610205676042e-03
   2.0702634579470181e-03
   2.2940038942852459e-03
   2.5433828889047179e-03
   2.8211875260935439e-03
   3.1305225563091166e-03
   3.4748450846013540e-03
   3.8580031927715618e-03
   4.2842789253090341e-03
   4.7584361173162865e-03
   5.2857735959224933e-03
   5.8721843456050089e-03
   6.5242212929342795e-03
   7.2491704380974300e-03
