   2.4100099566054256e-01
   2.4866749103756192e-01
   2.5694367189476802e-01
   2.6582910391165332e-01
   2.7532105318324612e-01
   2.8541391555811418e-01
   2.9609858261037381e-01
   3.0736174508413183e-01
   3.1918513745688049e-01
   3.3154473093991549e-01
   3.4440988686743290e-01
   3.5774248808031922e-01
   3.7149607257721851e-01
   3.8561500127443371e-01
   4.0003369993773252e-01
   4.1467602379297747e-01
   4.2945480134286718e-01
   4.4427162063132380e-01
   4.5901692549113177e-01
   4.7357048988493972e-01
   4.8780233392067340e-01
   5.0157413418586527e-01
   5.1474116270603487e-01
   5.2715476267948580e-01
   5.3866533563670937e-01
   5.4912577539331919e-01
   5.5839524192432888e-01
   5.6634312706317147e-01
   5.7285302854395215e-01
   5.7782652444621585e-01
   5.8118653113183416e-01
   5.8288003746039552e-01
   5.8288003746039552e-01
   5.8118653113183416e-01
   5.7782652444621585e-01
   5.7285302854395226e-01
   5.6634312706317158e-01
   5.5839524192432899e-01
   5.4912577539331930e-01
   5.3866533563670949e-01
   5.2715476267948591e-01
   5.1474116270603509e-01
   5.0157413418586549e-01
   4.8780233392067351e-01
   4.7357048988493983e-01
   4.5901692549113188e-01
   4.4427162063132392e-01
   4.2945480134286723e-01
   4.1467602379297752e-01
   4.0003369993773269e-01
   3.8561500127443388e-01
   3.7149607257721862e-01
   3.5774248808031933e-01
   3.4440988686743301e-01
   3.3154473093991560e-01
   3.1918513745688060e-01
   3.0736174508413189e-01
   2.9609858261037392e-01
   2.8541391555811424e-01
   2.7532105318324618e-01
   2.6582910391165337e-01
   2.5694367189476802e-01
   2.4866749103756194e-01
   2.4100099566054259e-01
   2.3028252283564399e-01
   2.1653009698907749e-01
   2.0339322911862973e-01
   1.9085701364159799e-01
   1.7890329498673879e-01
   1.6751140541808238e-01
   1.5665879083610504e-01
   1.4632153586877275e-01
   1.3647479963861986e-01
   1.2709317320342359e-01
   1.1815096898375702e-01
   1.0962245163589092e-01
   1.0148201889425813e-01
   9.3704339957990476e-02
   8.6264458073915376e-02
   7.9137863101091901e-02
   7.2300539045110579e-02
   6.5728990831350892e-02
   5.9400253946859286e-02
   5.3291890018393386e-02
   4.8886418081276112e-02
   4.6161272878769720e-02
   4.3602433412971063e-02
   4.1200873980627835e-02
   3.8948093572579195e-02
   3.6836092813253042e-02
   3.4857351431940797e-02
   3.3004806395084352e-02
   3.1271830797029207e-02
   2.9652213580726609e-02
   2.8140140138760868e-02
   2.6730173828036021e-02
   2.5417238417802787e-02
   2.4196601479873178e-02
   2.3063858721377443e-02
   2.2014919253864951e-02
   2.1045991787600284e-02
   2.0153571736277888e-02
   1.9334429214837991e-02
   1.8585597911418183e-02
   1.7904364813556766e-02
   1.7288260768441165e-02
   1.6735051857155750e-02
   1.6242731563436745e-02
   1.5809513718311428e-02
   1.5433826203122529e-02
   1.5114305394765361e-02
   1.4849791338453379e-02
   1.4639323634943120e-02
   1.4482138030864528e-02
   1.4377663702594390e-02
   1.4325521225960928e-02
   1.4325521225960928e-02
   1.4377663702594391e-02
   1.4482138030864530e-02
   1.4639323634943120e-02
   1.4849791338453381e-02
   1.5114305394765366e-02
   1.5433826203122532e-02
   1.5809513718311435e-02
   1.6242731563436752e-02
   1.6735051857155760e-02
   1.7288260768441175e-02
   1.7904364813556777e-02
   1.8585597911418193e-02
   1.9334429214838002e-02
   2.0153571736277898e-02
   2.1045991787600297e-02
   2.2014919253864965e-02
   2.3063858721377457e-02
   2.4196601479873195e-02
   2.5417238417802808e-02
   2.6730173828036038e-02
   2.8140140138760889e-02
   2.9652213580726634e-02
   3.1271830797029228e-02
   3.3004806395084373e-02
   3.4857351431940825e-02
   3.6836092813253070e-02
   3.8948093572579223e-02
   4.1200873980627856e-02
   4.3602433412971077e-02
   4.6161272878769727e-02
   4.8886418081276112e-02
