   2.1736630095157583e-01
   2.2010328180896138e-01
   2.2283448633926586e-01
   2.2555464638715433e-01
   2.2825832401601376e-01
   2.3093992296655638e-01
   2.3359370206077401e-01
   2.3621379059427389e-01
   2.3879420573945562e-01
   2.4132887195881347e-01
   2.4381164240202796e-01
   2.4623632223269015e-01
   2.4859669380080551e-01
   2.5088654354607354e-01
   2.5309969048483560e-01
   2.5523001610111951e-01
   2.5727149543004030e-01
   2.5921822909067765e-01
   2.6106447599619997e-01
   2.6280468644225419e-01
   2.6443353525127811e-01
   2.6594595463120463e-01
   2.6733716639273963e-01
   2.6860271316065787e-01
   2.6973848821191793e-01
   2.7074076357726079e-01
   2.7160621605358215e-01
   2.7233195079183831e-01
   2.7291552214945991e-01
   2.7335495152690642e-01
   2.7364874194461286e-01
   2.7379588915848863e-01
   2.7379588915848863e-01
   2.7364874194461286e-01
   2.7335495152690642e-01
   2.7291552214945991e-01
   2.7233195079183836e-01
   2.7160621605358215e-01
   2.7074076357726079e-01
   2.6973848821191793e-01
   2.6860271316065787e-01
   2.6733716639273963e-01
   2.6594595463120463e-01
   2.6443353525127811e-01
   2.6280468644225419e-01
   2.6106447599619997e-01
   2.5921822909067765e-01
   2.5727149543004030e-01
   2.5523001610111951e-01
   2.5309969048483566e-01
   2.5088654354607359e-01
   2.4859669380080554e-01
   2.4623632223269018e-01
   2.4381164240202799e-01
   2.4132887195881350e-01
   2.3879420573945564e-01
   2.3621379059427389e-01
   2.3359370206077404e-01
   2.3093992296655641e-01
   2.2825832401601376e-01
   2.2555464638715436e-01
   2.2283448633926589e-01
   2.2010328180896141e-01
   2.1736630095157586e-01
   2.1320890064119344e-01
   2.0763870191093092e-01
   2.0208499049772746e-01
   1.9655652225135758e-01
   1.9106127031861883e-01
   1.8560644548008734e-01
   1.8019852068627912e-01
   1.7484325897252595e-01
   1.6954574399714589e-01
   1.6431041251695164e-01
   1.5914108818539166e-01
   1.5404101612969165e-01
   1.4901289783265823e-01
   1.4405892591110686e-01
   1.3918081844527219e-01
   1.3437985257143592e-01
   1.2965689710298364e-01
   1.2501244399299730e-01
   1.2044663849429005e-01
   1.1595930791059801e-01
   1.1267243867572153e-01
   1.1058270991835414e-01
   1.0856728105355788e-01
   1.0662572227878618e-01
   1.0475757129847357e-01
   1.0296233940069409e-01
   1.0123951709821656e-01
   9.9588579356408996e-02
   9.8008990430291459e-02
   9.6500208332695736e-02
   9.5061688954994145e-02
   9.3692889861237083e-02
   9.2393273775815937e-02
   9.1162311783965208e-02
   8.9999486263555833e-02
   8.8904293565725212e-02
   8.7876246460952281e-02
   8.6914876366231714e-02
   8.6019735368034950e-02
   8.5190398054779640e-02
   8.4426463171566810e-02
   8.3727555108990381e-02
   8.3093325236883911e-02
   8.2523453092942373e-02
   8.2017647435248267e-02
   8.1575647166838697e-02
   8.1197222139576766e-02
   8.0882173843732821e-02
   8.0630335988841215e-02
   8.0441574980572722e-02
   8.0315790297550690e-02
   8.0252914771238901e-02
   8.0252914771238901e-02
   8.0315790297550704e-02
   8.0441574980572722e-02
   8.0630335988841215e-02
   8.0882173843732821e-02
   8.1197222139576780e-02
   8.1575647166838697e-02
   8.2017647435248267e-02
   8.2523453092942387e-02
   8.3093325236883911e-02
   8.3727555108990381e-02
   8.4426463171566823e-02
   8.5190398054779654e-02
   8.6019735368034950e-02
   8.6914876366231728e-02
   8.7876246460952295e-02
   8.8904293565725212e-02
   8.9999486263555861e-02
   9.1162311783965208e-02
   9.2393273775815951e-02
   9.3692889861237083e-02
   9.5061688954994145e-02
   9.6500208332695736e-02
   9.8008990430291473e-02
   9.9588579356409010e-02
   1.0123951709821657e-01
   1.0296233940069410e-01
   1.0475757129847359e-01
   1.0662572227878618e-01
   1.0856728105355788e-01
   1.1058270991835416e-01
   1.1267243867572155e-01
