   1.2642072559710263e-01
   1.3345072528293347e-01
   1.4164994887686103e-01
   1.5108407458697248e-01
   1.6182730588129238e-01
   1.7396224348588601e-01
   1.8757958285856569e-01
   2.0277756089586629e-01
   2.1966105347066231e-01
   2.3834019833340703e-01
   2.5892838569485011e-01
   2.8153942181046215e-01
   3.0628363058845165e-01
   3.3326261798393603e-01
   3.6256238996740836e-01
   3.9424449768864245e-01
   4.2833489950241016e-01
   4.6481030260003720e-01
   5.0358190909730582e-01
   5.4447678142189759e-01
   5.8721749997728001e-01
   6.3140144163403378e-01
   6.7648185707277186e-01
   7.2175390001750839e-01
   7.6634969182414314e-01
   8.0924709221904179e-01
   8.4929667626273275e-01
   8.8527004355164007e-01
   9.1592971560771308e-01
   9.4011662503597615e-01
   9.5684630255162051e-01
   9.6540069059886480e-01
   9.6540069059886302e-01
   9.5684630255161540e-01
   9.4011662503596805e-01
   9.1592971560770198e-01
   8.8527004355162664e-01
   8.4929667626271754e-01
   8.0924709221902524e-01
   7.6634969182412571e-01
   7.2175390001749029e-01
   6.7648185707275366e-01
   6.3140144163401601e-01
   5.8721749997726269e-01
   5.4447678142188105e-01
   5.0358190909729017e-01
   4.6481030260002248e-01
   4.2833489950239645e-01
   3.9424449768862974e-01
   3.6256238996739670e-01
   3.3326261798392542e-01
   3.0628363058844199e-01
   2.8153942181045344e-01
   2.5892838569484228e-01
   2.3834019833340014e-01
   2.1966105347065629e-01
   2.0277756089586108e-01
   1.8757958285856124e-01
   1.7396224348588232e-01
   1.6182730588128938e-01
   1.5108407458697024e-01
   1.4164994887685942e-01
   1.3345072528293253e-01
   1.2642072559710235e-01
   1.1743382663272808e-01
   1.0645488904151107e-01
   9.6457444530127945e-02
   8.7353232112767354e-02
   7.9060866997523502e-02
   7.1505463264488020e-02
   6.4618220523961295e-02
   5.8335994650159269e-02
   5.2600866710570147e-02
   4.7359719748973010e-02
   4.2563829775465072e-02
   3.8168474890856466e-02
   3.4132564709230179e-02
   3.0418290975026213e-02
   2.6990799372689889e-02
   2.3817881901299180e-02
   2.0869688760811737e-02
   1.8118458415863941e-02
   1.5538264326375532e-02
   1.3104776730944453e-02
   1.1383012054480897e-02
   1.0352832819173319e-02
   9.4168922902306239e-03
   8.5666742428709870e-03
   7.7944416209902783e-03
   7.0931664198635360e-03
   6.4564659433106785e-03
   5.8785448751828137e-03
   5.3541426529338226e-03
   4.8784856755374256e-03
   4.4472439191865941e-03
   4.0564915722113839e-03
   3.7026713356430735e-03
   3.3825620680238053e-03
   3.0932494826053222e-03
   2.8320996321924865e-03
   2.5967349417578963e-03
   2.3850125717674773e-03
   2.1950049160895870e-03
   2.0249820575787450e-03
   1.8733960220867867e-03
   1.7388666879064028e-03
   1.6201692226326442e-03
   1.5162229332658075e-03
   1.4260814281945422e-03
   1.3489240016034173e-03
   1.2840481619497378e-03
   1.2308632365487723e-03
   1.1888849940875669e-03
   1.1577312361428223e-03
   1.1371183175911657e-03
   1.1268585642499702e-03
   1.1268585642499702e-03
   1.1371183175911657e-03
   1.1577312361428220e-03
   1.1888849940875667e-03
   1.2308632365487721e-03
   1.2840481619497373e-03
   1.3489240016034169e-03
   1.4260814281945417e-03
   1.5162229332658071e-03
   1.6201692226326440e-03
   1.7388666879064021e-03
   1.8733960220867860e-03
   2.0249820575787445e-03
   2.1950049160895861e-03
   2.3850125717674764e-03
   2.5967349417578955e-03
   2.8320996321924857e-03
   3.0932494826053218e-03
   3.3825620680238053e-03
   3.7026713356430731e-03
   4.0564915722113831e-03
   4.4472439191865941e-03
   4.8784856755374273e-03
   5.3541426529338234e-03
   5.8785448751828137e-03
   6.4564659433106811e-03
   7.0931664198635377e-03
   7.7944416209902801e-03
   8.5666742428709888e-03
   9.4168922902306273e-03
   1.0352832819173319e-02
   1.1383012054480895e-02
