   2.5732469714399359e-01
   2.6410011133161942e-01
   2.7123732582349896e-01
   2.7872614090286130e-01
   2.8655413557512999e-01
   2.9470639287150224e-01
   3.0316521826255011e-01
   3.1190985629425599e-01
   3.2091621191042907e-01
   3.3015658439719475e-01
   3.3959942343421862e-01
   3.4920911829965784e-01
   3.5894583276395192e-01
   3.6876539950855380e-01
   3.7861928888167901e-01
   3.8845466729454126e-01
   3.9821456039410336e-01
   4.0783813514469075e-01
   4.1726111294669410e-01
   4.2641632278598474e-01
   4.3523439907118894e-01
   4.4364462329066034e-01
   4.5157590202824588e-01
   4.5895786646421333e-01
   4.6572207063539800e-01
   4.7180325794151573e-01
   4.7714065826475083e-01
   4.8167927226978624e-01
   4.8537109561073072e-01
   4.8817623444087854e-01
   4.9006386518690109e-01
   4.9101299616538491e-01
   4.9101299616538502e-01
   4.9006386518690115e-01
   4.8817623444087865e-01
   4.8537109561073083e-01
   4.8167927226978641e-01
   4.7714065826475099e-01
   4.7180325794151595e-01
   4.6572207063539828e-01
   4.5895786646421360e-01
   4.5157590202824616e-01
   4.4364462329066062e-01
   4.3523439907118922e-01
   4.2641632278598512e-01
   4.1726111294669449e-01
   4.0783813514469108e-01
   3.9821456039410369e-01
   3.8845466729454164e-01
   3.7861928888167934e-01
   3.6876539950855414e-01
   3.5894583276395231e-01
   3.4920911829965828e-01
   3.3959942343421906e-01
   3.3015658439719509e-01
   3.2091621191042941e-01
   3.1190985629425633e-01
   3.0316521826255044e-01
   2.9470639287150252e-01
   2.8655413557513021e-01
   2.7872614090286146e-01
   2.7123732582349908e-01
   2.6410011133161954e-01
   2.5732469714399364e-01
   2.4759755349219290e-01
   2.3494237598862214e-01
   2.2268950615229074e-01
   2.1084293632290405e-01
   1.9940270952220737e-01
   1.8836549493886379e-01
   1.7772510892923615e-01
   1.6747298146291967e-01
   1.5759856951393619e-01
   1.4808971999584597e-01
   1.3893298555297895e-01
   1.3011389693262887e-01
   1.2161719584548679e-01
   1.1342703223358126e-01
   1.0552712975547164e-01
   9.7900923106521057e-02
   9.0531670548313029e-02
   8.3402544748983412e-02
   7.6496704752762879e-02
   6.9797351614892492e-02
   6.4944869080608689e-02
   6.1920495231078961e-02
   5.9059625298296781e-02
   5.6355099056572537e-02
   5.3800096126253964e-02
   5.1388129367870718e-02
   4.9113037503814121e-02
   4.6968977180728323e-02
   4.4950414652536547e-02
   4.3052117235403801e-02
   4.1269144661366178e-02
   3.9596840436322070e-02
   3.8030823290121196e-02
   3.6566978791199002e-02
   3.5201451185228119e-02
   3.3930635506281281e-02
   3.2751169999747858e-02
   3.1659928888477587e-02
   3.0654015507134036e-02
   2.9730755824343095e-02
   2.8887692367763843e-02
   2.8122578563552249e-02
   2.7433373498716704e-02
   2.6818237112475121e-02
   2.6275525820829419e-02
   2.5803788577098315e-02
   2.5401763370027971e-02
   2.5068374160275061e-02
   2.4802728255478822e-02
   2.4604114123764620e-02
   2.4471999645312964e-02
   2.4406030801551314e-02
   2.4406030801551314e-02
   2.4471999645312964e-02
   2.4604114123764620e-02
   2.4802728255478822e-02
   2.5068374160275061e-02
   2.5401763370027974e-02
   2.5803788577098315e-02
   2.6275525820829419e-02
   2.6818237112475121e-02
   2.7433373498716704e-02
   2.8122578563552252e-02
   2.8887692367763847e-02
   2.9730755824343098e-02
   3.0654015507134039e-02
   3.1659928888477594e-02
   3.2751169999747864e-02
   3.3930635506281288e-02
   3.5201451185228119e-02
   3.6566978791199009e-02
   3.8030823290121196e-02
   3.9596840436322077e-02
   4.1269144661366185e-02
   4.3052117235403808e-02
   4.4950414652536554e-02
   4.6968977180728330e-02
   4.9113037503814128e-02
   5.1388129367870718e-02
   5.3800096126253978e-02
   5.6355099056572544e-02
   5.9059625298296788e-02
   6.1920495231078974e-02
   6.4944869080608689e-02
