   2.5903680243209498e-01
   2.6538995618164990e-01
   2.7202682372120229e-01
   2.7893579696173604e-01
   2.8610331914963782e-01
   2.9351369821289158e-01
   3.0114892253088266e-01
   3.0898848358444003e-01
   3.1700921076683025e-01
   3.2518512447449316e-01
   3.3348731441014584e-01
   3.4188385077131883e-01
   3.5033973660419959e-01
   3.5881691000541288e-01
   3.6727430497456803e-01
   3.7566797947522623e-01
   3.8395131856975856e-01
   3.9207531928132550e-01
   3.9998896204844891e-01
   4.0763967124670986e-01
   4.1497386426859606e-01
   4.2193758513494001e-01
   4.2847721467321048e-01
   4.3454024511064598e-01
   4.4007610272061604e-01
   4.4503699820098641e-01
   4.4937878105437723e-01
   4.5306177168701983e-01
   4.5605154352541860e-01
   4.5831962739159227e-01
   4.5984411181529400e-01
   4.6061011592205436e-01
   4.6061011592205436e-01
   4.5984411181529405e-01
   4.5831962739159232e-01
   4.5605154352541871e-01
   4.5306177168701994e-01
   4.4937878105437740e-01
   4.4503699820098663e-01
   4.4007610272061620e-01
   4.3454024511064621e-01
   4.2847721467321070e-01
   4.2193758513494017e-01
   4.1497386426859628e-01
   4.0763967124671013e-01
   3.9998896204844919e-01
   3.9207531928132577e-01
   3.8395131856975884e-01
   3.7566797947522651e-01
   3.6727430497456831e-01
   3.5881691000541321e-01
   3.5033973660419987e-01
   3.4188385077131911e-01
   3.3348731441014612e-01
   3.2518512447449344e-01
   3.1700921076683053e-01
   3.0898848358444031e-01
   3.0114892253088293e-01
   2.9351369821289180e-01
   2.8610331914963799e-01
   2.7893579696173620e-01
   2.7202682372120240e-01
   2.6538995618165001e-01
   2.5903680243209498e-01
   2.4983475194780044e-01
   2.3780739972552054e-01
   2.2610982796900023e-01
   2.1475035564570263e-01
   2.0373350620076752e-01
   1.9306048858330591e-01
   1.8272964260607563e-01
   1.7273684631682396e-01
   1.6307588463625025e-01
   1.5373877971517547e-01
   1.4471608433863364e-01
   1.3599714031248883e-01
   1.2757030416007120e-01
   1.1942314267792407e-01
   1.1154260099056783e-01
   1.0391514573749891e-01
   9.6526885948840485e-02
   8.9363674041214661e-02
   8.2411189209931776e-02
   7.5655005320945753e-02
   7.0754234541227118e-02
   6.7691926536942656e-02
   6.4787909337207419e-02
   6.2035872665174470e-02
   5.9429778124737653e-02
   5.6963857404868506e-02
   5.4632609435685833e-02
   5.2430796711016456e-02
   5.0353440962218721e-02
   4.8395818341815090e-02
   4.6553454252607852e-02
   4.4822117938055135e-02
   4.3197816932420363e-02
   4.1676791454264214e-02
   4.0255508813945767e-02
   3.8930657894686520e-02
   3.7699143757204526e-02
   3.6558082409747054e-02
   3.5504795778363130e-02
   3.4536806906306172e-02
   3.3651835406405789e-02
   3.2847793185975027e-02
   3.2122780460219921e-02
   3.1475082067098925e-02
   3.0903164094059174e-02
   3.0405670824982880e-02
   2.9981422013947934e-02
   2.9629410490985948e-02
   2.9348800103860300e-02
   2.9138923998941933e-02
   2.8999283243493448e-02
   2.8929545791047062e-02
   2.8929545791047062e-02
   2.8999283243493448e-02
   2.9138923998941930e-02
   2.9348800103860300e-02
   2.9629410490985948e-02
   2.9981422013947934e-02
   3.0405670824982883e-02
   3.0903164094059174e-02
   3.1475082067098925e-02
   3.2122780460219921e-02
   3.2847793185975027e-02
   3.3651835406405789e-02
   3.4536806906306172e-02
   3.5504795778363130e-02
   3.6558082409747054e-02
   3.7699143757204526e-02
   3.8930657894686520e-02
   4.0255508813945767e-02
   4.1676791454264207e-02
   4.3197816932420363e-02
   4.4822117938055128e-02
   4.6553454252607852e-02
   4.8395818341815097e-02
   5.0353440962218714e-02
   5.2430796711016456e-02
   5.4632609435685833e-02
   5.6963857404868500e-02
   5.9429778124737646e-02
   6.2035872665174470e-02
   6.4787909337207419e-02
   6.7691926536942656e-02
   7.0754234541227118e-02
