   2.4486768446892659e-01
   2.5241799889989219e-01
   2.6053452841017022e-01
   2.6921457025970036e-01
   2.7845303584008096e-01
   2.8824193017059013e-01
   2.9856978068517809e-01
   3.0942101781740983e-01
   3.2077531255289721e-01
   3.3260687947718443e-01
   3.4488375795019094e-01
   3.5756708889298655e-01
   3.7061041022190311e-01
   3.8395900006260231e-01
   3.9754930326033211e-01
   4.1130848296823203e-01
   4.2515414467919616e-01
   4.3899428424014963e-01
   4.5272751327635308e-01
   4.6624361408753490e-01
   4.7942447048119841e-01
   4.9214541033153825e-01
   5.0427697934178983e-01
   5.1568714347955502e-01
   5.2624389046013875e-01
   5.3581816989758968e-01
   5.4428707960918032e-01
   5.5153717508783395e-01
   5.5746775388278791e-01
   5.6199395014834552e-01
   5.6504947004439743e-01
   5.6658880804700895e-01
   5.6658880804700895e-01
   5.6504947004439732e-01
   5.6199395014834541e-01
   5.5746775388278780e-01
   5.5153717508783373e-01
   5.4428707960918010e-01
   5.3581816989758946e-01
   5.2624389046013853e-01
   5.1568714347955480e-01
   5.0427697934178950e-01
   4.9214541033153797e-01
   4.7942447048119807e-01
   4.6624361408753462e-01
   4.5272751327635274e-01
   4.3899428424014930e-01
   4.2515414467919582e-01
   4.1130848296823169e-01
   3.9754930326033178e-01
   3.8395900006260197e-01
   3.7061041022190283e-01
   3.5756708889298627e-01
   3.4488375795019061e-01
   3.3260687947718415e-01
   3.2077531255289687e-01
   3.0942101781740955e-01
   2.9856978068517781e-01
   2.8824193017058997e-01
   2.7845303584008080e-01
   2.6921457025970025e-01
   2.6053452841017016e-01
   2.5241799889989214e-01
   2.4486768446892659e-01
   2.3426288352636182e-01
   2.2062320379611841e-01
   2.0756335558820690e-01
   1.9507222972348126e-01
   1.8313522240768496e-01
   1.7173496148379994e-01
   1.6085192967818554e-01
   1.5046499386151171e-01
   1.4055184983350896e-01
   1.3108939212231735e-01
   1.2205401792591297e-01
   1.1342187373965067e-01
   1.0516905250440683e-01
   9.7271748342797421e-02
   8.9706375174906719e-02
   8.2449654752626556e-02
   7.5478678943917521e-02
   6.8770950447147816e-02
   6.2304405526933802e-02
   5.6057421838021107e-02
   5.1548566160481549e-02
   4.8755766295898992e-02
   4.6129981521713735e-02
   4.3662438643726369e-02
   4.1344859615070985e-02
   3.9169441449693823e-02
   3.7128836402215662e-02
   3.5216132565280014e-02
   3.3424835002289779e-02
   3.1748847506013200e-02
   3.0182455050990840e-02
   2.8720306989229505e-02
   2.7357401023668231e-02
   2.6089067981790500e-02
   2.4910957402062721e-02
   2.3819023938203843e-02
   2.2809514580298229e-02
   2.1878956687170749e-02
   2.1024146821011377e-02
   2.0242140372767677e-02
   1.9530241965149086e-02
   1.8885996619068833e-02
   1.8307181668869618e-02
   1.7791799411642047e-02
   1.7338070476268428e-02
   1.6944427898442777e-02
   1.6609511888774572e-02
   1.6332165282132983e-02
   1.6111429657592054e-02
   1.5946542119663672e-02
   1.5836932732927970e-02
   1.5782222603667947e-02
   1.5782222603667947e-02
   1.5836932732927970e-02
   1.5946542119663672e-02
   1.6111429657592050e-02
   1.6332165282132979e-02
   1.6609511888774568e-02
   1.6944427898442770e-02
   1.7338070476268418e-02
   1.7791799411642037e-02
   1.8307181668869604e-02
   1.8885996619068819e-02
   1.9530241965149079e-02
   2.0242140372767663e-02
   2.1024146821011364e-02
   2.1878956687170735e-02
   2.2809514580298222e-02
   2.3819023938203829e-02
   2.4910957402062714e-02
   2.6089067981790497e-02
   2.7357401023668224e-02
   2.8720306989229498e-02
   3.0182455050990837e-02
   3.1748847506013200e-02
   3.3424835002289779e-02
   3.5216132565280008e-02
   3.7128836402215662e-02
   3.9169441449693823e-02
   4.1344859615070985e-02
   4.3662438643726369e-02
   4.6129981521713742e-02
   4.8755766295898992e-02
   5.1548566160481556e-02
