   2.5408837554744929e-01
   2.5926863135561867e-01
   2.6458069483571250e-01
   2.7001307409173392e-01
   2.7555312374099034e-01
   2.8118699845360035e-01
   2.8689961514647916e-01
   2.9267462582342396e-01
   2.9849440316562348e-01
   3.0434004104972090e-01
   3.1019137219161741e-01
   3.1602700507118520e-01
   3.2182438217375847e-01
   3.2755986137735976e-01
   3.3320882201053470e-01
   3.3874579669768751e-01
   3.4414462959408437e-01
   3.4937866099342224e-01
   3.5442093757522219e-01
   3.5924444676228579e-01
   3.6382237280224006e-01
   3.6812837130118803e-01
   3.7213685805763264e-01
   3.7582330721246981e-01
   3.7916455299063351e-01
   3.8213908870752455e-01
   3.8472735629209515e-01
   3.8691201937640235e-01
   3.8867821304784972e-01
   3.9001376367273927e-01
   3.9090937278161314e-01
   3.9135875984612978e-01
   3.9135875984612978e-01
   3.9090937278161314e-01
   3.9001376367273927e-01
   3.8867821304784972e-01
   3.8691201937640235e-01
   3.8472735629209515e-01
   3.8213908870752455e-01
   3.7916455299063351e-01
   3.7582330721246981e-01
   3.7213685805763269e-01
   3.6812837130118808e-01
   3.6382237280224011e-01
   3.5924444676228579e-01
   3.5442093757522219e-01
   3.4937866099342230e-01
   3.4414462959408437e-01
   3.3874579669768756e-01
   3.3320882201053476e-01
   3.2755986137735982e-01
   3.2182438217375853e-01
   3.1602700507118520e-01
   3.1019137219161752e-01
   3.0434004104972090e-01
   2.9849440316562348e-01
   2.9267462582342396e-01
   2.8689961514647916e-01
   2.8118699845360035e-01
   2.7555312374099034e-01
   2.7001307409173392e-01
   2.6458069483571250e-01
   2.5926863135561867e-01
   2.5408837554744929e-01
   2.4643762514369250e-01
   2.3633614850095044e-01
   2.2641305144819121e-01
   2.1668163766840309e-01
   2.0715235481614480e-01
   1.9783304660303824e-01
   1.8872919991828971e-01
   1.7984418321975160e-01
   1.7117947340724643e-01
   1.6273486922850783e-01
   1.5450868997272674e-01
   1.4649795878576991e-01
   1.3869857040614039e-01
   1.3110544348471603e-01
   1.2371265792777648e-01
   1.1651357790506316e-01
   1.0950096130506856e-01
   1.0266705650976624e-01
   9.6003687410649671e-02
   8.9502327606006668e-02
   8.4770172573123248e-02
   8.1795221732462717e-02
   7.8957293344158533e-02
   7.6252327696393521e-02
   7.3676386783965805e-02
   7.1225660421783271e-02
   6.8896471117940311e-02
   6.6685277871852591e-02
   6.4588679045506942e-02
   6.2603414439990596e-02
   6.0726366695020711e-02
   5.8954562116113995e-02
   5.7285171022226258e-02
   5.5715507696059235e-02
   5.4243030009683377e-02
   5.2865338789569755e-02
   5.1580176977474017e-02
   5.0385428636787376e-02
   4.9279117847884503e-02
   4.8259407530583491e-02
   4.7324598227019267e-02
   4.6473126873956203e-02
   4.5703565589769735e-02
   4.5014620497956320e-02
   4.4405130606037117e-02
   4.3874066756057900e-02
   4.3420530660514066e-02
   4.3043754035406889e-02
   4.2743097840230997e-02
   4.2518051632968790e-02
   4.2368233046597620e-02
   4.2293387392168744e-02
   4.2293387392168744e-02
   4.2368233046597620e-02
   4.2518051632968790e-02
   4.2743097840230997e-02
   4.3043754035406889e-02
   4.3420530660514059e-02
   4.3874066756057900e-02
   4.4405130606037110e-02
   4.5014620497956320e-02
   4.5703565589769735e-02
   4.6473126873956203e-02
   4.7324598227019260e-02
   4.8259407530583491e-02
   4.9279117847884503e-02
   5.0385428636787376e-02
   5.1580176977474017e-02
   5.2865338789569755e-02
   5.4243030009683377e-02
   5.5715507696059235e-02
   5.7285171022226258e-02
   5.8954562116113989e-02
   6.0726366695020705e-02
   6.2603414439990596e-02
   6.4588679045506942e-02
   6.6685277871852591e-02
   6.8896471117940311e-02
   7.1225660421783271e-02
   7.3676386783965805e-02
   7.6252327696393521e-02
   7.8957293344158533e-02
   8.1795221732462717e-02
   8.4770172573123234e-02
