   3.0147097121468808e-01
   2.9574288431880602e-01
   2.9007610228400299e-01
   2.8448801316006533e-01
   2.7899470840377805e-01
   2.7361100493783547e-01
   2.6835047914199395e-01
   2.6322551065090505e-01
   2.5824733396783434e-01
   2.5342609606265820e-01
   2.4877091829662348e-01
   2.4428996119731475e-01
   2.3999049078849208e-01
   2.3587894535574563e-01
   2.3196100169633024e-01
   2.2824164005729525e-01
   2.2472520710828706e-01
   2.2141547642315307e-01
   2.1831570605734657e-01
   2.1542869290627334e-01
   2.1275682361364684e-01
   2.1030212186943723e-01
   2.0806629199508861e-01
   2.0605075876042200e-01
   2.0425670341318314e-01
   2.0268509592966985e-01
   2.0133672351439855e-01
   2.0021221538940967e-01
   1.9931206392056372e-01
   1.9863664212998125e-01
   1.9818621764148769e-01
   1.9796096310033653e-01
   1.9796096310033653e-01
   1.9818621764148769e-01
   1.9863664212998125e-01
   1.9931206392056372e-01
   2.0021221538940964e-01
   2.0133672351439852e-01
   2.0268509592966982e-01
   2.0425670341318311e-01
   2.0605075876042198e-01
   2.0806629199508861e-01
   2.1030212186943720e-01
   2.1275682361364678e-01
   2.1542869290627331e-01
   2.1831570605734651e-01
   2.2141547642315301e-01
   2.2472520710828706e-01
   2.2824164005729519e-01
   2.3196100169633022e-01
   2.3587894535574561e-01
   2.3999049078849202e-01
   2.4428996119731472e-01
   2.4877091829662343e-01
   2.5342609606265815e-01
   2.5824733396783428e-01
   2.6322551065090499e-01
   2.6835047914199389e-01
   2.7361100493783541e-01
   2.7899470840377799e-01
   2.8448801316006528e-01
   2.9007610228400293e-01
   2.9574288431880597e-01
   3.0147097121468808e-01
   3.1023430677152730e-01
   3.2200251464198171e-01
   3.3373550676261204e-01
   3.4538064627856746e-01
   3.5688023953859221e-01
   3.6817179926028548e-01
   3.7918845912118343e-01
   3.8985955309139358e-01
   4.0011136798047509e-01
   4.0986807122871344e-01
   4.1905280802810224e-01
   4.2758895267657460e-01
   4.3540148910103993e-01
   4.4241848536333611e-01
   4.4857261747351901e-01
   4.5380268985586525e-01
   4.5805509423112706e-01
   4.6128514628254497e-01
   4.6345824084173765e-01
   4.6455077173238268e-01
   4.6455077173238274e-01
   4.6345824084173781e-01
   4.6128514628254513e-01
   4.5805509423112728e-01
   4.5380268985586553e-01
   4.4857261747351940e-01
   4.4241848536333661e-01
   4.3540148910104048e-01
   4.2758895267657521e-01
   4.1905280802810291e-01
   4.0986807122871416e-01
   4.0011136798047581e-01
   3.8985955309139436e-01
   3.7918845912118421e-01
   3.6817179926028637e-01
   3.5688023953859305e-01
   3.4538064627856835e-01
   3.3373550676261293e-01
   3.2200251464198260e-01
   3.1023430677152819e-01
   3.0147097121468897e-01
   2.9574288431880691e-01
   2.9007610228400393e-01
   2.8448801316006633e-01
   2.7899470840377905e-01
   2.7361100493783652e-01
   2.6835047914199506e-01
   2.6322551065090616e-01
   2.5824733396783556e-01
   2.5342609606265937e-01
   2.4877091829662470e-01
   2.4428996119731597e-01
   2.3999049078849333e-01
   2.3587894535574694e-01
   2.3196100169633158e-01
   2.2824164005729655e-01
   2.2472520710828842e-01
   2.2141547642315440e-01
   2.1831570605734790e-01
   2.1542869290627473e-01
   2.1275682361364820e-01
   2.1030212186943859e-01
   2.0806629199509000e-01
   2.0605075876042342e-01
   2.0425670341318455e-01
   2.0268509592967124e-01
   2.0133672351439996e-01
   2.0021221538941109e-01
   1.9931206392056514e-01
   1.9863664212998264e-01
   1.9818621764148914e-01
   1.9796096310033798e-01
   1.9796096310033798e-01
   1.9818621764148914e-01
   1.9863664212998264e-01
   1.9931206392056514e-01
   2.0021221538941109e-01
   2.0133672351439996e-01
   2.0268509592967124e-01
   2.0425670341318455e-01
   2.0605075876042342e-01
   2.0806629199509002e-01
   2.1030212186943861e-01
   2.1275682361364820e-01
   2.1542869290627473e-01
   2.1831570605734790e-01
   2.2141547642315443e-01
   2.2472520710828844e-01
   2.2824164005729658e-01
   2.3196100169633158e-01
   2.3587894535574694e-01
   2.3999049078849333e-01
   2.4428996119731600e-01
   2.4877091829662470e-01
   2.5342609606265942e-01
   2.5824733396783556e-01
   2.6322551065090616e-01
   2.6835047914199506e-01
   2.7361100493783652e-01
   2.7899470840377910e-01
   2.8448801316006633e-01
   2.9007610228400393e-01
   2.9574288431880696e-01
   3.0147097121468897e-01
