   4.9434696957443169e-01
   4.5956686868285485e-01
   4.2893538652520746e-01
   4.0240948479185251e-01
   3.7991274931168595e-01
   3.6135365619320592e-01
   3.4663927244777087e-01
   3.3568526437866791e-01
   3.2842298136705406e-01
   3.2480423518519302e-01
   3.2480423518519302e-01
   3.2842298136705406e-01
   3.3568526437866791e-01
   3.4663927244777087e-01
   3.6135365619320592e-01
   3.7991274931168595e-01
   4.0240948479185251e-01
   4.2893538652520752e-01
   4.5956686868285490e-01
   4.9434696957443169e-01
   5.2694989762205391e-01
   5.5740699138283645e-01
   5.9189264536213704e-01
   6.3017423833724162e-01
   6.7189172592382618e-01
   7.1652291713888228e-01
   7.6334935968808215e-01
   8.1142797991454951e-01
   8.5957573729481762e-01
   9.0637622525241490e-01
   9.5021742513449414e-01
   9.8936754539238025e-01
   1.0220901656927304e+00
   1.0467908713329694e+00
   1.0621770168123676e+00
   1.0674037422842106e+00
   1.0621770168123683e+00
   1.0467908713329706e+00
   1.0220901656927324e+00
   9.8936754539238270e-01
   9.5021742513449703e-01
   9.0637622525241790e-01
   8.5957573729482095e-01
   8.1142797991455295e-01
   7.6334935968808548e-01
   7.1652291713888538e-01
   6.7189172592382906e-01
   6.3017423833724429e-01
   5.9189264536213948e-01
   5.5740699138283867e-01
   5.2694989762205591e-01
   5.2694989762205402e-01
   5.5740699138283645e-01
   5.9189264536213693e-01
   6.3017423833724151e-01
   6.7189172592382584e-01
   7.1652291713888205e-01
   7.6334935968808193e-01
   8.1142797991454929e-01
   8.5957573729481740e-01
   9.0637622525241468e-01
   9.5021742513449381e-01
   9.8936754539238014e-01
   1.0220901656927301e+00
   1.0467908713329692e+00
   1.0621770168123674e+00
   1.0674037422842106e+00
   1.0621770168123683e+00
   1.0467908713329708e+00
   1.0220901656927324e+00
   9.8936754539238281e-01
   9.5021742513449714e-01
   9.0637622525241823e-01
   8.5957573729482106e-01
   8.1142797991455307e-01
   7.6334935968808559e-01
   7.1652291713888561e-01
   6.7189172592382918e-01
   6.3017423833724451e-01
   5.9189264536213959e-01
   5.5740699138283878e-01
   5.2694989762205602e-01
   5.2694989762205391e-01
   5.5740699138283634e-01
   5.9189264536213693e-01
   6.3017423833724151e-01
   6.7189172592382596e-01
   7.1652291713888216e-01
   7.6334935968808215e-01
   8.1142797991454940e-01
   8.5957573729481751e-01
   9.0637622525241479e-01
   9.5021742513449392e-01
   9.8936754539238014e-01
   1.0220901656927301e+00
   1.0467908713329692e+00
   1.0621770168123674e+00
   1.0674037422842106e+00
   1.0621770168123683e+00
   1.0467908713329706e+00
   1.0220901656927324e+00
   9.8936754539238270e-01
   9.5021742513449703e-01
   9.0637622525241801e-01
   8.5957573729482106e-01
   8.1142797991455307e-01
   7.6334935968808559e-01
   7.1652291713888561e-01
   6.7189172592382918e-01
   6.3017423833724451e-01
   5.9189264536213959e-01
   5.5740699138283889e-01
   5.2694989762205602e-01
   4.9434696957443375e-01
   4.5956686868285684e-01
   4.2893538652520935e-01
   4.0240948479185429e-01
   3.7991274931168773e-01
   3.6135365619320764e-01
   3.4663927244777248e-01
   3.3568526437866958e-01
   3.2842298136705561e-01
   3.2480423518519458e-01
   3.2480423518519458e-01
   3.2842298136705567e-01
   3.3568526437866952e-01
   3.4663927244777248e-01
   3.6135365619320758e-01
   3.7991274931168767e-01
   4.0240948479185423e-01
   4.2893538652520929e-01
   4.5956686868285673e-01
   4.9434696957443364e-01
