   1.4327709615945161e-01
   1.4931456065944068e-01
   1.5661352335534620e-01
   1.6522890898817150e-01
   1.7522430313290188e-01
   1.8667169405708767e-01
   1.9965103331953152e-01
   2.1424954011131558e-01
   2.3056065334754716e-01
   2.4868251030928840e-01
   2.6871580118973254e-01
   2.9076081585598068e-01
   3.1491346427354255e-01
   3.4126001895694330e-01
   3.6987030287448802e-01
   4.0078903976155078e-01
   4.3402511134329452e-01
   4.6953854942962292e-01
   5.0722525865479884e-01
   5.4689975087993270e-01
   5.8827660695605866e-01
   6.3095198476480385e-01
   6.7438725077223105e-01
   7.1789765263793981e-01
   7.6064971086890443e-01
   8.0167142053202955e-01
   8.3987906509532673e-01
   8.7412309379309372e-01
   9.0325289456991198e-01
   9.2619655809831269e-01
   9.4204754516258471e-01
   9.5014670623814035e-01
   9.5014670623813913e-01
   9.4204754516258093e-01
   9.2619655809830659e-01
   9.0325289456990399e-01
   8.7412309379308384e-01
   8.3987906509531562e-01
   8.0167142053201734e-01
   7.6064971086889144e-01
   7.1789765263792660e-01
   6.7438725077221762e-01
   6.3095198476479053e-01
   5.8827660695604567e-01
   5.4689975087992027e-01
   5.0722525865478707e-01
   4.6953854942961182e-01
   4.3402511134328409e-01
   4.0078903976154118e-01
   3.6987030287447914e-01
   3.4126001895693525e-01
   3.1491346427353517e-01
   2.9076081585597408e-01
   2.6871580118972660e-01
   2.4868251030928315e-01
   2.3056065334754255e-01
   2.1424954011131161e-01
   1.9965103331952810e-01
   1.8667169405708486e-01
   1.7522430313289958e-01
   1.6522890898816972e-01
   1.5661352335534501e-01
   1.4931456065943996e-01
   1.4327709615945139e-01
   1.3595430229482308e-01
   1.2733290256823551e-01
   1.1984314659449739e-01
   1.1342290806444946e-01
   1.0801828807311599e-01
   1.0358347776983015e-01
   1.0008060462815084e-01
   9.7479581381960639e-02
   9.5757971412789078e-02
   9.4900880329171572e-02
   9.4900880329171572e-02
   9.5757971412789092e-02
   9.7479581381960681e-02
   1.0008060462815090e-01
   1.0358347776983022e-01
   1.0801828807311609e-01
   1.1342290806444956e-01
   1.1984314659449750e-01
   1.2733290256823565e-01
   1.3595430229482325e-01
   1.4327709615945161e-01
   1.4931456065944029e-01
   1.5661352335534548e-01
   1.6522890898817036e-01
   1.7522430313290036e-01
   1.8667169405708575e-01
   1.9965103331952919e-01
   2.1424954011131286e-01
   2.3056065334754400e-01
   2.4868251030928476e-01
   2.6871580118972843e-01
   2.9076081585597607e-01
   3.1491346427353739e-01
   3.4126001895693764e-01
   3.6987030287448192e-01
   4.0078903976154412e-01
   4.3402511134328731e-01
   4.6953854942961520e-01
   5.0722525865479073e-01
   5.4689975087992415e-01
   5.8827660695604977e-01
   6.3095198476479475e-01
   6.7438725077222195e-01
   7.1789765263793082e-01
   7.6064971086889566e-01
   8.0167142053202145e-01
   8.3987906509531929e-01
   8.7412309379308717e-01
   9.0325289456990676e-01
   9.2619655809830870e-01
   9.4204754516258238e-01
   9.5014670623813968e-01
   9.5014670623814013e-01
   9.4204754516258360e-01
   9.2619655809831070e-01
   9.0325289456990965e-01
   8.7412309379309061e-01
   8.3987906509532329e-01
   8.0167142053202578e-01
   7.6064971086890021e-01
   7.1789765263793548e-01
   6.7438725077222672e-01
   6.3095198476479952e-01
   5.8827660695605433e-01
   5.4689975087992848e-01
   5.0722525865479495e-01
   4.6953854942961920e-01
   4.3402511134329103e-01
   4.0078903976154762e-01
   3.6987030287448514e-01
   3.4126001895694064e-01
   3.1491346427354011e-01
   2.9076081585597857e-01
   2.6871580118973060e-01
   2.4868251030928673e-01
   2.3056065334754572e-01
   2.1424954011131436e-01
   1.9965103331953049e-01
   1.8667169405708683e-01
   1.7522430313290124e-01
   1.6522890898817102e-01
   1.5661352335534595e-01
   1.4931456065944057e-01
   1.4327709615945169e-01
