   2.0641276330780894e-01
   2.1252547404663191e-01
   2.1979178234039867e-01
   2.2823782065395565e-01
   2.3789227442847399e-01
   2.4878562268154431e-01
   2.6094917091965453e-01
   2.7441383316323503e-01
   2.8920861420069494e-01
   3.0535873854408191e-01
   3.2288336997502298e-01
   3.4179286650462321e-01
   3.6208552201530642e-01
   3.8374376039049146e-01
   4.0672977373894426e-01
   4.3098063699283162e-01
   4.5640299037479093e-01
   4.8286746201549779e-01
   5.1020310658147605e-01
   5.3819225990236597e-01
   5.6656634647226345e-01
   5.9500331078120883e-01
   6.2312744973041490e-01
   6.5051246749213743e-01
   6.7668851531121643e-01
   7.0115377717312211e-01
   7.2339079149679586e-01
   7.4288716130401145e-01
   7.5915964618268983e-01
   7.7177994432256425e-01
   7.8039989916181451e-01
   7.8477355421412720e-01
   7.8477355421412753e-01
   7.8039989916181551e-01
   7.7177994432256580e-01
   7.5915964618269205e-01
   7.4288716130401422e-01
   7.2339079149679897e-01
   7.0115377717312566e-01
   6.7668851531122021e-01
   6.5051246749214142e-01
   6.2312744973041889e-01
   5.9500331078121305e-01
   5.6656634647226767e-01
   5.3819225990237007e-01
   5.1020310658148016e-01
   4.8286746201550174e-01
   4.5640299037479470e-01
   4.3098063699283529e-01
   4.0672977373894775e-01
   3.8374376039049474e-01
   3.6208552201530952e-01
   3.4179286650462615e-01
   3.2288336997502559e-01
   3.0535873854408441e-01
   2.8920861420069710e-01
   2.7441383316323692e-01
   2.6094917091965619e-01
   2.4878562268154567e-01
   2.3789227442847510e-01
   2.2823782065395651e-01
   2.1979178234039928e-01
   2.1252547404663227e-01
   2.0641276330780908e-01
   1.9884698213639326e-01
   1.8983975860888586e-01
   1.8193632250786379e-01
   1.7510141249748909e-01
   1.6930343269509110e-01
   1.6451480961744039e-01
   1.6071225398823355e-01
   1.5787694911991207e-01
   1.5599468285562196e-01
   1.5505593592529318e-01
   1.5505593592529321e-01
   1.5599468285562201e-01
   1.5787694911991212e-01
   1.6071225398823366e-01
   1.6451480961744055e-01
   1.6930343269509127e-01
   1.7510141249748928e-01
   1.8193632250786407e-01
   1.8983975860888613e-01
   1.9884698213639354e-01
   2.0641276330780917e-01
   2.1252547404663200e-01
   2.1979178234039859e-01
   2.2823782065395548e-01
   2.3789227442847369e-01
   2.4878562268154389e-01
   2.6094917091965403e-01
   2.7441383316323431e-01
   2.8920861420069416e-01
   3.0535873854408102e-01
   3.2288336997502193e-01
   3.4179286650462198e-01
   3.6208552201530503e-01
   3.8374376039048991e-01
   4.0672977373894253e-01
   4.3098063699282979e-01
   4.5640299037478893e-01
   4.8286746201549569e-01
   5.1020310658147383e-01
   5.3819225990236363e-01
   5.6656634647226112e-01
   5.9500331078120638e-01
   6.2312744973041245e-01
   6.5051246749213509e-01
   6.7668851531121410e-01
   7.0115377717312011e-01
   7.2339079149679419e-01
   7.4288716130401000e-01
   7.5915964618268872e-01
   7.7177994432256347e-01
   7.8039989916181396e-01
   7.8477355421412720e-01
   7.8477355421412776e-01
   7.8039989916181618e-01
   7.7177994432256680e-01
   7.5915964618269338e-01
   7.4288716130401578e-01
   7.2339079149680086e-01
   7.0115377717312766e-01
   6.7668851531122232e-01
   6.5051246749214364e-01
   6.2312744973042133e-01
   5.9500331078121549e-01
   5.6656634647227011e-01
   5.3819225990237252e-01
   5.1020310658148249e-01
   4.8286746201550401e-01
   4.5640299037479692e-01
   4.3098063699283734e-01
   4.0672977373894975e-01
   3.8374376039049651e-01
   3.6208552201531125e-01
   3.4179286650462770e-01
   3.2288336997502709e-01
   3.0535873854408574e-01
   2.8920861420069832e-01
   2.7441383316323803e-01
   2.6094917091965719e-01
   2.4878562268154655e-01
   2.3789227442847585e-01
   2.2823782065395712e-01
   2.1979178234039981e-01
   2.1252547404663272e-01
   2.0641276330780939e-01
