   3.3047483795231331e-01
   3.3438991951518215e-01
   3.3890008003012190e-01
   3.4399350786417937e-01
   3.4965590465509633e-01
   3.5587016259171017e-01
   3.6261601337261801e-01
   3.6986965473235245e-01
   3.7760336226294333e-01
   3.8578509640111441e-01
   3.9437811686846513e-01
   4.0334061948223304e-01
   4.1262541299527811e-01
   4.2217965632510740e-01
   4.3194467898855182e-01
   4.4185590951116377e-01
   4.5184293771757023e-01
   4.6182973678193273e-01
   4.7173506936283049e-01
   4.8147309872163996e-01
   4.9095422015302886e-01
   5.0008612018968712e-01
   5.0877506091382418e-01
   5.1692737458705385e-01
   5.2445114024754513e-01
   5.3125799975648036e-01
   5.3726505710133476e-01
   5.4239679285967657e-01
   5.4658691693045436e-01
   5.4978007818298746e-01
   5.5193335050775949e-01
   5.5301742137846888e-01
   5.5301742137846888e-01
   5.5193335050775949e-01
   5.4978007818298746e-01
   5.4658691693045436e-01
   5.4239679285967657e-01
   5.3726505710133476e-01
   5.3125799975648036e-01
   5.2445114024754524e-01
   5.1692737458705396e-01
   5.0877506091382418e-01
   5.0008612018968712e-01
   4.9095422015302886e-01
   4.8147309872163996e-01
   4.7173506936283061e-01
   4.6182973678193273e-01
   4.5184293771757023e-01
   4.4185590951116388e-01
   4.3194467898855182e-01
   4.2217965632510746e-01
   4.1262541299527816e-01
   4.0334061948223304e-01
   3.9437811686846519e-01
   3.8578509640111441e-01
   3.7760336226294339e-01
   3.6986965473235245e-01
   3.6261601337261801e-01
   3.5587016259171023e-01
   3.4965590465509633e-01
   3.4399350786417943e-01
   3.3890008003012190e-01
   3.3438991951518215e-01
   3.3047483795231331e-01
   3.2544771092844804e-01
   3.1934315090672161e-01
   3.1389104524749067e-01
   3.0910192860301666e-01
   3.0498413022274723e-01
   3.0154413109080996e-01
   2.9878686930014786e-01
   2.9671599348845706e-01
   2.9533406462851608e-01
   2.9464270668569248e-01
   2.9464270668569242e-01
   2.9533406462851591e-01
   2.9671599348845684e-01
   2.9878686930014753e-01
   3.0154413109080952e-01
   3.0498413022274667e-01
   3.0910192860301605e-01
   3.1389104524748995e-01
   3.1934315090672083e-01
   3.2544771092844715e-01
   3.3047483795231253e-01
   3.3438991951518138e-01
   3.3890008003012118e-01
   3.4399350786417870e-01
   3.4965590465509572e-01
   3.5587016259170956e-01
   3.6261601337261745e-01
   3.6986965473235195e-01
   3.7760336226294289e-01
   3.8578509640111402e-01
   3.9437811686846486e-01
   4.0334061948223277e-01
   4.1262541299527788e-01
   4.2217965632510718e-01
   4.3194467898855166e-01
   4.4185590951116377e-01
   4.5184293771757023e-01
   4.6182973678193279e-01
   4.7173506936283072e-01
   4.8147309872164018e-01
   4.9095422015302914e-01
   5.0008612018968734e-01
   5.0877506091382463e-01
   5.1692737458705429e-01
   5.2445114024754558e-01
   5.3125799975648080e-01
   5.3726505710133521e-01
   5.4239679285967712e-01
   5.4658691693045491e-01
   5.4978007818298791e-01
   5.5193335050776005e-01
   5.5301742137846943e-01
   5.5301742137846943e-01
   5.5193335050776005e-01
   5.4978007818298791e-01
   5.4658691693045480e-01
   5.4239679285967701e-01
   5.3726505710133510e-01
   5.3125799975648069e-01
   5.2445114024754547e-01
   5.1692737458705418e-01
   5.0877506091382441e-01
   5.0008612018968723e-01
   4.9095422015302892e-01
   4.8147309872163990e-01
   4.7173506936283049e-01
   4.6182973678193262e-01
   4.5184293771757006e-01
   4.4185590951116360e-01
   4.3194467898855149e-01
   4.2217965632510701e-01
   4.1262541299527772e-01
   4.0334061948223254e-01
   3.9437811686846463e-01
   3.8578509640111386e-01
   3.7760336226294272e-01
   3.6986965473235178e-01
   3.6261601337261734e-01
   3.5587016259170945e-01
   3.4965590465509555e-01
   3.4399350786417859e-01
   3.3890008003012106e-01
   3.3438991951518132e-01
   3.3047483795231247e-01
