   2.4006586240579253e-01
   2.4588566982510821e-01
   2.5274691474372929e-01
   2.6066198904660481e-01
   2.6964347607496514e-01
   2.7970336385257111e-01
   2.9085208883410990e-01
   3.0309738750502796e-01
   3.1644293290474307e-01
   3.3088673461326129e-01
   3.4641928466846833e-01
   3.6302143917159291e-01
   3.8066203704706536e-01
   3.9929527469842929e-01
   4.1885787926481127e-01
   4.3926615472121910e-01
   4.6041301452668332e-01
   4.8216516128462034e-01
   5.0436062582257657e-01
   5.2680693104403042e-01
   5.4928019312662058e-01
   5.7152550466702090e-01
   5.9325894934715273e-01
   6.1417156260200290e-01
   6.3393546572993986e-01
   6.5221225453936804e-01
   6.6866351913397470e-01
   6.8296312218346711e-01
   6.9481059654365940e-01
   7.0394477969748404e-01
   7.1015662956562187e-01
   7.1330010838093827e-01
   7.1330010838093827e-01
   7.1015662956562209e-01
   7.0394477969748437e-01
   6.9481059654365995e-01
   6.8296312218346777e-01
   6.6866351913397548e-01
   6.5221225453936882e-01
   6.3393546572994075e-01
   6.1417156260200378e-01
   5.9325894934715362e-01
   5.7152550466702190e-01
   5.4928019312662157e-01
   5.2680693104403142e-01
   5.0436062582257757e-01
   4.8216516128462134e-01
   4.6041301452668421e-01
   4.3926615472121999e-01
   4.1885787926481205e-01
   3.9929527469843001e-01
   3.8066203704706603e-01
   3.6302143917159352e-01
   3.4641928466846889e-01
   3.3088673461326185e-01
   3.1644293290474351e-01
   3.0309738750502835e-01
   2.9085208883411023e-01
   2.7970336385257139e-01
   2.6964347607496542e-01
   2.6066198904660498e-01
   2.5274691474372946e-01
   2.4588566982510832e-01
   2.4006586240579256e-01
   2.3279191204553060e-01
   2.2408610669656864e-01
   2.1641094278288558e-01
   2.0974575306669277e-01
   2.0407134689089251e-01
   1.9937050372863119e-01
   1.9562835946159848e-01
   1.9283270283705084e-01
   1.9097419627108497e-01
   1.9004653205152425e-01
   1.9004653205152425e-01
   1.9097419627108500e-01
   1.9283270283705084e-01
   1.9562835946159848e-01
   1.9937050372863122e-01
   2.0407134689089254e-01
   2.0974575306669280e-01
   2.1641094278288558e-01
   2.2408610669656864e-01
   2.3279191204553062e-01
   2.4006586240579253e-01
   2.4588566982510829e-01
   2.5274691474372935e-01
   2.6066198904660487e-01
   2.6964347607496525e-01
   2.7970336385257122e-01
   2.9085208883411007e-01
   3.0309738750502813e-01
   3.1644293290474335e-01
   3.3088673461326157e-01
   3.4641928466846861e-01
   3.6302143917159324e-01
   3.8066203704706575e-01
   3.9929527469842968e-01
   4.1885787926481166e-01
   4.3926615472121955e-01
   4.6041301452668376e-01
   4.8216516128462084e-01
   5.0436062582257712e-01
   5.2680693104403087e-01
   5.4928019312662113e-01
   5.7152550466702146e-01
   5.9325894934715317e-01
   6.1417156260200334e-01
   6.3393546572994020e-01
   6.5221225453936837e-01
   6.6866351913397515e-01
   6.8296312218346744e-01
   6.9481059654365973e-01
   7.0394477969748415e-01
   7.1015662956562198e-01
   7.1330010838093816e-01
   7.1330010838093827e-01
   7.1015662956562198e-01
   7.0394477969748426e-01
   6.9481059654365973e-01
   6.8296312218346744e-01
   6.6866351913397504e-01
   6.5221225453936837e-01
   6.3393546572994020e-01
   6.1417156260200334e-01
   5.9325894934715317e-01
   5.7152550466702146e-01
   5.4928019312662113e-01
   5.2680693104403098e-01
   5.0436062582257712e-01
   4.8216516128462084e-01
   4.6041301452668382e-01
   4.3926615472121960e-01
   4.1885787926481166e-01
   3.9929527469842968e-01
   3.8066203704706575e-01
   3.6302143917159324e-01
   3.4641928466846866e-01
   3.3088673461326157e-01
   3.1644293290474335e-01
   3.0309738750502813e-01
   2.9085208883411007e-01
   2.7970336385257127e-01
   2.6964347607496525e-01
   2.6066198904660487e-01
   2.5274691474372940e-01
   2.4588566982510826e-01
   2.4006586240579253e-01
