   1.7625786120489942e-01
   1.8244200848226494e-01
   1.8984994460495183e-01
   1.9852126768306044e-01
   2.0850079491289877e-01
   2.1983796335541511e-01
   2.3258601533739637e-01
   2.4680090726944209e-01
   2.6253986808499485e-01
   2.7985952011638515e-01
   2.9881346192086788e-01
   3.1944920089787071e-01
   3.4180431597655370e-01
   3.6590173092777828e-01
   3.9174399226630413e-01
   4.1930647937159665e-01
   4.4852953729925288e-01
   4.7930962502754976e-01
   5.1148972378208890e-01
   5.4484945906435744e-01
   5.7909565637839844e-01
   6.1385436128998250e-01
   6.4866567537925468e-01
   6.8298302931417798e-01
   7.1617864141583798e-01
   7.4755678152262151e-01
   7.7637596384636010e-01
   8.0188025925088924e-01
   8.2333857202708971e-01
   8.4008913419511178e-01
   8.5158494792798856e-01
   8.5743486933414093e-01
   8.5743486933414192e-01
   8.5158494792799144e-01
   8.4008913419511655e-01
   8.2333857202709626e-01
   8.0188025925089701e-01
   7.7637596384636931e-01
   7.4755678152263172e-01
   7.1617864141584886e-01
   6.8298302931418930e-01
   6.4866567537926623e-01
   6.1385436128999404e-01
   5.7909565637840987e-01
   5.4484945906436855e-01
   5.1148972378209956e-01
   4.7930962502756003e-01
   4.4852953729926248e-01
   4.1930647937160576e-01
   3.9174399226631257e-01
   3.6590173092778605e-01
   3.4180431597656086e-01
   3.1944920089787726e-01
   2.9881346192087377e-01
   2.7985952011639043e-01
   2.6253986808499952e-01
   2.4680090726944615e-01
   2.3258601533739984e-01
   2.1983796335541805e-01
   2.0850079491290113e-01
   1.9852126768306230e-01
   1.8984994460495316e-01
   1.8244200848226574e-01
   1.7625786120489970e-01
   1.6867355328562200e-01
   1.5968944355707512e-01
   1.5184156390868986e-01
   1.4508149934705369e-01
   1.3936664399178933e-01
   1.3466035739972834e-01
   1.3093205440168842e-01
   1.2815725084611918e-01
   1.2631758220794775e-01
   1.2540080754476537e-01
   1.2540080754476537e-01
   1.2631758220794778e-01
   1.2815725084611920e-01
   1.3093205440168845e-01
   1.3466035739972840e-01
   1.3936664399178941e-01
   1.4508149934705378e-01
   1.5184156390868994e-01
   1.5968944355707521e-01
   1.6867355328562209e-01
   1.7625786120489972e-01
   1.8244200848226566e-01
   1.8984994460495297e-01
   1.9852126768306202e-01
   2.0850079491290074e-01
   2.1983796335541755e-01
   2.3258601533739925e-01
   2.4680090726944542e-01
   2.6253986808499868e-01
   2.7985952011638948e-01
   2.9881346192087266e-01
   3.1944920089787610e-01
   3.4180431597655964e-01
   3.6590173092778477e-01
   3.9174399226631118e-01
   4.1930647937160426e-01
   4.4852953729926098e-01
   4.7930962502755836e-01
   5.1148972378209789e-01
   5.4484945906436677e-01
   5.7909565637840810e-01
   6.1385436128999227e-01
   6.4866567537926434e-01
   6.8298302931418753e-01
   7.1617864141584697e-01
   7.4755678152262994e-01
   7.7637596384636776e-01
   8.0188025925089557e-01
   8.2333857202709482e-01
   8.4008913419511533e-01
   8.5158494792799067e-01
   8.5743486933414148e-01
   8.5743486933414081e-01
   8.5158494792798856e-01
   8.4008913419511222e-01
   8.2333857202709049e-01
   8.0188025925089013e-01
   7.7637596384636143e-01
   7.4755678152262306e-01
   7.1617864141583965e-01
   6.8298302931417987e-01
   6.4866567537925646e-01
   6.1385436128998438e-01
   5.7909565637840033e-01
   5.4484945906435933e-01
   5.1148972378209068e-01
   4.7930962502755153e-01
   4.4852953729925449e-01
   4.1930647937159821e-01
   3.9174399226630557e-01
   3.6590173092777961e-01
   3.4180431597655492e-01
   3.1944920089787182e-01
   2.9881346192086888e-01
   2.7985952011638610e-01
   2.6253986808499569e-01
   2.4680090726944279e-01
   2.3258601533739703e-01
   2.1983796335541567e-01
   2.0850079491289922e-01
   1.9852126768306080e-01
   1.8984994460495211e-01
   1.8244200848226513e-01
   1.7625786120489956e-01
