   2.7214805526428765e-01
   2.7748415447332914e-01
   2.8372570639193673e-01
   2.9087391986534533e-01
   2.9892860722963055e-01
   3.0788749505515672e-01
   3.1774541712100107e-01
   3.2849338281500157e-01
   3.4011751642402188e-01
   3.5259786649734598e-01
   3.6590708998291138e-01
   3.8000902351073407e-01
   3.9485716435783230e-01
   4.1039309650665606e-01
   4.2654491285308571e-01
   4.4322570277994455e-01
   4.6033219430084255e-01
   4.7774366052855793e-01
   4.9532121935449636e-01
   5.1290767018558447e-01
   5.3032801888391401e-01
   5.4739083769281749e-01
   5.6389058685415849e-01
   5.7961098542532574e-01
   5.9432945868565079e-01
   6.0782260931059195e-01
   6.1987256356812970e-01
   6.3027394056609687e-01
   6.3884109421128343e-01
   6.4541519866178076e-01
   6.4987070348149378e-01
   6.5212068647103316e-01
   6.5212068647103305e-01
   6.4987070348149334e-01
   6.4541519866177999e-01
   6.3884109421128243e-01
   6.3027394056609565e-01
   6.1987256356812814e-01
   6.0782260931059029e-01
   5.9432945868564901e-01
   5.7961098542532397e-01
   5.6389058685415661e-01
   5.4739083769281560e-01
   5.3032801888391201e-01
   5.1290767018558259e-01
   4.9532121935449447e-01
   4.7774366052855616e-01
   4.6033219430084082e-01
   4.4322570277994289e-01
   4.2654491285308410e-01
   4.1039309650665456e-01
   3.9485716435783097e-01
   3.8000902351073285e-01
   3.6590708998291022e-01
   3.5259786649734493e-01
   3.4011751642402099e-01
   3.2849338281500085e-01
   3.1774541712100046e-01
   3.0788749505515622e-01
   2.9892860722963016e-01
   2.9087391986534500e-01
   2.8372570639193651e-01
   2.7748415447332897e-01
   2.7214805526428765e-01
   2.6541663599911119e-01
   2.5731982556935307e-01
   2.5014967994533976e-01
   2.4389858191295280e-01
   2.3855862985132367e-01
   2.3412216695842386e-01
   2.3058221031939993e-01
   2.2793279095532556e-01
   2.2616921432630216e-01
   2.2528824895520760e-01
   2.2528824895520763e-01
   2.2616921432630210e-01
   2.2793279095532548e-01
   2.3058221031939979e-01
   2.3412216695842369e-01
   2.3855862985132345e-01
   2.4389858191295255e-01
   2.5014967994533954e-01
   2.5731982556935279e-01
   2.6541663599911086e-01
   2.7214805526428726e-01
   2.7748415447332864e-01
   2.8372570639193617e-01
   2.9087391986534467e-01
   2.9892860722962977e-01
   3.0788749505515584e-01
   3.1774541712100007e-01
   3.2849338281500046e-01
   3.4011751642402061e-01
   3.5259786649734454e-01
   3.6590708998290983e-01
   3.8000902351073251e-01
   3.9485716435783058e-01
   4.1039309650665418e-01
   4.2654491285308371e-01
   4.4322570277994250e-01
   4.6033219430084049e-01
   4.7774366052855577e-01
   4.9532121935449414e-01
   5.1290767018558225e-01
   5.3032801888391179e-01
   5.4739083769281527e-01
   5.6389058685415638e-01
   5.7961098542532374e-01
   5.9432945868564879e-01
   6.0782260931059018e-01
   6.1987256356812814e-01
   6.3027394056609565e-01
   6.3884109421128255e-01
   6.4541519866178032e-01
   6.4987070348149378e-01
   6.5212068647103338e-01
   6.5212068647103361e-01
   6.4987070348149445e-01
   6.4541519866178143e-01
   6.3884109421128410e-01
   6.3027394056609765e-01
   6.1987256356813047e-01
   6.0782260931059273e-01
   5.9432945868565168e-01
   5.7961098542532674e-01
   5.6389058685415949e-01
   5.4739083769281860e-01
   5.3032801888391501e-01
   5.1290767018558547e-01
   4.9532121935449741e-01
   4.7774366052855888e-01
   4.6033219430084349e-01
   4.4322570277994550e-01
   4.2654491285308654e-01
   4.1039309650665684e-01
   3.9485716435783302e-01
   3.8000902351073473e-01
   3.6590708998291199e-01
   3.5259786649734648e-01
   3.4011751642402238e-01
   3.2849338281500196e-01
   3.1774541712100141e-01
   3.0788749505515695e-01
   2.9892860722963072e-01
   2.9087391986534539e-01
   2.8372570639193667e-01
   2.7748415447332897e-01
   2.7214805526428737e-01
