   2.1862661476324868e-01
   2.2465847469676389e-01
   2.3180708702738931e-01
   2.4009340575066201e-01
   2.4954000237344159e-01
   2.6017027931613268e-01
   2.7200748664020685e-01
   2.8507350655904007e-01
   2.9938736679628242e-01
   3.1496344190018827e-01
   3.3180930205487474e-01
   3.4992317303584131e-01
   3.6929098039780395e-01
   3.8988296779359871e-01
   4.1164990583888977e-01
   4.3451894659325790e-01
   4.5838923167173889e-01
   4.8312743045830869e-01
   5.0856346824221932e-01
   5.3448679866359172e-01
   5.6064367254726399e-01
   5.8673594230965997e-01
   6.1242199776613593e-01
   6.3732043018377693e-01
   6.6101693947421547e-01
   6.8307481088114519e-01
   7.0304898100568147e-01
   7.2050329905034427e-01
   7.3503010794772572e-01
   7.4627079317062894e-01
   7.5393556929469308e-01
   7.5782059433901416e-01
   7.5782059433901372e-01
   7.5393556929469163e-01
   7.4627079317062672e-01
   7.3503010794772261e-01
   7.2050329905034016e-01
   7.0304898100567670e-01
   6.8307481088113986e-01
   6.6101693947420981e-01
   6.3732043018377083e-01
   6.1242199776612971e-01
   5.8673594230965365e-01
   5.6064367254725767e-01
   5.3448679866358551e-01
   5.0856346824221321e-01
   4.8312743045830275e-01
   4.5838923167173318e-01
   4.3451894659325258e-01
   4.1164990583888467e-01
   3.8988296779359399e-01
   3.6929098039779956e-01
   3.4992317303583731e-01
   3.3180930205487108e-01
   3.1496344190018499e-01
   2.9938736679627942e-01
   2.8507350655903746e-01
   2.7200748664020463e-01
   2.6017027931613079e-01
   2.4954000237344004e-01
   2.4009340575066077e-01
   2.3180708702738845e-01
   2.2465847469676337e-01
   2.1862661476324849e-01
   2.1113415285401765e-01
   2.0219685141228838e-01
   1.9434114109103867e-01
   1.8753710792896122e-01
   1.8175767749737609e-01
   1.7697903262837036e-01
   1.7318092918847650e-01
   1.7034693043743984e-01
   1.6846457624928415e-01
   1.6752549964681149e-01
   1.6752549964681149e-01
   1.6846457624928418e-01
   1.7034693043743990e-01
   1.7318092918847652e-01
   1.7697903262837039e-01
   1.8175767749737617e-01
   1.8753710792896131e-01
   1.9434114109103878e-01
   2.0219685141228849e-01
   2.1113415285401776e-01
   2.1862661476324868e-01
   2.2465847469676367e-01
   2.3180708702738889e-01
   2.4009340575066135e-01
   2.4954000237344073e-01
   2.6017027931613163e-01
   2.7200748664020558e-01
   2.8507350655903857e-01
   2.9938736679628064e-01
   3.1496344190018627e-01
   3.3180930205487252e-01
   3.4992317303583875e-01
   3.6929098039780106e-01
   3.8988296779359560e-01
   4.1164990583888628e-01
   4.3451894659325424e-01
   4.5838923167173501e-01
   4.8312743045830459e-01
   5.0856346824221499e-01
   5.3448679866358728e-01
   5.6064367254725944e-01
   5.8673594230965542e-01
   6.1242199776613138e-01
   6.3732043018377249e-01
   6.6101693947421136e-01
   6.8307481088114153e-01
   7.0304898100567803e-01
   7.2050329905034149e-01
   7.3503010794772361e-01
   7.4627079317062761e-01
   7.5393556929469230e-01
   7.5782059433901416e-01
   7.5782059433901439e-01
   7.5393556929469296e-01
   7.4627079317062861e-01
   7.3503010794772516e-01
   7.2050329905034349e-01
   7.0304898100568025e-01
   6.8307481088114386e-01
   6.6101693947421414e-01
   6.3732043018377538e-01
   6.1242199776613437e-01
   5.8673594230965842e-01
   5.6064367254726244e-01
   5.3448679866359028e-01
   5.0856346824221776e-01
   4.8312743045830731e-01
   4.5838923167173756e-01
   4.3451894659325663e-01
   4.1164990583888850e-01
   3.8988296779359766e-01
   3.6929098039780295e-01
   3.4992317303584042e-01
   3.3180930205487391e-01
   3.1496344190018755e-01
   2.9938736679628175e-01
   2.8507350655903951e-01
   2.7200748664020641e-01
   2.6017027931613235e-01
   2.4954000237344134e-01
   2.4009340575066182e-01
   2.3180708702738922e-01
   2.2465847469676389e-01
   2.1862661476324877e-01
