   1.4947803240759522e-01
   1.5556238726492969e-01
   1.6290466838542636e-01
   1.7155690500590132e-01
   1.8157910182099377e-01
   1.9303890266464127e-01
   2.0601106246780343e-01
   2.2057665431846013e-01
   2.3682191900439525e-01
   2.5483664150027913e-01
   2.7471191268975742e-01
   2.9653710610614936e-01
   3.2039587068524594e-01
   3.4636091526228224e-01
   3.7448734519433868e-01
   4.0480431596650346e-01
   4.3730480737095234e-01
   4.7193341440899933e-01
   5.0857222185292317e-01
   5.4702510528143466e-01
   5.8700120587335414e-01
   6.2809886852489494e-01
   6.6979199085480157e-01
   7.1142142902579630e-01
   7.5219469517119497e-01
   7.9119742792275838e-01
   8.2741973023701021e-01
   8.5979917118907023e-01
   8.8727991148328378e-01
   9.0888421288441290e-01
   9.2378912250971823e-01
   9.3139834988083914e-01
   9.3139834988083769e-01
   9.2378912250971423e-01
   9.0888421288440657e-01
   8.8727991148327512e-01
   8.5979917118905969e-01
   8.2741973023699811e-01
   7.9119742792274517e-01
   7.5219469517118098e-01
   7.1142142902578198e-01
   6.6979199085478702e-01
   6.2809886852488050e-01
   5.8700120587334004e-01
   5.4702510528142112e-01
   5.0857222185291029e-01
   4.7193341440898712e-01
   4.3730480737094096e-01
   4.0480431596649286e-01
   3.7448734519432891e-01
   3.4636091526227336e-01
   3.2039587068523778e-01
   2.9653710610614203e-01
   2.7471191268975087e-01
   2.5483664150027330e-01
   2.3682191900439012e-01
   2.2057665431845569e-01
   2.0601106246779963e-01
   1.9303890266463811e-01
   1.8157910182099121e-01
   1.7155690500589937e-01
   1.6290466838542497e-01
   1.5556238726492888e-01
   1.4947803240759494e-01
   1.4208206479994220e-01
   1.3336384985241972e-01
   1.2578163606246798e-01
   1.1927578064263156e-01
   1.1379441391208574e-01
   1.0929336262446269e-01
   1.0573604604363467e-01
   1.0309336478822993e-01
   1.0134359708415377e-01
   1.0047231286824179e-01
   1.0047231286824178e-01
   1.0134359708415380e-01
   1.0309336478822996e-01
   1.0573604604363472e-01
   1.0929336262446278e-01
   1.1379441391208582e-01
   1.1927578064263167e-01
   1.2578163606246812e-01
   1.3336384985241989e-01
   1.4208206479994234e-01
   1.4947803240759513e-01
   1.5556238726492913e-01
   1.6290466838542525e-01
   1.7155690500589971e-01
   1.8157910182099157e-01
   1.9303890266463858e-01
   2.0601106246780013e-01
   2.2057665431845627e-01
   2.3682191900439079e-01
   2.5483664150027407e-01
   2.7471191268975165e-01
   2.9653710610614292e-01
   3.2039587068523867e-01
   3.4636091526227425e-01
   3.7448734519432997e-01
   4.0480431596649397e-01
   4.3730480737094213e-01
   4.7193341440898834e-01
   5.0857222185291162e-01
   5.4702510528142245e-01
   5.8700120587334137e-01
   6.2809886852488173e-01
   6.6979199085478835e-01
   7.1142142902578343e-01
   7.5219469517118243e-01
   7.9119742792274650e-01
   8.2741973023699944e-01
   8.5979917118906091e-01
   8.8727991148327623e-01
   9.0888421288440746e-01
   9.2378912250971490e-01
   9.3139834988083825e-01
   9.3139834988083936e-01
   9.2378912250971812e-01
   9.0888421288441268e-01
   8.8727991148328311e-01
   8.5979917118906934e-01
   8.2741973023700899e-01
   7.9119742792275705e-01
   7.5219469517119353e-01
   7.1142142902579497e-01
   6.6979199085480001e-01
   6.2809886852489316e-01
   5.8700120587335247e-01
   5.4702510528143311e-01
   5.0857222185292184e-01
   4.7193341440899794e-01
   4.3730480737095107e-01
   4.0480431596650229e-01
   3.7448734519433763e-01
   3.4636091526228130e-01
   3.2039587068524505e-01
   2.9653710610614864e-01
   2.7471191268975675e-01
   2.5483664150027857e-01
   2.3682191900439478e-01
   2.2057665431845974e-01
   2.0601106246780312e-01
   1.9303890266464102e-01
   1.8157910182099360e-01
   1.7155690500590126e-01
   1.6290466838542636e-01
   1.5556238726492980e-01
   1.4947803240759536e-01
