   1.7273101610130775e-01
   1.7891114627906868e-01
   1.8632118229276096e-01
   1.9500234331266353e-01
   2.0500141071523170e-01
   2.1637015675686838e-01
   2.2916455915608827e-01
   2.4344373850222437e-01
   2.5926854192963000e-01
   2.7669968192047001e-01
   2.9579532425670196e-01
   3.1660800554154300e-01
   3.3918075083458793e-01
   3.6354225960218617e-01
   3.8970103889078156e-01
   4.1763839392313462e-01
   4.4730024784569788e-01
   4.7858786546996707e-01
   5.1134771227853981e-01
   5.4536089906083085e-01
   5.8033294659068602e-01
   6.1588494211714551e-01
   6.5154751605844630e-01
   6.8675937861164538e-01
   7.2087232334266071e-01
   7.5316450244315192e-01
   7.8286327773146447e-01
   8.0917796639082717e-01
   8.3134134670047133e-01
   8.4865703917652702e-01
   8.6054817862465127e-01
   8.6660160815514997e-01
   8.6660160815515042e-01
   8.6054817862465260e-01
   8.4865703917652913e-01
   8.3134134670047422e-01
   8.0917796639083051e-01
   7.8286327773146847e-01
   7.5316450244315647e-01
   7.2087232334266538e-01
   6.8675937861165048e-01
   6.5154751605845140e-01
   6.1588494211715050e-01
   5.8033294659069101e-01
   5.4536089906083585e-01
   5.1134771227854448e-01
   4.7858786546997167e-01
   4.4730024784570227e-01
   4.1763839392313878e-01
   3.8970103889078556e-01
   3.6354225960218983e-01
   3.3918075083459137e-01
   3.1660800554154617e-01
   2.9579532425670485e-01
   2.7669968192047256e-01
   2.5926854192963228e-01
   2.4344373850222631e-01
   2.2916455915608994e-01
   2.1637015675686980e-01
   2.0500141071523284e-01
   1.9500234331266444e-01
   1.8632118229276154e-01
   1.7891114627906904e-01
   1.7273101610130787e-01
   1.6516011851218781e-01
   1.5619741015330510e-01
   1.4837253973823114e-01
   1.4163557819047118e-01
   1.3594266270478711e-01
   1.3125612519480354e-01
   1.2754455869078610e-01
   1.2478284393607114e-01
   1.2295215296138651e-01
   1.2203994194340398e-01
   1.2203994194340402e-01
   1.2295215296138662e-01
   1.2478284393607134e-01
   1.2754455869078635e-01
   1.3125612519480387e-01
   1.3594266270478753e-01
   1.4163557819047173e-01
   1.4837253973823178e-01
   1.5619741015330582e-01
   1.6516011851218865e-01
   1.7273101610130873e-01
   1.7891114627906982e-01
   1.8632118229276223e-01
   1.9500234331266500e-01
   2.0500141071523334e-01
   2.1637015675687021e-01
   2.2916455915609027e-01
   2.4344373850222656e-01
   2.5926854192963245e-01
   2.7669968192047262e-01
   2.9579532425670479e-01
   3.1660800554154606e-01
   3.3918075083459109e-01
   3.6354225960218950e-01
   3.8970103889078500e-01
   4.1763839392313823e-01
   4.4730024784570155e-01
   4.7858786546997084e-01
   5.1134771227854359e-01
   5.4536089906083474e-01
   5.8033294659068990e-01
   6.1588494211714928e-01
   6.5154751605845018e-01
   6.8675937861164904e-01
   7.2087232334266416e-01
   7.5316450244315525e-01
   7.8286327773146736e-01
   8.0917796639082951e-01
   8.3134134670047322e-01
   8.4865703917652813e-01
   8.6054817862465183e-01
   8.6660160815514986e-01
   8.6660160815514964e-01
   8.6054817862465127e-01
   8.4865703917652713e-01
   8.3134134670047177e-01
   8.0917796639082773e-01
   7.8286327773146525e-01
   7.5316450244315292e-01
   7.2087232334266171e-01
   6.8675937861164660e-01
   6.5154751605844763e-01
   6.1588494211714684e-01
   5.8033294659068746e-01
   5.4536089906083240e-01
   5.1134771227854126e-01
   4.7858786546996857e-01
   4.4730024784569944e-01
   4.1763839392313618e-01
   3.8970103889078311e-01
   3.6354225960218767e-01
   3.3918075083458948e-01
   3.1660800554154456e-01
   2.9579532425670341e-01
   2.7669968192047140e-01
   2.5926854192963134e-01
   2.4344373850222559e-01
   2.2916455915608944e-01
   2.1637015675686955e-01
   2.0500141071523278e-01
   1.9500234331266458e-01
   1.8632118229276193e-01
   1.7891114627906965e-01
   1.7273101610130867e-01
