   1.6906983077243281e+00
   1.6787688816588640e+00
   1.6669592224044716e+00
   1.6044927133246036e+00
   1.5064083290767007e+00
   1.4930431453331283e+00
   1.4364856651280400e+00
   1.3886595081188311e+00
   1.3475700160391724e+00
   1.3139684941893459e+00
   1.2961792970588690e+00
   1.2957943270386925e+00
   1.2930816837235066e+00
   1.2983779325615257e+00
   1.3088916790946312e+00
   1.3242153866012738e+00
   1.3441038006733275e+00
   1.3675103231840899e+00
   1.3935017052462082e+00
   1.4219747550566000e+00
   1.4532709526708869e+00
   1.4875465635290850e+00
   1.5246626976236799e+00
   1.5644975931040725e+00
   1.6071515873498905e+00
   1.6528497794296892e+00
   1.7017633111694921e+00
   1.7539644399503937e+00
   1.8094968454334583e+00
   1.8684277428330549e+00
   1.9308281641401899e+00
   1.9967325273591707e+00
