   1.7928973886435756e-01
   1.6430759808093118e-01
   1.5055911061481403e-01
   1.3795361388232080e-01
   1.2640508284187840e-01
   1.1583247457194480e-01
   1.0615988074045728e-01
   9.7316539730645898e-02
   8.9236748609301822e-02
   8.1859705821858267e-02
   7.5129308114458476e-02
   6.8993919379674404e-02
   6.3406124601050523e-02
   5.8322478576849877e-02
   5.3703256422479195e-02
   4.9512210810003864e-02
   4.5716339361564065e-02
   4.2285664459433353e-02
   3.9193026880442204e-02
   3.6413894037101525e-02
   3.3926183157866392e-02
   3.1710099422584563e-02
   2.9747988853855170e-02
   2.8024205625857224e-02
   2.6524993370117104e-02
   2.5238380018125357e-02
   2.4154085712647044e-02
   2.3263443334656488e-02
   2.2559331224795903e-02
   2.2036117722417699e-02
   2.1689617198132630e-02
   2.1517057314761619e-02
   2.1517057314761619e-02
   2.1689617198132633e-02
   2.2036117722417706e-02
   2.2559331224795913e-02
   2.3263443334656499e-02
   2.4154085712647058e-02
   2.5238380018125377e-02
   2.6524993370117125e-02
   2.8024205625857248e-02
   2.9747988853855198e-02
   3.1710099422584598e-02
   3.3926183157866427e-02
   3.6413894037101567e-02
   3.9193026880442239e-02
   4.2285664459433388e-02
   4.5716339361564100e-02
   4.9512210810003891e-02
   5.3703256422479223e-02
   5.8322478576849898e-02
   6.3406124601050551e-02
   6.8993919379674418e-02
   7.5129308114458504e-02
   8.1859705821858295e-02
   8.9236748609301822e-02
   9.7316539730645912e-02
   1.0615988074045729e-01
   1.1583247457194480e-01
   1.2640508284187840e-01
   1.3795361388232080e-01
   1.5055911061481403e-01
   1.6430759808093118e-01
   1.7928973886435759e-01
   2.0405871493924274e-01
   2.3881602593405737e-01
   2.7529024414454756e-01
   3.1364034892220111e-01
   3.5398599128300196e-01
   3.9639317247427253e-01
   4.4085658663398058e-01
   4.8727864616140582e-01
   5.3544569853781432e-01
   5.8500269630486446e-01
   6.3542862491808272e-01
   6.8601628115634838e-01
   7.3586135314470680e-01
   7.8386682289284348e-01
   8.2876893582731992e-01
   8.6918968722210166e-01
   9.0371741413178597e-01
   9.3101161047961112e-01
   9.4992135436451586e-01
   9.5960061416246478e-01
   9.5960061416246478e-01
   9.4992135436451619e-01
   9.3101161047961156e-01
   9.0371741413178663e-01
   8.6918968722210255e-01
   8.2876893582732092e-01
   7.8386682289284448e-01
   7.3586135314470802e-01
   6.8601628115634961e-01
   6.3542862491808383e-01
   5.8500269630486557e-01
   5.3544569853781521e-01
   4.8727864616140665e-01
   4.4085658663398125e-01
   3.9639317247427314e-01
   3.5398599128300245e-01
   3.1364034892220150e-01
   2.7529024414454795e-01
   2.3881602593405774e-01
   2.0405871493924305e-01
   1.7928973886435784e-01
   1.6430759808093143e-01
   1.5055911061481428e-01
   1.3795361388232102e-01
   1.2640508284187860e-01
   1.1583247457194497e-01
   1.0615988074045744e-01
   9.7316539730646051e-02
   8.9236748609301961e-02
   8.1859705821858419e-02
   7.5129308114458601e-02
   6.8993919379674515e-02
   6.3406124601050634e-02
   5.8322478576849975e-02
   5.3703256422479279e-02
   4.9512210810003940e-02
   4.5716339361564134e-02
   4.2285664459433416e-02
   3.9193026880442253e-02
   3.6413894037101581e-02
   3.3926183157866441e-02
   3.1710099422584605e-02
   2.9747988853855208e-02
   2.8024205625857255e-02
   2.6524993370117135e-02
   2.5238380018125384e-02
   2.4154085712647065e-02
   2.3263443334656513e-02
   2.2559331224795920e-02
   2.2036117722417717e-02
   2.1689617198132644e-02
   2.1517057314761622e-02
   2.1517057314761622e-02
   2.1689617198132637e-02
   2.2036117722417710e-02
   2.2559331224795909e-02
   2.3263443334656499e-02
   2.4154085712647051e-02
   2.5238380018125367e-02
   2.6524993370117118e-02
   2.8024205625857234e-02
   2.9747988853855181e-02
   3.1710099422584577e-02
   3.3926183157866406e-02
   3.6413894037101539e-02
   3.9193026880442211e-02
   4.2285664459433374e-02
   4.5716339361564093e-02
   4.9512210810003891e-02
   5.3703256422479237e-02
   5.8322478576849919e-02
   6.3406124601050579e-02
   6.8993919379674473e-02
   7.5129308114458546e-02
   8.1859705821858350e-02
   8.9236748609301919e-02
   9.7316539730646023e-02
   1.0615988074045740e-01
   1.1583247457194494e-01
   1.2640508284187857e-01
   1.3795361388232100e-01
   1.5055911061481425e-01
   1.6430759808093140e-01
   1.7928973886435784e-01
