   1.7125391869347811e-01
   1.7743156790674502e-01
   1.8484154564007704e-01
   1.9352575201397279e-01
   2.0353179491376586e-01
   2.1491243093913887e-01
   2.2772479295419221e-01
   2.4202934039246546e-01
   2.5788845461665044e-01
   2.7536458655146395e-01
   2.9451784830492583e-01
   3.1540292605772435e-01
   3.3806518061137691e-01
   3.6253579848215511e-01
   3.8882586590999013e-01
   4.1691926833238657e-01
   4.4676437870777430e-01
   4.7826460138673255e-01
   5.1126799642274168e-01
   5.4555643248881358e-01
   5.8083500812469135e-01
   6.1672282996311556e-01
   6.5274660889937830e-01
   6.8833886511579179e-01
   7.2284271860522076e-01
   7.5552515204583015e-01
   7.8560013154270658e-01
   8.1226196391246241e-01
   8.3472776809460769e-01
   8.5228611821783562e-01
   8.6434713592461987e-01
   8.7048805790613815e-01
   8.7048805790613903e-01
   8.6434713592462298e-01
   8.5228611821784050e-01
   8.3472776809461435e-01
   8.1226196391247063e-01
   7.8560013154271613e-01
   7.5552515204584059e-01
   7.2284271860523208e-01
   6.8833886511580344e-01
   6.5274660889939018e-01
   6.1672282996312744e-01
   5.8083500812470301e-01
   5.4555643248882502e-01
   5.1126799642275256e-01
   4.7826460138674298e-01
   4.4676437870778413e-01
   4.1691926833239573e-01
   3.8882586590999868e-01
   3.6253579848216305e-01
   3.3806518061138413e-01
   3.1540292605773090e-01
   2.9451784830493172e-01
   2.7536458655146923e-01
   2.5788845461665516e-01
   2.4202934039246951e-01
   2.2772479295419573e-01
   2.1491243093914181e-01
   2.0353179491376824e-01
   1.9352575201397468e-01
   1.8484154564007835e-01
   1.7743156790674583e-01
   1.7125391869347842e-01
   1.6368963786004109e-01
   1.5473709023576318e-01
   1.4692291147970019e-01
   1.4019654089763958e-01
   1.3451359200931662e-01
   1.2983596905990896e-01
   1.2613192340681567e-01
   1.2337607195440517e-01
   1.2154939432968252e-01
   1.2063922102323173e-01
   1.2063922102323173e-01
   1.2154939432968255e-01
   1.2337607195440521e-01
   1.2613192340681570e-01
   1.2983596905990899e-01
   1.3451359200931667e-01
   1.4019654089763969e-01
   1.4692291147970030e-01
   1.5473709023576332e-01
   1.6368963786004118e-01
   1.7125391869347822e-01
   1.7743156790674519e-01
   1.8484154564007726e-01
   1.9352575201397310e-01
   2.0353179491376622e-01
   2.1491243093913928e-01
   2.2772479295419271e-01
   2.4202934039246601e-01
   2.5788845461665111e-01
   2.7536458655146467e-01
   2.9451784830492661e-01
   3.1540292605772524e-01
   3.3806518061137786e-01
   3.6253579848215611e-01
   3.8882586590999113e-01
   4.1691926833238763e-01
   4.4676437870777541e-01
   4.7826460138673371e-01
   5.1126799642274279e-01
   5.4555643248881480e-01
   5.8083500812469246e-01
   6.1672282996311678e-01
   6.5274660889937952e-01
   6.8833886511579301e-01
   7.2284271860522187e-01
   7.5552515204583126e-01
   7.8560013154270747e-01
   8.1226196391246319e-01
   8.3472776809460825e-01
   8.5228611821783617e-01
   8.6434713592462020e-01
   8.7048805790613815e-01
   8.7048805790613892e-01
   8.6434713592462253e-01
   8.5228611821783995e-01
   8.3472776809461358e-01
   8.1226196391246974e-01
   7.8560013154271513e-01
   7.5552515204583959e-01
   7.2284271860523086e-01
   6.8833886511580233e-01
   6.5274660889938896e-01
   6.1672282996312633e-01
   5.8083500812470190e-01
   5.4555643248882379e-01
   5.1126799642275156e-01
   4.7826460138674193e-01
   4.4676437870778318e-01
   4.1691926833239484e-01
   3.8882586590999785e-01
   3.6253579848216222e-01
   3.3806518061138346e-01
   3.1540292605773035e-01
   2.9451784830493116e-01
   2.7536458655146873e-01
   2.5788845461665472e-01
   2.4202934039246918e-01
   2.2772479295419540e-01
   2.1491243093914156e-01
   2.0353179491376808e-01
   1.9352575201397454e-01
   1.8484154564007832e-01
   1.7743156790674583e-01
   1.7125391869347847e-01
