   1.7831582293310838e-01
   1.8450108291728123e-01
   1.9190634904378145e-01
   2.0057027693474280e-01
   2.1053654399732394e-01
   2.2185323483963776e-01
   2.3457201079272733e-01
   2.4874700345875042e-01
   2.6443336012948537e-01
   2.8168535621053858e-01
   3.0055397735640244e-01
   3.2108386343177614e-01
   3.4330950013497119e-01
   3.6725054582222821e-01
   3.9290619592499593e-01
   4.2024852222050879e-01
   4.4921478761628453e-01
   4.7969883866925705e-01
   5.1154182713353091e-01
   5.4452271485447046e-01
   5.7834927256753976e-01
   6.1265057879917373e-01
   6.4697232630547474e-01
   6.8077649060133627e-01
   7.1344702106912550e-01
   7.4430307361488290e-01
   7.7262081193824539e-01
   7.9766390124461339e-01
   8.1872153311418872e-01
   8.3515131417721711e-01
   8.4642292411869846e-01
   8.5215748898480070e-01
   8.5215748898480181e-01
   8.4642292411870146e-01
   8.3515131417722199e-01
   8.1872153311419538e-01
   7.9766390124462150e-01
   7.7262081193825483e-01
   7.4430307361489345e-01
   7.1344702106913671e-01
   6.8077649060134815e-01
   6.4697232630548696e-01
   6.1265057879918594e-01
   5.7834927256755186e-01
   5.4452271485448223e-01
   5.1154182713354235e-01
   4.7969883866926794e-01
   4.4921478761629474e-01
   4.2024852222051839e-01
   3.9290619592500492e-01
   3.6725054582223654e-01
   3.4330950013497880e-01
   3.2108386343178313e-01
   3.0055397735640882e-01
   2.8168535621054430e-01
   2.6443336012949037e-01
   2.4874700345875481e-01
   2.3457201079273107e-01
   2.2185323483964092e-01
   2.1053654399732646e-01
   2.0057027693474477e-01
   1.9190634904378284e-01
   1.8450108291728201e-01
   1.7831582293310866e-01
   1.7072523392833305e-01
   1.6173048563823048e-01
   1.5387080994733027e-01
   1.4709867892070105e-01
   1.4137222410682271e-01
   1.3665540871816670e-01
   1.3291813083892229e-01
   1.3013628011646969e-01
   1.2829176498196673e-01
   1.2737252297179377e-01
   1.2737252297179380e-01
   1.2829176498196676e-01
   1.3013628011646974e-01
   1.3291813083892237e-01
   1.3665540871816681e-01
   1.4137222410682287e-01
   1.4709867892070122e-01
   1.5387080994733046e-01
   1.6173048563823075e-01
   1.7072523392833333e-01
   1.7831582293310880e-01
   1.8450108291728182e-01
   1.9190634904378229e-01
   2.0057027693474386e-01
   2.1053654399732524e-01
   2.2185323483963931e-01
   2.3457201079272910e-01
   2.4874700345875245e-01
   2.6443336012948765e-01
   2.8168535621054119e-01
   3.0055397735640532e-01
   3.2108386343177919e-01
   3.4330950013497452e-01
   3.6725054582223188e-01
   3.9290619592499987e-01
   4.2024852222051307e-01
   4.4921478761628908e-01
   4.7969883866926183e-01
   5.1154182713353602e-01
   5.4452271485447568e-01
   5.7834927256754509e-01
   6.1265057879917917e-01
   6.4697232630548007e-01
   6.8077649060134149e-01
   7.1344702106913027e-01
   7.4430307361488746e-01
   7.7262081193824939e-01
   7.9766390124461684e-01
   8.1872153311419138e-01
   8.3515131417721888e-01
   8.4642292411869946e-01
   8.5215748898480093e-01
   8.5215748898480115e-01
   8.4642292411869979e-01
   8.3515131417721944e-01
   8.1872153311419227e-01
   7.9766390124461783e-01
   7.7262081193825061e-01
   7.4430307361488890e-01
   7.1344702106913171e-01
   6.8077649060134293e-01
   6.4697232630548174e-01
   6.1265057879918083e-01
   5.7834927256754676e-01
   5.4452271485447734e-01
   5.1154182713353757e-01
   4.7969883866926338e-01
   4.4921478761629052e-01
   4.2024852222051445e-01
   3.9290619592500120e-01
   3.6725054582223315e-01
   3.4330950013497574e-01
   3.2108386343178036e-01
   3.0055397735640632e-01
   2.8168535621054208e-01
   2.6443336012948843e-01
   2.4874700345875317e-01
   2.3457201079272974e-01
   2.2185323483963984e-01
   2.1053654399732569e-01
   2.0057027693474422e-01
   1.9190634904378254e-01
   1.8450108291728198e-01
   1.7831582293310885e-01
