   3.1369996515782178e-01
   3.1810040466179684e-01
   3.2319288771791782e-01
   3.2896814733601126e-01
   3.3541450015530694e-01
   3.4251740536001629e-01
   3.5025897321130867e-01
   3.5861742769830685e-01
   3.6756653019665625e-01
   3.7707497400915169e-01
   3.8710576327042046e-01
   3.9761559390670781e-01
   4.0855425907277682e-01
   4.1986410658157342e-01
   4.3147958103959733e-01
   4.4332688832575923e-01
   4.5532382420091377e-01
   4.6737981158262304e-01
   4.7939619163784702e-01
   4.9126681155644397e-01
   5.0287894592010629e-01
   5.1411457836331287e-01
   5.2485205539916668e-01
   5.3496810494042080e-01
   5.4434018882835067e-01
   5.5284913287975757e-01
   5.6038195152181924e-01
   5.6683475950754947e-01
   5.7211564332077125e-01
   5.7614735250021498e-01
   5.7886966860665401e-01
   5.8024131841726390e-01
   5.8024131841726390e-01
   5.7886966860665401e-01
   5.7614735250021498e-01
   5.7211564332077114e-01
   5.6683475950754936e-01
   5.6038195152181913e-01
   5.5284913287975745e-01
   5.4434018882835045e-01
   5.3496810494042069e-01
   5.2485205539916657e-01
   5.1411457836331265e-01
   5.0287894592010618e-01
   4.9126681155644375e-01
   4.7939619163784680e-01
   4.6737981158262282e-01
   4.5532382420091355e-01
   4.4332688832575901e-01
   4.3147958103959710e-01
   4.1986410658157319e-01
   4.0855425907277659e-01
   3.9761559390670759e-01
   3.8710576327042023e-01
   3.7707497400915146e-01
   3.6756653019665603e-01
   3.5861742769830668e-01
   3.5025897321130850e-01
   3.4251740536001618e-01
   3.3541450015530677e-01
   3.2896814733601115e-01
   3.2319288771791777e-01
   3.1810040466179679e-01
   3.1369996515782173e-01
   3.0807941863951482e-01
   3.0127354235804071e-01
   2.9521049791821113e-01
   2.8989668867016383e-01
   2.8533665496303795e-01
   2.8153350925178444e-01
   2.7848930236358604e-01
   2.7620532344541576e-01
   2.7468233617737747e-01
   2.7392075361753127e-01
   2.7392075361753115e-01
   2.7468233617737714e-01
   2.7620532344541526e-01
   2.7848930236358538e-01
   2.8153350925178361e-01
   2.8533665496303690e-01
   2.8989668867016261e-01
   2.9521049791820969e-01
   3.0127354235803910e-01
   3.0807941863951299e-01
   3.1369996515781989e-01
   3.1810040466179501e-01
   3.2319288771791610e-01
   3.2896814733600960e-01
   3.3541450015530527e-01
   3.4251740536001474e-01
   3.5025897321130722e-01
   3.5861742769830546e-01
   3.6756653019665492e-01
   3.7707497400915052e-01
   3.8710576327041935e-01
   3.9761559390670687e-01
   4.0855425907277598e-01
   4.1986410658157269e-01
   4.3147958103959666e-01
   4.4332688832575873e-01
   4.5532382420091339e-01
   4.6737981158262282e-01
   4.7939619163784697e-01
   4.9126681155644403e-01
   5.0287894592010651e-01
   5.1411457836331320e-01
   5.2485205539916713e-01
   5.3496810494042135e-01
   5.4434018882835133e-01
   5.5284913287975834e-01
   5.6038195152182013e-01
   5.6683475950755036e-01
   5.7211564332077225e-01
   5.7614735250021609e-01
   5.7886966860665512e-01
   5.8024131841726501e-01
   5.8024131841726501e-01
   5.7886966860665512e-01
   5.7614735250021598e-01
   5.7211564332077225e-01
   5.6683475950755025e-01
   5.6038195152182013e-01
   5.5284913287975834e-01
   5.4434018882835122e-01
   5.3496810494042124e-01
   5.2485205539916713e-01
   5.1411457836331309e-01
   5.0287894592010640e-01
   4.9126681155644386e-01
   4.7939619163784680e-01
   4.6737981158262265e-01
   4.5532382420091327e-01
   4.4332688832575862e-01
   4.3147958103959655e-01
   4.1986410658157253e-01
   4.0855425907277582e-01
   3.9761559390670670e-01
   3.8710576327041923e-01
   3.7707497400915035e-01
   3.6756653019665486e-01
   3.5861742769830540e-01
   3.5025897321130711e-01
   3.4251740536001463e-01
   3.3541450015530527e-01
   3.2896814733600954e-01
   3.2319288771791604e-01
   3.1810040466179501e-01
   3.1369996515781984e-01
