   2.1277020972158850e-01
   2.1884448755671962e-01
   2.2605375510174414e-01
   2.3442142533074126e-01
   2.4397296644017880e-01
   2.5473512571873963e-01
   2.6673495098640571e-01
   2.7999857039654863e-01
   2.9454968694599587e-01
   3.1040774085966799e-01
   3.2758569209864119e-01
   3.4608737795848205e-01
   3.6590440890141634e-01
   3.8701258169955249e-01
   4.0936781538253048e-01
   4.3290165535415953e-01
   4.5751644720099383e-01
   4.8308035617494460e-01
   5.0942250124686816e-01
   5.3632858087718249e-01
   5.6353748314603636e-01
   5.9073948093021189e-01
   6.1757669109087909e-01
   6.4364649575267718e-01
   6.6850855039704482e-01
   6.9169580707531186e-01
   7.1272964389687110e-01
   7.3113872149471038e-01
   7.4648062654173386e-01
   7.5836479411098667e-01
   7.6647473817831602e-01
   7.7058738416539874e-01
   7.7058738416539907e-01
   7.6647473817831691e-01
   7.5836479411098812e-01
   7.4648062654173586e-01
   7.3113872149471271e-01
   7.1272964389687377e-01
   6.9169580707531486e-01
   6.6850855039704804e-01
   6.4364649575268085e-01
   6.1757669109088276e-01
   5.9073948093021567e-01
   5.6353748314604013e-01
   5.3632858087718616e-01
   5.0942250124687172e-01
   4.8308035617494799e-01
   4.5751644720099699e-01
   4.3290165535416253e-01
   4.0936781538253325e-01
   3.8701258169955505e-01
   3.6590440890141868e-01
   3.4608737795848410e-01
   3.2758569209864302e-01
   3.1040774085966960e-01
   2.9454968694599726e-01
   2.7999857039654985e-01
   2.6673495098640676e-01
   2.5473512571874046e-01
   2.4397296644017952e-01
   2.3442142533074181e-01
   2.2605375510174455e-01
   2.1884448755671987e-01
   2.1277020972158858e-01
   2.0523793748496302e-01
   1.9626148559997980e-01
   1.8837789747382880e-01
   1.8155469859299234e-01
   1.7576264613683529e-01
   1.7097611910589502e-01
   1.6717340941816494e-01
   1.6433693513439093e-01
   1.6245339247767493e-01
   1.6151385932957893e-01
   1.6151385932957893e-01
   1.6245339247767490e-01
   1.6433693513439090e-01
   1.6717340941816494e-01
   1.7097611910589502e-01
   1.7576264613683526e-01
   1.8155469859299231e-01
   1.8837789747382880e-01
   1.9626148559997977e-01
   2.0523793748496302e-01
   2.1277020972158853e-01
   2.1884448755671956e-01
   2.2605375510174400e-01
   2.3442142533074103e-01
   2.4397296644017846e-01
   2.5473512571873919e-01
   2.6673495098640521e-01
   2.7999857039654802e-01
   2.9454968694599520e-01
   3.1040774085966727e-01
   3.2758569209864052e-01
   3.4608737795848138e-01
   3.6590440890141579e-01
   3.8701258169955199e-01
   4.0936781538252992e-01
   4.3290165535415903e-01
   4.5751644720099338e-01
   4.8308035617494427e-01
   5.0942250124686783e-01
   5.3632858087718227e-01
   5.6353748314603613e-01
   5.9073948093021167e-01
   6.1757669109087898e-01
   6.4364649575267696e-01
   6.6850855039704460e-01
   6.9169580707531175e-01
   7.1272964389687088e-01
   7.3113872149471026e-01
   7.4648062654173386e-01
   7.5836479411098667e-01
   7.6647473817831580e-01
   7.7058738416539874e-01
   7.7058738416539896e-01
   7.6647473817831679e-01
   7.5836479411098812e-01
   7.4648062654173597e-01
   7.3113872149471293e-01
   7.1272964389687399e-01
   6.9169580707531508e-01
   6.6850855039704826e-01
   6.4364649575268096e-01
   6.1757669109088298e-01
   5.9073948093021578e-01
   5.6353748314604024e-01
   5.3632858087718627e-01
   5.0942250124687183e-01
   4.8308035617494816e-01
   4.5751644720099716e-01
   4.3290165535416270e-01
   4.0936781538253336e-01
   3.8701258169955521e-01
   3.6590440890141879e-01
   3.4608737795848427e-01
   3.2758569209864319e-01
   3.1040774085966977e-01
   2.9454968694599737e-01
   2.7999857039654996e-01
   2.6673495098640687e-01
   2.5473512571874057e-01
   2.4397296644017960e-01
   2.3442142533074189e-01
   2.2605375510174466e-01
   2.1884448755671995e-01
   2.1277020972158867e-01
