   3.3329205043747834e-01
   3.3711903012686423e-01
   3.4152423649596864e-01
   3.4649554381453529e-01
   3.5201834697057632e-01
   3.5807525868122375e-01
   3.6464578162918543e-01
   3.7170596148527707e-01
   3.7922802851014098e-01
   3.8718003742282708e-01
   3.9552551744693826e-01
   4.0422314683267485e-01
   4.1322646860417039e-01
   4.2248366665148185e-01
   4.3193742338370111e-01
   4.4152488174472032e-01
   4.5117773518516491e-01
   4.6082246887312073e-01
   4.7038077369634929e-01
   4.7977015116959881e-01
   4.8890472199026858e-01
   4.9769624357885334e-01
   5.0605533255978630e-01
   5.1389287705888753e-01
   5.2112161143381264e-01
   5.2765781337898110e-01
   5.3342307123837651e-01
   5.3834605894622400e-01
   5.4236424846078080e-01
   5.4542548592031070e-01
   5.4748935883627503e-01
   5.4852828785309093e-01
   5.4852828785309093e-01
   5.4748935883627503e-01
   5.4542548592031070e-01
   5.4236424846078091e-01
   5.3834605894622412e-01
   5.3342307123837662e-01
   5.2765781337898121e-01
   5.2112161143381275e-01
   5.1389287705888764e-01
   5.0605533255978641e-01
   4.9769624357885356e-01
   4.8890472199026874e-01
   4.7977015116959898e-01
   4.7038077369634945e-01
   4.6082246887312095e-01
   4.5117773518516507e-01
   4.4152488174472049e-01
   4.3193742338370128e-01
   4.2248366665148201e-01
   4.1322646860417050e-01
   4.0422314683267502e-01
   3.9552551744693842e-01
   3.8718003742282719e-01
   3.7922802851014109e-01
   3.7170596148527718e-01
   3.6464578162918554e-01
   3.5807525868122386e-01
   3.5201834697057643e-01
   3.4649554381453540e-01
   3.4152423649596869e-01
   3.3711903012686428e-01
   3.3329205043747834e-01
   3.2837358505655978e-01
   3.2239807438865870e-01
   3.1705889511900948e-01
   3.1236715896592837e-01
   3.0833173430841626e-01
   3.0495958844186311e-01
   3.0225608104065976e-01
   3.0022520828022065e-01
   2.9886979758506571e-01
   2.9819165324646080e-01
   2.9819165324646085e-01
   2.9886979758506588e-01
   3.0022520828022087e-01
   3.0225608104066004e-01
   3.0495958844186355e-01
   3.0833173430841676e-01
   3.1236715896592898e-01
   3.1705889511901020e-01
   3.2239807438865947e-01
   3.2837358505656067e-01
   3.3329205043747917e-01
   3.3711903012686500e-01
   3.4152423649596936e-01
   3.4649554381453607e-01
   3.5201834697057705e-01
   3.5807525868122442e-01
   3.6464578162918609e-01
   3.7170596148527768e-01
   3.7922802851014153e-01
   3.8718003742282764e-01
   3.9552551744693876e-01
   4.0422314683267524e-01
   4.1322646860417078e-01
   4.2248366665148218e-01
   4.3193742338370145e-01
   4.4152488174472060e-01
   4.5117773518516513e-01
   4.6082246887312089e-01
   4.7038077369634934e-01
   4.7977015116959881e-01
   4.8890472199026852e-01
   4.9769624357885317e-01
   5.0605533255978608e-01
   5.1389287705888720e-01
   5.2112161143381242e-01
   5.2765781337898077e-01
   5.3342307123837607e-01
   5.3834605894622367e-01
   5.4236424846078035e-01
   5.4542548592031026e-01
   5.4748935883627448e-01
   5.4852828785309038e-01
   5.4852828785309038e-01
   5.4748935883627448e-01
   5.4542548592031015e-01
   5.4236424846078035e-01
   5.3834605894622356e-01
   5.3342307123837607e-01
   5.2765781337898077e-01
   5.2112161143381242e-01
   5.1389287705888731e-01
   5.0605533255978608e-01
   4.9769624357885323e-01
   4.8890472199026846e-01
   4.7977015116959876e-01
   4.7038077369634934e-01
   4.6082246887312084e-01
   4.5117773518516507e-01
   4.4152488174472054e-01
   4.3193742338370139e-01
   4.2248366665148218e-01
   4.1322646860417073e-01
   4.0422314683267530e-01
   3.9552551744693876e-01
   3.8718003742282764e-01
   3.7922802851014159e-01
   3.7170596148527768e-01
   3.6464578162918609e-01
   3.5807525868122447e-01
   3.5201834697057705e-01
   3.4649554381453607e-01
   3.4152423649596941e-01
   3.3711903012686500e-01
   3.3329205043747917e-01
