   2.2950931791577117e-01
   2.3544464336612245e-01
   2.4246013173259012e-01
   2.5057229835962053e-01
   2.5979851703735440e-01
   2.7015622606446626e-01
   2.8166195037090402e-01
   2.9433011083760041e-01
   3.0817159029425889e-01
   3.2319202566404848e-01
   3.3938979820659304e-01
   3.5675369988616290e-01
   3.7526026491085041e-01
   3.9487077301600504e-01
   4.1552795677354010e-01
   4.3715248066326134e-01
   4.5963930594347252e-01
   4.8285411260733924e-01
   5.0663001629562343e-01
   5.3076488977611569e-01
   5.5501966789816093e-01
   5.7911807017683203e-01
   6.0274820078505864e-01
   6.2556646338885857e-01
   6.4720413960458711e-01
   6.6727681108500125e-01
   6.8539655302209301e-01
   7.0118650440491004e-01
   7.1429706155168715e-01
   7.2442260029676353e-01
   7.3131737591227031e-01
   7.3480914471705372e-01
   7.3480914471705350e-01
   7.3131737591226964e-01
   7.2442260029676242e-01
   7.1429706155168571e-01
   7.0118650440490826e-01
   6.8539655302209090e-01
   6.6727681108499892e-01
   6.4720413960458456e-01
   6.2556646338885602e-01
   6.0274820078505575e-01
   5.7911807017682904e-01
   5.5501966789815793e-01
   5.3076488977611258e-01
   5.0663001629562043e-01
   4.8285411260733635e-01
   4.5963930594346963e-01
   4.3715248066325857e-01
   4.1552795677353749e-01
   3.9487077301600254e-01
   3.7526026491084802e-01
   3.5675369988616068e-01
   3.3938979820659093e-01
   3.2319202566404653e-01
   3.0817159029425717e-01
   2.9433011083759891e-01
   2.8166195037090269e-01
   2.7015622606446515e-01
   2.5979851703735352e-01
   2.5057229835961986e-01
   2.4246013173258968e-01
   2.3544464336612222e-01
   2.2950931791577112e-01
   2.2211349838093708e-01
   2.1327638432859819e-01
   2.0549688191291135e-01
   1.9874980307869167e-01
   1.9301209200310404e-01
   1.8826328634858616e-01
   1.8448587281352102e-01
   1.8166555610028004e-01
   1.7979145663455964e-01
   1.7885624888109741e-01
   1.7885624888109738e-01
   1.7979145663455956e-01
   1.8166555610027990e-01
   1.8448587281352080e-01
   1.8826328634858586e-01
   1.9301209200310371e-01
   1.9874980307869122e-01
   2.0549688191291088e-01
   2.1327638432859763e-01
   2.2211349838093644e-01
   2.2950931791577059e-01
   2.3544464336612203e-01
   2.4246013173258987e-01
   2.5057229835962036e-01
   2.5979851703735440e-01
   2.7015622606446643e-01
   2.8166195037090436e-01
   2.9433011083760091e-01
   3.0817159029425950e-01
   3.2319202566404925e-01
   3.3938979820659410e-01
   3.5675369988616423e-01
   3.7526026491085196e-01
   3.9487077301600687e-01
   4.1552795677354221e-01
   4.3715248066326362e-01
   4.5963930594347502e-01
   4.8285411260734196e-01
   5.0663001629562632e-01
   5.3076488977611869e-01
   5.5501966789816415e-01
   5.7911807017683525e-01
   6.0274820078506197e-01
   6.2556646338886190e-01
   6.4720413960459011e-01
   6.6727681108500414e-01
   6.8539655302209546e-01
   7.0118650440491204e-01
   7.1429706155168882e-01
   7.2442260029676475e-01
   7.3131737591227108e-01
   7.3480914471705394e-01
   7.3480914471705328e-01
   7.3131737591226897e-01
   7.2442260029676120e-01
   7.1429706155168404e-01
   7.0118650440490604e-01
   6.8539655302208846e-01
   6.6727681108499604e-01
   6.4720413960458134e-01
   6.2556646338885269e-01
   6.0274820078505231e-01
   5.7911807017682548e-01
   5.5501966789815438e-01
   5.3076488977610914e-01
   5.0663001629561688e-01
   4.8285411260733285e-01
   4.5963930594346630e-01
   4.3715248066325535e-01
   4.1552795677353443e-01
   3.9487077301599960e-01
   3.7526026491084524e-01
   3.5675369988615802e-01
   3.3938979820658849e-01
   3.2319202566404426e-01
   3.0817159029425506e-01
   2.9433011083759697e-01
   2.8166195037090097e-01
   2.7015622606446360e-01
   2.5979851703735207e-01
   2.5057229835961858e-01
   2.4246013173258857e-01
   2.3544464336612128e-01
   2.2950931791577037e-01
