   1.6780150522521114e-01
   1.7397149758323907e-01
   1.8137915473156585e-01
   1.9006797254163141e-01
   2.0008749907993686e-01
   2.1149280562658807e-01
   2.2434374627603657e-01
   2.3870394054415364e-01
   2.5463939866820834e-01
   2.7221669300677348e-01
   2.9150056186380224e-01
   3.1255081561088305e-01
   3.3541840162458120e-01
   3.6014047818604394e-01
   3.8673435389645294e-01
   4.1519017645916079e-01
   4.4546231354109272e-01
   4.7745947182167131e-01
   5.1103376231122799e-01
   5.4596915289252856e-01
   5.8197005835476101e-01
   6.1865119498796817e-01
   6.5553023757388029e-01
   6.9202519294044273e-01
   7.2745863674590039e-01
   7.6107090388593790e-01
   7.9204382294647957e-01
   8.1953552758924608e-01
   8.4272526138454740e-01
   8.6086509832170333e-01
   8.7333352010885601e-01
   8.7968436846300979e-01
   8.7968436846300890e-01
   8.7333352010885323e-01
   8.6086509832169889e-01
   8.4272526138454129e-01
   8.1953552758923864e-01
   7.9204382294647091e-01
   7.6107090388592835e-01
   7.2745863674589029e-01
   6.9202519294043230e-01
   6.5553023757386963e-01
   6.1865119498795740e-01
   5.8197005835475046e-01
   5.4596915289251824e-01
   5.1103376231121811e-01
   4.7745947182166193e-01
   4.4546231354108384e-01
   4.1519017645915252e-01
   3.8673435389644528e-01
   3.6014047818603689e-01
   3.3541840162457470e-01
   3.1255081561087711e-01
   2.9150056186379703e-01
   2.7221669300676882e-01
   2.5463939866820418e-01
   2.3870394054415001e-01
   2.2434374627603346e-01
   2.1149280562658543e-01
   2.0008749907993476e-01
   1.9006797254162980e-01
   1.8137915473156468e-01
   1.7397149758323838e-01
   1.6780150522521092e-01
   1.6025501441192549e-01
   1.5132899663398258e-01
   1.4354225637304713e-01
   1.3684276300779444e-01
   1.3118491288741926e-01
   1.2652961735125212e-01
   1.2284433527583616e-01
   1.2010307211076360e-01
   1.1828636186843909e-01
   1.1738124408123923e-01
   1.1738124408123926e-01
   1.1828636186843912e-01
   1.2010307211076364e-01
   1.2284433527583623e-01
   1.2652961735125220e-01
   1.3118491288741935e-01
   1.3684276300779452e-01
   1.4354225637304727e-01
   1.5132899663398272e-01
   1.6025501441192563e-01
   1.6780150522521114e-01
   1.7397149758323874e-01
   1.8137915473156518e-01
   1.9006797254163044e-01
   2.0008749907993553e-01
   2.1149280562658634e-01
   2.2434374627603448e-01
   2.3870394054415126e-01
   2.5463939866820556e-01
   2.7221669300677037e-01
   2.9150056186379875e-01
   3.1255081561087900e-01
   3.3541840162457681e-01
   3.6014047818603923e-01
   3.8673435389644778e-01
   4.1519017645915524e-01
   4.4546231354108684e-01
   4.7745947182166515e-01
   5.1103376231122144e-01
   5.4596915289252168e-01
   5.8197005835475402e-01
   6.1865119498796106e-01
   6.5553023757387330e-01
   6.9202519294043574e-01
   7.2745863674589373e-01
   7.6107090388593179e-01
   7.9204382294647413e-01
   8.1953552758924131e-01
   8.4272526138454362e-01
   8.6086509832170055e-01
   8.7333352010885446e-01
   8.7968436846300946e-01
   8.7968436846300968e-01
   8.7333352010885512e-01
   8.6086509832170199e-01
   8.4272526138454540e-01
   8.1953552758924364e-01
   7.9204382294647668e-01
   7.6107090388593468e-01
   7.2745863674589684e-01
   6.9202519294043907e-01
   6.5553023757387652e-01
   6.1865119498796439e-01
   5.8197005835475724e-01
   5.4596915289252479e-01
   5.1103376231122444e-01
   4.7745947182166804e-01
   4.4546231354108962e-01
   4.1519017645915790e-01
   3.8673435389645022e-01
   3.6014047818604145e-01
   3.3541840162457898e-01
   3.1255081561088099e-01
   2.9150056186380047e-01
   2.7221669300677193e-01
   2.5463939866820695e-01
   2.3870394054415245e-01
   2.2434374627603557e-01
   2.1149280562658726e-01
   2.0008749907993628e-01
   1.9006797254163099e-01
   1.8137915473156560e-01
   1.7397149758323899e-01
   1.6780150522521126e-01
