   3.1860274531163879e-01
   3.2286812037060453e-01
   3.2779780897502053e-01
   3.3338168603219442e-01
   3.3960716920452150e-01
   3.4645881209322826e-01
   3.5391785393278385e-01
   3.6196173088228017e-01
   3.7056355624597365e-01
   3.7969157970706119e-01
   3.8930863891882383e-01
   3.9937162052781211e-01
   4.0983095181235540e-01
   4.2063014844347063e-01
   4.3170544816587392e-01
   4.4298556410913653e-01
   4.5439159452714184e-01
   4.6583712748917888e-01
   4.7722857880160163e-01
   4.8846579859669098e-01
   4.9944297600529886e-01
   5.1004986169366229e-01
   5.2017331460525429e-01
   5.2969916218321900e-01
   5.3851434329775605e-01
   5.4650928122519848e-01
   5.5358041199067276e-01
   5.5963277327558147e-01
   5.6458254320399193e-01
   5.6835940889468373e-01
   5.7090864353743209e-01
   5.7219277903226362e-01
   5.7219277903226362e-01
   5.7090864353743209e-01
   5.6835940889468373e-01
   5.6458254320399193e-01
   5.5963277327558147e-01
   5.5358041199067276e-01
   5.4650928122519837e-01
   5.3851434329775594e-01
   5.2969916218321889e-01
   5.2017331460525418e-01
   5.1004986169366207e-01
   4.9944297600529880e-01
   4.8846579859669093e-01
   4.7722857880160147e-01
   4.6583712748917872e-01
   4.5439159452714167e-01
   4.4298556410913636e-01
   4.3170544816587386e-01
   4.2063014844347058e-01
   4.0983095181235535e-01
   3.9937162052781200e-01
   3.8930863891882372e-01
   3.7969157970706108e-01
   3.7056355624597354e-01
   3.6196173088228012e-01
   3.5391785393278385e-01
   3.4645881209322826e-01
   3.3960716920452144e-01
   3.3338168603219437e-01
   3.2779780897502053e-01
   3.2286812037060447e-01
   3.1860274531163874e-01
   3.1314639445466680e-01
   3.0653394208148688e-01
   3.0063889281758899e-01
   2.9546897167998548e-01
   2.9102992074709227e-01
   2.8732591352920384e-01
   2.8435990533751854e-01
   2.8213392130931919e-01
   2.8064928394976396e-01
   2.7990678197696017e-01
   2.7990678197696023e-01
   2.8064928394976418e-01
   2.8213392130931952e-01
   2.8435990533751898e-01
   2.8732591352920439e-01
   2.9102992074709300e-01
   2.9546897167998631e-01
   3.0063889281758993e-01
   3.0653394208148799e-01
   3.1314639445466796e-01
   3.1860274531164007e-01
   3.2286812037060575e-01
   3.2779780897502175e-01
   3.3338168603219559e-01
   3.3960716920452255e-01
   3.4645881209322937e-01
   3.5391785393278491e-01
   3.6196173088228112e-01
   3.7056355624597448e-01
   3.7969157970706191e-01
   3.8930863891882456e-01
   3.9937162052781272e-01
   4.0983095181235596e-01
   4.2063014844347113e-01
   4.3170544816587436e-01
   4.4298556410913681e-01
   4.5439159452714201e-01
   4.6583712748917894e-01
   4.7722857880160163e-01
   4.8846579859669093e-01
   4.9944297600529874e-01
   5.1004986169366195e-01
   5.2017331460525396e-01
   5.2969916218321855e-01
   5.3851434329775549e-01
   5.4650928122519793e-01
   5.5358041199067221e-01
   5.5963277327558081e-01
   5.6458254320399126e-01
   5.6835940889468306e-01
   5.7090864353743132e-01
   5.7219277903226273e-01
   5.7219277903226273e-01
   5.7090864353743132e-01
   5.6835940889468295e-01
   5.6458254320399115e-01
   5.5963277327558070e-01
   5.5358041199067209e-01
   5.4650928122519782e-01
   5.3851434329775549e-01
   5.2969916218321844e-01
   5.2017331460525384e-01
   5.1004986169366195e-01
   4.9944297600529858e-01
   4.8846579859669087e-01
   4.7722857880160152e-01
   4.6583712748917883e-01
   4.5439159452714190e-01
   4.4298556410913670e-01
   4.3170544816587419e-01
   4.2063014844347096e-01
   4.0983095181235590e-01
   3.9937162052781261e-01
   3.8930863891882445e-01
   3.7969157970706185e-01
   3.7056355624597437e-01
   3.6196173088228106e-01
   3.5391785393278480e-01
   3.4645881209322921e-01
   3.3960716920452250e-01
   3.3338168603219548e-01
   3.2779780897502170e-01
   3.2286812037060569e-01
   3.1860274531164001e-01
