   1.3897860209931825e-01
   1.4497797768189219e-01
   1.5224027818717228e-01
   1.6082243215281919e-01
   1.7079051370703580e-01
   1.8221954259094111e-01
   1.9519311139693096e-01
   2.0980276402887107e-01
   2.2614702735452233e-01
   2.4432997123430297e-01
   2.6445914036230089e-01
   2.8664266506033953e-01
   3.1098531885942737e-01
   3.3758325177571596e-01
   3.6651709591428566e-01
   3.9784312490650425e-01
   4.3158216696521462e-01
   4.6770604650224357e-01
   5.0612149263763573e-01
   5.4665174231950453e-01
   5.8901651985296943e-01
   6.3281172072825465e-01
   6.7749096021488286e-01
   7.2235209680831669e-01
   7.6653273848237602e-01
   8.0901929297630493e-01
   8.4867392852328494e-01
   8.8428243980021959e-01
   9.1462318984569146e-01
   9.3855314411671731e-01
   9.5510225293124584e-01
   9.6356340034264021e-01
   9.6356340034264043e-01
   9.5510225293124662e-01
   9.3855314411671842e-01
   9.1462318984569302e-01
   8.8428243980022159e-01
   8.4867392852328705e-01
   8.0901929297630726e-01
   7.6653273848237846e-01
   7.2235209680831935e-01
   6.7749096021488542e-01
   6.3281172072825720e-01
   5.8901651985297188e-01
   5.4665174231950675e-01
   5.0612149263763795e-01
   4.6770604650224562e-01
   4.3158216696521656e-01
   3.9784312490650608e-01
   3.6651709591428733e-01
   3.3758325177571752e-01
   3.1098531885942871e-01
   2.8664266506034081e-01
   2.6445914036230200e-01
   2.4432997123430397e-01
   2.2614702735452322e-01
   2.0980276402887185e-01
   1.9519311139693160e-01
   1.8221954259094164e-01
   1.7079051370703624e-01
   1.6082243215281955e-01
   1.5224027818717253e-01
   1.4497797768189236e-01
   1.3897860209931834e-01
   1.3171343462003129e-01
   1.2316735140168045e-01
   1.1574887002685275e-01
   1.0939417706859751e-01
   1.0404800004532400e-01
   9.9663426595421559e-02
   9.6201715192960335e-02
   9.3632115679866998e-02
   9.1931712737293433e-02
   9.1085301499941734e-02
   9.1085301499941734e-02
   9.1931712737293475e-02
   9.3632115679867040e-02
   9.6201715192960419e-02
   9.9663426595421670e-02
   1.0404800004532411e-01
   1.0939417706859766e-01
   1.1574887002685291e-01
   1.2316735140168066e-01
   1.3171343462003152e-01
   1.3897860209931837e-01
   1.4497797768189197e-01
   1.5224027818717170e-01
   1.6082243215281825e-01
   1.7079051370703449e-01
   1.8221954259093942e-01
   1.9519311139692883e-01
   2.0980276402886858e-01
   2.2614702735451941e-01
   2.4432997123429956e-01
   2.6445914036229706e-01
   2.8664266506033520e-01
   3.1098531885942249e-01
   3.3758325177571064e-01
   3.6651709591427967e-01
   3.9784312490649781e-01
   4.3158216696520763e-01
   4.6770604650223596e-01
   5.0612149263762762e-01
   5.4665174231949598e-01
   5.8901651985296055e-01
   6.3281172072824543e-01
   6.7749096021487354e-01
   7.2235209680830748e-01
   7.6653273848236703e-01
   8.0901929297629638e-01
   8.4867392852327717e-01
   8.8428243980021282e-01
   9.1462318984568580e-01
   9.3855314411671331e-01
   9.5510225293124340e-01
   9.6356340034263943e-01
   9.6356340034264143e-01
   9.5510225293124928e-01
   9.3855314411672286e-01
   9.1462318984569879e-01
   8.8428243980022847e-01
   8.4867392852329493e-01
   8.0901929297631592e-01
   7.6653273848238745e-01
   7.2235209680832846e-01
   6.7749096021489474e-01
   6.3281172072826630e-01
   5.8901651985298065e-01
   5.4665174231951519e-01
   5.0612149263764594e-01
   4.6770604650225311e-01
   4.3158216696522350e-01
   3.9784312490651258e-01
   3.6651709591429327e-01
   3.3758325177572296e-01
   3.1098531885943370e-01
   2.8664266506034530e-01
   2.6445914036230606e-01
   2.4432997123430752e-01
   2.2614702735452638e-01
   2.0980276402887463e-01
   1.9519311139693399e-01
   1.8221954259094369e-01
   1.7079051370703793e-01
   1.6082243215282091e-01
   1.5224027818717356e-01
   1.4497797768189308e-01
   1.3897860209931873e-01
