  -2.2730909092297744e-01
  -2.2920734401551510e-01
  -2.3114907068438142e-01
  -2.3919626454833642e-01
  -2.4944385142497610e-01
  -2.5911000764041914e-01
  -2.6775182572992440e-01
  -2.7653287724444775e-01
  -2.8643317650076366e-01
  -2.9814310581023962e-01
  -3.1027368051057203e-01
  -3.2243191343315458e-01
  -3.3550975654557935e-01
  -3.5008288861703163e-01
  -3.6634496674295886e-01
  -3.8456079626827994e-01
  -4.0515949473247093e-01
  -4.3242962709246346e-01
  -4.5944082883292381e-01
  -4.8618527803390138e-01
  -5.1559266547390847e-01
  -5.4968301131137709e-01
  -5.8791799801518718e-01
  -6.3118803859490868e-01
  -6.7587354143456291e-01
  -7.2108143408281833e-01
  -7.8042894008037222e-01
  -8.3954782559286745e-01
  -8.9582951087064233e-01
  -9.5470939462774373e-01
  -1.0208576562938350e+00
