   1.4270437914222067e-01
   1.4614358994248874e-01
   1.5830752916486698e-01
   1.8506291702309591e-01
   2.3651930102596430e-01
   3.2888768007252678e-01
   4.8060212521243884e-01
   6.9175920957729631e-01
   8.7764367286907274e-01
   8.7764367286907219e-01
   6.9175920957729498e-01
   4.8060212521243784e-01
   3.2888768007252617e-01
   2.3651930102596397e-01
   1.8506291702309582e-01
   1.5830752916486696e-01
   1.4614358994248877e-01
   1.4270437914222067e-01
   1.4270437914222067e-01
   1.3860019959472511e-01
   1.2717192210035053e-01
   1.1076481304770501e-01
   9.2416720757988305e-02
   7.5002599421253840e-02
   6.0660881102746436e-02
   5.0653258994168213e-02
   4.5555800941597197e-02
   4.5555800941597155e-02
   5.0653258994168088e-02
   6.0660881102746228e-02
   7.5002599421253535e-02
   9.2416720757987902e-02
   1.1076481304770452e-01
   1.2717192210034994e-01
   1.3860019959472442e-01
   1.4270437914221998e-01
   1.4270437914221998e-01
   1.4614358994248808e-01
   1.5830752916486637e-01
   1.8506291702309541e-01
   2.3651930102596391e-01
   3.2888768007252656e-01
   4.8060212521243867e-01
   6.9175920957729620e-01
   8.7764367286907286e-01
   8.7764367286907219e-01
   6.9175920957729486e-01
   4.8060212521243750e-01
   3.2888768007252572e-01
   2.3651930102596341e-01
   1.8506291702309521e-01
   1.5830752916486632e-01
   1.4614358994248805e-01
   1.4270437914221998e-01
