   1.2463640322560260e-01
   1.2790250937701592e-01
   1.3956471444546337e-01
   1.6573737674951050e-01
   2.1706551574269936e-01
   3.1211398584623434e-01
   4.7439121169987514e-01
   7.1275910724143610e-01
   9.3410421273130451e-01
   9.3410421273130229e-01
   7.1275910724143210e-01
   4.7439121169987208e-01
   3.1211398584623234e-01
   2.1706551574269822e-01
   1.6573737674950995e-01
   1.3956471444546314e-01
   1.2790250937701586e-01
   1.2463640322560260e-01
   1.2463640322560260e-01
   1.2075554490351324e-01
   1.0999297521803063e-01
   9.4659919887614491e-02
   7.7691559187554909e-02
   6.1780491298127585e-02
   4.8836179685896396e-02
   3.9899759927074493e-02
   3.5381357665023115e-02
   3.5381357665023108e-02
   3.9899759927074473e-02
   4.8836179685896354e-02
   6.1780491298127529e-02
   7.7691559187554826e-02
   9.4659919887614380e-02
   1.0999297521803046e-01
   1.2075554490351301e-01
   1.2463640322560234e-01
   1.2463640322560234e-01
   1.2790250937701561e-01
   1.3956471444546292e-01
   1.6573737674950983e-01
   2.1706551574269831e-01
   3.1211398584623262e-01
   4.7439121169987264e-01
   7.1275910724143310e-01
   9.3410421273130295e-01
   9.3410421273130406e-01
   7.1275910724143499e-01
   4.7439121169987430e-01
   3.1211398584623373e-01
   2.1706551574269903e-01
   1.6573737674951028e-01
   1.3956471444546317e-01
   1.2790250937701567e-01
   1.2463640322560234e-01
