   3.1345178665753270e-01
   3.1538018345949342e-01
   3.2150428355045446e-01
   3.3266031046098554e-01
   3.4962239771189774e-01
   3.7215415940717961e-01
   3.9784383245555510e-01
   4.2142175361537904e-01
   4.3586222079782821e-01
   4.3586222079782827e-01
   4.2142175361537915e-01
   3.9784383245555538e-01
   3.7215415940718000e-01
   3.4962239771189824e-01
   3.3266031046098604e-01
   3.2150428355045479e-01
   3.1538018345949348e-01
   3.1345178665753270e-01
   3.1345178665753270e-01
   3.1105649480817021e-01
   3.0413143783596697e-01
   2.9346778838442578e-01
   2.8037701131606496e-01
   2.6658912748590807e-01
   2.5402420356366689e-01
   2.4448153164359085e-01
   2.3933927920869913e-01
   2.3933927920869913e-01
   2.4448153164359088e-01
   2.5402420356366695e-01
   2.6658912748590813e-01
   2.8037701131606502e-01
   2.9346778838442578e-01
   3.0413143783596686e-01
   3.1105649480816994e-01
   3.1345178665753237e-01
   3.1345178665753237e-01
   3.1538018345949309e-01
   3.2150428355045424e-01
   3.3266031046098543e-01
   3.4962239771189779e-01
   3.7215415940717972e-01
   3.9784383245555538e-01
   4.2142175361537942e-01
   4.3586222079782871e-01
   4.3586222079782877e-01
   4.2142175361537959e-01
   3.9784383245555571e-01
   3.7215415940718016e-01
   3.4962239771189824e-01
   3.3266031046098582e-01
   3.2150428355045457e-01
   3.1538018345949315e-01
   3.1345178665753237e-01
