   2.3825054079575084e-01
   2.4178164187317577e-01
   2.5365167604669109e-01
   2.7751629059704203e-01
   3.1873878819876350e-01
   3.8263552795455880e-01
   4.6965042275101759e-01
   5.6559652161789131e-01
   6.3365423167131762e-01
   6.3365423167131785e-01
   5.6559652161789198e-01
   4.6965042275101837e-01
   3.8263552795455957e-01
   3.1873878819876417e-01
   2.7751629059704253e-01
   2.5365167604669137e-01
   2.4178164187317586e-01
   2.3825054079575084e-01
   2.3825054079575084e-01
   2.3395266133574302e-01
   2.2176118992024338e-01
   2.0364304597724558e-01
   1.8242718511954614e-01
   1.6122537174399923e-01
   1.4285965416965241e-01
   1.2948559745653365e-01
   1.2247560949376640e-01
   1.2247560949376630e-01
   1.2948559745653337e-01
   1.4285965416965193e-01
   1.6122537174399856e-01
   1.8242718511954531e-01
   2.0364304597724461e-01
   2.2176118992024221e-01
   2.3395266133574169e-01
   2.3825054079574942e-01
   2.3825054079574942e-01
   2.4178164187317430e-01
   2.5365167604668964e-01
   2.7751629059704053e-01
   3.1873878819876200e-01
   3.8263552795455730e-01
   4.6965042275101621e-01
   5.6559652161789054e-01
   6.3365423167131807e-01
   6.3365423167131918e-01
   5.6559652161789320e-01
   4.6965042275101920e-01
   3.8263552795455974e-01
   3.1873878819876372e-01
   2.7751629059704169e-01
   2.5365167604669026e-01
   2.4178164187317450e-01
   2.3825054079574942e-01
