   3.2684190883007685e-01
   3.2745536272338011e-01
   3.2935323217789975e-01
   3.3265224030110357e-01
   3.3737125444146560e-01
   3.4321703145360716e-01
   3.4941511766793060e-01
   3.5473884236616515e-01
   3.5784779260976962e-01
   3.5784779260976968e-01
   3.5473884236616532e-01
   3.4941511766793087e-01
   3.4321703145360749e-01
   3.3737125444146593e-01
   3.3265224030110396e-01
   3.2935323217790002e-01
   3.2745536272338016e-01
   3.2684190883007685e-01
   3.2684190883007685e-01
   3.2607295331210895e-01
   3.2383048188977137e-01
   3.2031959423821443e-01
   3.1590966489102057e-01
   3.1113961444627664e-01
   3.0667470721190526e-01
   3.0320496846061085e-01
   3.0130601073417634e-01
   3.0130601073417634e-01
   3.0320496846061085e-01
   3.0667470721190521e-01
   3.1113961444627652e-01
   3.1590966489102035e-01
   3.2031959423821410e-01
   3.2383048188977093e-01
   3.2607295331210839e-01
   3.2684190883007619e-01
   3.2684190883007619e-01
   3.2745536272337944e-01
   3.2935323217789919e-01
   3.3265224030110319e-01
   3.3737125444146537e-01
   3.4321703145360727e-01
   3.4941511766793104e-01
   3.5473884236616587e-01
   3.5784779260977045e-01
   3.5784779260977051e-01
   3.5473884236616593e-01
   3.4941511766793126e-01
   3.4321703145360760e-01
   3.3737125444146571e-01
   3.3265224030110352e-01
   3.2935323217789947e-01
   3.2745536272337955e-01
   3.2684190883007619e-01
