   3.2708966827335506e-01
   3.2763064485641241e-01
   3.2930219246934433e-01
   3.3220121526349150e-01
   3.3633582466658879e-01
   3.4144056183067784e-01
   3.4683464402305902e-01
   3.5145394253200968e-01
   3.5414589503857835e-01
   3.5414589503857846e-01
   3.5145394253200996e-01
   3.4683464402305941e-01
   3.4144056183067822e-01
   3.3633582466658918e-01
   3.3220121526349189e-01
   3.2930219246934461e-01
   3.2763064485641252e-01
   3.2708966827335506e-01
   3.2708966827335506e-01
   3.2641126771643975e-01
   3.2443205518230156e-01
   3.2133083020343911e-01
   3.1743103102671522e-01
   3.1320706426606154e-01
   3.0924781019108338e-01
   3.0616728230329843e-01
   3.0447993403431045e-01
   3.0447993403431040e-01
   3.0616728230329820e-01
   3.0924781019108311e-01
   3.1320706426606137e-01
   3.1743103102671505e-01
   3.2133083020343906e-01
   3.2443205518230145e-01
   3.2641126771643952e-01
   3.2708966827335478e-01
   3.2708966827335478e-01
   3.2763064485641219e-01
   3.2930219246934411e-01
   3.3220121526349139e-01
   3.3633582466658890e-01
   3.4144056183067811e-01
   3.4683464402305952e-01
   3.5145394253201045e-01
   3.5414589503857935e-01
   3.5414589503857952e-01
   3.5145394253201084e-01
   3.4683464402306002e-01
   3.4144056183067861e-01
   3.3633582466658940e-01
   3.3220121526349189e-01
   3.2930219246934445e-01
   3.2763064485641230e-01
   3.2708966827335478e-01
