   1.8618679803776669e-01
   1.8984486758552466e-01
   2.0249212081271439e-01
   2.2917237003879473e-01
   2.7811984088764269e-01
   3.6023588466628792e-01
   4.8387293431238498e-01
   6.3747975148291658e-01
   7.5875741535368546e-01
   7.5875741535368524e-01
   6.3747975148291602e-01
   4.8387293431238448e-01
   3.6023588466628759e-01
   2.7811984088764258e-01
   2.2917237003879476e-01
   2.0249212081271450e-01
   1.8984486758552468e-01
   1.8618679803776669e-01
   1.8618679803776669e-01
   1.8178099346228499e-01
   1.6940587575849017e-01
   1.5134809200162133e-01
   1.3070803434721501e-01
   1.1062738512580964e-01
   9.3678045970345195e-02
   8.1599337850786019e-02
   7.5358508393754117e-02
   7.5358508393754089e-02
   8.1599337850785950e-02
   9.3678045970345042e-02
   1.1062738512580939e-01
   1.3070803434721467e-01
   1.5134809200162092e-01
   1.6940587575848970e-01
   1.8178099346228441e-01
   1.8618679803776608e-01
   1.8618679803776608e-01
   1.8984486758552405e-01
   2.0249212081271384e-01
   2.2917237003879415e-01
   2.7811984088764202e-01
   3.6023588466628714e-01
   4.8387293431238421e-01
   6.3747975148291591e-01
   7.5875741535368546e-01
   7.5875741535368579e-01
   6.3747975148291669e-01
   4.8387293431238482e-01
   3.6023588466628764e-01
   2.7811984088764241e-01
   2.2917237003879443e-01
   2.0249212081271400e-01
   1.8984486758552410e-01
   1.8618679803776608e-01
