   3.2250310441793301e-01
   3.2377662613518243e-01
   3.2776497583566794e-01
   3.3485188295162366e-01
   3.4528400666041392e-01
   3.5863490391816583e-01
   3.7327135164866387e-01
   3.8622539953623886e-01
   3.9395230925502062e-01
   3.9395230925502073e-01
   3.8622539953623913e-01
   3.7327135164866421e-01
   3.5863490391816621e-01
   3.4528400666041442e-01
   3.3485188295162410e-01
   3.2776497583566822e-01
   3.2377662613518249e-01
   3.2250310441793301e-01
   3.2250310441793301e-01
   3.2091351670937751e-01
   3.1629658144741546e-01
   3.0912433165294062e-01
   3.0021293875120419e-01
   2.9069610826863129e-01
   2.8190292224305846e-01
   2.7514593599072606e-01
   2.7147601600368526e-01
   2.7147601600368521e-01
   2.7514593599072590e-01
   2.8190292224305818e-01
   2.9069610826863090e-01
   3.0021293875120381e-01
   3.0912433165294023e-01
   3.1629658144741496e-01
   3.2091351670937690e-01
   3.2250310441793234e-01
   3.2250310441793234e-01
   3.2377662613518177e-01
   3.2776497583566727e-01
   3.3485188295162305e-01
   3.4528400666041348e-01
   3.5863490391816555e-01
   3.7327135164866387e-01
   3.8622539953623908e-01
   3.9395230925502100e-01
   3.9395230925502128e-01
   3.8622539953623969e-01
   3.7327135164866465e-01
   3.5863490391816638e-01
   3.4528400666041420e-01
   3.3485188295162366e-01
   3.2776497583566766e-01
   3.2377662613518188e-01
   3.2250310441793234e-01
