   2.3616529203368949e-01
   2.4330509126464692e-01
   2.5127846894663741e-01
   2.6009364088752240e-01
   2.6975753732899699e-01
   2.8027506679063019e-01
   2.9164825664288402e-01
   3.0387525976917307e-01
   3.1694921880801391e-01
   3.3085698312375428e-01
   3.4557767926581928e-01
   3.6108114370149053e-01
   3.7732623749636113e-01
   3.9425907674353738e-01
   4.1181123010446585e-01
   4.2989795570536621e-01
   4.4841657323538786e-01
   4.6724509214356957e-01
   4.8624124120041717e-01
   5.0524206525594140e-01
   5.2406426767181968e-01
   5.4250547671663052e-01
   5.6034659597080294e-01
   5.7735535780708147e-01
   5.9329113231103359e-01
   6.0791095167324150e-01
   6.2097659657095550e-01
   6.3226246598317160e-01
   6.4156382990758454e-01
   6.4870496382658194e-01
   6.5354660352771865e-01
   6.5599215495712826e-01
   6.5599215495712826e-01
   6.5354660352771843e-01
   6.4870496382658183e-01
   6.4156382990758443e-01
   6.3226246598317148e-01
   6.2097659657095505e-01
   6.0791095167324116e-01
   5.9329113231103325e-01
   5.7735535780708103e-01
   5.6034659597080250e-01
   5.4250547671663008e-01
   5.2406426767181913e-01
   5.0524206525594084e-01
   4.8624124120041667e-01
   4.6724509214356902e-01
   4.4841657323538736e-01
   4.2989795570536571e-01
   4.1181123010446535e-01
   3.9425907674353694e-01
   3.7732623749636068e-01
   3.6108114370149003e-01
   3.4557767926581889e-01
   3.3085698312375389e-01
   3.1694921880801352e-01
   3.0387525976917268e-01
   2.9164825664288374e-01
   2.8027506679062997e-01
   2.6975753732899682e-01
   2.6009364088752229e-01
   2.5127846894663741e-01
   2.4330509126464692e-01
   2.3616529203368952e-01
   2.2657523756202111e-01
   2.1455124172155884e-01
   2.0334638998727206e-01
   1.9293694620202426e-01
   1.8329811051905640e-01
   1.7440467902667967e-01
   1.6623158183935635e-01
   1.5875431800307205e-01
   1.5194930371018778e-01
   1.4579414839744459e-01
   1.4026787142145264e-01
   1.3535107023707954e-01
   1.3102604938309587e-01
   1.2727691812216246e-01
   1.2408966329015512e-01
   1.2145220277494914e-01
   1.1935442405343989e-01
   1.1778821135089612e-01
   1.1674746423035090e-01
   1.1622810975280008e-01
   1.1622810975280010e-01
   1.1674746423035097e-01
   1.1778821135089620e-01
   1.1935442405344002e-01
   1.2145220277494934e-01
   1.2408966329015533e-01
   1.2727691812216271e-01
   1.3102604938309617e-01
   1.3535107023707987e-01
   1.4026787142145300e-01
   1.4579414839744498e-01
   1.5194930371018822e-01
   1.5875431800307255e-01
   1.6623158183935691e-01
   1.7440467902668025e-01
   1.8329811051905701e-01
   1.9293694620202492e-01
   2.0334638998727275e-01
   2.1455124172155959e-01
   2.2657523756202186e-01
   2.3616529203369024e-01
   2.4330509126464764e-01
   2.5127846894663819e-01
   2.6009364088752313e-01
   2.6975753732899765e-01
   2.8027506679063080e-01
   2.9164825664288457e-01
   3.0387525976917362e-01
   3.1694921880801458e-01
   3.3085698312375494e-01
   3.4557767926581995e-01
   3.6108114370149119e-01
   3.7732623749636185e-01
   3.9425907674353811e-01
   4.1181123010446652e-01
   4.2989795570536687e-01
   4.4841657323538853e-01
   4.6724509214357018e-01
   4.8624124120041778e-01
   5.0524206525594195e-01
   5.2406426767182024e-01
   5.4250547671663107e-01
   5.6034659597080350e-01
   5.7735535780708191e-01
   5.9329113231103403e-01
   6.0791095167324183e-01
   6.2097659657095561e-01
   6.3226246598317182e-01
   6.4156382990758454e-01
   6.4870496382658183e-01
   6.5354660352771832e-01
   6.5599215495712793e-01
   6.5599215495712770e-01
   6.5354660352771776e-01
   6.4870496382658105e-01
   6.4156382990758343e-01
   6.3226246598317049e-01
   6.2097659657095416e-01
   6.0791095167324016e-01
   5.9329113231103225e-01
   5.7735535780708003e-01
   5.6034659597080161e-01
   5.4250547671662919e-01
   5.2406426767181824e-01
   5.0524206525594006e-01
   4.8624124120041590e-01
   4.6724509214356830e-01
   4.4841657323538675e-01
   4.2989795570536515e-01
   4.1181123010446491e-01
   3.9425907674353650e-01
   3.7732623749636035e-01
   3.6108114370148986e-01
   3.4557767926581878e-01
   3.3085698312375383e-01
   3.1694921880801352e-01
   3.0387525976917279e-01
   2.9164825664288391e-01
   2.8027506679063025e-01
   2.6975753732899715e-01
   2.6009364088752274e-01
   2.5127846894663791e-01
   2.4330509126464755e-01
   2.3616529203369022e-01
