   4.1759038931062115e-01
   3.9860654002265100e-01
   3.8285355645255120e-01
   3.7029460585558810e-01
   3.6089242931358617e-01
   3.5461469899500447e-01
   3.5143776967976847e-01
   3.5134905762055385e-01
   3.5434820552582702e-01
   3.6044711471386232e-01
   3.6966884670633049e-01
   3.8204531772685835e-01
   3.9761363172844727e-01
   4.1641082298055465e-01
   4.3846671300223761e-01
   4.6379453846093283e-01
   4.9237899306404548e-01
   5.2416137295954868e-01
   5.5902165792392444e-01
   5.9675764622378280e-01
   6.3706174171804719e-01
   6.7949671270063816e-01
   7.2347271663272206e-01
   7.6822905611564951e-01
   8.1282532217854331e-01
   8.5614745131692971e-01
   8.9693426796286624e-01
   9.3382872269732253e-01
   9.6545482862560006e-01
   9.9051627648539786e-01
   1.0079066938884562e+00
   1.0168161776729565e+00
   1.0168161776729572e+00
   1.0079066938884573e+00
   9.9051627648539953e-01
   9.6545482862560228e-01
   9.3382872269732509e-01
   8.9693426796286924e-01
   8.5614745131693304e-01
   8.1282532217854675e-01
   7.6822905611565306e-01
   7.2347271663272561e-01
   6.7949671270064160e-01
   6.3706174171805063e-01
   5.9675764622378602e-01
   5.5902165792392744e-01
   5.2416137295955145e-01
   4.9237899306404814e-01
   4.6379453846093538e-01
   4.3846671300223999e-01
   4.1641082298055687e-01
   3.9761363172844921e-01
   3.8204531772686018e-01
   3.6966884670633210e-01
   3.6044711471386376e-01
   3.5434820552582824e-01
   3.5134905762055496e-01
   3.5143776967976942e-01
   3.5461469899500525e-01
   3.6089242931358689e-01
   3.7029460585558865e-01
   3.8285355645255159e-01
   3.9860654002265128e-01
   4.1759038931062126e-01
   4.5136972903495354e-01
   5.0007552607330485e-01
   5.5207473073789759e-01
   6.0710570950134968e-01
   6.6469611494422021e-01
   7.2411504129241711e-01
   7.8433084120021002e-01
   8.4398492980447326e-01
   9.0139496363280358e-01
   9.5460185897702954e-01
   1.0014721424085311e+00
   1.0398583564867256e+00
   1.0678056644693514e+00
   1.0837755589876881e+00
   1.0868441262200290e+00
   1.0768300550744765e+00
   1.0543205252167636e+00
   1.0205882759819922e+00
   9.7742101727985298e-01
   9.2690384007067350e-01
   8.7120000234768391e-01
   8.1236641538430232e-01
   7.5222373830964395e-01
   6.9228455282789314e-01
   6.3373144081661570e-01
   5.7743125694480468e-01
   5.2397133844953192e-01
   4.7370576501290601e-01
   4.2680321262343335e-01
   3.8329123251782171e-01
   3.4309437189966380e-01
   3.0606532087347238e-01
   2.7200933067263516e-01
   2.4070268826405605e-01
   2.1190623198973521e-01
   1.8537489357134998e-01
   1.6086415151470132e-01
   1.3813414112296832e-01
   1.1695202189461822e-01
   9.7093071595285019e-02
   8.3114484212080383e-02
   7.4826687696741931e-02
   6.7366494581429348e-02
   6.0652770647749973e-02
   5.4612127900481686e-02
   4.9178264586852607e-02
   4.4291341284668155e-02
   3.9897397675685814e-02
   3.5947811974996725e-02
   3.2398803186633893e-02
   2.9210975164224079e-02
   2.6348900699565254e-02
   2.3780743414430476e-02
   2.1477914999133950e-02
   1.9414765258437761e-02
   1.7568302442994885e-02
   1.5917941428223906e-02
   1.4445277427826184e-02
   1.3133883078904082e-02
   1.1969126897908640e-02
   1.0938011273327237e-02
   1.0029028326733627e-02
   9.2320321351291122e-03
   8.5381259623487360e-03
   7.9395632946066240e-03
   7.4296616146031641e-03
   7.0027279800731817e-03
   6.6539955965946142e-03
   6.3795706914879131e-03
   6.1763891064406974e-03
   6.0421821318990586e-03
   5.9754512071368117e-03
   5.9754512071368117e-03
   6.0421821318990578e-03
   6.1763891064406965e-03
   6.3795706914879123e-03
   6.6539955965946133e-03
   7.0027279800731809e-03
   7.4296616146031624e-03
   7.9395632946066223e-03
   8.5381259623487343e-03
   9.2320321351291104e-03
   1.0029028326733627e-02
   1.0938011273327237e-02
   1.1969126897908640e-02
   1.3133883078904080e-02
   1.4445277427826187e-02
   1.5917941428223906e-02
   1.7568302442994888e-02
   1.9414765258437768e-02
   2.1477914999133957e-02
   2.3780743414430476e-02
   2.6348900699565254e-02
   2.9210975164224082e-02
   3.2398803186633886e-02
   3.5947811974996725e-02
   3.9897397675685814e-02
   4.4291341284668155e-02
   4.9178264586852601e-02
   5.4612127900481679e-02
   6.0652770647749966e-02
   6.7366494581429334e-02
   7.4826687696741917e-02
   8.3114484212080383e-02
