   6.1389094203341310e-01
   5.8883396747361871e-01
   5.6640267491169838e-01
   5.4677997136686762e-01
   5.3009878788749465e-01
   5.1645294540814102e-01
   5.0590648241819181e-01
   4.9850125691309810e-01
   4.9426276229883342e-01
   4.9320416438133891e-01
   4.9532859080285335e-01
   5.0062970019579744e-01
   5.0909053889291100e-01
   5.2068066987444184e-01
   5.3535154299586485e-01
   5.5303007939777404e-01
   5.7361047995041137e-01
   5.9694435317158134e-01
   6.2282940900133266e-01
   6.5099719646382470e-01
   6.8110068439527116e-01
   7.1270288891754785e-01
   7.4526820662744730e-01
   7.7815854702165665e-01
   8.1063665225335257e-01
   8.4187898345692480e-01
   8.7100005907885591e-01
   8.9708900895705379e-01
   9.1925733708849500e-01
   9.3669465198674906e-01
   9.4872685994762407e-01
   9.5486964809809727e-01
   9.5486964809809749e-01
   9.4872685994762440e-01
   9.3669465198674950e-01
   9.1925733708849555e-01
   8.9708900895705457e-01
   8.7100005907885691e-01
   8.4187898345692569e-01
   8.1063665225335368e-01
   7.7815854702165776e-01
   7.4526820662744830e-01
   7.1270288891754885e-01
   6.8110068439527227e-01
   6.5099719646382570e-01
   6.2282940900133354e-01
   5.9694435317158212e-01
   5.7361047995041214e-01
   5.5303007939777471e-01
   5.3535154299586563e-01
   5.2068066987444250e-01
   5.0909053889291167e-01
   5.0062970019579811e-01
   4.9532859080285391e-01
   4.9320416438133940e-01
   4.9426276229883387e-01
   4.9850125691309849e-01
   5.0590648241819214e-01
   5.1645294540814135e-01
   5.3009878788749498e-01
   5.4677997136686785e-01
   5.6640267491169849e-01
   5.8883396747361882e-01
   6.1389094203341310e-01
   6.5555769521502705e-01
   7.1339773248200433e-01
   7.7222386339613358e-01
   8.3076765542260977e-01
   8.8744843273119756e-01
   9.4041051850971569e-01
   9.8761121414624597e-01
   1.0269638155641427e+00
   1.0565272771293592e+00
   1.0747182560842237e+00
   1.0805076197795518e+00
   1.0735589241479373e+00
   1.0542754666585210e+00
   1.0237439872145890e+00
   9.8358925383917373e-01
   9.3577434660587355e-01
   8.8238924577685962e-01
   8.2546467022402326e-01
   7.6683397273373544e-01
   7.0805013017341911e-01
   6.5035263210511973e-01
   5.9467240111916675e-01
   5.4166122083804447e-01
   4.9173373869472869e-01
   4.4511313377597261e-01
   4.0187470406337206e-01
   3.6198425651129029e-01
   3.2533006547299376e-01
   2.9174835109136377e-01
   2.6104287691457534e-01
   2.3299954626902211e-01
   2.0739693251862223e-01
   1.8401361241511266e-01
   1.6263305153051830e-01
   1.4304665615915949e-01
   1.2505547834034114e-01
   1.0847094936844733e-01
   9.3114925167950321e-02
   7.8819253527476429e-02
   6.5425016131193267e-02
   5.6000113201904081e-02
   5.0414381344980823e-02
   4.5387936816274337e-02
   4.0865438534315651e-02
   3.6796980088044169e-02
   3.3137582554852940e-02
   2.9846728992958801e-02
   2.6887938995280421e-02
   2.4228381175048157e-02
   2.1838521171438464e-02
   1.9691802644345370e-02
   1.7764358718828158e-02
   1.6034751404425424e-02
   1.4483736625797215e-02
   1.3094052640288891e-02
   1.1850229771924750e-02
   1.0738419551061310e-02
   9.7462415084308435e-03
   8.8626460276611564e-03
   8.0777918091386701e-03
   7.3829366389104208e-03
   6.7703402885516189e-03
   6.2331784954173762e-03
   5.7654670876485271e-03
   5.3619954251340595e-03
   5.0182684269109807e-03
   4.7304565478556628e-03
   4.4953531536849906e-03
   4.3103388239575562e-03
   4.1733521886654348e-03
   4.0828669758507007e-03
   4.0378750161715370e-03
   4.0378750161715379e-03
   4.0828669758507016e-03
   4.1733521886654365e-03
   4.3103388239575579e-03
   4.4953531536849941e-03
   4.7304565478556663e-03
   5.0182684269109842e-03
   5.3619954251340630e-03
   5.7654670876485323e-03
   6.2331784954173814e-03
   6.7703402885516241e-03
   7.3829366389104268e-03
   8.0777918091386753e-03
   8.8626460276611634e-03
   9.7462415084308505e-03
   1.0738419551061315e-02
   1.1850229771924755e-02
   1.3094052640288897e-02
   1.4483736625797220e-02
   1.6034751404425431e-02
   1.7764358718828165e-02
   1.9691802644345374e-02
   2.1838521171438471e-02
   2.4228381175048167e-02
   2.6887938995280431e-02
   2.9846728992958808e-02
   3.3137582554852954e-02
   3.6796980088044176e-02
   4.0865438534315658e-02
   4.5387936816274350e-02
   5.0414381344980830e-02
   5.6000113201904088e-02
