   9.9494827707666056e-01
   9.5192802142718835e-01
   9.0763082040071796e-01
   8.6355729885922805e-01
   8.2099605659070940e-01
   7.8100723038737696e-01
   7.4442998973657204e-01
   7.1190523830967989e-01
   6.8390594044826691e-01
   6.6076933826436446e-01
   6.4272720129916849e-01
   6.2993180285528949e-01
   6.2247642854984864e-01
   6.2040991678308155e-01
   6.2374509441391413e-01
   6.3246110771283726e-01
   6.4649965868505588e-01
   6.6575513262103825e-01
   6.9005863398431999e-01
   7.1915612853683331e-01
   7.5268132168057167e-01
   7.9012468876568620e-01
   8.3080128971263478e-01
   8.7382164625703229e-01
   9.1807187204590801e-01
   9.6221100040637519e-01
   1.0046943057168487e+00
   1.0438303564785045e+00
   1.0778756047392661e+00
   1.1051631506449278e+00
   1.1242528560542522e+00
   1.1340807927118044e+00
   1.1340807927118044e+00
   1.1242528560542522e+00
   1.1051631506449278e+00
   1.0778756047392659e+00
   1.0438303564785043e+00
   1.0046943057168485e+00
   9.6221100040637497e-01
   9.1807187204590779e-01
   8.7382164625703218e-01
   8.3080128971263456e-01
   7.9012468876568598e-01
   7.5268132168057156e-01
   7.1915612853683308e-01
   6.9005863398431977e-01
   6.6575513262103803e-01
   6.4649965868505566e-01
   6.3246110771283715e-01
   6.2374509441391401e-01
   6.2040991678308144e-01
   6.2247642854984853e-01
   6.2993180285528938e-01
   6.4272720129916849e-01
   6.6076933826436435e-01
   6.8390594044826691e-01
   7.1190523830967989e-01
   7.4442998973657204e-01
   7.8100723038737696e-01
   8.2099605659070951e-01
   8.6355729885922816e-01
   9.0763082040071807e-01
   9.5192802142718846e-01
   9.9494827707666067e-01
   1.0558122851244820e+00
   1.1315873331805726e+00
   1.1973158866641451e+00
   1.2487487991260999e+00
   1.2821299173926908e+00
   1.2948103091434142e+00
   1.2857390418735657e+00
   1.2556704583084064e+00
   1.2070146873675114e+00
   1.1433845437604686e+00
   1.0689894367536859e+00
   9.8804869127529338e-01
   9.0434809043962905e-01
   8.2098630971454234e-01
   7.4029371615131878e-01
   6.6387326167727423e-01
   5.9270869975967766e-01
   5.2729666860794355e-01
   4.6777492647836355e-01
   4.1403268318703573e-01
   3.6579836009653161e-01
   3.2270547829332646e-01
   2.8433984114529548e-01
   2.5027188218671659e-01
   2.2007784310481029e-01
   1.9335286486936265e-01
   1.6971841166186183e-01
   1.4882584074622765e-01
   1.3035743196449928e-01
   1.1402580374111371e-01
   9.9572354786805248e-02
   8.6765162761463219e-02
   7.5396624094898126e-02
   6.5281016959609667e-02
   5.6252099429548313e-02
   4.8160807651430645e-02
   4.0873087466181679e-02
   3.4267872387102008e-02
   2.8235207674166939e-02
   2.2674512007892701e-02
   1.8811994254863653e-02
   1.6571748155024969e-02
   1.4598656324187302e-02
   1.2860927723375312e-02
   1.1330558082339735e-02
   9.9828810730591706e-03
   8.7961724319387848e-03
   7.7513009252368273e-03
   6.8314207194866850e-03
   6.0217003261207264e-03
   5.3090838381123877e-03
   4.6820806690466982e-03
   4.1305804454240319e-03
   3.6456900954785899e-03
   3.2195905267525153e-03
   2.8454105944183189e-03
   2.5171163369804898e-03
   2.2294136993250852e-03
   1.9776631786269858e-03
   1.7578050195567378e-03
   1.5662937544348632e-03
   1.4000410340556601e-03
   1.2563658281730967e-03
   1.1329511931949081e-03
   1.0278069103363829e-03
   9.3923739201789958e-04
   8.6581433915450929e-04
   8.0635370853658064e-04
   7.5989661896288944e-04
   7.2569388827526239e-04
   7.0319395197644924e-04
   6.9203396863114881e-04
   6.9203396863114870e-04
   7.0319395197644913e-04
   7.2569388827526228e-04
   7.5989661896288933e-04
   8.0635370853658042e-04
   8.6581433915450896e-04
   9.3923739201789925e-04
   1.0278069103363825e-03
   1.1329511931949077e-03
   1.2563658281730960e-03
   1.4000410340556596e-03
   1.5662937544348627e-03
   1.7578050195567374e-03
   1.9776631786269853e-03
   2.2294136993250844e-03
   2.5171163369804898e-03
   2.8454105944183189e-03
   3.2195905267525158e-03
   3.6456900954785908e-03
   4.1305804454240336e-03
   4.6820806690466999e-03
   5.3090838381123903e-03
   6.0217003261207281e-03
   6.8314207194866876e-03
   7.7513009252368299e-03
   8.7961724319387882e-03
   9.9828810730591758e-03
   1.1330558082339738e-02
   1.2860927723375314e-02
   1.4598656324187304e-02
   1.6571748155024973e-02
   1.8811994254863657e-02
