   3.1212629805093894e-01
   3.1615158975098012e-01
   3.2043481564810256e-01
   3.2496262807697207e-01
   3.2972017771240597e-01
   3.3469103142271128e-01
   3.3985709701909794e-01
   3.4519855802497340e-01
   3.5069382189353199e-01
   3.5631948536823038e-01
   3.6205032088663330e-01
   3.6785928804902945e-01
   3.7371757418233476e-01
   3.7959466789939750e-01
   3.8545846925686655e-01
   3.9127543962702976e-01
   3.9701079370151593e-01
   4.0262873512654118e-01
   4.0809273613049329e-01
   4.1336586015874655e-01
   4.1841112500726263e-01
   4.2319190229262021e-01
   4.2767234737591514e-01
   4.3181785215181290e-01
   4.3559551151500336e-01
   4.3897459292527879e-01
   4.4192699741122693e-01
   4.4442769967590551e-01
   4.4645515477492775e-01
   4.4799165918318989e-01
   4.4902365497487584e-01
   4.4954196730008539e-01
   4.4954196730008539e-01
   4.4902365497487584e-01
   4.4799165918318989e-01
   4.4645515477492775e-01
   4.4442769967590556e-01
   4.4192699741122698e-01
   4.3897459292527885e-01
   4.3559551151500342e-01
   4.3181785215181290e-01
   4.2767234737591520e-01
   4.2319190229262021e-01
   4.1841112500726269e-01
   4.1336586015874655e-01
   4.0809273613049329e-01
   4.0262873512654124e-01
   3.9701079370151593e-01
   3.9127543962702982e-01
   3.8545846925686655e-01
   3.7959466789939755e-01
   3.7371757418233481e-01
   3.6785928804902951e-01
   3.6205032088663336e-01
   3.5631948536823044e-01
   3.5069382189353204e-01
   3.4519855802497340e-01
   3.3985709701909800e-01
   3.3469103142271128e-01
   3.2972017771240597e-01
   3.2496262807697213e-01
   3.2043481564810256e-01
   3.1615158975098018e-01
   3.1212629805093894e-01
   3.0642334067126065e-01
   2.9906934809385693e-01
   2.9203137053272998e-01
   2.8532626913623615e-01
   2.7896849233593052e-01
   2.7297031776137098e-01
   2.6734208755998173e-01
   2.6209243380460251e-01
   2.5722849151303623e-01
   2.5275609751724415e-01
   2.4867997400960601e-01
   2.4500389606846298e-01
   2.4173084283585905e-01
   2.3886313229896655e-01
   2.3640253982531673e-01
   2.3435040073249552e-01
   2.3270769724648499e-01
   2.3147513022945826e-01
   2.3065317604665581e-01
   2.3024212890105614e-01
   2.3024212890105619e-01
   2.3065317604665592e-01
   2.3147513022945845e-01
   2.3270769724648518e-01
   2.3435040073249580e-01
   2.3640253982531703e-01
   2.3886313229896694e-01
   2.4173084283585944e-01
   2.4500389606846346e-01
   2.4867997400960654e-01
   2.5275609751724470e-01
   2.5722849151303689e-01
   2.6209243380460323e-01
   2.6734208755998251e-01
   2.7297031776137176e-01
   2.7896849233593135e-01
   2.8532626913623704e-01
   2.9203137053273093e-01
   2.9906934809385793e-01
   3.0642334067126170e-01
   3.1212629805093994e-01
   3.1615158975098107e-01
   3.2043481564810344e-01
   3.2496262807697296e-01
   3.2972017771240675e-01
   3.3469103142271195e-01
   3.3985709701909861e-01
   3.4519855802497396e-01
   3.5069382189353254e-01
   3.5631948536823083e-01
   3.6205032088663369e-01
   3.6785928804902973e-01
   3.7371757418233492e-01
   3.7959466789939766e-01
   3.8545846925686655e-01
   3.9127543962702976e-01
   3.9701079370151582e-01
   4.0262873512654102e-01
   4.0809273613049302e-01
   4.1336586015874610e-01
   4.1841112500726224e-01
   4.2319190229261966e-01
   4.2767234737591459e-01
   4.3181785215181223e-01
   4.3559551151500270e-01
   4.3897459292527813e-01
   4.4192699741122615e-01
   4.4442769967590473e-01
   4.4645515477492692e-01
   4.4799165918318901e-01
   4.4902365497487495e-01
   4.4954196730008450e-01
   4.4954196730008450e-01
   4.4902365497487501e-01
   4.4799165918318901e-01
   4.4645515477492692e-01
   4.4442769967590473e-01
   4.4192699741122615e-01
   4.3897459292527813e-01
   4.3559551151500270e-01
   4.3181785215181229e-01
   4.2767234737591464e-01
   4.2319190229261966e-01
   4.1841112500726224e-01
   4.1336586015874616e-01
   4.0809273613049302e-01
   4.0262873512654107e-01
   3.9701079370151582e-01
   3.9127543962702982e-01
   3.8545846925686661e-01
   3.7959466789939772e-01
   3.7371757418233498e-01
   3.6785928804902979e-01
   3.6205032088663375e-01
   3.5631948536823088e-01
   3.5069382189353254e-01
   3.4519855802497401e-01
   3.3985709701909861e-01
   3.3469103142271195e-01
   3.2972017771240680e-01
   3.2496262807697296e-01
   3.2043481564810344e-01
   3.1615158975098107e-01
   3.1212629805094000e-01
