   5.0594478999944278e-02
   5.4783846471216646e-02
   5.9969165315327387e-02
   6.6244014978955462e-02
   7.3721386773904843e-02
   8.2535529531913704e-02
   9.2844076598197905e-02
   1.0483044088311055e-01
   1.1870644408195340e-01
   1.3471511274630055e-01
   1.5313352141003794e-01
   1.7427548248846012e-01
   1.9849376157138879e-01
   2.2618131772429978e-01
   2.5777080866596203e-01
   2.9373123187372979e-01
   3.3456006328126053e-01
   3.8076857807428066e-01
   4.3285718782817978e-01
   4.9127665720399355e-01
   5.5637014681952357e-01
   6.2829057028713364e-01
   7.0688852890835840e-01
   7.9156938457135628e-01
   8.8112563794403498e-01
   9.7356450956176077e-01
   1.0659709002997324e+00
   1.1544690759458283e+00
   1.2343615117385780e+00
   1.3005115448066955e+00
   1.3479790270271352e+00
   1.3728153752040839e+00
   1.3728153752040957e+00
   1.3479790270271701e+00
   1.3005115448067499e+00
   1.2343615117386477e+00
   1.1544690759459084e+00
   1.0659709002998183e+00
   9.7356450956184848e-01
   8.8112563794412124e-01
   7.9156938457143877e-01
   7.0688852890843556e-01
   6.2829057028720470e-01
   5.5637014681958818e-01
   4.9127665720405161e-01
   4.3285718782823174e-01
   3.8076857807432668e-01
   3.3456006328130117e-01
   2.9373123187376554e-01
   2.5777080866599333e-01
   2.2618131772432715e-01
   1.9849376157141260e-01
   1.7427548248848079e-01
   1.5313352141005576e-01
   1.3471511274631587e-01
   1.1870644408196644e-01
   1.0483044088312157e-01
   9.2844076598207093e-02
   8.2535529531921240e-02
   7.3721386773910796e-02
   6.6244014978960000e-02
   5.9969165315330579e-02
   5.4783846471218541e-02
   5.0594478999944910e-02
   4.5629980027742829e-02
   3.9831636598052292e-02
   3.4785721187606207e-02
   3.0397177335123291e-02
   2.6583245381564993e-02
   2.3271944348765946e-02
   2.0400741627174090e-02
   1.7915390747102803e-02
   1.5768918851807565e-02
   1.3920747105519549e-02
   1.2335928977690286e-02
   1.0984493040169841e-02
   9.8408785371575502e-03
   8.8834535083569203e-03
   8.0941066522348826e-03
   7.4579054084769961e-03
   6.9628139233500934e-03
   6.5994656493771004e-03
   6.3609863342590379e-03
   6.2428640871264405e-03
   6.2428640871264414e-03
   6.3609863342590387e-03
   6.5994656493771038e-03
   6.9628139233500969e-03
   7.4579054084770004e-03
   8.0941066522348896e-03
   8.8834535083569272e-03
   9.8408785371575588e-03
   1.0984493040169852e-02
   1.2335928977690298e-02
   1.3920747105519564e-02
   1.5768918851807583e-02
   1.7915390747102824e-02
   2.0400741627174111e-02
   2.3271944348765967e-02
   2.6583245381565018e-02
   3.0397177335123315e-02
   3.4785721187606235e-02
   3.9831636598052327e-02
   4.5629980027742864e-02
   5.0594478999943925e-02
   5.4783846471215487e-02
   5.9969165315325416e-02
   6.6244014978952631e-02
   7.3721386773901110e-02
   8.2535529531909027e-02
   9.2844076598192146e-02
   1.0483044088310364e-01
   1.1870644408194521e-01
   1.3471511274629092e-01
   1.5313352141002676e-01
   1.7427548248844715e-01
   1.9849376157137383e-01
   2.2618131772428254e-01
   2.5777080866594226e-01
   2.9373123187370725e-01
   3.3456006328123489e-01
   3.8076857807425168e-01
   4.3285718782814725e-01
   4.9127665720395702e-01
   5.5637014681948316e-01
   6.2829057028708901e-01
   7.0688852890830978e-01
   7.9156938457130444e-01
   8.8112563794398058e-01
   9.7356450956170526e-01
   1.0659709002996780e+00
   1.1544690759457774e+00
   1.2343615117385338e+00
   1.3005115448066609e+00
   1.3479790270271137e+00
   1.3728153752040764e+00
   1.3728153752041035e+00
   1.3479790270271919e+00
   1.3005115448067845e+00
   1.2343615117386921e+00
   1.1544690759459595e+00
   1.0659709002998730e+00
   9.7356450956190421e-01
   8.8112563794417598e-01
   7.9156938457149117e-01
   7.0688852890848441e-01
   6.2829057028724977e-01
   5.5637014681962915e-01
   4.9127665720408847e-01
   4.3285718782826454e-01
   3.8076857807435588e-01
   3.3456006328132692e-01
   2.9373123187378825e-01
   2.5777080866601321e-01
   2.2618131772434449e-01
   1.9849376157142773e-01
   1.7427548248849389e-01
   1.5313352141006711e-01
   1.3471511274632558e-01
   1.1870644408197474e-01
   1.0483044088312858e-01
   9.2844076598212921e-02
   8.2535529531926013e-02
   7.3721386773914599e-02
   6.6244014978962887e-02
   5.9969165315332605e-02
   5.4783846471219748e-02
   5.0594478999945333e-02
