   1.1411494029665710e-02
   1.2883058131336446e-02
   1.4835297033015548e-02
   1.7341034490574982e-02
   2.0493731540430892e-02
   2.4410961932530395e-02
   2.9238777981593838e-02
   3.5157122470456346e-02
   4.2386475578094565e-02
   5.1195961744550329e-02
   6.1913177792587579e-02
   7.4936035686518604e-02
   9.0746931265700478e-02
   1.0992953543018646e-01
   1.3318842184794541e-01
   1.6137153229733051e-01
   1.9549502511386305e-01
   2.3676915800071713e-01
   2.8662218926333244e-01
   3.4671628822443840e-01
   4.1894425554380815e-01
   5.0538721051317104e-01
   6.0819979041279215e-01
   7.2936983147258128e-01
   8.7027593137782311e-01
   1.0309495827697910e+00
   1.2089695519878068e+00
   1.3980383352407288e+00
   1.5866003838967393e+00
   1.7573748736176347e+00
   1.8891017190912414e+00
   1.9613623082659599e+00
   1.9613623082659617e+00
   1.8891017190912465e+00
   1.7573748736176420e+00
   1.5866003838967480e+00
   1.3980383352407377e+00
   1.2089695519878152e+00
   1.0309495827697990e+00
   8.7027593137783010e-01
   7.2936983147258727e-01
   6.0819979041279737e-01
   5.0538721051317548e-01
   4.1894425554381182e-01
   3.4671628822444150e-01
   2.8662218926333499e-01
   2.3676915800071929e-01
   1.9549502511386482e-01
   1.6137153229733198e-01
   1.3318842184794660e-01
   1.0992953543018744e-01
   9.0746931265701297e-02
   7.4936035686519270e-02
   6.1913177792588134e-02
   5.1195961744550787e-02
   4.2386475578094933e-02
   3.5157122470456652e-02
   2.9238777981594084e-02
   2.4410961932530589e-02
   2.0493731540431045e-02
   1.7341034490575096e-02
   1.4835297033015624e-02
   1.2883058131336491e-02
   1.1411494029665724e-02
   9.8233715551279358e-03
   8.0731976198678678e-03
   6.6355602237006487e-03
   5.4548071230334574e-03
   4.4852290508576751e-03
   3.6892910482835884e-03
   3.0361798446118106e-03
   2.5006112328517412e-03
   2.0618513712283280e-03
   1.7029141777660571e-03
   1.4099037771410682e-03
   1.1714765605937893e-03
   9.7840204266142904e-04
   8.2320551902525434e-04
   6.9987869424355297e-04
   6.0364707821487340e-04
   5.3078514723566071e-04
   4.7847211427512433e-04
   4.4468272501562198e-04
   4.2810885207395210e-04
   4.2810885207395215e-04
   4.4468272501562215e-04
   4.7847211427512465e-04
   5.3078514723566114e-04
   6.0364707821487394e-04
   6.9987869424355384e-04
   8.2320551902525542e-04
   9.7840204266143012e-04
   1.1714765605937909e-03
   1.4099037771410701e-03
   1.7029141777660593e-03
   2.0618513712283306e-03
   2.5006112328517446e-03
   3.0361798446118140e-03
   3.6892910482835928e-03
   4.4852290508576795e-03
   5.4548071230334635e-03
   6.6355602237006556e-03
   8.0731976198678765e-03
   9.8233715551279462e-03
   1.1411494029662928e-02
   1.2883058131327976e-02
   1.4835297033001073e-02
   1.7341034490553967e-02
   2.0493731540402550e-02
   2.4410961932493667e-02
   2.9238777981547358e-02
   3.5157122470398379e-02
   4.2386475578022956e-02
   5.1195961744462407e-02
   6.1913177792480081e-02
   7.4936035686387528e-02
   9.0746931265540995e-02
   1.0992953542999268e-01
   1.3318842184771026e-01
   1.6137153229704548e-01
   1.9549502511351793e-01
   2.3676915800029980e-01
   2.8662218926282867e-01
   3.4671628822383177e-01
   4.1894425554308024e-01
   5.0538721051230218e-01
   6.0819979041176264e-01
   7.2936983147137457e-01
   8.7027593137643156e-01
   1.0309495827682233e+00
   1.2089695519861010e+00
   1.3980383352389658e+00
   1.5866003838950524e+00
   1.7573748736162063e+00
   1.8891017190902737e+00
   1.9613623082656160e+00
   1.9613623082663056e+00
   1.8891017190922144e+00
   1.7573748736190702e+00
   1.5866003838984348e+00
   1.3980383352425008e+00
   1.2089695519895205e+00
   1.0309495827713662e+00
   8.7027593137922155e-01
   7.2936983147379375e-01
   6.0819979041382688e-01
   5.0538721051404434e-01
   4.1894425554453968e-01
   3.4671628822504807e-01
   2.8662218926383876e-01
   2.3676915800113654e-01
   1.9549502511420991e-01
   1.6137153229761697e-01
   1.3318842184818169e-01
   1.0992953543038116e-01
   9.0746931265860739e-02
   7.4936035686650304e-02
   6.1913177792695610e-02
   5.1195961744638689e-02
   4.2386475578166535e-02
   3.5157122470514605e-02
   2.9238777981640561e-02
   2.4410961932567313e-02
   2.0493731540459390e-02
   1.7341034490596121e-02
   1.4835297033030109e-02
   1.2883058131344976e-02
   1.1411494029668526e-02
