   2.7549743815016092e-01
   2.8167034256087770e-01
   2.8842229962514498e-01
   2.9574578890749886e-01
   3.0363093292187709e-01
   3.1206504433961518e-01
   3.2103213429996857e-01
   3.3051238598881799e-01
   3.4048160001812361e-01
   3.5091062102525578e-01
   3.6176475832316096e-01
   3.7300321733505248e-01
   3.8457856285096165e-01
   3.9643623968573305e-01
   4.0851418084816044e-01
   4.2074253749716867e-01
   4.3304356830532659e-01
   4.4533172781549729e-01
   4.5751399333161652e-01
   4.6949046717044596e-01
   4.8115528510342598e-01
   4.9239785206378750e-01
   5.0310441246795234e-01
   5.1315994496317496e-01
   5.2245035070865031e-01
   5.3086488161367729e-01
   5.3829873202196565e-01
   5.4465569631441701e-01
   5.4985077821146244e-01
   5.5381262754307325e-01
   5.5648567886539990e-01
   5.5783187472268458e-01
   5.5783187472268458e-01
   5.5648567886539979e-01
   5.5381262754307314e-01
   5.4985077821146233e-01
   5.4465569631441690e-01
   5.3829873202196554e-01
   5.3086488161367706e-01
   5.2245035070864998e-01
   5.1315994496317474e-01
   5.0310441246795201e-01
   4.9239785206378722e-01
   4.8115528510342559e-01
   4.6949046717044562e-01
   4.5751399333161619e-01
   4.4533172781549696e-01
   4.3304356830532631e-01
   4.2074253749716833e-01
   4.0851418084816016e-01
   3.9643623968573272e-01
   3.8457856285096131e-01
   3.7300321733505221e-01
   3.6176475832316068e-01
   3.5091062102525550e-01
   3.4048160001812328e-01
   3.3051238598881766e-01
   3.2103213429996835e-01
   3.1206504433961491e-01
   3.0363093292187687e-01
   2.9574578890749864e-01
   2.8842229962514487e-01
   2.8167034256087764e-01
   2.7549743815016092e-01
   2.6701112779801817e-01
   2.5623925330323016e-01
   2.4608402502987173e-01
   2.3654611067891682e-01
   2.2762336170424424e-01
   2.1931142827697661e-01
   2.1160430011897402e-01
   2.0449477820352532e-01
   1.9797488303833141e-01
   1.9203620554730211e-01
   1.8667020656412170e-01
   1.8186847073137799e-01
   1.7762292023451717e-01
   1.7392599334360156e-01
   1.7077079222749281e-01
   1.6815120397299169e-01
   1.6606199820488393e-01
   1.6449890417393731e-01
   1.6345866966539210e-01
   1.6293910358301916e-01
   1.6293910358301911e-01
   1.6345866966539196e-01
   1.6449890417393706e-01
   1.6606199820488357e-01
   1.6815120397299124e-01
   1.7077079222749225e-01
   1.7392599334360093e-01
   1.7762292023451645e-01
   1.8186847073137716e-01
   1.8667020656412073e-01
   1.9203620554730100e-01
   1.9797488303833022e-01
   2.0449477820352402e-01
   2.1160430011897260e-01
   2.1931142827697508e-01
   2.2762336170424260e-01
   2.3654611067891504e-01
   2.4608402502986987e-01
   2.5623925330322816e-01
   2.6701112779801606e-01
   2.7549743815015876e-01
   2.8167034256087553e-01
   2.8842229962514282e-01
   2.9574578890749664e-01
   3.0363093292187487e-01
   3.1206504433961302e-01
   3.2103213429996658e-01
   3.3051238598881599e-01
   3.4048160001812172e-01
   3.5091062102525405e-01
   3.6176475832315930e-01
   3.7300321733505093e-01
   3.8457856285096020e-01
   3.9643623968573172e-01
   4.0851418084815933e-01
   4.2074253749716767e-01
   4.3304356830532575e-01
   4.4533172781549663e-01
   4.5751399333161602e-01
   4.6949046717044568e-01
   4.8115528510342581e-01
   4.9239785206378750e-01
   5.0310441246795257e-01
   5.1315994496317541e-01
   5.2245035070865076e-01
   5.3086488161367795e-01
   5.3829873202196654e-01
   5.4465569631441801e-01
   5.4985077821146355e-01
   5.5381262754307448e-01
   5.5648567886540112e-01
   5.5783187472268603e-01
   5.5783187472268603e-01
   5.5648567886540135e-01
   5.5381262754307470e-01
   5.4985077821146389e-01
   5.4465569631441835e-01
   5.3829873202196699e-01
   5.3086488161367840e-01
   5.2245035070865131e-01
   5.1315994496317596e-01
   5.0310441246795312e-01
   4.9239785206378817e-01
   4.8115528510342648e-01
   4.6949046717044629e-01
   4.5751399333161669e-01
   4.4533172781549729e-01
   4.3304356830532653e-01
   4.2074253749716845e-01
   4.0851418084815999e-01
   3.9643623968573249e-01
   3.8457856285096087e-01
   3.7300321733505165e-01
   3.6176475832315996e-01
   3.5091062102525461e-01
   3.4048160001812233e-01
   3.3051238598881655e-01
   3.2103213429996702e-01
   3.1206504433961346e-01
   3.0363093292187532e-01
   2.9574578890749698e-01
   2.8842229962514304e-01
   2.8167034256087570e-01
   2.7549743815015881e-01
