   2.3119891810983587e-01
   2.3840860861850793e-01
   2.4647912326346166e-01
   2.5542100920211613e-01
   2.6524378147778893e-01
   2.7595516676245962e-01
   2.8756021315496810e-01
   3.0006025250041785e-01
   3.1345170344151152e-01
   3.2772470676302279e-01
   3.4286159004913652e-01
   3.5883516680119415e-01
   3.7560688654095903e-01
   3.9312486758189569e-01
   4.1132186345847183e-01
   4.3011323751608532e-01
   4.4939504741775138e-01
   4.6904237109347796e-01
   4.8890803570798352e-01
   5.0882193809702880e-01
   5.2859116406851092e-01
   5.4800111908562443e-01
   5.6681786761845265e-01
   5.8479183666657575e-01
   6.0166296616238679e-01
   6.1716728419809908e-01
   6.3104475255890002e-01
   6.4304807865803815e-01
   6.5295204102233984e-01
   6.6056274937017978e-01
   6.6572618106541281e-01
   6.6833532402144524e-01
   6.6833532402144535e-01
   6.6572618106541293e-01
   6.6056274937017989e-01
   6.5295204102234017e-01
   6.4304807865803837e-01
   6.3104475255890036e-01
   6.1716728419809941e-01
   6.0166296616238713e-01
   5.8479183666657608e-01
   5.6681786761845310e-01
   5.4800111908562488e-01
   5.2859116406851137e-01
   5.0882193809702925e-01
   4.8890803570798402e-01
   4.6904237109347841e-01
   4.4939504741775177e-01
   4.3011323751608577e-01
   4.1132186345847221e-01
   3.9312486758189608e-01
   3.7560688654095942e-01
   3.5883516680119448e-01
   3.4286159004913686e-01
   3.2772470676302307e-01
   3.1345170344151169e-01
   3.0006025250041807e-01
   2.8756021315496832e-01
   2.7595516676245979e-01
   2.6524378147778904e-01
   2.5542100920211624e-01
   2.4647912326346175e-01
   2.3840860861850799e-01
   2.3119891810983589e-01
   2.2154096500558074e-01
   2.0944918361622467e-01
   1.9819637380651031e-01
   1.8775564437913272e-01
   1.7809934766683122e-01
   1.6919972399815297e-01
   1.6102942177939972e-01
   1.5356191297620650e-01
   1.4677182154506183e-01
   1.4063518014297571e-01
   1.3512962833152059e-01
   1.3023456354618757e-01
   1.2593125435017821e-01
   1.2220292393998917e-01
   1.1903481051196665e-01
   1.1641420991995025e-01
   1.1433050503526969e-01
   1.1277518534067700e-01
   1.1174185952765228e-01
   1.1122626320054628e-01
   1.1122626320054629e-01
   1.1174185952765231e-01
   1.1277518534067704e-01
   1.1433050503526974e-01
   1.1641420991995029e-01
   1.1903481051196671e-01
   1.2220292393998923e-01
   1.2593125435017830e-01
   1.3023456354618768e-01
   1.3512962833152070e-01
   1.4063518014297582e-01
   1.4677182154506196e-01
   1.5356191297620664e-01
   1.6102942177939988e-01
   1.6919972399815317e-01
   1.7809934766683141e-01
   1.8775564437913300e-01
   1.9819637380651062e-01
   2.0944918361622500e-01
   2.2154096500558113e-01
   2.3119891810983634e-01
   2.3840860861850846e-01
   2.4647912326346222e-01
   2.5542100920211674e-01
   2.6524378147778954e-01
   2.7595516676246035e-01
   2.8756021315496894e-01
   3.0006025250041868e-01
   3.1345170344151241e-01
   3.2772470676302368e-01
   3.4286159004913747e-01
   3.5883516680119504e-01
   3.7560688654095997e-01
   3.9312486758189669e-01
   4.1132186345847277e-01
   4.3011323751608627e-01
   4.4939504741775227e-01
   4.6904237109347890e-01
   4.8890803570798447e-01
   5.0882193809702969e-01
   5.2859116406851170e-01
   5.4800111908562510e-01
   5.6681786761845343e-01
   5.8479183666657630e-01
   6.0166296616238724e-01
   6.1716728419809941e-01
   6.3104475255890036e-01
   6.4304807865803848e-01
   6.5295204102234006e-01
   6.6056274937017978e-01
   6.6572618106541281e-01
   6.6833532402144513e-01
   6.6833532402144502e-01
   6.6572618106541248e-01
   6.6056274937017945e-01
   6.5295204102233950e-01
   6.4304807865803770e-01
   6.3104475255889969e-01
   6.1716728419809852e-01
   6.0166296616238635e-01
   5.8479183666657530e-01
   5.6681786761845232e-01
   5.4800111908562410e-01
   5.2859116406851059e-01
   5.0882193809702847e-01
   4.8890803570798330e-01
   4.6904237109347774e-01
   4.4939504741775121e-01
   4.3011323751608516e-01
   4.1132186345847166e-01
   3.9312486758189563e-01
   3.7560688654095903e-01
   3.5883516680119415e-01
   3.4286159004913658e-01
   3.2772470676302284e-01
   3.1345170344151158e-01
   3.0006025250041801e-01
   2.8756021315496832e-01
   2.7595516676245979e-01
   2.6524378147778915e-01
   2.5542100920211636e-01
   2.4647912326346194e-01
   2.3840860861850827e-01
   2.3119891810983625e-01
