   9.7937894602160430e-03
   1.1104173590535232e-02
   1.2853902084825968e-02
   1.5112193783001281e-02
   1.7968379346555551e-02
   2.1535427235512453e-02
   2.5954397966119952e-02
   3.1399997198072023e-02
   3.8087437041555997e-02
   4.6280858331558858e-02
   5.6303613143805026e-02
   6.8550752825274494e-02
   8.3504104093386558e-02
   1.0175032774664659e-01
   1.2400230924742274e-01
   1.5112406801007761e-01
   1.8415898298848599e-01
   2.2436031912845072e-01
   2.7322145610615378e-01
   3.3250027534293525e-01
   4.0422688230804860e-01
   4.9067474267394418e-01
   5.9426040636615607e-01
   7.1731442160399284e-01
   8.6163645582065318e-01
   1.0277206800732110e+00
   1.2135453326106038e+00
   1.4129369561925398e+00
   1.6138609148641887e+00
   1.7976155512703982e+00
   1.9405235877940461e+00
   2.0193547679759174e+00
   2.0193547679729549e+00
   1.9405235877857403e+00
   1.7976155512582288e+00
   1.6138609148499488e+00
   1.4129369561778107e+00
   1.2135453325965031e+00
   1.0277206800603818e+00
   8.6163645580937120e-01
   7.1731442159429626e-01
   5.9426040635794974e-01
   4.9067474266707106e-01
   4.0422688230233234e-01
   3.3250027533820359e-01
   2.7322145610224985e-01
   2.2436031912523693e-01
   1.8415898298584454e-01
   1.5112406800790915e-01
   1.2400230924564434e-01
   1.0175032774518945e-01
   8.3504104092193901e-02
   6.8550752824299607e-02
   5.6303613143009607e-02
   4.6280858330911570e-02
   3.8087437041031319e-02
   3.1399997197649243e-02
   2.5954397965782354e-02
   2.1535427235246696e-02
   1.7968379346351128e-02
   1.5112193782850109e-02
   1.2853902084722067e-02
   1.1104173590474491e-02
   9.7937894601960590e-03
   8.3923103092875921e-03
   6.8567507313361739e-03
   5.6026750350036333e-03
   4.5786025549450484e-03
   3.7424936202159818e-03
   3.0600243048080817e-03
   2.5031776571574119e-03
   2.0490936997395078e-03
   1.6791310561152122e-03
   1.3781017196429260e-03
   1.1336475691118419e-03
   9.3573304645087321e-04
   7.7623317543589799e-04
   6.4860001160865701e-04
   5.4759383196236009e-04
   4.6906802989628185e-04
   4.0979888526042216e-04
   3.6735322132681300e-04
   3.3998851576450548e-04
   3.2658136495779884e-04
   3.2658136495779884e-04
   3.3998851576450554e-04
   3.6735322132681311e-04
   4.0979888526042232e-04
   4.6906802989628196e-04
   5.4759383196236030e-04
   6.4860001160865711e-04
   7.7623317543589832e-04
   9.3573304645087365e-04
   1.1336475691118425e-03
   1.3781017196429271e-03
   1.6791310561152133e-03
   2.0490936997395095e-03
   2.5031776571574136e-03
   3.0600243048080843e-03
   3.7424936202159840e-03
   4.5786025549450519e-03
   5.6026750350036377e-03
   6.8567507313361782e-03
   8.3923103092875973e-03
   9.7937894602065333e-03
   1.1104173590506314e-02
   1.2853902084776497e-02
   1.5112193782929301e-02
   1.7968379346458212e-02
   2.1535427235385911e-02
   2.5954397965959206e-02
   3.1399997197870719e-02
   3.8087437041306176e-02
   4.6280858331250646e-02
   5.6303613143426280e-02
   6.8550752824810282e-02
   8.3504104092818665e-02
   1.0175032774595277e-01
   1.2400230924657592e-01
   1.5112406800904504e-01
   1.8415898298722824e-01
   2.2436031912692045e-01
   2.7322145610429494e-01
   3.3250027534068227e-01
   4.0422688230532688e-01
   4.9067474267067163e-01
   5.9426040636224875e-01
   7.1731442159937586e-01
   8.6163645581528148e-01
   1.0277206800671024e+00
   1.2135453326038901e+00
   1.4129369561855267e+00
   1.6138609148574086e+00
   1.7976155512646042e+00
   1.9405235877900917e+00
   2.0193547679745074e+00
   2.0193547679743657e+00
   1.9405235877896951e+00
   1.7976155512640231e+00
   1.6138609148567287e+00
   1.4129369561848235e+00
   1.2135453326032168e+00
   1.0277206800664900e+00
   8.6163645581474280e-01
   7.1731442159891301e-01
   5.9426040636185706e-01
   4.9067474267034356e-01
   4.0422688230505399e-01
   3.3250027534045645e-01
   2.7322145610410858e-01
   2.2436031912676707e-01
   1.8415898298710215e-01
   1.5112406800894157e-01
   1.2400230924649107e-01
   1.0175032774588322e-01
   8.3504104092761738e-02
   6.8550752824763764e-02
   5.6303613143388324e-02
   4.6280858331219747e-02
   3.8087437041281133e-02
   3.1399997197850534e-02
   2.5954397965943090e-02
   2.1535427235373227e-02
   1.7968379346448460e-02
   1.5112193782922086e-02
   1.2853902084771539e-02
   1.1104173590503415e-02
   9.7937894602055809e-03
