   5.3465037417062533e-01
   5.1004457004420523e-01
   4.8861446779806422e-01
   4.7042821213479014e-01
   4.5552322972677356e-01
   4.4391674527074620e-01
   4.3561404624119726e-01
   4.3061466099514428e-01
   4.2891662601597791e-01
   4.3051899047348507e-01
   4.3542265543849712e-01
   4.4362958210719072e-01
   4.5514033659862529e-01
   4.6994987568685181e-01
   4.8804142649974208e-01
   5.0937828473945235e-01
   5.3389336572239321e-01
   5.6147641154976669e-01
   5.9195891299584924e-01
   6.2509707728362596e-01
   6.6055359217786380e-01
   6.9787951888677813e-01
   7.3649837498586390e-01
   7.7569526972092850e-01
   8.1461466819429840e-01
   8.5227072880860411e-01
   8.8757384093933522e-01
   9.1937564865647514e-01
   9.4653229489375912e-01
   9.6798201774021631e-01
   9.8282922831307840e-01
   9.9042391351393011e-01
   9.9042391351393022e-01
   9.8282922831307884e-01
   9.6798201774021719e-01
   9.4653229489376045e-01
   9.1937564865647659e-01
   8.8757384093933700e-01
   8.5227072880860577e-01
   8.1461466819430028e-01
   7.7569526972093050e-01
   7.3649837498586568e-01
   6.9787951888678001e-01
   6.6055359217786558e-01
   6.2509707728362751e-01
   5.9195891299585091e-01
   5.6147641154976824e-01
   5.3389336572239476e-01
   5.0937828473945379e-01
   4.8804142649974347e-01
   4.6994987568685304e-01
   4.5514033659862652e-01
   4.4362958210719183e-01
   4.3542265543849812e-01
   4.3051899047348596e-01
   4.2891662601597874e-01
   4.3061466099514495e-01
   4.3561404624119787e-01
   4.4391674527074670e-01
   4.5552322972677395e-01
   4.7042821213479047e-01
   4.8861446779806439e-01
   5.1004457004420534e-01
   5.3465037417062544e-01
   5.7666947424586334e-01
   6.3592812775345353e-01
   6.9746010161510708e-01
   7.6034088439982572e-01
   8.2329810692477168e-01
   8.8469641717276348e-01
   9.4256403116103238e-01
   9.9467668818334365e-01
   1.0387078601489996e+00
   1.0724398472564973e+00
   1.0940107463577124e+00
   1.1021534386101624e+00
   1.0963737888896874e+00
   1.0770234316508187e+00
   1.0452477881788749e+00
   1.0028232019975636e+00
   9.5192457046000678e-01
   8.9487621202016598e-01
   8.3393230532376672e-01
   7.7111541746306100e-01
   7.0812157325125835e-01
   6.4628492394620596e-01
   5.8658697018888883e-01
   5.2969361382627023e-01
   4.7600564128385120e-01
   4.2571219411555122e-01
   3.7884074130723044e-01
   3.3530024290485810e-01
   2.9491638627916100e-01
   2.5745909856365717e-01
   2.2266321574788456e-01
   1.9024344348648431e-01
   1.5990475326465536e-01
   1.3134924219736691e-01
   1.0428032165889173e-01
   7.8404932262385707e-02
   5.3434332025046744e-02
   2.9083879646592061e-02
   5.0721375861021451e-03
  -1.8880451257187732e-02
  -3.6899640915496773e-02
  -4.9179186860836790e-02
  -6.2009264917787452e-02
  -7.5531795074377100e-02
  -8.9895074247791140e-02
  -1.0525486355282382e-01
  -1.2177534851474113e-01
  -1.3962990409665138e-01
  -1.5900156776326538e-01
  -1.8008308566955314e-01
  -2.0307634710179837e-01
  -2.2819095806320358e-01
  -2.5564162428115217e-01
  -2.8564391601997874e-01
  -3.1840787375821344e-01
  -3.5412879217340837e-01
  -3.9297440635211994e-01
  -4.3506762997548765e-01
  -4.8046401381152931e-01
  -5.2912328732356462e-01
  -5.8087483415465690e-01
  -6.3537788025037778e-01
  -6.9207868935366734e-01
  -7.5016924743326818e-01
  -8.0855467398524361e-01
  -8.6583947243674908e-01
  -9.2034476488309602e-01
  -9.7016836872976275e-01
  -1.0132953001537670e+00
  -1.0477570172663224e+00
  -1.0718242680405512e+00
  -1.0842043148068461e+00
  -1.0842043148068452e+00
  -1.0718242680405481e+00
  -1.0477570172663171e+00
  -1.0132953001537601e+00
  -9.7016836872975454e-01
  -9.2034476488308681e-01
  -8.6583947243673898e-01
  -8.0855467398523340e-01
  -7.5016924743325797e-01
  -6.9207868935365735e-01
  -6.3537788025036790e-01
  -5.8087483415464747e-01
  -5.2912328732355574e-01
  -4.8046401381152110e-01
  -4.3506762997548010e-01
  -3.9297440635211306e-01
  -3.5412879217340210e-01
  -3.1840787375820778e-01
  -2.8564391601997358e-01
  -2.5564162428114762e-01
  -2.2819095806319950e-01
  -2.0307634710179479e-01
  -1.8008308566955000e-01
  -1.5900156776326266e-01
  -1.3962990409664899e-01
  -1.2177534851473913e-01
  -1.0525486355282215e-01
  -8.9895074247789808e-02
  -7.5531795074376074e-02
  -6.2009264917786723e-02
  -4.9179186860836360e-02
  -3.6899640915496634e-02
