   6.6660925258588000e-01
   6.6017316274561288e-01
   6.3755298320342502e-01
   5.9186354212491243e-01
   5.2079933633624909e-01
   4.3378597636659993e-01
   3.4934989361103547e-01
   2.8498704064806046e-01
   2.5090967254057750e-01
   2.5090967254057767e-01
   2.8498704064806102e-01
   3.4934989361103641e-01
   4.3378597636660110e-01
   5.2079933633625042e-01
   5.9186354212491354e-01
   6.3755298320342579e-01
   6.6017316274561311e-01
   6.6660925258588000e-01
   6.6660925258588000e-01
   6.7424921532518700e-01
   6.9513473783941926e-01
   7.2247311953471871e-01
   7.4356358648642695e-01
   7.4122991795310733e-01
   7.0131175396568879e-01
   6.2319722504272002e-01
   5.2191716245712183e-01
   4.1781824359016712e-01
   3.2538804217855483e-01
   2.5035271316727459e-01
   1.9256364100086071e-01
   1.4953070056679577e-01
   1.1856210629052279e-01
   9.7621793157225342e-02
   8.5463132334818170e-02
   8.1469821455166722e-02
   8.1469821455166722e-02
   7.8413856055872339e-02
   7.0029181644949534e-02
   5.8328301700186568e-02
   4.5749931819585324e-02
   3.4356957996931219e-02
   2.5418267840701402e-02
   1.9444903562317185e-02
   1.6493125436533050e-02
   1.6493125436533054e-02
   1.9444903562317196e-02
   2.5418267840701426e-02
   3.4356957996931260e-02
   4.5749931819585379e-02
   5.8328301700186630e-02
   7.0029181644949590e-02
   7.8413856055872352e-02
   8.1469821455166722e-02
