   4.0829350600089842e-01
   4.0279585841407822e-01
   3.8633526122860679e-01
   3.5956724337896223e-01
   3.2490958528893299e-01
   2.8703634276704398e-01
   2.5195879291833173e-01
   2.2529863178717668e-01
   2.1100652008042678e-01
   2.1100652008042683e-01
   2.2529863178717682e-01
   2.5195879291833190e-01
   2.8703634276704426e-01
   3.2490958528893327e-01
   3.5956724337896251e-01
   3.8633526122860701e-01
   4.0279585841407822e-01
   4.0829350600089842e-01
   4.0829350600089842e-01
   4.1525776252395979e-01
   4.3575038820359752e-01
   4.6824377272322609e-01
   5.0911591329759609e-01
   5.5132624525563456e-01
   5.8389683114471147e-01
   5.9432152875653466e-01
   5.7460908410742695e-01
   5.2673533413145990e-01
   4.6153887066014765e-01
   3.9204771205115457e-01
   3.2789853245015455e-01
   2.7408039358097663e-01
   2.3232412678751208e-01
   2.0281417649548369e-01
   1.8527763329034547e-01
   1.7946244949321402e-01
   1.7946244949321402e-01
   1.7497337603688309e-01
   1.6234383823139084e-01
   1.4387908168436597e-01
   1.2276248832152648e-01
   1.0225619385552248e-01
   8.5016186542343733e-02
   7.2788752553507113e-02
   6.6495171589445679e-02
   6.6495171589445692e-02
   7.2788752553507141e-02
   8.5016186542343802e-02
   1.0225619385552258e-01
   1.2276248832152660e-01
   1.4387908168436614e-01
   1.6234383823139095e-01
   1.7497337603688312e-01
   1.7946244949321402e-01
