   8.0569961400758017e-01
   7.9911575483558372e-01
   7.7231841983276250e-01
   7.0996525365981700e-01
   6.0546990299546533e-01
   4.7613360981179315e-01
   3.5449492992159809e-01
   2.6594285020329661e-01
   2.2077786183752598e-01
   2.2077786183752629e-01
   2.6594285020329761e-01
   3.5449492992159970e-01
   4.7613360981179537e-01
   6.0546990299546777e-01
   7.0996525365981922e-01
   7.7231841983276395e-01
   7.9911575483558417e-01
   8.0569961400758017e-01
   8.0569961400758017e-01
   8.1296276694223635e-01
   8.3104890796315467e-01
   8.4825281130189278e-01
   8.4526013547541079e-01
   8.0192553250245724e-01
   7.1144980357040755e-01
   5.8874408546797230e-01
   4.6023701864522804e-01
   3.4667222042385287e-01
   2.5643036313661327e-01
   1.8896592214378294e-01
   1.4010213630330207e-01
   1.0531540225017523e-01
   8.1049028272465823e-02
   6.4958309276078305e-02
   5.5714398592410376e-02
   5.2691852920682521e-02
   5.2691852920682521e-02
   5.0388074258005129e-02
   4.4141074029667868e-02
   3.5617701037503613e-02
   2.6739100268636264e-02
   1.8994376477491821e-02
   1.3155276942595249e-02
   9.3927827296726718e-03
   7.5814732647318025e-03
   7.5814732647318025e-03
   9.3927827296726718e-03
   1.3155276942595251e-02
   1.8994376477491821e-02
   2.6739100268636271e-02
   3.5617701037503627e-02
   4.4141074029667896e-02
   5.0388074258005136e-02
   5.2691852920682521e-02
