   9.8158786875956638e-01
   9.7509354577883400e-01
   9.4154319000588804e-01
   8.5022200248944679e-01
   6.9039827764889972e-01
   4.9966984488243116e-01
   3.3380681818907693e-01
   2.2264395920092575e-01
   1.6926821485957103e-01
   1.6926821485957147e-01
   2.2264395920092719e-01
   3.3380681818907959e-01
   4.9966984488243527e-01
   6.9039827764890460e-01
   8.5022200248945112e-01
   9.4154319000589071e-01
   9.7509354577883478e-01
   9.8158786875956638e-01
   9.8158786875956638e-01
   9.8768280495601157e-01
   9.9925331661265926e-01
   9.9638066280213278e-01
   9.5130665562315730e-01
   8.4626066528724542e-01
   6.9300290630309624e-01
   5.2697061285721070e-01
   3.8033757974321641e-01
   2.6682885204563028e-01
   1.8552882924495342e-01
   1.2960248500794622e-01
   9.1747801282671848e-02
   6.6211763031533533e-02
   4.9095614096719385e-02
   3.8038384597674640e-02
   3.1777323052928901e-02
   2.9742375044248263e-02
   2.9742375044248263e-02
   2.8199697788107703e-02
   2.4082318592197272e-02
   1.8634874432460993e-02
   1.3203653002102494e-02
   8.7137725827740181e-03
   5.5209837731939378e-03
   3.5742115861493637e-03
   2.6745034190863342e-03
   2.6745034190863342e-03
   3.5742115861493646e-03
   5.5209837731939404e-03
   8.7137725827740233e-03
   1.3203653002102501e-02
   1.8634874432461007e-02
   2.4082318592197290e-02
   2.8199697788107710e-02
   2.9742375044248263e-02
