   2.8440668497788646e-01
   2.7936797170237593e-01
   2.6484764966936786e-01
   2.4269744891247821e-01
   2.1600922819599228e-01
   1.8868261756316720e-01
   1.6460937261795963e-01
   1.4691083131338029e-01
   1.3759419273912665e-01
   1.3759419273912668e-01
   1.4691083131338042e-01
   1.6460937261795985e-01
   1.8868261756316751e-01
   2.1600922819599261e-01
   2.4269744891247852e-01
   2.6484764966936808e-01
   2.7936797170237604e-01
   2.8440668497788646e-01
   2.8440668497788646e-01
   2.9087867810097495e-01
   3.1021414942064945e-01
   3.4202079730587143e-01
   3.8507309688352653e-01
   4.3630247984803872e-01
   4.8946641731340235e-01
   5.3453134156008664e-01
   5.5971752611411341e-01
   5.5690638939683701e-01
   5.2676669853983948e-01
   4.7830965900891542e-01
   4.2336050606489356e-01
   3.7147492295644341e-01
   3.2835732638765774e-01
   2.9669660571830692e-01
   2.7750963251634114e-01
   2.7109558643591891e-01
   2.7109558643591891e-01
   2.6610781934426397e-01
   2.5178135962115900e-01
   2.3005096899274438e-01
   2.0404564040987216e-01
   1.7759366289957731e-01
   1.5441985051876986e-01
   1.3745137117587680e-01
   1.2854062048524798e-01
   1.2854062048524803e-01
   1.3745137117587697e-01
   1.5441985051877011e-01
   1.7759366289957762e-01
   2.0404564040987250e-01
   2.3005096899274463e-01
   2.5178135962115916e-01
   2.6610781934426403e-01
   2.7109558643591891e-01
