   1.7214105377634976e-02
   1.9215640266264870e-02
   2.1822524608630586e-02
   2.5116837961973205e-02
   2.9202279270381489e-02
   3.4207406483398498e-02
   4.0289639970596897e-02
   4.7640142254026456e-02
   5.6489704645153925e-02
   6.7115786882417039e-02
   7.9850864665085244e-02
   9.5092234500561132e-02
   1.1331339213828336e-01
   1.3507701685189319e-01
   1.6104941939665998e-01
   1.9201598023017713e-01
   2.2889650710976633e-01
   2.7275840119124156e-01
   3.2482376358098269e-01
   3.8646369380053641e-01
   4.5916848005167687e-01
   5.4447555097426781e-01
   6.4382762108200553e-01
   7.5832230061426287e-01
   8.8830573465842599e-01
   1.0327678234966062e+00
   1.1885382050309943e+00
   1.3493949880137528e+00
   1.5054074482314015e+00
   1.6430908397192459e+00
   1.7470386155650428e+00
   1.8032489167785137e+00
   1.8032489167781220e+00
   1.7470386155639297e+00
   1.6430908397175725e+00
   1.5054074482293762e+00
   1.3493949880115774e+00
   1.1885382050288296e+00
   1.0327678234945605e+00
   8.8830573465656115e-01
   7.5832230061260530e-01
   6.4382762108055813e-01
   5.4447555097301958e-01
   4.5916848005060984e-01
   3.8646369379963003e-01
   3.2482376358021620e-01
   2.7275840119059530e-01
   2.2889650710922288e-01
   1.9201598022972088e-01
   1.6104941939627762e-01
   1.3507701685157320e-01
   1.1331339213801599e-01
   9.5092234500338144e-02
   7.9850864664899712e-02
   6.7115786882263218e-02
   5.6489704645027020e-02
   4.7640142253922470e-02
   4.0289639970512589e-02
   3.4207406483331218e-02
   2.9202279270329107e-02
   2.5116837961934077e-02
   2.1822524608603483e-02
   1.9215640266248942e-02
   1.7214105377629723e-02
   1.4998152919506683e-02
   1.2515724823793423e-02
   1.0442429252027199e-02
   8.7105011931211205e-03
   7.2633289511884981e-03
   6.0536062399329810e-03
   5.0417872911228262e-03
   4.1947949741932451e-03
   3.4849399850105079e-03
   2.8890159397020319e-03
   2.3875408889650262e-03
   1.9641205136605422e-03
   1.6049122164509149e-03
   1.2981726087572794e-03
   1.0338736105591616e-03
   8.0337461894129810e-04
   5.9914003156405526e-04
   4.1449289239865506e-04
   2.4339660706695175e-04
   8.0257592254448840e-05
  -8.0257592254449003e-05
  -2.4339660706695196e-04
  -4.1449289239865527e-04
  -5.9914003156405547e-04
  -8.0337461894129853e-04
  -1.0338736105591623e-03
  -1.2981726087572800e-03
  -1.6049122164509158e-03
  -1.9641205136605431e-03
  -2.3875408889650280e-03
  -2.8890159397020336e-03
  -3.4849399850105101e-03
  -4.1947949741932469e-03
  -5.0417872911228297e-03
  -6.0536062399329845e-03
  -7.2633289511885015e-03
  -8.7105011931211240e-03
  -1.0442429252027203e-02
  -1.2515724823793430e-02
  -1.4998152919506692e-02
  -1.7214105377633931e-02
  -1.9215640266261678e-02
  -2.1822524608625150e-02
  -2.5116837961965358e-02
  -2.9202279270370980e-02
  -3.4207406483385001e-02
  -4.0289639970579987e-02
  -4.7640142254005577e-02
  -5.6489704645128445e-02
  -6.7115786882386147e-02
  -7.9850864665047996e-02
  -9.5092234500516362e-02
  -1.1331339213822969e-01
  -1.3507701685182896e-01
  -1.6104941939658324e-01
  -1.9201598023008556e-01
  -2.2889650710965731e-01
  -2.7275840119111189e-01
  -3.2482376358082893e-01
  -3.8646369380035450e-01
  -4.5916848005146260e-01
  -5.4447555097401723e-01
  -6.4382762108171487e-01
  -7.5832230061392980e-01
  -8.8830573465805107e-01
  -1.0327678234961948e+00
  -1.1885382050305588e+00
  -1.3493949880133151e+00
  -1.5054074482309943e+00
  -1.6430908397189095e+00
  -1.7470386155648190e+00
  -1.8032489167784349e+00
  -1.8032489167782009e+00
  -1.7470386155641535e+00
  -1.6430908397179094e+00
  -1.5054074482297837e+00
  -1.3493949880120151e+00
  -1.1885382050292650e+00
  -1.0327678234949720e+00
  -8.8830573465693630e-01
  -7.5832230061293882e-01
  -6.4382762108084934e-01
  -5.4447555097327072e-01
  -4.5916848005082456e-01
  -3.8646369379981244e-01
  -3.2482376358037041e-01
  -2.7275840119072536e-01
  -2.2889650710933224e-01
  -1.9201598022981270e-01
  -1.6104941939635456e-01
  -1.3507701685163762e-01
  -1.1331339213806979e-01
  -9.5092234500383011e-02
  -7.9850864664937057e-02
  -6.7115786882294179e-02
  -5.6489704645052555e-02
  -4.7640142253943397e-02
  -4.0289639970529562e-02
  -3.4207406483344763e-02
  -2.9202279270339651e-02
  -2.5116837961941956e-02
  -2.1822524608608944e-02
  -1.9215640266252158e-02
  -1.7214105377630792e-02
