   2.3860166867733970e-01
   2.4619384684192125e-01
   2.5412854307624094e-01
   2.6239734906848516e-01
   2.7098953254397445e-01
   2.7989174225459473e-01
   2.8908770365647052e-01
   2.9855791039499685e-01
   3.0827931819813847e-01
   3.1822504941247431e-01
   3.2836411815985145e-01
   3.3866118788042443e-01
   3.4907637476791731e-01
   3.5956511217308185e-01
   3.7007809229932825e-01
   3.8056130226069046e-01
   3.9095617161648194e-01
   4.0119984763073230e-01
   4.1122561252908751e-01
   4.2096345377628952e-01
   4.3034079377089696e-01
   4.3928337934115791e-01
   4.4771632414053403e-01
   4.5556528874334867e-01
   4.6275777434811544e-01
   4.6922449707709668e-01
   4.7490080160657483e-01
   4.7972806603367357e-01
   4.8365504523777342e-01
   4.8663909818867540e-01
   4.8864724616356320e-01
   4.8965701386527677e-01
   4.8965701386527677e-01
   4.8864724616356325e-01
   4.8663909818867551e-01
   4.8365504523777358e-01
   4.7972806603367379e-01
   4.7490080160657505e-01
   4.6922449707709690e-01
   4.6275777434811571e-01
   4.5556528874334901e-01
   4.4771632414053436e-01
   4.3928337934115824e-01
   4.3034079377089735e-01
   4.2096345377628991e-01
   4.1122561252908790e-01
   4.0119984763073269e-01
   3.9095617161648233e-01
   3.8056130226069090e-01
   3.7007809229932870e-01
   3.5956511217308224e-01
   3.4907637476791775e-01
   3.3866118788042487e-01
   3.2836411815985184e-01
   3.1822504941247476e-01
   3.0827931819813886e-01
   2.9855791039499718e-01
   2.8908770365647085e-01
   2.7989174225459501e-01
   2.7098953254397468e-01
   2.6239734906848533e-01
   2.5412854307624105e-01
   2.4619384684192133e-01
   2.3860166867733973e-01
   2.2760206320734697e-01
   2.1321477954156140e-01
   1.9919987190212365e-01
   1.8555589080749874e-01
   1.7227691192812558e-01
   1.5935318653289324e-01
   1.4677172393757024e-01
   1.3451680718222234e-01
   1.2257044489042392e-01
   1.1091276342096405e-01
   9.9522344134460927e-02
   8.8376510969398595e-02
   7.7451573644848878e-02
   6.6723031754900436e-02
   5.6165744852386075e-02
   4.5754073383940025e-02
   3.5461995071015585e-02
   2.5263201059683368e-02
   1.5131175906141308e-02
   5.0392652396382392e-03
  -5.0392652396390909e-03
  -1.5131175906142160e-02
  -2.5263201059684222e-02
  -3.5461995071016446e-02
  -4.5754073383940899e-02
  -5.6165744852386963e-02
  -6.6723031754901338e-02
  -7.7451573644849794e-02
  -8.8376510969399538e-02
  -9.9522344134461899e-02
  -1.1091276342096505e-01
  -1.2257044489042494e-01
  -1.3451680718222336e-01
  -1.4677172393757129e-01
  -1.5935318653289432e-01
  -1.7227691192812666e-01
  -1.8555589080749987e-01
  -1.9919987190212476e-01
  -2.1321477954156257e-01
  -2.2760206320734813e-01
  -2.3860166867734095e-01
  -2.4619384684192253e-01
  -2.5412854307624216e-01
  -2.6239734906848639e-01
  -2.7098953254397573e-01
  -2.7989174225459601e-01
  -2.8908770365647174e-01
  -2.9855791039499813e-01
  -3.0827931819813964e-01
  -3.1822504941247542e-01
  -3.2836411815985250e-01
  -3.3866118788042543e-01
  -3.4907637476791820e-01
  -3.5956511217308257e-01
  -3.7007809229932886e-01
  -3.8056130226069101e-01
  -3.9095617161648233e-01
  -4.0119984763073258e-01
  -4.1122561252908768e-01
  -4.2096345377628958e-01
  -4.3034079377089685e-01
  -4.3928337934115769e-01
  -4.4771632414053369e-01
  -4.5556528874334828e-01
  -4.6275777434811494e-01
  -4.6922449707709607e-01
  -4.7490080160657411e-01
  -4.7972806603367280e-01
  -4.8365504523777253e-01
  -4.8663909818867440e-01
  -4.8864724616356220e-01
  -4.8965701386527571e-01
  -4.8965701386527566e-01
  -4.8864724616356209e-01
  -4.8663909818867435e-01
  -4.8365504523777242e-01
  -4.7972806603367268e-01
  -4.7490080160657394e-01
  -4.6922449707709585e-01
  -4.6275777434811466e-01
  -4.5556528874334801e-01
  -4.4771632414053342e-01
  -4.3928337934115735e-01
  -4.3034079377089662e-01
  -4.2096345377628930e-01
  -4.1122561252908740e-01
  -4.0119984763073224e-01
  -3.9095617161648200e-01
  -3.8056130226069063e-01
  -3.7007809229932853e-01
  -3.5956511217308224e-01
  -3.4907637476791781e-01
  -3.3866118788042504e-01
  -3.2836411815985211e-01
  -3.1822504941247509e-01
  -3.0827931819813931e-01
  -2.9855791039499779e-01
  -2.8908770365647152e-01
  -2.7989174225459579e-01
  -2.7098953254397556e-01
  -2.6239734906848627e-01
  -2.5412854307624211e-01
  -2.4619384684192250e-01
  -2.3860166867734098e-01
