   2.1560014959799953e-01
   2.2400589708983704e-01
   2.3315382454997960e-01
   2.4305544514537661e-01
   2.5372067464301856e-01
   2.6515710713291429e-01
   2.7736917337032624e-01
   2.9035717189014337e-01
   3.0411616537487363e-01
   3.1863473856364699e-01
   3.3389361967159720e-01
   3.4986417526785840e-01
   3.6650679923761353e-01
   3.8376923014529329e-01
   4.0158484815733858e-01
   4.1987102250047814e-01
   4.3852760258671208e-01
   4.5743566915342027e-01
   4.7645668397291524e-01
   4.9543219490560181e-01
   5.1418426344467105e-01
   5.3251677989392776e-01
   5.5021781220480781e-01
   5.6706309413795808e-01
   5.8282069433922423e-01
   5.9725682055444307e-01
   6.1014260700030021e-01
   6.2126161699472104e-01
   6.3041768094807993e-01
   6.3744259844972284e-01
   6.4220317968233376e-01
   6.4460710001329913e-01
   6.4460710001329891e-01
   6.4220317968233298e-01
   6.3744259844972151e-01
   6.3041768094807826e-01
   6.2126161699471882e-01
   6.1014260700029765e-01
   5.9725682055444029e-01
   5.8282069433922123e-01
   5.6706309413795508e-01
   5.5021781220480459e-01
   5.3251677989392454e-01
   5.1418426344466783e-01
   4.9543219490559859e-01
   4.7645668397291202e-01
   4.5743566915341716e-01
   4.3852760258670909e-01
   4.1987102250047531e-01
   4.0158484815733586e-01
   3.8376923014529080e-01
   3.6650679923761115e-01
   3.4986417526785624e-01
   3.3389361967159525e-01
   3.1863473856364516e-01
   3.0411616537487196e-01
   2.9035717189014193e-01
   2.7736917337032502e-01
   2.6515710713291324e-01
   2.5372067464301773e-01
   2.4305544514537594e-01
   2.3315382454997913e-01
   2.2400589708983679e-01
   2.1560014959799942e-01
   2.0394334887068738e-01
   1.8904189471540930e-01
   1.7484488508795151e-01
   1.6131748167851637e-01
   1.4842254989166301e-01
   1.3612138925478903e-01
   1.2437431751432915e-01
   1.1314112949138246e-01
   1.0238144978614373e-01
   9.2054996289448437e-02
   8.2121769335804756e-02
   7.2542179314714628e-02
   6.3277123704099394e-02
   5.4288022830750168e-02
   4.5536822208093512e-02
   3.6985968049043166e-02
   2.8598361491857308e-02
   2.0337296196614695e-02
   1.2166383254818232e-02
   4.0494667908460820e-03
  -4.0494667908461028e-03
  -1.2166383254818256e-02
  -2.0337296196614719e-02
  -2.8598361491857335e-02
  -3.6985968049043187e-02
  -4.5536822208093547e-02
  -5.4288022830750196e-02
  -6.3277123704099436e-02
  -7.2542179314714655e-02
  -8.2121769335804812e-02
  -9.2054996289448479e-02
  -1.0238144978614380e-01
  -1.1314112949138252e-01
  -1.2437431751432922e-01
  -1.3612138925478912e-01
  -1.4842254989166309e-01
  -1.6131748167851648e-01
  -1.7484488508795165e-01
  -1.8904189471540944e-01
  -2.0394334887068757e-01
  -2.1560014959799975e-01
  -2.2400589708983720e-01
  -2.3315382454997968e-01
  -2.4305544514537661e-01
  -2.5372067464301845e-01
  -2.6515710713291413e-01
  -2.7736917337032602e-01
  -2.9035717189014304e-01
  -3.0411616537487318e-01
  -3.1863473856364649e-01
  -3.3389361967159664e-01
  -3.4986417526785774e-01
  -3.6650679923761276e-01
  -3.8376923014529252e-01
  -4.0158484815733769e-01
  -4.1987102250047714e-01
  -4.3852760258671103e-01
  -4.5743566915341916e-01
  -4.7645668397291402e-01
  -4.9543219490560064e-01
  -5.1418426344466983e-01
  -5.3251677989392654e-01
  -5.5021781220480659e-01
  -5.6706309413795686e-01
  -5.8282069433922301e-01
  -5.9725682055444207e-01
  -6.1014260700029921e-01
  -6.2126161699472016e-01
  -6.3041768094807926e-01
  -6.3744259844972229e-01
  -6.4220317968233365e-01
  -6.4460710001329924e-01
  -6.4460710001329924e-01
  -6.4220317968233365e-01
  -6.3744259844972240e-01
  -6.3041768094807937e-01
  -6.2126161699472016e-01
  -6.1014260700029921e-01
  -5.9725682055444207e-01
  -5.8282069433922301e-01
  -5.6706309413795697e-01
  -5.5021781220480659e-01
  -5.3251677989392654e-01
  -5.1418426344466983e-01
  -4.9543219490560059e-01
  -4.7645668397291407e-01
  -4.5743566915341916e-01
  -4.3852760258671103e-01
  -4.1987102250047714e-01
  -4.0158484815733769e-01
  -3.8376923014529252e-01
  -3.6650679923761276e-01
  -3.4986417526785774e-01
  -3.3389361967159664e-01
  -3.1863473856364644e-01
  -3.0411616537487313e-01
  -2.9035717189014298e-01
  -2.7736917337032596e-01
  -2.6515710713291407e-01
  -2.5372067464301840e-01
  -2.4305544514537655e-01
  -2.3315382454997963e-01
  -2.2400589708983717e-01
  -2.1560014959799972e-01
