   5.0420531615981479e-02
   5.4645374539425175e-02
   5.9862732037759693e-02
   6.6166676678326056e-02
   7.3670619992971323e-02
   8.2509163304956140e-02
   9.2840228110424805e-02
   1.0484745268091591e-01
   1.1874282088728315e-01
   1.3476945575851995e-01
   1.5320445774878305e-01
   1.7436158714948621e-01
   1.9859346895966842e-01
   2.2629281955120628e-01
   2.5789193486239176e-01
   2.9385931138409366e-01
   3.3469176252055410e-01
   3.8089971703681685e-01
   4.3298253823813915e-01
   4.9138973499602007e-01
   5.5646302429565309e-01
   6.2835375320742615e-01
   7.0691097127805569e-01
   7.9153874665363755e-01
   8.8102892200262706e-01
   9.7338921267002465e-01
   1.0657067703182630e+00
   1.1541104057431659e+00
   1.2339096407245345e+00
   1.2999769113822408e+00
   1.3473818991046222e+00
   1.3721845169698075e+00
   1.3721845169698037e+00
   1.3473818991046107e+00
   1.2999769113822230e+00
   1.2339096407245116e+00
   1.1541104057431395e+00
   1.0657067703182346e+00
   9.7338921266999590e-01
   8.8102892200259897e-01
   7.9153874665361057e-01
   7.0691097127803049e-01
   6.2835375320740294e-01
   5.5646302429563210e-01
   4.9138973499600119e-01
   4.3298253823812233e-01
   3.8089971703680187e-01
   3.3469176252054095e-01
   2.9385931138408211e-01
   2.5789193486238166e-01
   2.2629281955119745e-01
   1.9859346895966068e-01
   1.7436158714947952e-01
   1.5320445774877728e-01
   1.3476945575851501e-01
   1.1874282088727893e-01
   1.0484745268091236e-01
   9.2840228110421835e-02
   8.2509163304953725e-02
   7.3670619992969408e-02
   6.6166676678324612e-02
   5.9862732037758673e-02
   5.4645374539424564e-02
   5.0420531615981284e-02
   4.5396070708387366e-02
   3.9512085462051046e-02
   3.4373810155221257e-02
   2.9884531330168548e-02
   2.5959661346263381e-02
   2.2525187647876203e-02
   1.9516305625894882e-02
   1.6876214734503930e-02
   1.4555058754732456e-02
   1.2508992590116333e-02
   1.0699359555613484e-02
   9.0919646687525318e-03
   7.6564309084084185e-03
   6.3656267375895382e-03
   5.1951543765538450e-03
   4.1228893569002145e-03
   3.1285627878365192e-03
   2.1933785277762773e-03
   1.2996580843319947e-03
   4.3050657040550830e-04
  -4.3050657040551106e-04
  -1.2996580843319975e-03
  -2.1933785277762803e-03
  -3.1285627878365227e-03
  -4.1228893569002180e-03
  -5.1951543765538484e-03
  -6.3656267375895425e-03
  -7.6564309084084228e-03
  -9.0919646687525352e-03
  -1.0699359555613488e-02
  -1.2508992590116338e-02
  -1.4555058754732460e-02
  -1.6876214734503937e-02
  -1.9516305625894886e-02
  -2.2525187647876203e-02
  -2.5959661346263384e-02
  -2.9884531330168555e-02
  -3.4373810155221264e-02
  -3.9512085462051053e-02
  -4.5396070708387366e-02
  -5.0420531615981694e-02
  -5.4645374539425806e-02
  -5.9862732037760748e-02
  -6.6166676678327568e-02
  -7.3670619992973294e-02
  -8.2509163304958610e-02
  -9.2840228110427803e-02
  -1.0484745268091951e-01
  -1.1874282088728738e-01
  -1.3476945575852492e-01
  -1.5320445774878882e-01
  -1.7436158714949287e-01
  -1.9859346895967611e-01
  -2.2629281955121511e-01
  -2.5789193486240192e-01
  -2.9385931138410515e-01
  -3.3469176252056720e-01
  -3.8089971703683156e-01
  -4.3298253823815580e-01
  -4.9138973499603861e-01
  -5.5646302429567363e-01
  -6.2835375320744880e-01
  -7.0691097127808022e-01
  -7.9153874665366375e-01
  -8.8102892200265448e-01
  -9.7338921267005230e-01
  -1.0657067703182899e+00
  -1.1541104057431910e+00
  -1.2339096407245564e+00
  -1.2999769113822579e+00
  -1.3473818991046331e+00
  -1.3721845169698110e+00
  -1.3721845169697997e+00
  -1.3473818991045998e+00
  -1.2999769113822059e+00
  -1.2339096407244894e+00
  -1.1541104057431142e+00
  -1.0657067703182073e+00
  -9.7338921266996814e-01
  -8.8102892200257155e-01
  -7.9153874665358448e-01
  -7.0691097127800595e-01
  -6.2835375320738041e-01
  -5.5646302429561167e-01
  -4.9138973499598282e-01
  -4.3298253823810590e-01
  -3.8089971703678727e-01
  -3.3469176252052812e-01
  -2.9385931138407073e-01
  -2.5789193486237166e-01
  -2.2629281955118877e-01
  -1.9859346895965313e-01
  -1.7436158714947300e-01
  -1.5320445774877162e-01
  -1.3476945575851015e-01
  -1.1874282088727478e-01
  -1.0484745268090885e-01
  -9.2840228110418921e-02
  -8.2509163304951352e-02
  -7.3670619992967520e-02
  -6.6166676678323169e-02
  -5.9862732037757660e-02
  -5.4645374539423967e-02
  -5.0420531615981083e-02
