   2.2187262876365654e-01
   2.3023427850425737e-01
   2.3927447485706177e-01
   2.4900028402364147e-01
   2.5941678021134373e-01
   2.7052637396783896e-01
   2.8232804537025852e-01
   2.9481647722649124e-01
   3.0798108620815551e-01
   3.2180495385069596e-01
   3.3626366488668441e-01
   3.5132406766977975e-01
   3.6694298069156928e-01
   3.8306588047599049e-01
   3.9962561935968682e-01
   4.1654123646584912e-01
   4.3371694082146217e-01
   4.5104136086080771e-01
   4.6838716778147221e-01
   4.8561118911575951e-01
   5.0255513074258595e-01
   5.1904701745648407e-01
   5.3490344135333645e-01
   5.4993267161991977e-01
   5.6393862814544859e-01
   5.7672565610647708e-01
   5.8810396333401127e-01
   5.9789550368799349e-01
   6.0594001711911027e-01
   6.1210088127560902e-01
   6.1627040082966822e-01
   6.1837416724440730e-01
   6.1837416724440741e-01
   6.1627040082966811e-01
   6.1210088127560891e-01
   6.0594001711911016e-01
   5.9789550368799349e-01
   5.8810396333401127e-01
   5.7672565610647708e-01
   5.6393862814544882e-01
   5.4993267161991999e-01
   5.3490344135333667e-01
   5.1904701745648429e-01
   5.0255513074258618e-01
   4.8561118911575990e-01
   4.6838716778147249e-01
   4.5104136086080815e-01
   4.3371694082146250e-01
   4.1654123646584956e-01
   3.9962561935968721e-01
   3.8306588047599088e-01
   3.6694298069156972e-01
   3.5132406766978025e-01
   3.3626366488668497e-01
   3.2180495385069646e-01
   3.0798108620815595e-01
   2.9481647722649162e-01
   2.8232804537025891e-01
   2.7052637396783924e-01
   2.5941678021134401e-01
   2.4900028402364166e-01
   2.3927447485706185e-01
   2.3023427850425746e-01
   2.2187262876365657e-01
   2.1019226243797587e-01
   1.9520294262174423e-01
   1.8086870017919790e-01
   1.6716093131882995e-01
   1.5404810606846941e-01
   1.4149653136537332e-01
   1.2947097525120402e-01
   1.1793516999028675e-01
   1.0685221081156121e-01
   9.6184865536660863e-02
   8.5895808776945665e-02
   7.5947792784136686e-02
   6.6303765503470918e-02
   5.6926944955032796e-02
   4.7780857786014687e-02
   3.8829348706775714e-02
   3.0036566549374699e-02
   2.1366931865298353e-02
   1.2785090302636470e-02
   4.2558554639047430e-03
  -4.2558554639050769e-03
  -1.2785090302636805e-02
  -2.1366931865298696e-02
  -3.0036566549375043e-02
  -3.8829348706776068e-02
  -4.7780857786015048e-02
  -5.6926944955033185e-02
  -6.6303765503471321e-02
  -7.5947792784137103e-02
  -8.5895808776946081e-02
  -9.6184865536661293e-02
  -1.0685221081156164e-01
  -1.1793516999028719e-01
  -1.2947097525120443e-01
  -1.4149653136537380e-01
  -1.5404810606846989e-01
  -1.6716093131883042e-01
  -1.8086870017919837e-01
  -1.9520294262174467e-01
  -2.1019226243797631e-01
  -2.2187262876365704e-01
  -2.3023427850425787e-01
  -2.3927447485706224e-01
  -2.4900028402364199e-01
  -2.5941678021134429e-01
  -2.7052637396783957e-01
  -2.8232804537025918e-01
  -2.9481647722649190e-01
  -3.0798108620815617e-01
  -3.2180495385069663e-01
  -3.3626366488668508e-01
  -3.5132406766978036e-01
  -3.6694298069156983e-01
  -3.8306588047599094e-01
  -3.9962561935968721e-01
  -4.1654123646584951e-01
  -4.3371694082146245e-01
  -4.5104136086080804e-01
  -4.6838716778147238e-01
  -4.8561118911575968e-01
  -5.0255513074258606e-01
  -5.1904701745648407e-01
  -5.3490344135333634e-01
  -5.4993267161991966e-01
  -5.6393862814544848e-01
  -5.7672565610647675e-01
  -5.8810396333401094e-01
  -5.9789550368799327e-01
  -6.0594001711910983e-01
  -6.1210088127560858e-01
  -6.1627040082966789e-01
  -6.1837416724440719e-01
  -6.1837416724440719e-01
  -6.1627040082966789e-01
  -6.1210088127560858e-01
  -6.0594001711910983e-01
  -5.9789550368799327e-01
  -5.8810396333401094e-01
  -5.7672565610647675e-01
  -5.6393862814544848e-01
  -5.4993267161991966e-01
  -5.3490344135333634e-01
  -5.1904701745648418e-01
  -5.0255513074258606e-01
  -4.8561118911575968e-01
  -4.6838716778147238e-01
  -4.5104136086080804e-01
  -4.3371694082146250e-01
  -4.1654123646584951e-01
  -3.9962561935968727e-01
  -3.8306588047599094e-01
  -3.6694298069156983e-01
  -3.5132406766978036e-01
  -3.3626366488668502e-01
  -3.2180495385069657e-01
  -3.0798108620815617e-01
  -2.9481647722649185e-01
  -2.8232804537025913e-01
  -2.7052637396783952e-01
  -2.5941678021134429e-01
  -2.4900028402364197e-01
  -2.3927447485706224e-01
  -2.3023427850425779e-01
  -2.2187262876365699e-01
