   1.3842554918480976e-01
   1.4588649025450426e-01
   1.5448586493305411e-01
   1.6428308682700621e-01
   1.7534423117954093e-01
   1.8774169994646381e-01
   2.0155368563156886e-01
   2.1686336211473667e-01
   2.3375771263654194e-01
   2.5232588406676998e-01
   2.7265693297736532e-01
   2.9483680396424067e-01
   3.1894435633958179e-01
   3.4504623565598058e-01
   3.7319037783638204e-01
   4.0339794549076663e-01
   4.3565354177971305e-01
   4.6989364471647527e-01
   5.0599337550894852e-01
   5.4375198091456167e-01
   5.8287778941042967e-01
   6.2297389723835828e-01
   6.6352642617663959e-01
   7.0389779509210071e-01
   7.4332792236366840e-01
   7.8094641898065931e-01
   8.1579839327753878e-01
   8.4688524530077869e-01
   8.7321969879404493e-01
   8.9389148759099935e-01
   9.0813711588459778e-01
   9.1540478112519630e-01
   9.1540478112519474e-01
   9.0813711588459300e-01
   8.9389148759099168e-01
   8.7321969879403472e-01
   8.4688524530076625e-01
   8.1579839327752457e-01
   7.8094641898064376e-01
   7.4332792236365175e-01
   7.0389779509208350e-01
   6.6352642617662216e-01
   6.2297389723834096e-01
   5.8287778941041279e-01
   5.4375198091454535e-01
   5.0599337550893286e-01
   4.6989364471646045e-01
   4.3565354177969917e-01
   4.0339794549075358e-01
   3.7319037783636999e-01
   3.4504623565596948e-01
   3.1894435633957158e-01
   2.9483680396423145e-01
   2.7265693297735705e-01
   2.5232588406676260e-01
   2.3375771263653547e-01
   2.1686336211473106e-01
   2.0155368563156406e-01
   1.8774169994645976e-01
   1.7534423117953765e-01
   1.6428308682700368e-01
   1.5448586493305236e-01
   1.4588649025450323e-01
   1.3842554918480940e-01
   1.2874442256825008e-01
   1.1681172882015113e-01
   1.0584263538396418e-01
   9.5751826320314509e-02
   8.6459463552755272e-02
   7.7890988620569521e-02
   6.9976855147855385e-02
   6.2652216408677283e-02
   5.5856585912858497e-02
   4.9533483966008283e-02
   4.3630079356805282e-02
   3.8096832438088854e-02
   3.2887143689991516e-02
   2.7957010219781434e-02
   2.3264691435959040e-02
   1.8770384233565439e-02
   1.4435907366447698e-02
   1.0224394201250408e-02
   6.0999927022656747e-03
   2.0275712523049995e-03
  -2.0275712523049210e-03
  -6.0999927022655966e-03
  -1.0224394201250330e-02
  -1.4435907366447618e-02
  -1.8770384233565359e-02
  -2.3264691435958960e-02
  -2.7957010219781354e-02
  -3.2887143689991426e-02
  -3.8096832438088764e-02
  -4.3630079356805192e-02
  -4.9533483966008193e-02
  -5.5856585912858407e-02
  -6.2652216408677186e-02
  -6.9976855147855288e-02
  -7.7890988620569424e-02
  -8.6459463552755161e-02
  -9.5751826320314370e-02
  -1.0584263538396405e-01
  -1.1681172882015099e-01
  -1.2874442256824989e-01
  -1.3842554918480934e-01
  -1.4588649025450340e-01
  -1.5448586493305277e-01
  -1.6428308682700432e-01
  -1.7534423117953851e-01
  -1.8774169994646089e-01
  -2.0155368563156542e-01
  -2.1686336211473270e-01
  -2.3375771263653736e-01
  -2.5232588406676482e-01
  -2.7265693297735955e-01
  -2.9483680396423423e-01
  -3.1894435633957469e-01
  -3.4504623565597298e-01
  -3.7319037783637382e-01
  -4.0339794549075791e-01
  -4.3565354177970383e-01
  -4.6989364471646544e-01
  -5.0599337550893819e-01
  -5.4375198091455090e-01
  -5.8287778941041868e-01
  -6.2297389723834717e-01
  -6.6352642617662849e-01
  -7.0389779509208961e-01
  -7.4332792236365786e-01
  -7.8094641898064954e-01
  -8.1579839327753012e-01
  -8.4688524530077103e-01
  -8.7321969879403882e-01
  -8.9389148759099490e-01
  -9.0813711588459511e-01
  -9.1540478112519574e-01
  -9.1540478112519608e-01
  -9.0813711588459645e-01
  -8.9389148759099690e-01
  -8.7321969879404160e-01
  -8.4688524530077447e-01
  -8.1579839327753378e-01
  -7.8094641898065387e-01
  -7.4332792236366230e-01
  -7.0389779509209438e-01
  -6.6352642617663316e-01
  -6.2297389723835195e-01
  -5.8287778941042334e-01
  -5.4375198091455546e-01
  -5.0599337550894252e-01
  -4.6989364471646966e-01
  -4.3565354177970772e-01
  -4.0339794549076158e-01
  -3.7319037783637732e-01
  -3.4504623565597620e-01
  -3.1894435633957768e-01
  -2.9483680396423700e-01
  -2.7265693297736199e-01
  -2.5232588406676698e-01
  -2.3375771263653927e-01
  -2.1686336211473439e-01
  -2.0155368563156686e-01
  -1.8774169994646212e-01
  -1.7534423117953951e-01
  -1.6428308682700507e-01
  -1.5448586493305327e-01
  -1.4588649025450373e-01
  -1.3842554918480945e-01
