   1.3103881475610785e-02
   1.4738506878116311e-02
   1.6893539493829147e-02
   1.9645049941602145e-02
   2.3090150600773296e-02
   2.7350409029046532e-02
   3.2576112975746876e-02
   3.8951528570328707e-02
   4.6701321519165402e-02
   5.6098340255742798e-02
   6.7472987123946102e-02
   8.1224423035088880e-02
   9.7833851529548072e-02
   1.1788008932498471e-01
   1.4205751541086167e-01
   1.7119623451228033e-01
   2.0628378043521609e-01
   2.4848672834089233e-01
   2.9916886358811262e-01
   3.5989955840953314e-01
   4.3244096740927451e-01
   5.1869452868883781e-01
   6.2057495516959560e-01
   7.3976314375371310e-01
   8.7727116052880405e-01
   1.0327441165388216e+00
   1.2034540941229639e+00
   1.3830639196560894e+00
   1.5605162366335783e+00
   1.7198213549703378e+00
   1.8418021927715065e+00
   1.9083869247942125e+00
   1.9083869247951704e+00
   1.8418021927742119e+00
   1.7198213549743562e+00
   1.5605162366383636e+00
   1.3830639196611370e+00
   1.2034540941278935e+00
   1.0327441165433946e+00
   8.7727116053289966e-01
   7.3976314375729368e-01
   6.2057495517267425e-01
   5.1869452869145460e-01
   4.3244096741148136e-01
   3.5989955841138394e-01
   2.9916886358965905e-01
   2.4848672834218080e-01
   2.0628378043628759e-01
   1.7119623451317004e-01
   1.4205751541159953e-01
   1.1788008932559586e-01
   9.7833851530053625e-02
   8.1224423035506421e-02
   6.7472987124290215e-02
   5.6098340256025545e-02
   4.6701321519396703e-02
   3.8951528570516709e-02
   3.2576112975898207e-02
   2.7350409029166516e-02
   2.3090150600866166e-02
   1.9645049941671187e-02
   1.6893539493876789e-02
   1.4738506878144240e-02
   1.3103881475619986e-02
   1.1324207086952009e-02
   9.3516591669094568e-03
   7.7217286880541637e-03
   6.3747040623520377e-03
   5.2612359183212580e-03
   4.3405303604518320e-03
   3.5788550966553670e-03
   2.9483039594607316e-03
   2.4257747006998995e-03
   1.9921226897052146e-03
   1.6314595539696874e-03
   1.3305710914710059e-03
   1.0784331424074740e-03
   8.6580769077188209e-04
   6.8490440208671122e-04
   5.2909519908254563e-04
   3.9267141919674978e-04
   2.7063465726791247e-04
   1.5851363062202684e-04
   5.2200356971039169e-05
  -5.2200356971039738e-05
  -1.5851363062202744e-04
  -2.7063465726791312e-04
  -3.9267141919675048e-04
  -5.2909519908254650e-04
  -6.8490440208671230e-04
  -8.6580769077188339e-04
  -1.0784331424074755e-03
  -1.3305710914710079e-03
  -1.6314595539696900e-03
  -1.9921226897052177e-03
  -2.4257747006999034e-03
  -2.9483039594607363e-03
  -3.5788550966553735e-03
  -4.3405303604518398e-03
  -5.2612359183212675e-03
  -6.3747040623520481e-03
  -7.7217286880541776e-03
  -9.3516591669094724e-03
  -1.1324207086952025e-02
  -1.3103881475620006e-02
  -1.4738506878144266e-02
  -1.6893539493876824e-02
  -1.9645049941671232e-02
  -2.3090150600866222e-02
  -2.7350409029166585e-02
  -3.2576112975898290e-02
  -3.8951528570516813e-02
  -4.6701321519396821e-02
  -5.6098340256025690e-02
  -6.7472987124290409e-02
  -8.1224423035506643e-02
  -9.7833851530053889e-02
  -1.1788008932559617e-01
  -1.4205751541159989e-01
  -1.7119623451317051e-01
  -2.0628378043628814e-01
  -2.4848672834218150e-01
  -2.9916886358965983e-01
  -3.5989955841138488e-01
  -4.3244096741148247e-01
  -5.1869452869145605e-01
  -6.2057495517267580e-01
  -7.3976314375729557e-01
  -8.7727116053290166e-01
  -1.0327441165433968e+00
  -1.2034540941278959e+00
  -1.3830639196611392e+00
  -1.5605162366383656e+00
  -1.7198213549743577e+00
  -1.8418021927742128e+00
  -1.9083869247951704e+00
  -1.9083869247942118e+00
  -1.8418021927715049e+00
  -1.7198213549703356e+00
  -1.5605162366335761e+00
  -1.3830639196560872e+00
  -1.2034540941229617e+00
  -1.0327441165388198e+00
  -8.7727116052880239e-01
  -7.3976314375371166e-01
  -6.2057495516959416e-01
  -5.1869452868883659e-01
  -4.3244096740927357e-01
  -3.5989955840953231e-01
  -2.9916886358811201e-01
  -2.4848672834089178e-01
  -2.0628378043521567e-01
  -1.7119623451227997e-01
  -1.4205751541086137e-01
  -1.1788008932498444e-01
  -9.7833851529547863e-02
  -8.1224423035088714e-02
  -6.7472987123945963e-02
  -5.6098340255742681e-02
  -4.6701321519165305e-02
  -3.8951528570328631e-02
  -3.2576112975746814e-02
  -2.7350409029046487e-02
  -2.3090150600773258e-02
  -1.9645049941602124e-02
  -1.6893539493829133e-02
  -1.4738506878116309e-02
  -1.3103881475610793e-02
