   2.1197371230481979e-01
   2.2038948439080056e-01
   2.2958026342468363e-01
   2.3956006702642149e-01
   2.5034157325924228e-01
   2.6193537420283786e-01
   2.7434910030199861e-01
   2.8758640257848628e-01
   3.0164578173956946e-01
   3.1651925673325976e-01
   3.3219087086748567e-01
   3.4863504175707105e-01
   3.6581477262635426e-01
   3.8367975735431331e-01
   4.0216443041433714e-01
   4.2118603552755324e-01
   4.4064281290377549e-01
   4.6041243314164992e-01
   4.8035083399226930e-01
   5.0029164090988210e-01
   5.2004636907576340e-01
   5.3940560782168934e-01
   5.5814137201825587e-01
   5.7601076335631807e-01
   5.9276101360226574e-01
   6.0813588127030127e-01
   6.2188324709402154e-01
   6.3376361259491576e-01
   6.4355906638719174e-01
   6.5108216560052556e-01
   6.5618410721684994e-01
   6.5876155522929469e-01
   6.5876155522929480e-01
   6.5618410721685050e-01
   6.5108216560052645e-01
   6.4355906638719296e-01
   6.3376361259491720e-01
   6.2188324709402343e-01
   6.0813588127030327e-01
   5.9276101360226785e-01
   5.7601076335632029e-01
   5.5814137201825820e-01
   5.3940560782169167e-01
   5.2004636907576574e-01
   5.0029164090988443e-01
   4.8035083399227158e-01
   4.6041243314165220e-01
   4.4064281290377760e-01
   4.2118603552755524e-01
   4.0216443041433908e-01
   3.8367975735431514e-01
   3.6581477262635598e-01
   3.4863504175707266e-01
   3.3219087086748716e-01
   3.1651925673326109e-01
   3.0164578173957063e-01
   2.8758640257848733e-01
   2.7434910030199944e-01
   2.6193537420283858e-01
   2.5034157325924289e-01
   2.3956006702642194e-01
   2.2958026342468396e-01
   2.2038948439080075e-01
   2.1197371230481984e-01
   2.0034814707482271e-01
   1.8551726652497136e-01
   1.7141576608888390e-01
   1.5800545998459431e-01
   1.4524623448524765e-01
   1.3309675355871500e-01
   1.2151501553700672e-01
   1.1045878347245708e-01
   9.9885909387795402e-02
   8.9754570131606995e-02
   8.0023430148305694e-02
   7.0651744245715173e-02
   6.1599411437484979e-02
   5.2826989168970835e-02
   4.4295675703773095e-02
   3.5967267143342752e-02
   2.7804094457859179e-02
   1.9768945004652795e-02
   1.1824972282476681e-02
   3.9355970990487092e-03
  -3.9355970990492383e-03
  -1.1824972282477211e-02
  -1.9768945004653333e-02
  -2.7804094457859720e-02
  -3.5967267143343307e-02
  -4.4295675703773664e-02
  -5.2826989168971418e-02
  -6.1599411437485568e-02
  -7.0651744245715770e-02
  -8.0023430148306304e-02
  -8.9754570131607619e-02
  -9.9885909387796054e-02
  -1.1045878347245777e-01
  -1.2151501553700743e-01
  -1.3309675355871575e-01
  -1.4524623448524840e-01
  -1.5800545998459511e-01
  -1.7141576608888470e-01
  -1.8551726652497219e-01
  -2.0034814707482354e-01
  -2.1197371230482062e-01
  -2.2038948439080139e-01
  -2.2958026342468446e-01
  -2.3956006702642232e-01
  -2.5034157325924311e-01
  -2.6193537420283869e-01
  -2.7434910030199944e-01
  -2.8758640257848717e-01
  -3.0164578173957035e-01
  -3.1651925673326070e-01
  -3.3219087086748655e-01
  -3.4863504175707194e-01
  -3.6581477262635509e-01
  -3.8367975735431403e-01
  -4.0216443041433791e-01
  -4.2118603552755396e-01
  -4.4064281290377610e-01
  -4.6041243314165053e-01
  -4.8035083399226985e-01
  -5.0029164090988265e-01
  -5.2004636907576385e-01
  -5.3940560782168967e-01
  -5.5814137201825620e-01
  -5.7601076335631829e-01
  -5.9276101360226585e-01
  -6.0813588127030138e-01
  -6.2188324709402154e-01
  -6.3376361259491554e-01
  -6.4355906638719163e-01
  -6.5108216560052534e-01
  -6.5618410721684961e-01
  -6.5876155522929436e-01
  -6.5876155522929447e-01
  -6.5618410721684994e-01
  -6.5108216560052590e-01
  -6.4355906638719229e-01
  -6.3376361259491654e-01
  -6.2188324709402276e-01
  -6.0813588127030271e-01
  -5.9276101360226729e-01
  -5.7601076335631984e-01
  -5.5814137201825775e-01
  -5.3940560782169122e-01
  -5.2004636907576529e-01
  -5.0029164090988409e-01
  -4.8035083399227124e-01
  -4.6041243314165192e-01
  -4.4064281290377738e-01
  -4.2118603552755512e-01
  -4.0216443041433902e-01
  -3.8367975735431514e-01
  -3.6581477262635598e-01
  -3.4863504175707277e-01
  -3.3219087086748728e-01
  -3.1651925673326137e-01
  -3.0164578173957096e-01
  -2.8758640257848767e-01
  -2.7434910030199988e-01
  -2.6193537420283908e-01
  -2.5034157325924339e-01
  -2.3956006702642257e-01
  -2.2958026342468463e-01
  -2.2038948439080150e-01
  -2.1197371230482062e-01
