   5.9909904625782169e-02
   6.4624106416306143e-02
   7.0389190609830024e-02
   7.7297849768236920e-02
   8.5460804811896884e-02
   9.5008325578353647e-02
   1.0609193753026767e-01
   1.1888628177269904e-01
   1.3359107048392277e-01
   1.5043304176258188e-01
   1.6966776110756426e-01
   1.9158103354083172e-01
   2.1648957042786443e-01
   2.4474038508033458e-01
   2.7670815523242442e-01
   3.1278947118172251e-01
   3.5339247133747026e-01
   3.9891984965287935e-01
   4.4974262924983610e-01
   5.0616152206918164e-01
   5.6835233563872056e-01
   6.3629212580882955e-01
   7.0966426325592102e-01
   7.8774419554632691e-01
   8.6927449815094415e-01
   9.5234850443185082e-01
   1.0343356321993444e+00
   1.1118946885323016e+00
   1.1811258224338719e+00
   1.2378961105484354e+00
   1.2783296395843229e+00
   1.2993857451004720e+00
   1.2993857451004465e+00
   1.2783296395842487e+00
   1.2378961105483179e+00
   1.1811258224337200e+00
   1.1118946885321253e+00
   1.0343356321991533e+00
   9.5234850443165331e-01
   8.6927449815074775e-01
   7.8774419554613695e-01
   7.0966426325574095e-01
   6.3629212580866201e-01
   5.6835233563856635e-01
   5.0616152206904141e-01
   4.4974262924970948e-01
   3.9891984965276583e-01
   3.5339247133736906e-01
   3.1278947118163264e-01
   2.7670815523234493e-01
   2.4474038508026463e-01
   2.1648957042780309e-01
   1.9158103354077816e-01
   1.6966776110751772e-01
   1.5043304176254169e-01
   1.3359107048388830e-01
   1.1888628177266980e-01
   1.0609193753024321e-01
   9.5008325578333566e-02
   8.5460804811880883e-02
   7.7297849768224722e-02
   7.0389190609821448e-02
   6.4624106416301050e-02
   5.9909904625780476e-02
   5.4231433091669834e-02
   4.7530109432040217e-02
   4.1632523707450346e-02
   3.6439385118189956e-02
   3.1863118139976984e-02
   2.7826451687289273e-02
   2.4261159082538418e-02
   2.1106935178593116e-02
   1.8310396823518291e-02
   1.5824193262400851e-02
   1.3606213792443905e-02
   1.1618880862017806e-02
   9.8285177284086010e-03
   8.2047806978345749e-03
   6.7201468257572184e-03
   5.3494487330955033e-03
   4.0694488827967079e-03
   2.8584462560565099e-03
   1.6959088669614500e-03
   5.6212595922747633e-04
  -5.6212595922748077e-04
  -1.6959088669614548e-03
  -2.8584462560565151e-03
  -4.0694488827967140e-03
  -5.3494487330955093e-03
  -6.7201468257572245e-03
  -8.2047806978345801e-03
  -9.8285177284086079e-03
  -1.1618880862017815e-02
  -1.3606213792443913e-02
  -1.5824193262400865e-02
  -1.8310396823518305e-02
  -2.1106935178593130e-02
  -2.4261159082538432e-02
  -2.7826451687289290e-02
  -3.1863118139977005e-02
  -3.6439385118189969e-02
  -4.1632523707450367e-02
  -4.7530109432040238e-02
  -5.4231433091669876e-02
  -5.9909904625782343e-02
  -6.4624106416306573e-02
  -7.0389190609830732e-02
  -7.7297849768237920e-02
  -8.5460804811898175e-02
  -9.5008325578355257e-02
  -1.0609193753026962e-01
  -1.1888628177270136e-01
  -1.3359107048392552e-01
  -1.5043304176258510e-01
  -1.6966776110756801e-01
  -1.9158103354083600e-01
  -2.1648957042786932e-01
  -2.4474038508034018e-01
  -2.7670815523243081e-01
  -3.1278947118172978e-01
  -3.5339247133747848e-01
  -3.9891984965288868e-01
  -4.4974262924984648e-01
  -5.0616152206919318e-01
  -5.6835233563873333e-01
  -6.3629212580884353e-01
  -7.0966426325593590e-01
  -7.8774419554634256e-01
  -8.6927449815096025e-01
  -9.5234850443186692e-01
  -1.0343356321993600e+00
  -1.1118946885323160e+00
  -1.1811258224338841e+00
  -1.2378961105484447e+00
  -1.2783296395843289e+00
  -1.2993857451004738e+00
  -1.2993857451004442e+00
  -1.2783296395842425e+00
  -1.2378961105483084e+00
  -1.1811258224337078e+00
  -1.1118946885321110e+00
  -1.0343356321991377e+00
  -9.5234850443163754e-01
  -8.6927449815073188e-01
  -7.8774419554612163e-01
  -7.0966426325572651e-01
  -6.3629212580864836e-01
  -5.6835233563855392e-01
  -5.0616152206903009e-01
  -4.4974262924969927e-01
  -3.9891984965275673e-01
  -3.5339247133736090e-01
  -3.1278947118162542e-01
  -2.7670815523233855e-01
  -2.4474038508025900e-01
  -2.1648957042779815e-01
  -1.9158103354077388e-01
  -1.6966776110751400e-01
  -1.5043304176253849e-01
  -1.3359107048388558e-01
  -1.1888628177266748e-01
  -1.0609193753024128e-01
  -9.5008325578331984e-02
  -8.5460804811879620e-02
  -7.7297849768223778e-02
  -7.0389190609820795e-02
  -6.4624106416300689e-02
  -5.9909904625780386e-02
