   1.0952319192593376e+00
   1.0469280405162531e+00
   9.9509917123571456e-01
   9.4194997440721251e-01
   8.8942033869361947e-01
   8.3912508046312628e-01
   7.9234410513319287e-01
   7.5004720580173601e-01
   7.1293825202420513e-01
   6.8150667345548444e-01
   6.5607796393183393e-01
   6.3685830227180074e-01
   6.2397086292181692e-01
   6.1748294886701871e-01
   6.1742389092332561e-01
   6.2379394222742923e-01
   6.3656435880275763e-01
   6.5566866816322866e-01
   6.8098493766414192e-01
   7.1230881214650910e-01
   7.4931736745460753e-01
   7.9152462642624111e-01
   8.3823112767471919e-01
   8.8847239680697987e-01
   9.4097452632620149e-01
   9.9412889074184319e-01
   1.0460012024540275e+00
   1.0943907572103666e+00
   1.1369514592004031e+00
   1.1713752677097560e+00
   1.1956215734722155e+00
   1.2081569957428633e+00
   1.2081569957428633e+00
   1.1956215734722155e+00
   1.1713752677097560e+00
   1.1369514592004033e+00
   1.0943907572103666e+00
   1.0460012024540277e+00
   9.9412889074184330e-01
   9.4097452632620171e-01
   8.8847239680697998e-01
   8.3823112767471930e-01
   7.9152462642624133e-01
   7.4931736745460775e-01
   7.1230881214650932e-01
   6.8098493766414203e-01
   6.5566866816322888e-01
   6.3656435880275775e-01
   6.2379394222742934e-01
   6.1742389092332584e-01
   6.1748294886701882e-01
   6.2397086292181692e-01
   6.3685830227180074e-01
   6.5607796393183404e-01
   6.8150667345548455e-01
   7.1293825202420524e-01
   7.5004720580173612e-01
   7.9234410513319287e-01
   8.3912508046312639e-01
   8.8942033869361936e-01
   9.4194997440721251e-01
   9.9509917123571456e-01
   1.0469280405162531e+00
   1.0952319192593376e+00
   1.1596682841475763e+00
   1.2362883684809063e+00
   1.2978994718947936e+00
   1.3397006861048637e+00
   1.3580998265680322e+00
   1.3514272488554717e+00
   1.3202947980139457e+00
   1.2674623192360541e+00
   1.1972638423531918e+00
   1.1148041965545514e+00
   1.0251786503175562e+00
   9.3289583824427014e-01
   8.4156638013000584e-01
   7.5382463996573812e-01
   6.7140700556240152e-01
   5.9530870442044159e-01
   5.2596118822500337e-01
   4.6339600422759508e-01
   4.0738004482774065e-01
   3.5751904899172260e-01
   3.1333238999469626e-01
   2.7430452284317164e-01
   2.3991870102902418e-01
   2.0967785934869593e-01
   1.8311655513977848e-01
   1.5980688623505035e-01
   1.3936048654416675e-01
   1.2142806581369084e-01
   1.0569749134747305e-01
   9.1891074538297576e-02
   7.9762491639999850e-02
   6.9093608720073751e-02
   5.9691373607516411e-02
   5.1384866859227142e-02
   4.4022557784760975e-02
   3.7469782293666598e-02
   3.1606441163411367e-02
   2.6324906447857052e-02
   2.1528117574577364e-02
   1.7127845484401112e-02
   1.4082926707573927e-02
   1.2327909544821275e-02
   1.0791815492844758e-02
   9.4473734714235393e-03
   8.2707124677418795e-03
   7.2409388461542358e-03
   6.3397661154133552e-03
   5.5511907173554217e-03
   4.8612081724025095e-03
   4.2575646031543079e-03
   3.7295392649912113e-03
   3.2677542494447876e-03
   2.8640079993985279e-03
   2.5111296918620897e-03
   2.2028519105064350e-03
   1.9336993521862323e-03
   1.6988915945750111e-03
   1.4942582005176401e-03
   1.3161646529726585e-03
   1.1614478062133837e-03
   1.0273597075962043e-03
   9.1151879262057816e-04
   8.1186758679271270e-04
   7.2663616325893037e-04
   6.5431070732729782e-04
   5.9360662964913317e-04
   5.4344575058722165e-04
   5.0293715058368469e-04
   4.7136134643757595e-04
   4.4815751246410102e-04
   4.3291351958118336e-04
   4.2535861541420460e-04
   4.2535861541420460e-04
   4.3291351958118336e-04
   4.4815751246410113e-04
   4.7136134643757606e-04
   5.0293715058368469e-04
   5.4344575058722176e-04
   5.9360662964913328e-04
   6.5431070732729793e-04
   7.2663616325893048e-04
   8.1186758679271281e-04
   9.1151879262057816e-04
   1.0273597075962043e-03
   1.1614478062133837e-03
   1.3161646529726587e-03
   1.4942582005176401e-03
   1.6988915945750109e-03
   1.9336993521862321e-03
   2.2028519105064346e-03
   2.5111296918620897e-03
   2.8640079993985275e-03
   3.2677542494447872e-03
   3.7295392649912109e-03
   4.2575646031543079e-03
   4.8612081724025095e-03
   5.5511907173554217e-03
   6.3397661154133561e-03
   7.2409388461542358e-03
   8.2707124677418795e-03
   9.4473734714235428e-03
   1.0791815492844760e-02
   1.2327909544821276e-02
   1.4082926707573929e-02
