   6.8244886434176910e-01
   6.8244886434176910e-01
   6.8244886434176921e-01
   6.8244886434176932e-01
   6.8244886434176932e-01
   6.8244886434176943e-01
   6.8244886434176955e-01
   6.8244886434176955e-01
   6.8244886434176966e-01
   6.8244886434176966e-01
   6.8244886434176977e-01
   6.8244886434176977e-01
   6.8244886434176988e-01
   6.8244886434176988e-01
   6.8244886434176988e-01
   6.8244886434176999e-01
   6.8244886434176999e-01
   6.8244886434176999e-01
   6.8244886434177010e-01
   6.8244886434177010e-01
   6.8244886434177010e-01
   6.8244886434177010e-01
   6.8244886434177010e-01
   6.8244886434177021e-01
   6.8244886434177021e-01
   6.8244886434177021e-01
   6.8244886434177021e-01
   6.8244886434177021e-01
   6.8244886434177021e-01
   6.8244886434177021e-01
   6.8244886434177021e-01
   6.8244886434177021e-01
   6.8244886434177021e-01
   6.8244886434177010e-01
   6.8244886434177010e-01
   6.8244886434177010e-01
   6.8244886434177010e-01
   6.8244886434176999e-01
   6.8244886434176999e-01
   6.8244886434176999e-01
   6.8244886434176988e-01
   6.8244886434176988e-01
   6.8244886434176988e-01
   6.8244886434176977e-01
   6.8244886434176977e-01
   6.8244886434176966e-01
   6.8244886434176966e-01
   6.8244886434176955e-01
   6.8244886434176955e-01
   6.8244886434176943e-01
   6.8244886434176932e-01
   6.8244886434176932e-01
   6.8244886434176921e-01
   6.8244886434176921e-01
   6.8244886434176910e-01
   6.8244886434176899e-01
   6.8244886434176899e-01
   6.8244886434176877e-01
   6.8244886434176866e-01
   6.8244886434176855e-01
   6.8244886434176855e-01
   6.8244886434176844e-01
   6.8244886434176832e-01
   6.8244886434176832e-01
   6.8244886434176821e-01
   6.8244886434176810e-01
   6.8244886434176799e-01
   6.8244886434176799e-01
   6.8244886434176788e-01
   6.8244886434176777e-01
   6.8244886434176777e-01
   6.8244886434176766e-01
   6.8244886434176755e-01
   6.8244886434176755e-01
   6.8244886434176744e-01
   6.8244886434176733e-01
   6.8244886434176733e-01
   6.8244886434176721e-01
   6.8244886434176721e-01
   6.8244886434176710e-01
   6.8244886434176699e-01
   6.8244886434176699e-01
   6.8244886434176688e-01
   6.8244886434176688e-01
   6.8244886434176677e-01
   6.8244886434176677e-01
   6.8244886434176677e-01
   6.8244886434176666e-01
   6.8244886434176666e-01
   6.8244886434176655e-01
   6.8244886434176655e-01
   6.8244886434176655e-01
   6.8244886434176655e-01
   6.8244886434176644e-01
   6.8244886434176644e-01
   6.8244886434176644e-01
   6.8244886434176644e-01
   6.8244886434176644e-01
   6.8244886434176644e-01
   6.8244886434176644e-01
   6.8244886434176644e-01
   6.8244886434176644e-01
   6.8244886434176644e-01
   6.8244886434176644e-01
   6.8244886434176644e-01
   6.8244886434176644e-01
   6.8244886434176644e-01
   6.8244886434176644e-01
   6.8244886434176655e-01
   6.8244886434176655e-01
   6.8244886434176655e-01
   6.8244886434176655e-01
   6.8244886434176666e-01
   6.8244886434176666e-01
   6.8244886434176666e-01
   6.8244886434176677e-01
   6.8244886434176677e-01
   6.8244886434176688e-01
   6.8244886434176688e-01
   6.8244886434176699e-01
   6.8244886434176699e-01
   6.8244886434176710e-01
   6.8244886434176710e-01
   6.8244886434176721e-01
   6.8244886434176733e-01
   6.8244886434176733e-01
   6.8244886434176744e-01
   6.8244886434176755e-01
   6.8244886434176755e-01
   6.8244886434176766e-01
   6.8244886434176777e-01
   6.8244886434176777e-01
   6.8244886434176788e-01
   6.8244886434176799e-01
   6.8244886434176799e-01
   6.8244886434176810e-01
   6.8244886434176821e-01
   6.8244886434176821e-01
   6.8244886434176832e-01
   6.8244886434176844e-01
   6.8244886434176855e-01
   6.8244886434176855e-01
   6.8244886434176866e-01
   6.8244886434176877e-01
   6.8244886434176877e-01
   6.8244886434176888e-01
   6.8244886434176899e-01
   6.8244886434176910e-01
   6.8244886434176921e-01
   6.8244886434176932e-01
   6.8244886434176932e-01
   6.8244886434176943e-01
   6.8244886434176955e-01
   6.8244886434176955e-01
   6.8244886434176966e-01
   6.8244886434176966e-01
   6.8244886434176977e-01
   6.8244886434176977e-01
   6.8244886434176988e-01
   6.8244886434176988e-01
   6.8244886434176988e-01
   6.8244886434176999e-01
   6.8244886434176999e-01
   6.8244886434176999e-01
   6.8244886434177010e-01
   6.8244886434177010e-01
   6.8244886434177010e-01
   6.8244886434177010e-01
   6.8244886434177021e-01
   6.8244886434177021e-01
   6.8244886434177021e-01
   6.8244886434177021e-01
   6.8244886434177021e-01
   6.8244886434177021e-01
   6.8244886434177021e-01
   6.8244886434177021e-01
   6.8244886434177021e-01
   6.8244886434177021e-01
   6.8244886434177021e-01
   6.8244886434177010e-01
   6.8244886434177010e-01
   6.8244886434177010e-01
   6.8244886434177010e-01
   6.8244886434176999e-01
   6.8244886434176999e-01
   6.8244886434176999e-01
   6.8244886434176988e-01
   6.8244886434176988e-01
   6.8244886434176988e-01
   6.8244886434176977e-01
   6.8244886434176977e-01
   6.8244886434176966e-01
   6.8244886434176966e-01
   6.8244886434176955e-01
   6.8244886434176955e-01
   6.8244886434176943e-01
   6.8244886434176943e-01
   6.8244886434176932e-01
   6.8244886434176921e-01
   6.8244886434176921e-01
   6.8244886434176910e-01
   6.8244886434176899e-01
   6.8244886434176921e-01
   6.8244886434176921e-01
   6.8244886434176932e-01
   6.8244886434176932e-01
   6.8244886434176943e-01
   6.8244886434176943e-01
   6.8244886434176955e-01
   6.8244886434176955e-01
   6.8244886434176966e-01
   6.8244886434176966e-01
   6.8244886434176977e-01
   6.8244886434176977e-01
   6.8244886434176988e-01
   6.8244886434176988e-01
   6.8244886434176988e-01
   6.8244886434176999e-01
   6.8244886434176999e-01
   6.8244886434176999e-01
   6.8244886434176999e-01
   6.8244886434176999e-01
   6.8244886434177010e-01
   6.8244886434177010e-01
   6.8244886434177010e-01
   6.8244886434177010e-01
   6.8244886434177010e-01
   6.8244886434177010e-01
   6.8244886434177010e-01
   6.8244886434177010e-01
   6.8244886434177010e-01
   6.8244886434177010e-01
   6.8244886434177010e-01
   6.8244886434176999e-01
   6.8244886434176999e-01
   6.8244886434176999e-01
   6.8244886434176999e-01
   6.8244886434176988e-01
   6.8244886434176988e-01
   6.8244886434176988e-01
   6.8244886434176977e-01
   6.8244886434176977e-01
   6.8244886434176977e-01
   6.8244886434176966e-01
   6.8244886434176966e-01
   6.8244886434176955e-01
   6.8244886434176955e-01
   6.8244886434176943e-01
   6.8244886434176943e-01
   6.8244886434176932e-01
   6.8244886434176932e-01
   6.8244886434176921e-01
   6.8244886434176910e-01
   6.8244886434176910e-01
   6.8244886434176899e-01
   6.8244886434176888e-01
   6.8244886434176888e-01
   6.8244886434176877e-01
   6.8244886434176866e-01
   6.8244886434176866e-01
   6.8244886434176855e-01
   6.8244886434176844e-01
   6.8244886434176844e-01
   6.8244886434176832e-01
   6.8244886434176821e-01
   6.8244886434176821e-01
   6.8244886434176810e-01
   6.8244886434176799e-01
   6.8244886434176788e-01
   6.8244886434176788e-01
   6.8244886434176777e-01
   6.8244886434176766e-01
   6.8244886434176766e-01
   6.8244886434176755e-01
   6.8244886434176744e-01
   6.8244886434176744e-01
   6.8244886434176733e-01
   6.8244886434176733e-01
   6.8244886434176721e-01
   6.8244886434176721e-01
   6.8244886434176710e-01
   6.8244886434176699e-01
   6.8244886434176699e-01
   6.8244886434176688e-01
   6.8244886434176688e-01
   6.8244886434176688e-01
   6.8244886434176677e-01
   6.8244886434176677e-01
   6.8244886434176666e-01
   6.8244886434176666e-01
   6.8244886434176666e-01
   6.8244886434176655e-01
   6.8244886434176655e-01
   6.8244886434176655e-01
   6.8244886434176655e-01
   6.8244886434176655e-01
   6.8244886434176644e-01
   6.8244886434176644e-01
   6.8244886434176644e-01
   6.8244886434176644e-01
   6.8244886434176644e-01
   6.8244886434176644e-01
   6.8244886434176644e-01
   6.8244886434176644e-01
   6.8244886434176644e-01
   6.8244886434176644e-01
   6.8244886434176655e-01
   6.8244886434176655e-01
   6.8244886434176655e-01
   6.8244886434176655e-01
   6.8244886434176655e-01
   6.8244886434176666e-01
   6.8244886434176666e-01
   6.8244886434176666e-01
   6.8244886434176677e-01
   6.8244886434176677e-01
   6.8244886434176688e-01
   6.8244886434176688e-01
   6.8244886434176699e-01
   6.8244886434176699e-01
   6.8244886434176710e-01
   6.8244886434176710e-01
   6.8244886434176721e-01
   6.8244886434176721e-01
   6.8244886434176733e-01
   6.8244886434176733e-01
   6.8244886434176744e-01
   6.8244886434176755e-01
   6.8244886434176755e-01
   6.8244886434176766e-01
   6.8244886434176788e-01
   6.8244886434176788e-01
   6.8244886434176777e-01
   6.8244886434176777e-01
   6.8244886434176777e-01
   6.8244886434176766e-01
   6.8244886434176766e-01
   6.8244886434176755e-01
   6.8244886434176755e-01
   6.8244886434176755e-01
   6.8244886434176744e-01
   6.8244886434176744e-01
   6.8244886434176744e-01
   6.8244886434176733e-01
   6.8244886434176733e-01
   6.8244886434176733e-01
   6.8244886434176733e-01
   6.8244886434176721e-01
   6.8244886434176721e-01
   6.8244886434176721e-01
   6.8244886434176721e-01
   6.8244886434176721e-01
   6.8244886434176710e-01
   6.8244886434176710e-01
   6.8244886434176710e-01
   6.8244886434176710e-01
   6.8244886434176710e-01
   6.8244886434176710e-01
   6.8244886434176710e-01
   6.8244886434176710e-01
   6.8244886434176710e-01
   6.8244886434176710e-01
   6.8244886434176710e-01
   6.8244886434176710e-01
   6.8244886434176710e-01
   6.8244886434176710e-01
   6.8244886434176710e-01
   6.8244886434176710e-01
   6.8244886434176710e-01
   6.8244886434176721e-01
   6.8244886434176721e-01
   6.8244886434176721e-01
   6.8244886434176721e-01
   6.8244886434176721e-01
   6.8244886434176733e-01
   6.8244886434176733e-01
   6.8244886434176733e-01
   6.8244886434176733e-01
   6.8244886434176744e-01
   6.8244886434176744e-01
   6.8244886434176744e-01
   6.8244886434176755e-01
   6.8244886434176755e-01
   6.8244886434176755e-01
   6.8244886434176766e-01
   6.8244886434176766e-01
   6.8244886434176777e-01
   6.8244886434176777e-01
   6.8244886434176777e-01
   6.8244886434176788e-01
   6.8244886434176788e-01
   6.8244886434176799e-01
   6.8244886434176799e-01
   6.8244886434176810e-01
   6.8244886434176810e-01
   6.8244886434176810e-01
   6.8244886434176821e-01
   6.8244886434176821e-01
   6.8244886434176832e-01
   6.8244886434176832e-01
   6.8244886434176844e-01
   6.8244886434176844e-01
   6.8244886434176855e-01
   6.8244886434176855e-01
   6.8244886434176866e-01
   6.8244886434176866e-01
   6.8244886434176866e-01
   6.8244886434176877e-01
   6.8244886434176877e-01
   6.8244886434176899e-01
   6.8244886434176899e-01
   6.8244886434176899e-01
   6.8244886434176910e-01
   6.8244886434176910e-01
   6.8244886434176921e-01
   6.8244886434176921e-01
   6.8244886434176921e-01
   6.8244886434176921e-01
   6.8244886434176932e-01
   6.8244886434176932e-01
   6.8244886434176932e-01
   6.8244886434176932e-01
   6.8244886434176943e-01
   6.8244886434176943e-01
   6.8244886434176943e-01
   6.8244886434176943e-01
   6.8244886434176943e-01
   6.8244886434176955e-01
   6.8244886434176955e-01
   6.8244886434176955e-01
   6.8244886434176955e-01
   6.8244886434176955e-01
   6.8244886434176955e-01
   6.8244886434176955e-01
   6.8244886434176955e-01
   6.8244886434176955e-01
   6.8244886434176955e-01
   6.8244886434176955e-01
   6.8244886434176943e-01
   6.8244886434176943e-01
   6.8244886434176943e-01
   6.8244886434176943e-01
   6.8244886434176943e-01
   6.8244886434176943e-01
   6.8244886434176932e-01
   6.8244886434176932e-01
   6.8244886434176932e-01
   6.8244886434176932e-01
   6.8244886434176921e-01
   6.8244886434176910e-01
   6.8244886434176910e-01
   6.8244886434176899e-01
   6.8244886434176899e-01
   6.8244886434176899e-01
   6.8244886434176888e-01
   6.8244886434176888e-01
   6.8244886434176888e-01
   6.8244886434176877e-01
   6.8244886434176877e-01
   6.8244886434176866e-01
   6.8244886434176866e-01
   6.8244886434176866e-01
   6.8244886434176855e-01
   6.8244886434176855e-01
   6.8244886434176844e-01
   6.8244886434176844e-01
   6.8244886434176832e-01
   6.8244886434176832e-01
   6.8244886434176832e-01
   6.8244886434176821e-01
   6.8244886434176821e-01
   6.8244886434176810e-01
   6.8244886434176810e-01
   6.8244886434176799e-01
   6.8244886434176799e-01
   6.8244886434176788e-01
   6.8244886434176788e-01
   6.8244886434176788e-01
   6.8244886434176777e-01
   6.8244886434176777e-01
   6.8244886434176766e-01
   6.8244886434176766e-01
   6.8244886434176766e-01
   6.8244886434176755e-01
   6.8244886434176755e-01
   6.8244886434176755e-01
   6.8244886434176744e-01
   6.8244886434176744e-01
   6.8244886434176744e-01
   6.8244886434176733e-01
   6.8244886434176733e-01
   6.8244886434176733e-01
   6.8244886434176733e-01
   6.8244886434176721e-01
   6.8244886434176721e-01
   6.8244886434176721e-01
   6.8244886434176721e-01
   6.8244886434176721e-01
   6.8244886434176721e-01
   6.8244886434176710e-01
   6.8244886434176710e-01
   6.8244886434176710e-01
   6.8244886434176710e-01
   6.8244886434176710e-01
   6.8244886434176710e-01
   6.8244886434176710e-01
   6.8244886434176710e-01
   6.8244886434176710e-01
   6.8244886434176710e-01
   6.8244886434176710e-01
   6.8244886434176710e-01
   6.8244886434176710e-01
   6.8244886434176710e-01
   6.8244886434176721e-01
   6.8244886434176721e-01
   6.8244886434176721e-01
   6.8244886434176721e-01
   6.8244886434176721e-01
   6.8244886434176721e-01
   6.8244886434176733e-01
   6.8244886434176733e-01
   6.8244886434176733e-01
   6.8244886434176733e-01
   6.8244886434176744e-01
   6.8244886434176744e-01
   6.8244886434176744e-01
   6.8244886434176755e-01
   6.8244886434176755e-01
   6.8244886434176755e-01
   6.8244886434176766e-01
   6.8244886434176766e-01
   6.8244886434176777e-01
