   2.1960905661329999e-01
   2.2760267126418987e-01
   2.3639367689635857e-01
   2.4599428481458030e-01
   2.5641541433742326e-01
   2.6766594651302206e-01
   2.7975184988706742e-01
   2.9267516589887255e-01
   3.0643284346574012e-01
   3.2101541586337928e-01
   3.3640551858941753e-01
   3.5257625502228940e-01
   3.6948942787817834e-01
   3.8709366917957239e-01
   4.0532251996668472e-01
   4.2409253327815888e-01
   4.4330149946741043e-01
   4.6282692045209906e-01
   4.8252488682332795e-01
   5.0222953556597894e-01
   5.2175328200757065e-01
   5.4088802209326936e-01
   5.5940748428475473e-01
   5.7707086884173131e-01
   5.9362784224263543e-01
   6.0882485560800392e-01
   6.2241263259997959e-01
   6.3415453462448457e-01
   6.4383537532711854e-01
   6.5127014273618111e-01
   6.5631201753004664e-01
   6.5885906813724626e-01
   6.5885906813724626e-01
   6.5631201753004675e-01
   6.5127014273618111e-01
   6.4383537532711865e-01
   6.3415453462448490e-01
   6.2241263259997981e-01
   6.0882485560800415e-01
   5.9362784224263576e-01
   5.7707086884173164e-01
   5.5940748428475506e-01
   5.4088802209326969e-01
   5.2175328200757098e-01
   5.0222953556597927e-01
   4.8252488682332828e-01
   4.6282692045209939e-01
   4.4330149946741071e-01
   4.2409253327815916e-01
   4.0532251996668495e-01
   3.8709366917957266e-01
   3.6948942787817857e-01
   3.5257625502228962e-01
   3.3640551858941770e-01
   3.2101541586337951e-01
   3.0643284346574029e-01
   2.9267516589887271e-01
   2.7975184988706758e-01
   2.6766594651302217e-01
   2.5641541433742338e-01
   2.4599428481458038e-01
   2.3639367689635862e-01
   2.2760267126418990e-01
   2.1960905661330002e-01
   2.0866138467433551e-01
   1.9476808748277455e-01
   1.8163677790767141e-01
   1.6923403804881798e-01
   1.5752484815337117e-01
   1.4647327602250843e-01
   1.3604302674349641e-01
   1.2619787399595453e-01
   1.1690199191062568e-01
   1.0812020413924650e-01
   9.9818164553187275e-02
   9.1962481903244672e-02
   8.4520798883862047e-02
   7.7461834367831009e-02
   7.0755396111635172e-02
   6.4372369966409812e-02
   5.8284690548723685e-02
   5.2465297410085356e-02
   4.6888079974611536e-02
   4.1527813871624485e-02
   3.7675602237833242e-02
   3.5307487437433900e-02
   3.3097479121270375e-02
   3.1035777350817157e-02
   2.9113222947967327e-02
   2.7321261132836106e-02
   2.5651906999350323e-02
   2.4097712833040619e-02
   2.2651737254914171e-02
   2.1307516159843932e-02
   2.0059035406578191e-02
   1.8900705208443298e-02
   1.7827336168421241e-02
   1.6834116898994490e-02
   1.5916593165525090e-02
   1.5070648491618092e-02
   1.4292486165624535e-02
   1.3578612588934225e-02
   1.2925821908808243e-02
   1.2331181881056931e-02
   1.1792020910762525e-02
   1.1305916222384174e-02
   1.0870683113893054e-02
   1.0484365253010599e-02
   1.0145225977119940e-02
   9.8517405619572666e-03
   9.6025894277420552e-03
   9.3966522549563166e-03
   9.2330029855223900e-03
   9.1109056886492859e-03
   9.0298112741167263e-03
   8.9893550392433786e-03
   8.9893550392433786e-03
   9.0298112741167245e-03
   9.1109056886492859e-03
   9.2330029855223882e-03
   9.3966522549563131e-03
   9.6025894277420500e-03
   9.8517405619572632e-03
   1.0145225977119934e-02
   1.0484365253010594e-02
   1.0870683113893054e-02
   1.1305916222384171e-02
   1.1792020910762523e-02
   1.2331181881056927e-02
   1.2925821908808241e-02
   1.3578612588934221e-02
   1.4292486165624535e-02
   1.5070648491618089e-02
   1.5916593165525090e-02
   1.6834116898994490e-02
   1.7827336168421238e-02
   1.8900705208443294e-02
   2.0059035406578184e-02
   2.1307516159843928e-02
   2.2651737254914171e-02
   2.4097712833040616e-02
   2.5651906999350323e-02
   2.7321261132836106e-02
   2.9113222947967324e-02
   3.1035777350817154e-02
   3.3097479121270375e-02
   3.5307487437433900e-02
   3.7675602237833242e-02
