   2.5888130415841509e-01
   2.6490567567858020e-01
   2.7116290755563688e-01
   2.7764096683176764e-01
   2.8432610183167722e-01
   2.9120270806428411e-01
   2.9825320035396075e-01
   3.0545789494141878e-01
   3.1279490582320668e-01
   3.2024006010410416e-01
   3.2776683758832992e-01
   3.3534634019730181e-01
   3.4294729703222859e-01
   3.5053611095345760e-01
   3.5807695237763787e-01
   3.6553190555166615e-01
   3.7286117180719042e-01
   3.8002333319874798e-01
   3.8697567846480840e-01
   3.9367459142669115e-01
   4.0007599978348962e-01
   4.0613587982906701e-01
   4.1181080999870295e-01
   4.1705856346795145e-01
   4.2183872742184475e-01
   4.2611333425578773e-01
   4.2984748803619377e-01
   4.3300996820976484e-01
   4.3557379195474583e-01
   4.3751671682738269e-01
   4.3882166653194910e-01
   4.3947706472975417e-01
   4.3947706472975417e-01
   4.3882166653194910e-01
   4.3751671682738263e-01
   4.3557379195474577e-01
   4.3300996820976473e-01
   4.2984748803619360e-01
   4.2611333425578762e-01
   4.2183872742184458e-01
   4.1705856346795123e-01
   4.1181080999870273e-01
   4.0613587982906679e-01
   4.0007599978348934e-01
   3.9367459142669081e-01
   3.8697567846480813e-01
   3.8002333319874770e-01
   3.7286117180719008e-01
   3.6553190555166587e-01
   3.5807695237763759e-01
   3.5053611095345732e-01
   3.4294729703222820e-01
   3.3534634019730153e-01
   3.2776683758832953e-01
   3.2024006010410383e-01
   3.1279490582320635e-01
   3.0545789494141851e-01
   2.9825320035396047e-01
   2.9120270806428389e-01
   2.8432610183167700e-01
   2.7764096683176748e-01
   2.7116290755563682e-01
   2.6490567567858020e-01
   2.5888130415841509e-01
   2.5010223508972879e-01
   2.3859139010917826e-01
   2.2736136805726520e-01
   2.1642274525102315e-01
   2.0578251412536192e-01
   1.9544449350865334e-01
   1.8540971472601700e-01
   1.7567678025146613e-01
   1.6624219308893962e-01
   1.5710065621946348e-01
   1.4824534234261083e-01
   1.3966813480273627e-01
   1.3135984106131851e-01
   1.2331038039097758e-01
   1.1550894765574390e-01
   1.0794415513343064e-01
   1.0060415435294687e-01
   9.3476739881658583e-02
   8.6549436921470463e-02
   7.9809574470011635e-02
   7.4915610505826985e-02
   7.1852000510272906e-02
   6.8941596624470552e-02
   6.6178737714572722e-02
   6.3557987105384489e-02
   6.1074133722841602e-02
   5.8722192061987963e-02
   5.6497401187522833e-02
   5.4395222947254962e-02
   5.2411339555147443e-02
   5.0541650679770907e-02
   4.8782270155623073e-02
   4.7129522418661064e-02
   4.5579938753286614e-02
   4.4130253425703245e-02
   4.2777399767826449e-02
   4.1518506266590635e-02
   4.0350892705394291e-02
   3.9272066397411008e-02
   3.8279718544434335e-02
   3.7371720749702048e-02
   3.6546121708654004e-02
   3.5801144097723885e-02
   3.5135181677965546e-02
   3.4546796627495144e-02
   3.4034717114325465e-02
   3.3597835119119901e-02
   3.3235204515648840e-02
   3.2946039415243746e-02
   3.2729712780272362e-02
   3.2585755310564540e-02
   3.2513854605767133e-02
   3.2513854605767133e-02
   3.2585755310564540e-02
   3.2729712780272362e-02
   3.2946039415243746e-02
   3.3235204515648840e-02
   3.3597835119119908e-02
   3.4034717114325472e-02
   3.4546796627495151e-02
   3.5135181677965546e-02
   3.5801144097723885e-02
   3.6546121708654004e-02
   3.7371720749702048e-02
   3.8279718544434342e-02
   3.9272066397411008e-02
   4.0350892705394298e-02
   4.1518506266590635e-02
   4.2777399767826456e-02
   4.4130253425703252e-02
   4.5579938753286621e-02
   4.7129522418661064e-02
   4.8782270155623073e-02
   5.0541650679770914e-02
   5.2411339555147450e-02
   5.4395222947254969e-02
   5.6497401187522840e-02
   5.8722192061987963e-02
   6.1074133722841609e-02
   6.3557987105384489e-02
   6.6178737714572722e-02
   6.8941596624470552e-02
   7.1852000510272906e-02
   7.4915610505826999e-02
