   1.9381552027741486e-01
   2.0183259687296143e-01
   2.1080789208239958e-01
   2.2076896691084585e-01
   2.3174410633538894e-01
   2.4376153675386947e-01
   2.5684845658328748e-01
   2.7102984668935032e-01
   2.8632702507478597e-01
   3.0275590951197701e-01
   3.2032495348769008e-01
   3.3903272613573632e-01
   3.5886511727932791e-01
   3.7979216609073224e-01
   4.0176453819932673e-01
   4.2470971332338547e-01
   4.4852799525868325e-01
   4.7308851894409659e-01
   4.9822550415891426e-01
   5.2373508818703041e-01
   5.4937315259912656e-01
   5.7485462946064558e-01
   5.9985481208901625e-01
   6.2401318336384903e-01
   6.4694018800058994e-01
   6.6822719586326795e-01
   6.8745962446400055e-01
   7.0423282255239505e-01
   7.1816990026371108e-01
   7.2894028708140024e-01
   7.3627748686622696e-01
   7.3999436044778633e-01
   7.3999436044778621e-01
   7.3627748686622707e-01
   7.2894028708140046e-01
   7.1816990026371119e-01
   7.0423282255239517e-01
   6.8745962446400088e-01
   6.6822719586326829e-01
   6.4694018800059017e-01
   6.2401318336384926e-01
   5.9985481208901648e-01
   5.7485462946064581e-01
   5.4937315259912678e-01
   5.2373508818703063e-01
   4.9822550415891442e-01
   4.7308851894409676e-01
   4.4852799525868342e-01
   4.2470971332338570e-01
   4.0176453819932689e-01
   3.7979216609073246e-01
   3.5886511727932807e-01
   3.3903272613573637e-01
   3.2032495348769019e-01
   3.0275590951197712e-01
   2.8632702507478613e-01
   2.7102984668935048e-01
   2.5684845658328759e-01
   2.4376153675386955e-01
   2.3174410633538903e-01
   2.2076896691084597e-01
   2.1080789208239964e-01
   2.0183259687296154e-01
   1.9381552027741492e-01
   1.8305619360832501e-01
   1.6955075908900449e-01
   1.5692114608207214e-01
   1.4511505618394355e-01
   1.3408088018306433e-01
   1.2376818498168740e-01
   1.1412806090049357e-01
   1.0511335706247921e-01
   9.6678827924825961e-02
   8.8781209971469571e-02
   8.1379244090549224e-02
   7.4433656204417706e-02
   6.7907106243818849e-02
   6.1764113504201829e-02
   5.5970964732682288e-02
   5.0495609913910458e-02
   4.5307549602259543e-02
   4.0377716742419030e-02
   3.5678355192792353e-02
   3.1182896583881303e-02
   2.7964800719584248e-02
   2.5999972349716655e-02
   2.4178659097547888e-02
   2.2490850240912488e-02
   2.0927260558644273e-02
   1.9479281577850671e-02
   1.8138936042861445e-02
   1.6898835458119661e-02
   1.5752140553550342e-02
   1.4692524520490677e-02
   1.3714138868277772e-02
   1.2811581755421705e-02
   1.1979868654439237e-02
   1.1214405215493006e-02
   1.0510962200668076e-02
   9.8656523677877143e-03
   9.2749091899449760e-03
   8.7354673042721008e-03
   8.2443445907865887e-03
   7.7988257893700603e-03
   7.3964475700035960e-03
   7.0349849782687388e-03
   6.7124391848071042e-03
   6.4270264739046392e-03
   6.1771684126277230e-03
   5.9614831479925913e-03
   5.7787777855067149e-03
   5.6280418080938812e-03
   5.5084414999200049e-03
   5.4193153449917731e-03
   5.3601703756248438e-03
   5.3306794509926777e-03
   5.3306794509926777e-03
   5.3601703756248438e-03
   5.4193153449917722e-03
   5.5084414999200040e-03
   5.6280418080938803e-03
   5.7787777855067141e-03
   5.9614831479925905e-03
   6.1771684126277222e-03
   6.4270264739046384e-03
   6.7124391848071025e-03
   7.0349849782687371e-03
   7.3964475700035942e-03
   7.7988257893700586e-03
   8.2443445907865870e-03
   8.7354673042720991e-03
   9.2749091899449743e-03
   9.8656523677877108e-03
   1.0510962200668075e-02
   1.1214405215493002e-02
   1.1979868654439235e-02
   1.2811581755421702e-02
   1.3714138868277768e-02
   1.4692524520490673e-02
   1.5752140553550335e-02
   1.6898835458119658e-02
   1.8138936042861438e-02
   1.9479281577850668e-02
   2.0927260558644269e-02
   2.2490850240912488e-02
   2.4178659097547888e-02
   2.5999972349716658e-02
   2.7964800719584248e-02
