   2.5704675393825732e-01
   2.6385957352475503e-01
   2.7104194967653189e-01
   2.7858386907454480e-01
   2.8647307575242859e-01
   2.9469478729842208e-01
   3.0323140301230367e-01
   3.1206220915686456e-01
   3.2116308785032666e-01
   3.3050623768721166e-01
   3.4005991580781697e-01
   3.4978821279601657e-01
   3.5965087338174179e-01
   3.6960317734114090e-01
   3.7959589607979155e-01
   3.8957534098399593e-01
   3.9948351954652478e-01
   4.0925841432528792e-01
   4.1883439779720344e-01
   4.2814279297998931e-01
   4.3711258522703300e-01
   4.4567128485862639e-01
   4.5374593339517222e-01
   4.6126423835789465e-01
   4.6815581329708089e-01
   4.7435349142976629e-01
   4.7979467365870448e-01
   4.8442266550161328e-01
   4.8818795327324005e-01
   4.9104936833079121e-01
   4.9297508973909188e-01
   4.9394344051112038e-01
   4.9394344051112038e-01
   4.9297508973909188e-01
   4.9104936833079121e-01
   4.8818795327324005e-01
   4.8442266550161328e-01
   4.7979467365870443e-01
   4.7435349142976624e-01
   4.6815581329708089e-01
   4.6126423835789465e-01
   4.5374593339517216e-01
   4.4567128485862634e-01
   4.3711258522703295e-01
   4.2814279297998925e-01
   4.1883439779720344e-01
   4.0925841432528787e-01
   3.9948351954652472e-01
   3.8957534098399588e-01
   3.7959589607979149e-01
   3.6960317734114084e-01
   3.5965087338174173e-01
   3.4978821279601652e-01
   3.4005991580781691e-01
   3.3050623768721160e-01
   3.2116308785032660e-01
   3.1206220915686445e-01
   3.0323140301230361e-01
   2.9469478729842208e-01
   2.8647307575242853e-01
   2.7858386907454480e-01
   2.7104194967653183e-01
   2.6385957352475498e-01
   2.5704675393825732e-01
   2.4727428193097664e-01
   2.3456580761774637e-01
   2.2226668766994337e-01
   2.1038043490120312e-01
   1.9890660808398114e-01
   1.8784139579961678e-01
   1.7717814389682771e-01
   1.6690782675668969e-01
   1.5701946412117332e-01
   1.4750048631912779e-01
   1.3833705141298613e-01
   1.2951431817601294e-01
   1.2101667896648174e-01
   1.1282795655266216e-01
   1.0493156881053187e-01
   9.7310665004168059e-02
   8.9948237097479650e-02
   8.2827209258578074e-02
   7.5930508421843484e-02
   6.9241118479946878e-02
   6.4396525326688395e-02
   6.1377806582865735e-02
   5.8522968553309754e-02
   5.5824774881982210e-02
   5.3276335516438227e-02
   5.0871099610056279e-02
   4.8602847683658738e-02
   4.6465683258766925e-02
   4.4454024141265910e-02
   4.2562593505488418e-02
   4.0786410904071597e-02
   3.9120783307864435e-02
   3.7561296262199416e-02
   3.6103805230573369e-02
   3.4744427183846974e-02
   3.3479532482148806e-02
   3.2305737087481100e-02
   3.1219895137326436e-02
   3.0219091903137249e-02
   2.9300637152269292e-02
   2.8462058927538499e-02
   2.7701097755000462e-02
   2.7015701287654448e-02
   2.6404019390458101e-02
   2.5864399670215643e-02
   2.5395383452496215e-02
   2.4995702206683745e-02
   2.4664274419498818e-02
   2.4400202916816955e-02
   2.4202772633293349e-02
   2.4071448829153783e-02
   2.4005875753491682e-02
   2.4005875753491682e-02
   2.4071448829153783e-02
   2.4202772633293349e-02
   2.4400202916816955e-02
   2.4664274419498814e-02
   2.4995702206683741e-02
   2.5395383452496218e-02
   2.5864399670215647e-02
   2.6404019390458101e-02
   2.7015701287654445e-02
   2.7701097755000462e-02
   2.8462058927538499e-02
   2.9300637152269292e-02
   3.0219091903137249e-02
   3.1219895137326436e-02
   3.2305737087481100e-02
   3.3479532482148813e-02
   3.4744427183846974e-02
   3.6103805230573369e-02
   3.7561296262199416e-02
   3.9120783307864442e-02
   4.0786410904071591e-02
   4.2562593505488418e-02
   4.4454024141265903e-02
   4.6465683258766925e-02
   4.8602847683658738e-02
   5.0871099610056279e-02
   5.3276335516438227e-02
   5.5824774881982210e-02
   5.8522968553309747e-02
   6.1377806582865735e-02
   6.4396525326688395e-02
