   2.3008366787883727e-01
   2.3349986420290883e-01
   2.3693098851087122e-01
   2.4036988818367436e-01
   2.4380907068404428e-01
   2.4724071404180364e-01
   2.5065668099797977e-01
   2.5404853702897540e-01
   2.5740757243971019e-01
   2.6072482867430080e-01
   2.6399112894436538e-01
   2.6719711321846906e-01
   2.7033327755188979e-01
   2.7339001766437865e-01
   2.7635767659585142e-01
   2.7922659618721790e-01
   2.8198717204743384e-01
   2.8462991158023943e-01
   2.8714549455713001e-01
   2.8952483563931608e-01
   2.9175914817337412e-01
   2.9384000851566422e-01
   2.9575942008206779e-01
   2.9750987627474401e-01
   2.9908442140872821e-01
   3.0047670875026872e-01
   3.0168105478730084e-01
   3.0269248888131706e-01
   3.0350679749938198e-01
   3.0412056229472650e-01
   3.0453119139308976e-01
   3.0473694334789231e-01
   3.0473694334789231e-01
   3.0453119139308976e-01
   3.0412056229472650e-01
   3.0350679749938198e-01
   3.0269248888131706e-01
   3.0168105478730084e-01
   3.0047670875026872e-01
   2.9908442140872821e-01
   2.9750987627474401e-01
   2.9575942008206779e-01
   2.9384000851566422e-01
   2.9175914817337412e-01
   2.8952483563931608e-01
   2.8714549455713001e-01
   2.8462991158023943e-01
   2.8198717204743384e-01
   2.7922659618721790e-01
   2.7635767659585142e-01
   2.7339001766437865e-01
   2.7033327755188979e-01
   2.6719711321846906e-01
   2.6399112894436538e-01
   2.6072482867430080e-01
   2.5740757243971019e-01
   2.5404853702897540e-01
   2.5065668099797977e-01
   2.4724071404180364e-01
   2.4380907068404428e-01
   2.4036988818367436e-01
   2.3693098851087122e-01
   2.3349986420290880e-01
   2.3008366787883730e-01
   2.2492886519654104e-01
   2.1804631801308111e-01
   2.1120866449931727e-01
   2.0442689520488816e-01
   1.9771074026843199e-01
   1.9106872364067873e-01
   1.8450822253111962e-01
   1.7803553050314588e-01
   1.7165592283063943e-01
   1.6537372291457761e-01
   1.5919236873664910e-01
   1.5311447849476764e-01
   1.4714191472041510e-01
   1.4127584631854362e-01
   1.3551680809668259e-01
   1.2986475746087112e-01
   1.2431912805247876e-01
   1.1887888018261236e-01
   1.1354254799059602e-01
   1.0830828331104723e-01
   1.0448092162654826e-01
   1.0205508871241695e-01
   9.9722550694081410e-02
   9.7482079996025484e-02
   9.5332438391878188e-02
   9.3272384635949210e-02
   9.1300681387127783e-02
   8.9416101478659221e-02
   8.7617433584729107e-02
   8.5903487332099709e-02
   8.4273097902309260e-02
   8.2725130167200622e-02
   8.1258482397824933e-02
   7.9872089584092323e-02
   7.8564926399937382e-02
   7.7336009846244114e-02
   7.6184401601345653e-02
   7.5109210106584653e-02
   7.4109592412194503e-02
   7.3184755806641161e-02
   7.2333959250549709e-02
   7.1556514634426915e-02
   7.0851787877577024e-02
   7.0219199883888292e-02
   6.9658227368537759e-02
   6.9168403568113268e-02
   6.8749318845181012e-02
   6.8400621196924541e-02
   6.8122016676141040e-02
   6.7913269731594991e-02
   6.7774203473491001e-02
   6.7704699868627871e-02
   6.7704699868627871e-02
   6.7774203473491015e-02
   6.7913269731595005e-02
   6.8122016676141053e-02
   6.8400621196924555e-02
   6.8749318845181026e-02
   6.9168403568113282e-02
   6.9658227368537787e-02
   7.0219199883888320e-02
   7.0851787877577052e-02
   7.1556514634426971e-02
   7.2333959250549751e-02
   7.3184755806641202e-02
   7.4109592412194544e-02
   7.5109210106584709e-02
   7.6184401601345722e-02
   7.7336009846244183e-02
   7.8564926399937451e-02
   7.9872089584092379e-02
   8.1258482397825002e-02
   8.2725130167200678e-02
   8.4273097902309288e-02
   8.5903487332099737e-02
   8.7617433584729135e-02
   8.9416101478659249e-02
   9.1300681387127811e-02
   9.3272384635949224e-02
   9.5332438391878188e-02
   9.7482079996025497e-02
   9.9722550694081438e-02
   1.0205508871241695e-01
   1.0448092162654826e-01
