   2.5910170724455994e-01
   2.6529160144086655e-01
   2.7173900489611402e-01
   2.7843203887060974e-01
   2.8535698956834038e-01
   2.9249814913485167e-01
   2.9983766126100592e-01
   3.0735537550201142e-01
   3.1502871508703856e-01
   3.2283256365243462e-01
   3.3073917694665911e-01
   3.3871812608503404e-01
   3.4673627932680517e-01
   3.5475782954870344e-01
   3.6274437453651304e-01
   3.7065505684629552e-01
   3.7844676924065712e-01
   3.8607443053306101e-01
   3.9349133504140554e-01
   4.0064957675168411e-01
   4.0750054674561775e-01
   4.1399549951257564e-01
   4.2008618054754326e-01
   4.2572550427771078e-01
   4.3086826804382949e-01
   4.3547188480266114e-01
   4.3949711464400731e-01
   4.4290877335841439e-01
   4.4567639535451564e-01
   4.4777482836659532e-01
   4.4918473870454984e-01
   4.4989300828781709e-01
   4.4989300828781714e-01
   4.4918473870454984e-01
   4.4777482836659538e-01
   4.4567639535451570e-01
   4.4290877335841439e-01
   4.3949711464400742e-01
   4.3547188480266125e-01
   4.3086826804382961e-01
   4.2572550427771089e-01
   4.2008618054754332e-01
   4.1399549951257580e-01
   4.0750054674561786e-01
   4.0064957675168422e-01
   3.9349133504140565e-01
   3.8607443053306112e-01
   3.7844676924065729e-01
   3.7065505684629563e-01
   3.6274437453651320e-01
   3.5475782954870355e-01
   3.4673627932680529e-01
   3.3871812608503415e-01
   3.3073917694665922e-01
   3.2283256365243473e-01
   3.1502871508703872e-01
   3.0735537550201153e-01
   2.9983766126100597e-01
   2.9249814913485173e-01
   2.8535698956834044e-01
   2.7843203887060985e-01
   2.7173900489611413e-01
   2.6529160144086661e-01
   2.5910170724456000e-01
   2.5010833254879677e-01
   2.3833479083919407e-01
   2.2686598785006670e-01
   2.1571146732863483e-01
   2.0487707489664739e-01
   1.9436540346381423e-01
   1.8417620900368950e-01
   1.7430679382260808e-01
   1.6475235597974058e-01
   1.5550630470356461e-01
   1.4656054254240222e-01
   1.3790571563023982e-01
   1.2953143388785240e-01
   1.2142646325349692e-01
   1.1357889218260875e-01
   1.0597627470248679e-01
   9.8605752281418033e-02
   9.1454156693013364e-02
   8.4508095942535347e-02
   7.7754025185965053e-02
   7.2852240115064859e-02
   6.9786489412830138e-02
   6.6876604259040434e-02
   6.4116598194562474e-02
   6.1500732537303565e-02
   5.9023516125099963e-02
   5.6679703939168227e-02
   5.4464294819869266e-02
   5.2372528458108372e-02
   5.0399881820689538e-02
   4.8542065146008437e-02
   4.6795017627279882e-02
   4.5154902883749078e-02
   4.3618104305757549e-02
   4.2181220346873216e-02
   4.0841059825322837e-02
   3.9594637287481804e-02
   3.8439168477998102e-02
   3.7372065954092849e-02
   3.6390934875543859e-02
   3.5493568996694515e-02
   3.4677946882423413e-02
   3.3942228366261921e-02
   3.3284751265667253e-02
   3.2704028366771346e-02
   3.2198744688660498e-02
   3.1767755035337769e-02
   3.1410081841924176e-02
   3.1124913320319459e-02
   3.0911601908423864e-02
   3.0769663026082347e-02
   3.0698774140115462e-02
   3.0698774140115462e-02
   3.0769663026082347e-02
   3.0911601908423864e-02
   3.1124913320319459e-02
   3.1410081841924176e-02
   3.1767755035337769e-02
   3.2198744688660498e-02
   3.2704028366771346e-02
   3.3284751265667253e-02
   3.3942228366261921e-02
   3.4677946882423413e-02
   3.5493568996694515e-02
   3.6390934875543859e-02
   3.7372065954092849e-02
   3.8439168477998095e-02
   3.9594637287481797e-02
   4.0841059825322830e-02
   4.2181220346873202e-02
   4.3618104305757542e-02
   4.5154902883749071e-02
   4.6795017627279875e-02
   4.8542065146008423e-02
   5.0399881820689531e-02
   5.2372528458108372e-02
   5.4464294819869259e-02
   5.6679703939168220e-02
   5.9023516125099956e-02
   6.1500732537303558e-02
   6.4116598194562460e-02
   6.6876604259040420e-02
   6.9786489412830124e-02
   7.2852240115064859e-02
