   2.5550842644633726e-01
   2.6248769287179152e-01
   2.6987302047996525e-01
   2.7765538079116292e-01
   2.8582341683540058e-01
   2.9436311592328696e-01
   3.0325746838199819e-01
   3.1248611741302973e-01
   3.2202500689793606e-01
   3.3184603585665184e-01
   3.4191673031153474e-01
   3.5219994546316757e-01
   3.6265361324278494e-01
   3.7323055233552960e-01
   3.8387835949393928e-01
   3.9453940216957339e-01
   4.0515093293845539e-01
   4.1564534562042388e-01
   4.2595059113297179e-01
   4.3599076774681789e-01
   4.4568689535986489e-01
   4.5495787662185572e-01
   4.6372163931498983e-01
   4.7189644459901725e-01
   4.7940233503831697e-01
   4.8616268541936242e-01
   4.9210580908627655e-01
   4.9716656382390506e-01
   5.0128789517025962e-01
   5.0442225231017213e-01
   5.0653281303158826e-01
   5.0759445992056973e-01
   5.0759445992056973e-01
   5.0653281303158815e-01
   5.0442225231017201e-01
   5.0128789517025951e-01
   4.9716656382390495e-01
   4.9210580908627638e-01
   4.8616268541936219e-01
   4.7940233503831675e-01
   4.7189644459901697e-01
   4.6372163931498955e-01
   4.5495787662185544e-01
   4.4568689535986455e-01
   4.3599076774681761e-01
   4.2595059113297146e-01
   4.1564534562042355e-01
   4.0515093293845506e-01
   3.9453940216957306e-01
   3.8387835949393895e-01
   3.7323055233552926e-01
   3.6265361324278461e-01
   3.5219994546316724e-01
   3.4191673031153441e-01
   3.3184603585665151e-01
   3.2202500689793578e-01
   3.1248611741302945e-01
   3.0325746838199791e-01
   2.9436311592328673e-01
   2.8582341683540041e-01
   2.7765538079116281e-01
   2.6987302047996514e-01
   2.6248769287179152e-01
   2.5550842644633726e-01
   2.4553705646742069e-01
   2.3259689432382585e-01
   2.2009889839836008e-01
   2.0804421549414065e-01
   1.9643004048906554e-01
   1.8525023693564957e-01
   1.7449589227440601e-01
   1.6415580922354336e-01
   1.5421693637472508e-01
   1.4466474198003931e-01
   1.3548353546968489e-01
   1.2665674148898312e-01
   1.1816713126753307e-01
   1.0999701599820380e-01
   1.0212840666135220e-01
   9.4543144420661238e-02
   8.7223005371965368e-02
   8.0149783067973338e-02
   7.3305351886052791e-02
   6.6671713964292001e-02
   6.1870591881163554e-02
   5.8882349750178635e-02
   5.6059466306819024e-02
   5.3394364707546202e-02
   5.0879844147153894e-02
   4.8509070419606136e-02
   4.6275565897475446e-02
   4.4173199136150476e-02
   4.2196174274741982e-02
   4.0339020376393177e-02
   3.8596580825831686e-02
   3.6964002880896643e-02
   3.5436727456922966e-02
   3.4010479207811840e-02
   3.2681256954969928e-02
   3.1445324504716751e-02
   3.0299201885943896e-02
   2.9239657032503936e-02
   2.8263697928790712e-02
   2.7368565232053665e-02
   2.6551725381004514e-02
   2.5810864197082551e-02
   2.5143880982225218e-02
   2.4548883115038445e-02
   2.4024181145789070e-02
   2.3568284389571779e-02
   2.3179897016271239e-02
   2.2857914635489456e-02
   2.2601421374390952e-02
   2.2409687446391931e-02
   2.2282167208747872e-02
   2.2218497707344884e-02
   2.2218497707344884e-02
   2.2282167208747872e-02
   2.2409687446391928e-02
   2.2601421374390952e-02
   2.2857914635489453e-02
   2.3179897016271239e-02
   2.3568284389571776e-02
   2.4024181145789070e-02
   2.4548883115038441e-02
   2.5143880982225215e-02
   2.5810864197082548e-02
   2.6551725381004511e-02
   2.7368565232053662e-02
   2.8263697928790708e-02
   2.9239657032503932e-02
   3.0299201885943892e-02
   3.1445324504716751e-02
   3.2681256954969921e-02
   3.4010479207811833e-02
   3.5436727456922959e-02
   3.6964002880896636e-02
   3.8596580825831686e-02
   4.0339020376393170e-02
   4.2196174274741975e-02
   4.4173199136150469e-02
   4.6275565897475432e-02
   4.8509070419606129e-02
   5.0879844147153887e-02
   5.3394364707546188e-02
   5.6059466306819010e-02
   5.8882349750178628e-02
   6.1870591881163541e-02
