   2.5714622697070028e-01
   2.6274230944025823e-01
   2.6851529692804860e-01
   2.7445320173430388e-01
   2.8054261368485883e-01
   2.8676861780666824e-01
   2.9311472040003628e-01
   2.9956278630447430e-01
   3.0609299042225246e-01
   3.1268378679022263e-01
   3.1931189865660659e-01
   3.2595233310321053e-01
   3.3257842373150021e-01
   3.3916190477936026e-01
   3.4567301973147513e-01
   3.5208066701040047e-01
   3.5835258467293973e-01
   3.6445557518031213e-01
   3.7035577026358274e-01
   3.7601893468280501e-01
   3.8141080630802388e-01
   3.8649746847619448e-01
   3.9124574905833009e-01
   3.9562363917712862e-01
   3.9960072312845873e-01
   4.0314860986764550e-01
   4.0624135551058582e-01
   4.0885586575048249e-01
   4.1097226696936978e-01
   4.1257423517444874e-01
   4.1364927273046442e-01
   4.1418892417795755e-01
   4.1418892417795755e-01
   4.1364927273046442e-01
   4.1257423517444869e-01
   4.1097226696936967e-01
   4.0885586575048244e-01
   4.0624135551058560e-01
   4.0314860986764534e-01
   3.9960072312845862e-01
   3.9562363917712851e-01
   3.9124574905832987e-01
   3.8649746847619426e-01
   3.8141080630802360e-01
   3.7601893468280473e-01
   3.7035577026358241e-01
   3.6445557518031180e-01
   3.5835258467293940e-01
   3.5208066701040019e-01
   3.4567301973147480e-01
   3.3916190477935987e-01
   3.3257842373149987e-01
   3.2595233310321020e-01
   3.1931189865660631e-01
   3.1268378679022230e-01
   3.0609299042225213e-01
   2.9956278630447397e-01
   2.9311472040003606e-01
   2.8676861780666801e-01
   2.8054261368485867e-01
   2.7445320173430371e-01
   2.6851529692804849e-01
   2.6274230944025811e-01
   2.5714622697070022e-01
   2.4893288764567525e-01
   2.3812380911216929e-01
   2.2753980094767165e-01
   2.1719328833295559e-01
   2.0709346007791912e-01
   1.9724659380764226e-01
   1.8765636837923391e-01
   1.7832415973223567e-01
   1.6924931760353773e-01
   1.6042942155575840e-01
   1.5186051559139524e-01
   1.4353732127383828e-01
   1.3545342977267114e-01
   1.2760147361700985e-01
   1.1997327919845641e-01
   1.1256000123441852e-01
   1.0535224050080073e-01
   9.8340146185869531e-02
   9.1513504217625399e-02
   8.4861812886315752e-02
   8.0025816281100587e-02
   7.6991784055893422e-02
   7.4103248251205400e-02
   7.1355373652047707e-02
   6.8743494086406690e-02
   6.6263116512582709e-02
   6.3909923858563339e-02
   6.1679776802372542e-02
   5.9568714660284031e-02
   5.7572955529978077e-02
   5.5688895817984092e-02
   5.3913109264920440e-02
   5.2242345567949197e-02
   5.0673528687349527e-02
   4.9203754913026788e-02
   4.7830290756974730e-02
   4.6550570729062511e-02
   4.5362195045905558e-02
   4.4262927315888344e-02
   4.3250692237534749e-02
   4.2323573343276695e-02
   4.1479810816168569e-02
   4.0717799403158450e-02
   4.0036086445088277e-02
   3.9433370040591595e-02
   3.8908497358433769e-02
   3.8460463110544782e-02
   3.8088408195983005e-02
   3.7791618524298742e-02
   3.7569524025199925e-02
   3.7421697850025755e-02
   3.7347855769273887e-02
   3.7347855769273887e-02
   3.7421697850025755e-02
   3.7569524025199925e-02
   3.7791618524298742e-02
   3.8088408195983005e-02
   3.8460463110544782e-02
   3.8908497358433769e-02
   3.9433370040591595e-02
   4.0036086445088277e-02
   4.0717799403158450e-02
   4.1479810816168562e-02
   4.2323573343276688e-02
   4.3250692237534735e-02
   4.4262927315888337e-02
   4.5362195045905558e-02
   4.6550570729062504e-02
   4.7830290756974730e-02
   4.9203754913026775e-02
   5.0673528687349520e-02
   5.2242345567949190e-02
   5.3913109264920434e-02
   5.5688895817984092e-02
   5.7572955529978077e-02
   5.9568714660284031e-02
   6.1679776802372535e-02
   6.3909923858563339e-02
   6.6263116512582695e-02
   6.8743494086406676e-02
   7.1355373652047707e-02
   7.4103248251205400e-02
   7.6991784055893422e-02
   8.0025816281100587e-02
