   2.5169848433039249e-01
   2.5662962779106141e-01
   2.6166931153332312e-01
   2.6680649159553949e-01
   2.7202911914400979e-01
   2.7732411003483043e-01
   2.8267732266530021e-01
   2.8807354569762378e-01
   2.9349649729192062e-01
   2.9892883750402693e-01
   3.0435219547794989e-01
   3.0974721298479757e-01
   3.1509360572176964e-01
   3.2037024357960947e-01
   3.2555525080974790e-01
   3.3062612667055641e-01
   3.3555988670609477e-01
   3.4033322431465940e-01
   3.4492269170675405e-01
   3.4930489874592496e-01
   3.5345672752905738e-01
   3.5735555991761908e-01
   3.6097951460424910e-01
   3.6430768971927752e-01
   3.6732040647998399e-01
   3.6999944899221154e-01
   3.7232829505768933e-01
   3.7429233274511092e-01
   3.7587905756633755e-01
   3.7707824537056694e-01
   3.7788209652895993e-01
   3.7828534761985255e-01
   3.7828534761985250e-01
   3.7788209652895988e-01
   3.7707824537056694e-01
   3.7587905756633760e-01
   3.7429233274511092e-01
   3.7232829505768933e-01
   3.6999944899221160e-01
   3.6732040647998393e-01
   3.6430768971927752e-01
   3.6097951460424915e-01
   3.5735555991761908e-01
   3.5345672752905738e-01
   3.4930489874592491e-01
   3.4492269170675410e-01
   3.4033322431465940e-01
   3.3555988670609482e-01
   3.3062612667055635e-01
   3.2555525080974784e-01
   3.2037024357960942e-01
   3.1509360572176964e-01
   3.0974721298479757e-01
   3.0435219547794995e-01
   2.9892883750402699e-01
   2.9349649729192068e-01
   2.8807354569762383e-01
   2.8267732266530027e-01
   2.7732411003483043e-01
   2.7202911914400979e-01
   2.6680649159553954e-01
   2.6166931153332318e-01
   2.5662962779106141e-01
   2.5169848433039249e-01
   2.4439022128993065e-01
   2.3472343780566163e-01
   2.2521018490315237e-01
   2.1586394803055850e-01
   2.0669559349090413e-01
   1.9771358161751615e-01
   1.8892417836833650e-01
   1.8033166176026388e-01
   1.7193852039271379e-01
   1.6374564203509615e-01
   1.5575249087501780e-01
   1.4795727254646013e-01
   1.4035708648679573e-01
   1.3294806551702357e-01
   1.2572550281070988e-01
   1.1868396662373548e-01
   1.1181740330873680e-01
   1.0511922924413690e-01
   9.8582412376154560e-02
   9.2199544110490972e-02
   8.7550521014013061e-02
   8.4624357641710168e-02
   8.1829737034111186e-02
   7.9163048912170825e-02
   7.6620779314967094e-02
   7.4199517574990659e-02
   7.1895962087582949e-02
   6.9706925024246566e-02
   6.7629336124817641e-02
   6.5660245689908914e-02
   6.3796826882569602e-02
   6.2036377436716784e-02
   6.0376320859515886e-02
   5.8814207205464437e-02
   5.7347713491398569e-02
   5.5974643813930816e-02
   5.4692929223876474e-02
   5.3500627405969815e-02
   5.2395922206551537e-02
   5.1377123046865807e-02
   5.0442664255084549e-02
   4.9591104346127762e-02
   4.8821125274721308e-02
   4.8131531683885141e-02
   4.7521250168132106e-02
   4.6989328568041368e-02
   4.6534935310516667e-02
   4.6157358806912470e-02
   4.5856006919281218e-02
   4.5630406503232433e-02
   4.5480203034271728e-02
   4.5405160322980781e-02
   4.5405160322980781e-02
   4.5480203034271728e-02
   4.5630406503232433e-02
   4.5856006919281218e-02
   4.6157358806912470e-02
   4.6534935310516667e-02
   4.6989328568041375e-02
   4.7521250168132100e-02
   4.8131531683885134e-02
   4.8821125274721301e-02
   4.9591104346127762e-02
   5.0442664255084549e-02
   5.1377123046865807e-02
   5.2395922206551537e-02
   5.3500627405969815e-02
   5.4692929223876474e-02
   5.5974643813930816e-02
   5.7347713491398569e-02
   5.8814207205464437e-02
   6.0376320859515886e-02
   6.2036377436716784e-02
   6.3796826882569602e-02
   6.5660245689908900e-02
   6.7629336124817627e-02
   6.9706925024246566e-02
   7.1895962087582949e-02
   7.4199517574990645e-02
   7.6620779314967094e-02
   7.9163048912170825e-02
   8.1829737034111186e-02
   8.4624357641710168e-02
   8.7550521014013061e-02
