   1.9745206492012768e-01
   1.9923409840914880e-01
   2.0099822424495745e-01
   2.0274154819345833e-01
   2.0446113907635616e-01
   2.0615403580529332e-01
   2.0781725495477654e-01
   2.0944779885676704e-01
   2.1104266419391332e-01
   2.1259885106232193e-01
   2.1411337246855389e-01
   2.1558326421928756e-01
   2.1700559515589321e-01
   2.1837747768011129e-01
   2.1969607851122355e-01
   2.2095862960965534e-01
   2.2216243919695450e-01
   2.2330490279766899e-01
   2.2438351422488825e-01
   2.2539587642822648e-01
   2.2633971212089460e-01
   2.2721287410131374e-01
   2.2801335518452909e-01
   2.2873929765954182e-01
   2.2938900219061947e-01
   2.2996093608368276e-01
   2.3045374084299591e-01
   2.3086623894857602e-01
   2.3119743979093418e-01
   2.3144654470689976e-01
   2.3161295106826196e-01
   2.3169625538368480e-01
   2.3169625538368480e-01
   2.3161295106826196e-01
   2.3144654470689976e-01
   2.3119743979093418e-01
   2.3086623894857602e-01
   2.3045374084299594e-01
   2.2996093608368276e-01
   2.2938900219061947e-01
   2.2873929765954182e-01
   2.2801335518452909e-01
   2.2721287410131377e-01
   2.2633971212089460e-01
   2.2539587642822648e-01
   2.2438351422488828e-01
   2.2330490279766899e-01
   2.2216243919695450e-01
   2.2095862960965534e-01
   2.1969607851122358e-01
   2.1837747768011129e-01
   2.1700559515589321e-01
   2.1558326421928756e-01
   2.1411337246855389e-01
   2.1259885106232196e-01
   2.1104266419391332e-01
   2.0944779885676704e-01
   2.0781725495477654e-01
   2.0615403580529332e-01
   2.0446113907635616e-01
   2.0274154819345833e-01
   2.0099822424495745e-01
   1.9923409840914880e-01
   1.9745206492012771e-01
   1.9472301856682592e-01
   1.9105077829801939e-01
   1.8737292512122516e-01
   1.8369478275196607e-01
   1.8002137114633346e-01
   1.7635740615749862e-01
   1.7270730112567939e-01
   1.6907517019488755e-01
   1.6546483315362842e-01
   1.6187982160299716e-01
   1.5832338626387210e-01
   1.5479850524470670e-01
   1.5130789310238246e-01
   1.4785401054034408e-01
   1.4443907460048866e-01
   1.4106506921774264e-01
   1.3773375601870719e-01
   1.3444668525798581e-01
   1.3120520679767306e-01
   1.2801048104685259e-01
   1.2566459755705706e-01
   1.2416642811658445e-01
   1.2271520518080652e-01
   1.2131122757412577e-01
   1.1995475594126953e-01
   1.1864601583523962e-01
   1.1738520067250831e-01
   1.1617247455513362e-01
   1.1500797496012621e-01
   1.1389181529696439e-01
   1.1282408733463396e-01
   1.1180486349996871e-01
   1.1083419904939452e-01
   1.0991213411644088e-01
   1.0903869563758374e-01
   1.0821389915912884e-01
   1.0743775052794120e-01
   1.0671024746887783e-01
   1.0603138105179234e-01
   1.0540113705095711e-01
   1.0481949719969245e-01
   1.0428644034290983e-01
   1.0380194349016718e-01
   1.0336598277170565e-01
   1.0297853429978758e-01
   1.0263957493749067e-01
   1.0234908297693403e-01
   1.0210703872871948e-01
   1.0191342502417010e-01
   1.0176822763173655e-01
   1.0167143558872435e-01
   1.0162304144927049e-01
   1.0162304144927049e-01
   1.0167143558872435e-01
   1.0176822763173655e-01
   1.0191342502417010e-01
   1.0210703872871948e-01
   1.0234908297693403e-01
   1.0263957493749067e-01
   1.0297853429978758e-01
   1.0336598277170565e-01
   1.0380194349016718e-01
   1.0428644034290983e-01
   1.0481949719969245e-01
   1.0540113705095711e-01
   1.0603138105179234e-01
   1.0671024746887783e-01
   1.0743775052794120e-01
   1.0821389915912884e-01
   1.0903869563758374e-01
   1.0991213411644088e-01
   1.1083419904939452e-01
   1.1180486349996871e-01
   1.1282408733463396e-01
   1.1389181529696439e-01
   1.1500797496012623e-01
   1.1617247455513362e-01
   1.1738520067250831e-01
   1.1864601583523962e-01
   1.1995475594126953e-01
   1.2131122757412577e-01
   1.2271520518080652e-01
   1.2416642811658445e-01
   1.2566459755705706e-01
