   1.9953352459266238e-01
   2.0141165283487356e-01
   2.0327230408312819e-01
   2.0511236642928798e-01
   2.0692868235510598e-01
   2.0871805631940910e-01
   2.1047726297699298e-01
   2.1220305601294551e-01
   2.1389217756918075e-01
   2.1554136823275591e-01
   2.1714737754812716e-01
   2.1870697500798994e-01
   2.2021696146983577e-01
   2.2167418093797114e-01
   2.2307553264360078e-01
   2.2441798334881047e-01
   2.2569857979403146e-01
   2.2691446120295436e-01
   2.2806287175402873e-01
   2.2914117292375158e-01
   2.3014685560403447e-01
   2.3107755189414919e-01
   2.3193104646717139e-01
   2.3270528741154034e-01
   2.3339839645037697e-01
   2.3400867844457357e-01
   2.3453463009038522e-01
   2.3497494772827998e-01
   2.3532853418708891e-01
   2.3559450459594941e-01
   2.3577219110604403e-01
   2.3586114647456999e-01
   2.3586114647456999e-01
   2.3577219110604403e-01
   2.3559450459594941e-01
   2.3532853418708891e-01
   2.3497494772827998e-01
   2.3453463009038525e-01
   2.3400867844457357e-01
   2.3339839645037697e-01
   2.3270528741154037e-01
   2.3193104646717141e-01
   2.3107755189414919e-01
   2.3014685560403447e-01
   2.2914117292375158e-01
   2.2806287175402873e-01
   2.2691446120295436e-01
   2.2569857979403149e-01
   2.2441798334881047e-01
   2.2307553264360078e-01
   2.2167418093797120e-01
   2.2021696146983577e-01
   2.1870697500798994e-01
   2.1714737754812716e-01
   2.1554136823275591e-01
   2.1389217756918077e-01
   2.1220305601294551e-01
   2.1047726297699301e-01
   2.0871805631940912e-01
   2.0692868235510598e-01
   2.0511236642928798e-01
   2.0327230408312824e-01
   2.0141165283487356e-01
   1.9953352459266241e-01
   1.9665952024302999e-01
   1.9279379273580313e-01
   1.8892380740901149e-01
   1.8505523145246822e-01
   1.8119339064014112e-01
   1.7734326999554392e-01
   1.7350951660690050e-01
   1.6969644434603121e-01
   1.6590804025120109e-01
   1.6214797234321504e-01
   1.5841959865528052e-01
   1.5472597727005416e-01
   1.5106987717137194e-01
   1.4745378973300616e-01
   1.4387994068202634e-01
   1.4035030238965002e-01
   1.3686660635758488e-01
   1.3343035578257159e-01
   1.3004283809596254e-01
   1.2670513738858585e-01
   1.2425489311176086e-01
   1.2269079869215199e-01
   1.2117639927734071e-01
   1.1971194413494179e-01
   1.1829764373769555e-01
   1.1693367316002427e-01
   1.1562017531812825e-01
   1.1435726405449671e-01
   1.1314502706838132e-01
   1.1198352869434612e-01
   1.1087281253147566e-01
   1.0981290392620353e-01
   1.0880381231202113e-01
   1.0784553340955362e-01
   1.0693805129064864e-01
   1.0608134031022519e-01
   1.0527536690967773e-01
   1.0452009129563164e-01
   1.0381546899780551e-01
   1.0316145230965861e-01
   1.0255799161539149e-01
   1.0200503660673012e-01
   1.0150253739276009e-01
   1.0105044550589409e-01
   1.0064871480685152e-01
   1.0029730229131117e-01
   9.9996168800664892e-02
   9.9745279639055162e-02
   9.9544605098627365e-02
   9.9394120894663637e-02
   9.9293808511997872e-02
   9.9243655463837149e-02
   9.9243655463837149e-02
   9.9293808511997872e-02
   9.9394120894663637e-02
   9.9544605098627365e-02
   9.9745279639055162e-02
   9.9996168800664878e-02
   1.0029730229131117e-01
   1.0064871480685150e-01
   1.0105044550589409e-01
   1.0150253739276009e-01
   1.0200503660673010e-01
   1.0255799161539149e-01
   1.0316145230965859e-01
   1.0381546899780551e-01
   1.0452009129563164e-01
   1.0527536690967773e-01
   1.0608134031022518e-01
   1.0693805129064862e-01
   1.0784553340955361e-01
   1.0880381231202112e-01
   1.0981290392620352e-01
   1.1087281253147566e-01
   1.1198352869434609e-01
   1.1314502706838132e-01
   1.1435726405449669e-01
   1.1562017531812824e-01
   1.1693367316002426e-01
   1.1829764373769554e-01
   1.1971194413494178e-01
   1.2117639927734070e-01
   1.2269079869215198e-01
   1.2425489311176084e-01
