   2.2893825913290333e-01
   2.3683777535459299e-01
   2.4546110966209339e-01
   2.5481493744634176e-01
   2.6490411025613358e-01
   2.7573096761588939e-01
   2.8729454775088814e-01
   2.9958969127237584e-01
   3.1260603454405383e-01
   3.2632689343881255e-01
   3.4072804379389415e-01
   3.5577641237074836e-01
   3.7142870176266640e-01
   3.8762998460381931e-01
   4.0431231656894334e-01
   4.2139343368337789e-01
   4.3877561666515763e-01
   4.5634482216682026e-01
   4.7397019605548157e-01
   4.9150409482661850e-01
   5.0878274490577646e-01
   5.2562766264873695e-01
   5.4184793709307388e-01
   5.5724344043408913e-01
   5.7160897675624200e-01
   5.8473930898553506e-01
   5.9643492151970579e-01
   6.0650828894388265e-01
   6.1479033992573995e-01
   6.2113674182774803e-01
   6.2543359766023510e-01
   6.2760215211452519e-01
   6.2760215211452519e-01
   6.2543359766023510e-01
   6.2113674182774803e-01
   6.1479033992573984e-01
   6.0650828894388253e-01
   5.9643492151970567e-01
   5.8473930898553494e-01
   5.7160897675624189e-01
   5.5724344043408902e-01
   5.4184793709307377e-01
   5.2562766264873684e-01
   5.0878274490577635e-01
   4.9150409482661839e-01
   4.7397019605548146e-01
   4.5634482216682015e-01
   4.3877561666515752e-01
   4.2139343368337778e-01
   4.0431231656894323e-01
   3.8762998460381926e-01
   3.7142870176266635e-01
   3.5577641237074831e-01
   3.4072804379389410e-01
   3.2632689343881249e-01
   3.1260603454405383e-01
   2.9958969127237578e-01
   2.8729454775088809e-01
   2.7573096761588933e-01
   2.6490411025613358e-01
   2.5481493744634176e-01
   2.4546110966209339e-01
   2.3683777535459302e-01
   2.2893825913290336e-01
   2.1802930014993199e-01
   2.0412363419094970e-01
   1.9092411050429978e-01
   1.7840497810778552e-01
   1.6653812064440149e-01
   1.5529378524317866e-01
   1.4464117990424030e-01
   1.3454895686297130e-01
   1.2498559812623375e-01
   1.1591971785751734e-01
   1.0732029467424130e-01
   9.9156845315055517e-02
   9.1399549605773373e-02
   8.4019335239493440e-02
   7.6987929609740102e-02
   7.0277884801722257e-02
   6.3862580853821391e-02
   5.7716211541415804e-02
   5.1813756197283491e-02
   4.6130940454847058e-02
   4.2040912772023195e-02
   3.9520119032417450e-02
   3.7161647610743261e-02
   3.4955941030777878e-02
   3.2894039216356204e-02
   3.0967548446322452e-02
   2.9168611603210732e-02
   2.7489879774895254e-02
   2.5924485242520900e-02
   2.4466015867639329e-02
   2.3108490875633981e-02
   2.1846338020392465e-02
   2.0674372106088898e-02
   1.9587774835305959e-02
   1.8582075948088552e-02
   1.7653135613493059e-02
   1.6797128033463140e-02
   1.6010526218165011e-02
   1.5290087892041808e-02
   1.4632842490625058e-02
   1.4036079209432012e-02
   1.3497336067967597e-02
   1.3014389953847709e-02
   1.2585247614293801e-02
   1.2208137564659324e-02
   1.1881502886190219e-02
   1.1603994887859273e-02
   1.1374467609819378e-02
   1.1191973148773036e-02
   1.1055757788338966e-02
   1.0965258920299941e-02
   1.0920102745431280e-02
   1.0920102745431280e-02
   1.0965258920299942e-02
   1.1055757788338968e-02
   1.1191973148773038e-02
   1.1374467609819382e-02
   1.1603994887859279e-02
   1.1881502886190226e-02
   1.2208137564659329e-02
   1.2585247614293808e-02
   1.3014389953847716e-02
   1.3497336067967606e-02
   1.4036079209432020e-02
   1.4632842490625068e-02
   1.5290087892041820e-02
   1.6010526218165021e-02
   1.6797128033463154e-02
   1.7653135613493073e-02
   1.8582075948088566e-02
   1.9587774835305976e-02
   2.0674372106088912e-02
   2.1846338020392479e-02
   2.3108490875633995e-02
   2.4466015867639343e-02
   2.5924485242520914e-02
   2.7489879774895264e-02
   2.9168611603210746e-02
   3.0967548446322463e-02
   3.2894039216356218e-02
   3.4955941030777891e-02
   3.7161647610743274e-02
   3.9520119032417457e-02
   4.2040912772023195e-02
