   2.5628886837188575e-01
   2.6174978309351865e-01
   2.6737202541322719e-01
   2.7314372813031784e-01
   2.7905169155735554e-01
   2.8508131424221211e-01
   2.9121653232285383e-01
   2.9743977003455169e-01
   3.0373190409700457e-01
   3.1007224487502638e-01
   3.1643853731407673e-01
   3.2280698468259345e-01
   3.2915229808766244e-01
   3.3544777455005853e-01
   3.4166540611165569e-01
   3.4777602198822372e-01
   3.5374946516406980e-01
   3.5955480404891488e-01
   3.6516057888733400e-01
   3.7053508154270626e-01
   3.7564666609779795e-01
   3.8046408646154745e-01
   3.8495685589636497e-01
   3.8909562214228255e-01
   3.9285255068084901e-01
   3.9620170772355695e-01
   3.9911943379643033e-01
   4.0158469838718452e-01
   4.0357942607490893e-01
   4.0508878490780281e-01
   4.0610142854358661e-01
   4.0660968480661025e-01
   4.0660968480661025e-01
   4.0610142854358661e-01
   4.0508878490780276e-01
   4.0357942607490893e-01
   4.0158469838718447e-01
   3.9911943379643033e-01
   3.9620170772355695e-01
   3.9285255068084896e-01
   3.8909562214228260e-01
   3.8495685589636497e-01
   3.8046408646154739e-01
   3.7564666609779790e-01
   3.7053508154270620e-01
   3.6516057888733400e-01
   3.5955480404891482e-01
   3.5374946516406985e-01
   3.4777602198822366e-01
   3.4166540611165569e-01
   3.3544777455005848e-01
   3.2915229808766244e-01
   3.2280698468259339e-01
   3.1643853731407673e-01
   3.1007224487502638e-01
   3.0373190409700451e-01
   2.9743977003455169e-01
   2.9121653232285377e-01
   2.8508131424221211e-01
   2.7905169155735554e-01
   2.7314372813031790e-01
   2.6737202541322719e-01
   2.6174978309351865e-01
   2.5628886837188575e-01
   2.4825707246564552e-01
   2.3767537825498100e-01
   2.2730282429864035e-01
   2.1715220904623969e-01
   2.0723321503619471e-01
   1.9755270923051743e-01
   1.8811503344016572e-01
   1.7892228100760318e-01
   1.6997455706033951e-01
   1.6127022061165075e-01
   1.5280610757338600e-01
   1.4457773437647417e-01
   1.3657948238570009e-01
   1.2880476366560173e-01
   1.2124616892267194e-01
   1.1389559863300430e-01
   1.0674437848006245e-01
   9.9783360288478437e-02
   9.3003009658889454e-02
   8.6393481496131824e-02
   8.1586310151558095e-02
   7.8568331684755036e-02
   7.5693193870961850e-02
   7.2956316731203757e-02
   7.0353273256344023e-02
   6.7879794237847527e-02
   6.5531771845399017e-02
   6.3305262133189710e-02
   6.1196486636146949e-02
   5.9201833198840176e-02
   5.7317856163118061e-02
   5.5541276025573842e-02
   5.3868978662561302e-02
   5.2298014208554074e-02
   5.0825595663026343e-02
   4.9449097291608610e-02
   4.8166052878921485e-02
   4.6974153883104636e-02
   4.5871247535536848e-02
   4.4855334923493716e-02
   4.3924569088427609e-02
   4.3077253168102181e-02
   4.2311838606901596e-02
   4.1626923455197556e-02
   4.1021250775638368e-02
   4.0493707171570255e-02
   4.0043321450464575e-02
   3.9669263433161808e-02
   3.9370842917914831e-02
   3.9147508806583568e-02
   3.8998848398867018e-02
   3.8924586859126580e-02
   3.8924586859126580e-02
   3.8998848398867018e-02
   3.9147508806583568e-02
   3.9370842917914824e-02
   3.9669263433161801e-02
   4.0043321450464575e-02
   4.0493707171570255e-02
   4.1021250775638361e-02
   4.1626923455197549e-02
   4.2311838606901596e-02
   4.3077253168102181e-02
   4.3924569088427609e-02
   4.4855334923493716e-02
   4.5871247535536834e-02
   4.6974153883104629e-02
   4.8166052878921485e-02
   4.9449097291608603e-02
   5.0825595663026336e-02
   5.2298014208554074e-02
   5.3868978662561295e-02
   5.5541276025573835e-02
   5.7317856163118047e-02
   5.9201833198840169e-02
   6.1196486636146942e-02
   6.3305262133189710e-02
   6.5531771845399003e-02
   6.7879794237847527e-02
   7.0353273256344009e-02
   7.2956316731203730e-02
   7.5693193870961836e-02
   7.8568331684755022e-02
   8.1586310151558081e-02
