   2.3169818485835636e-01
   2.3955750345287408e-01
   2.4811673821397015e-01
   2.5738093255404820e-01
   2.6735317380604046e-01
   2.7803392739008154e-01
   2.8942027825533301e-01
   3.0150507538220739e-01
   3.1427597790730549e-01
   3.2771440543627117e-01
   3.4179440058338278e-01
   3.5648141894798813e-01
   3.7173107077781203e-01
   3.8748784953936638e-01
   4.0368389539893029e-01
   4.2023785583393780e-01
   4.3705392051029118e-01
   4.5402112200271577e-01
   4.7101300623128250e-01
   4.8788778446628672e-01
   5.0448907983557745e-01
   5.2064737268387096e-01
   5.3618222829765538e-01
   5.5090535554768161e-01
   5.6462449538435722e-01
   5.7714807530739920e-01
   5.8829049385765164e-01
   5.9787782441505333e-01
   6.0575365896026079e-01
   6.1178476005662985e-01
   6.1586616290315266e-01
   6.1792537642383494e-01
   6.1792537642383483e-01
   6.1586616290315244e-01
   6.1178476005662952e-01
   6.0575365896026057e-01
   5.9787782441505299e-01
   5.8829049385765120e-01
   5.7714807530739864e-01
   5.6462449538435666e-01
   5.5090535554768094e-01
   5.3618222829765483e-01
   5.2064737268387029e-01
   5.0448907983557689e-01
   4.8788778446628600e-01
   4.7101300623128184e-01
   4.5402112200271511e-01
   4.3705392051029052e-01
   4.2023785583393708e-01
   4.0368389539892963e-01
   3.8748784953936577e-01
   3.7173107077781148e-01
   3.5648141894798757e-01
   3.4179440058338223e-01
   3.2771440543627073e-01
   3.1427597790730505e-01
   3.0150507538220689e-01
   2.8942027825533262e-01
   2.7803392739008120e-01
   2.6735317380604018e-01
   2.5738093255404804e-01
   2.4811673821397004e-01
   2.3955750345287402e-01
   2.3169818485835636e-01
   2.2081622627937891e-01
   2.0692560778529581e-01
   1.9372255020024173e-01
   1.8118367813442202e-01
   1.6928303609447448e-01
   1.5799282422019964e-01
   1.4728400601853042e-01
   1.3712680427087875e-01
   1.2749110033388661e-01
   1.1834675078868039e-01
   1.0966383398176315e-01
   1.0141283755416024e-01
   9.3564796648995752e-02
   8.6091391167729486e-02
   7.8965009237816144e-02
   7.2158782971190397e-02
   6.5646601635675705e-02
   5.9403106525839931e-02
   5.3403671097909257e-02
   4.7624369315047377e-02
   4.3463016358848972e-02
   4.0896229074642299e-02
   3.8492851019541877e-02
   3.6243420583068807e-02
   3.4139058886129753e-02
   3.2171440431683886e-02
   3.0332764881656014e-02
   2.8615730035485072e-02
   2.7013506058291007e-02
   2.5519710984878471e-02
   2.4128387508678142e-02
   2.2833981051427817e-02
   2.1631319099225901e-02
   2.0515591782978675e-02
   1.9482333675735777e-02
   1.8527406775574483e-02
   1.7646984640230363e-02
   1.6837537638313815e-02
   1.6095819281481277e-02
   1.5418853602167902e-02
   1.4803923542289850e-02
   1.4248560319570103e-02
   1.3750533739736264e-02
   1.3307843424704200e-02
   1.2918710928935725e-02
   1.2581572718391719e-02
   1.2295073988855197e-02
   1.2058063302840654e-02
   1.1869588026812671e-02
   1.1728890552989868e-02
   1.1635405292595878e-02
   1.1588756430026763e-02
   1.1588756430026763e-02
   1.1635405292595876e-02
   1.1728890552989868e-02
   1.1869588026812671e-02
   1.2058063302840656e-02
   1.2295073988855197e-02
   1.2581572718391720e-02
   1.2918710928935727e-02
   1.3307843424704202e-02
   1.3750533739736264e-02
   1.4248560319570103e-02
   1.4803923542289849e-02
   1.5418853602167902e-02
   1.6095819281481277e-02
   1.6837537638313818e-02
   1.7646984640230363e-02
   1.8527406775574483e-02
   1.9482333675735777e-02
   2.0515591782978675e-02
   2.1631319099225901e-02
   2.2833981051427817e-02
   2.4128387508678142e-02
   2.5519710984878471e-02
   2.7013506058291007e-02
   2.8615730035485072e-02
   3.0332764881656014e-02
   3.2171440431683886e-02
   3.4139058886129753e-02
   3.6243420583068807e-02
   3.8492851019541877e-02
   4.0896229074642299e-02
   4.3463016358848972e-02
