   2.0595587285155276e-01
   2.0813493785955600e-01
   2.1029896615944185e-01
   2.1244413064478798e-01
   2.1456652515309504e-01
   2.1666217371205651e-01
   2.1872704077445751e-01
   2.2075704243354827e-01
   2.2274805859986765e-01
   2.2469594610889074e-01
   2.2659655271666657e-01
   2.2844573192794701e-01
   2.3023935858836317e-01
   2.3197334515917667e-01
   2.3364365858024652e-01
   2.3524633761434036e-01
   2.3677751055404012e-01
   2.3823341316150284e-01
   2.3961040670150371e-01
   2.4090499591976400e-01
   2.4211384681180687e-01
   2.4323380402270434e-01
   2.4426190771529033e-01
   2.4519540974387707e-01
   2.4603178897235209e-01
   2.4676876557983077e-01
   2.4740431420381773e-01
   2.4793667578006431e-01
   2.4836436794991090e-01
   2.4868619391973232e-01
   2.4890124967295857e-01
   2.4900892945278255e-01
   2.4900892945278255e-01
   2.4890124967295860e-01
   2.4868619391973232e-01
   2.4836436794991093e-01
   2.4793667578006431e-01
   2.4740431420381773e-01
   2.4676876557983077e-01
   2.4603178897235212e-01
   2.4519540974387707e-01
   2.4426190771529033e-01
   2.4323380402270436e-01
   2.4211384681180687e-01
   2.4090499591976403e-01
   2.3961040670150374e-01
   2.3823341316150287e-01
   2.3677751055404014e-01
   2.3524633761434038e-01
   2.3364365858024655e-01
   2.3197334515917670e-01
   2.3023935858836317e-01
   2.2844573192794704e-01
   2.2659655271666659e-01
   2.2469594610889077e-01
   2.2274805859986768e-01
   2.2075704243354830e-01
   2.1872704077445754e-01
   2.1666217371205654e-01
   2.1456652515309507e-01
   2.1244413064478804e-01
   2.1029896615944188e-01
   2.0813493785955603e-01
   2.0595587285155278e-01
   2.0262960755243573e-01
   1.9816141502862064e-01
   1.9369442888068736e-01
   1.8923540282554732e-01
   1.8479061598111962e-01
   1.8036587805694615e-01
   1.7596653741117005e-01
   1.7159749157392404e-01
   1.6726319985546179e-01
   1.6296769767936681e-01
   1.5871461230586020e-01
   1.5450717963667859e-01
   1.5034826182040720e-01
   1.4624036540484497e-01
   1.4218565981038095e-01
   1.3818599592501429e-01
   1.3424292464719020e-01
   1.3035771522678224e-01
   1.2653137327713296e-01
   1.2276465835194740e-01
   1.2000165363320255e-01
   1.1824042979708865e-01
   1.1653753599028188e-01
   1.1489303027881642e-01
   1.1330693163279208e-01
   1.1177922429736863e-01
   1.1030986192218252e-01
   1.0889877145534269e-01
   1.0754585680876519e-01
   1.0625100230206502e-01
   1.0501407589254964e-01
   1.0383493219907251e-01
   1.0271341532761478e-01
   1.0164936150648636e-01
   1.0064260153898197e-01
   9.9692963081206398e-02
   9.8800272752603224e-02
   9.7964358086493133e-02
   9.7185049327656980e-02
   9.6462181083693588e-02
   9.5795593836546622e-02
   9.5185135320235800e-02
   9.4630661770447946e-02
   9.4132039051247007e-02
   9.3689143663753985e-02
   9.3301863641227167e-02
   9.2970099334546183e-02
   9.2693764091668837e-02
   9.2472784834191399e-02
   9.2307102533699933e-02
   9.2196672590156292e-02
   9.2141465114114182e-02
   9.2141465114114182e-02
   9.2196672590156292e-02
   9.2307102533699933e-02
   9.2472784834191385e-02
   9.2693764091668837e-02
   9.2970099334546169e-02
   9.3301863641227167e-02
   9.3689143663753971e-02
   9.4132039051246980e-02
   9.4630661770447932e-02
   9.5185135320235800e-02
   9.5795593836546608e-02
   9.6462181083693588e-02
   9.7185049327656967e-02
   9.7964358086493120e-02
   9.8800272752603210e-02
   9.9692963081206384e-02
   1.0064260153898197e-01
   1.0164936150648633e-01
   1.0271341532761477e-01
   1.0383493219907250e-01
   1.0501407589254964e-01
   1.0625100230206501e-01
   1.0754585680876518e-01
   1.0889877145534267e-01
   1.1030986192218251e-01
   1.1177922429736861e-01
   1.1330693163279207e-01
   1.1489303027881641e-01
   1.1653753599028185e-01
   1.1824042979708864e-01
   1.2000165363320252e-01
