   2.5593210228374663e-01
   2.6287073284776735e-01
   2.7020619546937341e-01
   2.7792919610679356e-01
   2.8602813159498996e-01
   2.9448877347745595e-01
   3.0329393940345284e-01
   3.1242315726104181e-01
   3.2185232881929499e-01
   3.3155340144472772e-01
   3.4149405839716634e-01
   3.5163744023300653e-01
   3.6194191185252389e-01
   3.7236089159153068e-01
   3.8284276030927100e-01
   3.9333086946291901e-01
   4.0376366745587899e-01
   4.1407496285909418e-01
   4.2419434119360583e-01
   4.3404774862259404e-01
   4.4355825099126550e-01
   4.5264697013472960e-01
   4.6123419134783883e-01
   4.6924062664645383e-01
   4.7658880840245854e-01
   4.8320457774326853e-01
   4.8901862256111339e-01
   4.9396801196171525e-01
   4.9799766838640330e-01
   5.0106171625709828e-01
   5.0312464739941209e-01
   5.0416224896274431e-01
   5.0416224896274431e-01
   5.0312464739941209e-01
   5.0106171625709839e-01
   4.9799766838640330e-01
   4.9396801196171525e-01
   4.8901862256111339e-01
   4.8320457774326853e-01
   4.7658880840245854e-01
   4.6924062664645383e-01
   4.6123419134783888e-01
   4.5264697013472965e-01
   4.4355825099126550e-01
   4.3404774862259410e-01
   4.2419434119360583e-01
   4.1407496285909418e-01
   4.0376366745587899e-01
   3.9333086946291906e-01
   3.8284276030927106e-01
   3.7236089159153068e-01
   3.6194191185252395e-01
   3.5163744023300658e-01
   3.4149405839716629e-01
   3.3155340144472778e-01
   3.2185232881929499e-01
   3.1242315726104186e-01
   3.0329393940345289e-01
   2.9448877347745600e-01
   2.8602813159499002e-01
   2.7792919610679367e-01
   2.7020619546937347e-01
   2.6287073284776741e-01
   2.5593210228374669e-01
   2.4600884454165550e-01
   2.3312437568680042e-01
   2.2067383150879155e-01
   2.0865897355670077e-01
   1.9707760717344283e-01
   1.8592419321919512e-01
   1.7519039668199232e-01
   1.6486557337860494e-01
   1.5493719744381698e-01
   1.4539123329613687e-01
   1.3621245635942797e-01
   1.2738472710600590e-01
   1.1889122304599825e-01
   1.1071463318470841e-01
   1.0283731925598999e-01
   9.5241447755544620e-02
   8.7909096474346138e-02
   8.0822338891901102e-02
   7.3963309448238604e-02
   6.7314252383816775e-02
   6.2501192870678832e-02
   5.9504669122229396e-02
   5.6673174748549084e-02
   5.3999216298499811e-02
   5.1475668941904751e-02
   4.9095767626150782e-02
   4.6853097609749469e-02
   4.4741584580817617e-02
   4.2755484534353974e-02
   4.0889373553049967e-02
   3.9138137611526846e-02
   3.7496962502772409e-02
   3.5961323967647549e-02
   3.4526978093208600e-02
   3.3189952032855803e-02
   3.1946535090636330e-02
   3.0793270203109038e-02
   2.9726945844764322e-02
   2.8744588376866415e-02
   2.7843454854558972e-02
   2.7021026302984238e-02
   2.6275001469871530e-02
   2.5603291059431783e-02
   2.5004012450348025e-02
   2.4475484899087831e-02
   2.4016225228607135e-02
   2.3624944001699365e-02
   2.3300542177713508e-02
   2.3042108251070652e-02
   2.2848915869908479e-02
   2.2720421933240215e-02
   2.2656265165196584e-02
   2.2656265165196584e-02
   2.2720421933240215e-02
   2.2848915869908476e-02
   2.3042108251070649e-02
   2.3300542177713504e-02
   2.3624944001699358e-02
   2.4016225228607125e-02
   2.4475484899087820e-02
   2.5004012450348015e-02
   2.5603291059431772e-02
   2.6275001469871519e-02
   2.7021026302984228e-02
   2.7843454854558955e-02
   2.8744588376866397e-02
   2.9726945844764308e-02
   3.0793270203109020e-02
   3.1946535090636309e-02
   3.3189952032855789e-02
   3.4526978093208573e-02
   3.5961323967647521e-02
   3.7496962502772381e-02
   3.9138137611526826e-02
   4.0889373553049946e-02
   4.2755484534353960e-02
   4.4741584580817589e-02
   4.6853097609749456e-02
   4.9095767626150762e-02
   5.1475668941904751e-02
   5.3999216298499804e-02
   5.6673174748549084e-02
   5.9504669122229382e-02
   6.2501192870678832e-02
