   2.3940527935819925e-01   0.0000000000000000e+00
   2.2972586581783561e-01   0.0000000000000000e+00
   2.2024606877558073e-01   0.0000000000000000e+00
   1.1547379479485337e-01   0.0000000000000000e+00
   2.4257581089799862e-01   0.0000000000000000e+00
   2.4257581090094849e-01   0.0000000000000000e+00
   1.4659246460645906e-01   0.0000000000000000e+00
   2.4257581089624214e-01   0.0000000000000000e+00
   7.4737243891813088e-01   0.0000000000000000e+00
   1.7796370410698028e+00   0.0000000000000000e+00
   2.2038476064221961e+00   0.0000000000000000e+00
   4.1415926539807240e+00   0.0000000000000000e+00
   4.3049778176493838e+00   0.0000000000000000e+00
   5.5501483413587511e+00   9.0682595995568251e-10
   6.7069874262638418e+00   0.0000000000000000e+00
   9.5298921589405268e+00   0.0000000000000000e+00
   1.6558762636635862e+01  -4.7166628093917953e-11
   1.3089612076064308e+01   0.0000000000000000e+00
