  -7.5845585207902455e-01
  -7.5845585207902511e-01
  -7.5845585207902644e-01
  -7.5845585207902866e-01
  -7.5845585207903143e-01
  -7.5845585207903465e-01
  -7.5845585207903787e-01
  -7.5845585207904076e-01
  -7.5845585207904231e-01
  -7.5845585207904243e-01
  -7.5845585207904054e-01
  -7.5845585207903654e-01
  -7.5845585207903066e-01
  -7.5845585207902377e-01
  -7.5845585207901689e-01
  -7.5845585207901145e-01
  -7.5845585207900867e-01
  -7.5845585207900912e-01
  -7.5845585207901256e-01
  -7.5845585207901833e-01
  -7.5845585207902522e-01
  -7.5845585207903166e-01
  -7.5845585207903687e-01
  -7.5845585207904032e-01
  -7.5845585207904165e-01
  -7.5845585207904109e-01
  -7.5845585207903921e-01
  -7.5845585207903654e-01
  -7.5845585207903388e-01
  -7.5845585207903099e-01
  -7.5845585207902833e-01
  -7.5845585207902622e-01
  -7.5845585207902511e-01
  -7.5845585207902455e-01
  -7.5845585207902455e-01
  -7.5845585207902466e-01
  -7.5845585207902477e-01
  -7.5845585207902522e-01
  -7.5845585207902577e-01
  -7.5845585207902633e-01
  -7.5845585207902688e-01
  -7.5845585207902744e-01
  -7.5845585207902810e-01
  -7.5845585207902888e-01
  -7.5845585207902955e-01
  -7.5845585207902999e-01
  -7.5845585207903010e-01
  -7.5845585207902999e-01
  -7.5845585207902932e-01
  -7.5845585207902833e-01
  -7.5845585207902722e-01
  -7.5845585207902610e-01
  -7.5845585207902499e-01
  -7.5845585207902388e-01
  -7.5845585207902311e-01
  -7.5845585207902244e-01
  -7.5845585207902178e-01
  -7.5845585207902144e-01
  -7.5845585207902111e-01
  -7.5845585207902111e-01
  -7.5845585207902133e-01
  -7.5845585207902200e-01
  -7.5845585207902266e-01
  -7.5845585207902322e-01
  -7.5845585207902366e-01
  -7.5845585207902400e-01
  -7.5845585207902433e-01
  -7.5845585207902433e-01
  -7.5845585207902433e-01
  -7.5845585207902466e-01
  -7.5845585207902544e-01
  -7.5845585207902710e-01
  -7.5845585207902910e-01
  -7.5845585207903132e-01
  -7.5845585207903343e-01
  -7.5845585207903543e-01
  -7.5845585207903632e-01
  -7.5845585207903654e-01
  -7.5845585207903510e-01
  -7.5845585207903221e-01
  -7.5845585207902821e-01
  -7.5845585207902366e-01
  -7.5845585207901911e-01
  -7.5845585207901556e-01
  -7.5845585207901389e-01
  -7.5845585207901445e-01
  -7.5845585207901700e-01
  -7.5845585207902100e-01
  -7.5845585207902577e-01
  -7.5845585207902999e-01
  -7.5845585207903332e-01
  -7.5845585207903543e-01
  -7.5845585207903621e-01
  -7.5845585207903554e-01
  -7.5845585207903421e-01
  -7.5845585207903232e-01
  -7.5845585207903043e-01
  -7.5845585207902844e-01
  -7.5845585207902666e-01
  -7.5845585207902533e-01
  -7.5845585207902466e-01
  -7.5845585207902433e-01
