   2.5755575010274151e-01
   2.6322578217466547e-01
   2.6908164176802596e-01
   2.7511129450038363e-01
   2.8130123340588903e-01
   2.8763638885026643e-01
   2.9410004663616329e-01
   3.0067377725280436e-01
   3.0733737952779216e-01
   3.1406884220340331e-01
   3.2084432716343197e-01
   3.2763817815542301e-01
   3.3442295886098211e-01
   3.4116952403692219e-01
   3.4784712715629745e-01
   3.5442356749771942e-01
   3.6086537894582926e-01
   3.6713806186542353e-01
   3.7320635829721571e-01
   3.7903456940858804e-01
   3.8458691264737688e-01
   3.8982791443690545e-01
   3.9472283257904744e-01
   3.9923810087735689e-01
   4.0334178694469086e-01
   4.0700405281698110e-01
   4.1019760695529039e-01
   4.1289813557337446e-01
   4.1508470105368367e-01
   4.1674009556372127e-01
   4.1785113887936137e-01
   4.1840891084965864e-01
   4.1840891084965859e-01
   4.1785113887936126e-01
   4.1674009556372116e-01
   4.1508470105368345e-01
   4.1289813557337418e-01
   4.1019760695529006e-01
   4.0700405281698065e-01
   4.0334178694469036e-01
   3.9923810087735645e-01
   3.9472283257904689e-01
   3.8982791443690490e-01
   3.8458691264737621e-01
   3.7903456940858737e-01
   3.7320635829721505e-01
   3.6713806186542286e-01
   3.6086537894582860e-01
   3.5442356749771864e-01
   3.4784712715629668e-01
   3.4116952403692141e-01
   3.3442295886098128e-01
   3.2763817815542229e-01
   3.2084432716343125e-01
   3.1406884220340253e-01
   3.0733737952779139e-01
   3.0067377725280375e-01
   2.9410004663616274e-01
   2.8763638885026593e-01
   2.8130123340588864e-01
   2.7511129450038330e-01
   2.6908164176802574e-01
   2.6322578217466536e-01
   2.5755575010274145e-01
   2.4924366725097272e-01
   2.3831132743464747e-01
   2.2761309678882674e-01
   2.1716115677977282e-01
   2.0696438837434722e-01
   1.9702871124854354e-01
   1.8735740852005550e-01
   1.7795143325018276e-01
   1.6880969423188860e-01
   1.5992931962744464e-01
   1.5130589785921952e-01
   1.4293369581346071e-01
   1.3480585491381972e-01
   1.2691456598326337e-01
   1.1925122406302188e-01
   1.1180656451646818e-01
   1.0457078183302353e-01
   9.7533632578547622e-02
   9.0684523927916802e-02
   8.4012589174029206e-02
   7.9162897570098020e-02
   7.6121407465936888e-02
   7.3226823793315729e-02
   7.0474170525203966e-02
   6.7858649754350311e-02
   6.5375645337594102e-02
   6.3020725298458424e-02
   6.0789643180617463e-02
   5.8678338521951250e-02
   5.6682936598404496e-02
   5.4799747568561770e-02
   5.3025265133553975e-02
   5.1356164812437773e-02
   4.9789301920369913e-02
   4.8321709325568382e-02
   4.6950595051060973e-02
   4.5673339778428981e-02
   4.4487494303030332e-02
   4.3390776983414821e-02
   4.2381071221716908e-02
   4.1456423006631563e-02
   4.0615038546058503e-02
   3.9855282012559778e-02
   3.9175673421344419e-02
   3.8574886657507343e-02
   3.8051747666649816e-02
   3.7605232820743767e-02
   3.7234467469125294e-02
   3.6938724682770797e-02
   3.6717424198483763e-02
   3.6570131568266648e-02
   3.6496557517936588e-02
   3.6496557517936588e-02
   3.6570131568266655e-02
   3.6717424198483770e-02
   3.6938724682770804e-02
   3.7234467469125308e-02
   3.7605232820743781e-02
   3.8051747666649836e-02
   3.8574886657507364e-02
   3.9175673421344440e-02
   3.9855282012559799e-02
   4.0615038546058524e-02
   4.1456423006631583e-02
   4.2381071221716922e-02
   4.3390776983414835e-02
   4.4487494303030346e-02
   4.5673339778428995e-02
   4.6950595051060987e-02
   4.8321709325568389e-02
   4.9789301920369920e-02
   5.1356164812437780e-02
   5.3025265133553982e-02
   5.4799747568561777e-02
   5.6682936598404503e-02
   5.8678338521951257e-02
   6.0789643180617463e-02
   6.3020725298458424e-02
   6.5375645337594102e-02
   6.7858649754350311e-02
   7.0474170525203966e-02
   7.3226823793315729e-02
   7.6121407465936888e-02
   7.9162897570098020e-02
