   2.5787298477836690e-01
   2.6360663096799464e-01
   2.6953401575755986e-01
   2.7564307643919239e-01
   2.8192023418330336e-01
   2.8835029690602931e-01
   2.9491637010032812e-01
   3.0159977872233851e-01
   3.0838000356274653e-01
   3.1523463583317496e-01
   3.2213935393714410e-01
   3.2906792654788669e-01
   3.3599224615279494e-01
   3.4288239711688007e-01
   3.4970676203617129e-01
   3.5643216966998020e-01
   3.6302408703723282e-01
   3.6944685732374849e-01
   3.7566398407294693e-01
   3.8163846073496621e-01
   3.8733314305841610e-01
   3.9271116007340245e-01
   3.9773635760126358e-01
   4.0237376642037737e-01
   4.0659008551728548e-01
   4.1035416936589691e-01
   4.1363750701395213e-01
   4.1641468001748022e-01
   4.1866378603653165e-01
   4.2036681524938690e-01
   4.2150996768477134e-01
   4.2208390110059379e-01
   4.2208390110059379e-01
   4.2150996768477134e-01
   4.2036681524938696e-01
   4.1866378603653170e-01
   4.1641468001748028e-01
   4.1363750701395213e-01
   4.1035416936589691e-01
   4.0659008551728554e-01
   4.0237376642037742e-01
   3.9773635760126363e-01
   3.9271116007340251e-01
   3.8733314305841615e-01
   3.8163846073496632e-01
   3.7566398407294699e-01
   3.6944685732374849e-01
   3.6302408703723288e-01
   3.5643216966998020e-01
   3.4970676203617140e-01
   3.4288239711688007e-01
   3.3599224615279494e-01
   3.2906792654788669e-01
   3.2213935393714410e-01
   3.1523463583317501e-01
   3.0838000356274659e-01
   3.0159977872233856e-01
   2.9491637010032812e-01
   2.8835029690602937e-01
   2.8192023418330342e-01
   2.7564307643919245e-01
   2.6953401575755992e-01
   2.6360663096799464e-01
   2.5787298477836690e-01
   2.4947629885203465e-01
   2.3843859438701159e-01
   2.2764296358427433e-01
   2.1710135459935687e-01
   2.0682236109621943e-01
   1.9681157375234379e-01
   1.8707191573579288e-01
   1.7760395845030413e-01
   1.6840621515242421e-01
   1.5947541111469729e-01
   1.5080672986201041e-01
   1.4239403566943407e-01
   1.3423007300579037e-01
   1.2630664396386798e-01
   1.1861476496022419e-01
   1.1114480413710946e-01
   1.0388660097579364e-01
   9.6829569651306027e-02
   8.9962787637485372e-02
   8.3275071019984728e-02
   7.8414797575426451e-02
   7.5367657130403151e-02
   7.2468610830974306e-02
   6.9712560887227576e-02
   6.7094595599078377e-02
   6.4609992598331625e-02
   6.2254220856432972e-02
   6.0022941653486032e-02
   5.7912008680525984e-02
   5.5917467425958052e-02
   5.4035553978284218e-02
   5.2262693360550498e-02
   5.0595497497157409e-02
   4.9030762900601717e-02
   4.7565468154187385e-02
   4.6196771256596929e-02
   4.4922006885302596e-02
   4.3738683627986857e-02
   4.2644481224307931e-02
   4.1637247854379118e-02
   4.0714997505127186e-02
   3.9875907441166376e-02
   3.9118315802886792e-02
   3.8440719351036254e-02
   3.7841771374107699e-02
   3.7320279772269219e-02
   3.6875205329338745e-02
   3.6505660182361580e-02
   3.6210906496653476e-02
   3.5990355352684980e-02
   3.5843565849868836e-02
   3.5770244431138187e-02
   3.5770244431138180e-02
   3.5843565849868829e-02
   3.5990355352684966e-02
   3.6210906496653462e-02
   3.6505660182361559e-02
   3.6875205329338717e-02
   3.7320279772269184e-02
   3.7841771374107658e-02
   3.8440719351036212e-02
   3.9118315802886751e-02
   3.9875907441166335e-02
   4.0714997505127137e-02
   4.1637247854379077e-02
   4.2644481224307890e-02
   4.3738683627986816e-02
   4.4922006885302568e-02
   4.6196771256596894e-02
   4.7565468154187364e-02
   4.9030762900601682e-02
   5.0595497497157388e-02
   5.2262693360550470e-02
   5.4035553978284190e-02
   5.5917467425958038e-02
   5.7912008680525963e-02
   6.0022941653486005e-02
   6.2254220856432951e-02
   6.4609992598331611e-02
   6.7094595599078377e-02
   6.9712560887227562e-02
   7.2468610830974292e-02
   7.5367657130403151e-02
   7.8414797575426437e-02
