   1.7513598188483337e-01
   1.7591148025754405e-01
   1.7667363066278749e-01
   1.7742146009017318e-01
   1.7815400227561182e-01
   1.7887029958129860e-01
   1.7956940491433013e-01
   1.8025038367790122e-01
   1.8091231574859729e-01
   1.8155429747289448e-01
   1.8217544367560423e-01
   1.8277488967265745e-01
   1.8335179328032186e-01
   1.8390533681268634e-01
   1.8443472905903441e-01
   1.8493920723256690e-01
   1.8541803888182831e-01
   1.8587052375614047e-01
   1.8629599561635776e-01
   1.8669382398233147e-01
   1.8706341580860356e-01
   1.8740421708005131e-01
   1.8771571431946629e-01
   1.8799743599937696e-01
   1.8824895385081239e-01
   1.8846988406215326e-01
   1.8865988836171887e-01
   1.8881867497830038e-01
   1.8894599947445553e-01
   1.8904166544803513e-01
   1.8910552509810222e-01
   1.8913747965213162e-01
   1.8913747965213162e-01
   1.8910552509810222e-01
   1.8904166544803513e-01
   1.8894599947445553e-01
   1.8881867497830038e-01
   1.8865988836171887e-01
   1.8846988406215326e-01
   1.8824895385081239e-01
   1.8799743599937696e-01
   1.8771571431946629e-01
   1.8740421708005131e-01
   1.8706341580860356e-01
   1.8669382398233150e-01
   1.8629599561635779e-01
   1.8587052375614047e-01
   1.8541803888182831e-01
   1.8493920723256688e-01
   1.8443472905903441e-01
   1.8390533681268637e-01
   1.8335179328032183e-01
   1.8277488967265745e-01
   1.8217544367560420e-01
   1.8155429747289448e-01
   1.8091231574859729e-01
   1.8025038367790122e-01
   1.7956940491433013e-01
   1.7887029958129860e-01
   1.7815400227561182e-01
   1.7742146009017318e-01
   1.7667363066278749e-01
   1.7591148025754405e-01
   1.7513598188483337e-01
   1.7393953149328700e-01
   1.7232320544870311e-01
   1.7069761956402851e-01
   1.6906476484396593e-01
   1.6742658670438679e-01
   1.6578498254779908e-01
   1.6414179965869577e-01
   1.6249883340875088e-01
   1.6085782576050009e-01
   1.5922046405702248e-01
   1.5758838008421838e-01
   1.5596314939154843e-01
   1.5434629085654966e-01
   1.5273926647806130e-01
   1.5114348138286723e-01
   1.4956028403037691e-01
   1.4799096660000949e-01
   1.4643676554610527e-01
   1.4489886230544738e-01
   1.4337838414282456e-01
   1.4225875351740633e-01
   1.4154003905271301e-01
   1.4084035505836254e-01
   1.4016014386549344e-01
   1.3949982784960624e-01
   1.3885980985731147e-01
   1.3824047363759184e-01
   1.3764218427523361e-01
   1.3706528862421291e-01
   1.3651011573895078e-01
   1.3597697730147576e-01
   1.3546616804265540e-01
   1.3497796615577706e-01
   1.3451263370087355e-01
   1.3407041699829927e-01
   1.3365154701017123e-01
   1.3325623970839018e-01
   1.3288469642805673e-01
   1.3253710420519083e-01
   1.3221363609775261e-01
   1.3191445148904887e-01
   1.3163969637268991e-01
   1.3138950361833987e-01
   1.3116399321757716e-01
   1.3096327250925135e-01
   1.3078743638379076e-01
   1.3063656746597749e-01
   1.3051073627576898e-01
   1.3041000136680211e-01
   1.3033440944227365e-01
   1.3028399544794322e-01
   1.3025878264205945e-01
   1.3025878264205945e-01
   1.3028399544794322e-01
   1.3033440944227365e-01
   1.3041000136680211e-01
   1.3051073627576895e-01
   1.3063656746597749e-01
   1.3078743638379076e-01
   1.3096327250925135e-01
   1.3116399321757713e-01
   1.3138950361833987e-01
   1.3163969637268991e-01
   1.3191445148904887e-01
   1.3221363609775261e-01
   1.3253710420519083e-01
   1.3288469642805673e-01
   1.3325623970839015e-01
   1.3365154701017121e-01
   1.3407041699829925e-01
   1.3451263370087352e-01
   1.3497796615577706e-01
   1.3546616804265538e-01
   1.3597697730147573e-01
   1.3651011573895075e-01
   1.3706528862421288e-01
   1.3764218427523359e-01
   1.3824047363759184e-01
   1.3885980985731144e-01
   1.3949982784960621e-01
   1.4016014386549341e-01
   1.4084035505836248e-01
   1.4154003905271298e-01
   1.4225875351740630e-01
