   2.5815096870030146e-01
   2.6394684127147927e-01
   2.6994440825717603e-01
   2.7613159049738734e-01
   2.8249474978222255e-01
   2.8901858447984918e-01
   2.9568603285833950e-01
   3.0247818732968201e-01
   3.0937422321828711e-01
   3.1635134599451942e-01
   3.2338476119173876e-01
   3.3044767141497977e-01
   3.3751130491980535e-01
   3.4454498015838003e-01
   3.5151621042390541e-01
   3.5839085224415157e-01
   3.6513330045514786e-01
   3.7170673191104375e-01
   3.7807339855171829e-01
   3.8419496906747397e-01
   3.9003291670015611e-01
   3.9554894885284086e-01
   4.0070547221746861e-01
   4.0546608516287608e-01
   4.0979608726237471e-01
   4.1366299419867036e-01
   4.1703704498555311e-01
   4.1989168760449902e-01
   4.2220402886682618e-01
   4.2395523464730017e-01
   4.2513086762536934e-01
   4.2572115130479316e-01
   4.2572115130479316e-01
   4.2513086762536934e-01
   4.2395523464730012e-01
   4.2220402886682612e-01
   4.1989168760449891e-01
   4.1703704498555300e-01
   4.1366299419867020e-01
   4.0979608726237460e-01
   4.0546608516287591e-01
   4.0070547221746838e-01
   3.9554894885284064e-01
   3.9003291670015594e-01
   3.8419496906747375e-01
   3.7807339855171801e-01
   3.7170673191104348e-01
   3.6513330045514758e-01
   3.5839085224415129e-01
   3.5151621042390518e-01
   3.4454498015837981e-01
   3.3751130491980513e-01
   3.3044767141497949e-01
   3.2338476119173848e-01
   3.1635134599451914e-01
   3.0937422321828684e-01
   3.0247818732968179e-01
   2.9568603285833928e-01
   2.8901858447984902e-01
   2.8249474978222244e-01
   2.7613159049738722e-01
   2.6994440825717603e-01
   2.6394684127147922e-01
   2.5815096870030146e-01
   2.4967183816529992e-01
   2.3853168353636395e-01
   2.2764156662613289e-01
   2.1701318528514135e-01
   2.0665483122735792e-01
   1.9657175376719743e-01
   1.8676650593299549e-01
   1.7723926931625208e-01
   1.6798815535858000e-01
   1.5900948186989447e-01
   1.5029802443571225e-01
   1.4184724303601279e-01
   1.3364948469159282e-01
   1.2569616330411348e-01
   1.1797791808906193e-01
   1.1048475213997321e-01
   1.0320615272789888e-01
   9.6131194949709287e-02
   8.9248630306974261e-02
   8.2546961735864358e-02
   7.7677428405646648e-02
   7.4625456876738286e-02
   7.1722718077915845e-02
   6.8963994568349923e-02
   6.6344262939274992e-02
   6.3858696643241911e-02
   6.1502667598194845e-02
   5.9271746764717241e-02
   5.7161703870519394e-02
   5.5168506434591889e-02
   5.3288318224200715e-02
   5.1517497260833302e-02
   4.9852593476113150e-02
   4.8290346105386663e-02
   4.6827680894968436e-02
   4.5461707188740354e-02
   4.4189714950781070e-02
   4.3009171772814304e-02
   4.1917719908378184e-02
   4.0913173369617514e-02
   3.9993515117381778e-02
   3.9156894370779398e-02
   3.8401624058408995e-02
   3.7726178430085251e-02
   3.7129190844932977e-02
   3.6609451749176639e-02
   3.6165906854750567e-02
   3.5797655527947031e-02
   3.5503949395662752e-02
   3.5284191175357651e-02
   3.5137933733567980e-02
   3.5064879376684392e-02
   3.5064879376684392e-02
   3.5137933733567987e-02
   3.5284191175357651e-02
   3.5503949395662752e-02
   3.5797655527947031e-02
   3.6165906854750567e-02
   3.6609451749176639e-02
   3.7129190844932970e-02
   3.7726178430085251e-02
   3.8401624058408988e-02
   3.9156894370779398e-02
   3.9993515117381771e-02
   4.0913173369617514e-02
   4.1917719908378177e-02
   4.3009171772814297e-02
   4.4189714950781063e-02
   4.5461707188740347e-02
   4.6827680894968436e-02
   4.8290346105386656e-02
   4.9852593476113143e-02
   5.1517497260833302e-02
   5.3288318224200708e-02
   5.5168506434591882e-02
   5.7161703870519387e-02
   5.9271746764717227e-02
   6.1502667598194838e-02
   6.3858696643241897e-02
   6.6344262939274978e-02
   6.8963994568349909e-02
   7.1722718077915831e-02
   7.4625456876738272e-02
   7.7677428405646648e-02
