  -3.8317935267171255e-01
  -3.3373195344483497e-01
  -2.8616004000868961e-01
  -2.4035893995659433e-01
  -1.9615695989509760e-01
  -1.5333298025031555e-01
  -1.1163040019369860e-01
  -7.0768005440673118e-02
  -3.0448412947245467e-02
   9.6352398940079582e-03
   4.9793709547665800e-02
   9.0336532331159042e-02
   1.3156676136643244e-01
   1.7377493009889372e-01
   2.1723160138000192e-01
   2.6217784079988515e-01
   3.0881294755193645e-01
   3.5727881644742132e-01
   4.0764043719852394e-01
   4.5986232594855730e-01
   5.1378120909139635e-01
   5.6907612452926337e-01
   6.2523833017051522e-01
   6.8154499682700032e-01
   7.3704244302486244e-01
   7.9054623517825862e-01
   8.4066613645497201e-01
   8.8586273890249279e-01
   9.2453882547442001e-01
   9.5516183673918398e-01
   9.7640518754550021e-01
   9.8728795703627081e-01
   9.8728795703627048e-01
   9.7640518754549954e-01
   9.5516183673918287e-01
   9.2453882547441846e-01
   8.8586273890249101e-01
   8.4066613645496990e-01
   7.9054623517825640e-01
   7.3704244302486011e-01
   6.8154499682699787e-01
   6.2523833017051278e-01
   5.6907612452926104e-01
   5.1378120909139413e-01
   4.5986232594855525e-01
   4.0764043719852205e-01
   3.5727881644741954e-01
   3.0881294755193478e-01
   2.6217784079988365e-01
   2.1723160138000056e-01
   1.7377493009889253e-01
   1.3156676136643136e-01
   9.0336532331158070e-02
   4.9793709547664940e-02
   9.6352398940072019e-03
  -3.0448412947246119e-02
  -7.0768005440673687e-02
  -1.1163040019369908e-01
  -1.5333298025031591e-01
  -1.9615695989509790e-01
  -2.4035893995659452e-01
  -2.8616004000868972e-01
  -3.3373195344483503e-01
  -3.8317935267171260e-01
  -4.6114221251233484e-01
  -5.6748371804017395e-01
  -6.7474308566140972e-01
  -7.8129573770841920e-01
  -8.8460579317542898e-01
  -9.8119959571480619e-01
  -1.0668070310083717e+00
  -1.1367288132682443e+00
  -1.1864340236888173e+00
  -1.2122986326830758e+00
  -1.2122986326830760e+00
  -1.1864340236888178e+00
  -1.1367288132682447e+00
  -1.0668070310083724e+00
  -9.8119959571480675e-01
  -8.8460579317542964e-01
  -7.8129573770841987e-01
  -6.7474308566141061e-01
  -5.6748371804017472e-01
  -4.6114221251233556e-01
  -3.8317935267171327e-01
  -3.3373195344483564e-01
  -2.8616004000869028e-01
  -2.4035893995659496e-01
  -1.9615695989509827e-01
  -1.5333298025031622e-01
  -1.1163040019369928e-01
  -7.0768005440673798e-02
  -3.0448412947246161e-02
   9.6352398940072401e-03
   4.9793709547665058e-02
   9.0336532331158265e-02
   1.3156676136643164e-01
   1.7377493009889289e-01
   2.1723160138000100e-01
   2.6217784079988415e-01
   3.0881294755193534e-01
   3.5727881644742021e-01
   4.0764043719852272e-01
   4.5986232594855603e-01
   5.1378120909139502e-01
   5.6907612452926193e-01
   6.2523833017051367e-01
   6.8154499682699909e-01
   7.3704244302486122e-01
   7.9054623517825751e-01
   8.4066613645497101e-01
   8.8586273890249212e-01
   9.2453882547441935e-01
   9.5516183673918365e-01
   9.7640518754549999e-01
   9.8728795703627092e-01
   9.8728795703627081e-01
   9.7640518754549999e-01
   9.5516183673918376e-01
   9.2453882547441935e-01
   8.8586273890249212e-01
   8.4066613645497112e-01
   7.9054623517825773e-01
   7.3704244302486133e-01
   6.8154499682699921e-01
   6.2523833017051389e-01
   5.6907612452926215e-01
   5.1378120909139524e-01
   4.5986232594855619e-01
   4.0764043719852289e-01
   3.5727881644742032e-01
   3.0881294755193545e-01
   2.6217784079988427e-01
   2.1723160138000108e-01
   1.7377493009889297e-01
   1.3156676136643175e-01
   9.0336532331158376e-02
   4.9793709547665176e-02
   9.6352398940073632e-03
  -3.0448412947246033e-02
  -7.0768005440673673e-02
  -1.1163040019369913e-01
  -1.5333298025031608e-01
  -1.9615695989509815e-01
  -2.4035893995659482e-01
  -2.8616004000869016e-01
  -3.3373195344483553e-01
  -3.8317935267171321e-01
