  -3.6993477297926070e-01
  -3.1462832187261042e-01
  -2.6415390803451455e-01
  -2.1788510493840788e-01
  -1.7517893998214118e-01
  -1.3539380956310276e-01
  -9.7898562241091433e-02
  -6.2075557431012521e-02
  -2.7319746228521305e-02
   6.9647517772005859e-03
   4.1369497571793777e-02
   7.6487169635765614e-02
   1.1291685329947561e-01
   1.5126842114378966e-01
   1.9216508618059844e-01
   2.3624290869896666e-01
   2.8414557233925675e-01
   3.3651209569332197e-01
   3.9395431254938174e-01
   4.5701999280425065e-01
   5.2613656473237147e-01
   6.0152994297458839e-01
   6.8311374263611158e-01
   7.7034745661689796e-01
   8.6206977948054242e-01
   9.5632699203120752e-01
   1.0502366013261031e+00
   1.1399496020003648e+00
   1.2207898186179169e+00
   1.2876369997621067e+00
   1.3355628697575781e+00
   1.3606265288138510e+00
   1.3606265288138522e+00
   1.3355628697575819e+00
   1.2876369997621122e+00
   1.2207898186179240e+00
   1.1399496020003730e+00
   1.0502366013261117e+00
   9.5632699203121629e-01
   8.6206977948055108e-01
   7.7034745661690607e-01
   6.8311374263611913e-01
   6.0152994297459539e-01
   5.2613656473237791e-01
   4.5701999280425643e-01
   3.9395431254938690e-01
   3.3651209569332657e-01
   2.8414557233926080e-01
   2.3624290869897024e-01
   1.9216508618060160e-01
   1.5126842114379246e-01
   1.1291685329947805e-01
   7.6487169635767752e-02
   4.1369497571795637e-02
   6.9647517772021975e-03
  -2.7319746228519924e-02
  -6.2075557431011334e-02
  -9.7898562241090448e-02
  -1.3539380956310196e-01
  -1.7517893998214051e-01
  -2.1788510493840738e-01
  -2.6415390803451422e-01
  -3.1462832187261019e-01
  -3.6993477297926064e-01
  -4.6214045697410483e-01
  -5.9213874442981784e-01
  -7.2859225735973498e-01
  -8.7036243508858502e-01
  -1.0145378529863751e+00
  -1.1560027979634533e+00
  -1.2872801892400685e+00
  -1.3989552669131409e+00
  -1.4809341492636001e+00
  -1.5244839587532264e+00
  -1.5244839587532266e+00
  -1.4809341492636006e+00
  -1.3989552669131418e+00
  -1.2872801892400694e+00
  -1.1560027979634540e+00
  -1.0145378529863758e+00
  -8.7036243508858568e-01
  -7.2859225735973532e-01
  -5.9213874442981795e-01
  -4.6214045697410500e-01
  -3.6993477297926081e-01
  -3.1462832187261042e-01
  -2.6415390803451450e-01
  -2.1788510493840776e-01
  -1.7517893998214099e-01
  -1.3539380956310251e-01
  -9.7898562241091100e-02
  -6.2075557431012077e-02
  -2.7319746228520774e-02
   6.9647517772012217e-03
   4.1369497571794533e-02
   7.6487169635766489e-02
   1.1291685329947662e-01
   1.5126842114379083e-01
   1.9216508618059977e-01
   2.3624290869896819e-01
   2.8414557233925852e-01
   3.3651209569332402e-01
   3.9395431254938407e-01
   4.5701999280425332e-01
   5.2613656473237436e-01
   6.0152994297459172e-01
   6.8311374263611524e-01
   7.7034745661690185e-01
   8.6206977948054664e-01
   9.5632699203121174e-01
   1.0502366013261071e+00
   1.1399496020003688e+00
   1.2207898186179202e+00
   1.2876369997621091e+00
   1.3355628697575799e+00
   1.3606265288138515e+00
   1.3606265288138513e+00
   1.3355628697575801e+00
   1.2876369997621093e+00
   1.2207898186179202e+00
   1.1399496020003688e+00
   1.0502366013261073e+00
   9.5632699203121185e-01
   8.6206977948054675e-01
   7.7034745661690196e-01
   6.8311374263611524e-01
   6.0152994297459184e-01
   5.2613656473237469e-01
   4.5701999280425354e-01
   3.9395431254938429e-01
   3.3651209569332430e-01
   2.8414557233925875e-01
   2.3624290869896844e-01
   1.9216508618060002e-01
   1.5126842114379105e-01
   1.1291685329947683e-01
   7.6487169635766683e-02
   4.1369497571794700e-02
   6.9647517772013735e-03
  -2.7319746228520646e-02
  -6.2075557431011973e-02
  -9.7898562241091003e-02
  -1.3539380956310246e-01
  -1.7517893998214093e-01
  -2.1788510493840771e-01
  -2.6415390803451450e-01
  -3.1462832187261042e-01
  -3.6993477297926075e-01
