   2.5733412274158096e-01
   2.6433738113534239e-01
   2.7183127231046678e-01
   2.7980865140560846e-01
   2.8825997128375325e-01
   2.9717286966526907e-01
   3.0653172777364779e-01
   3.1631720511700567e-01
   3.2650575718907637e-01
   3.3706914542958499e-01
   3.4797395171941026e-01
   3.5918111294829358e-01
   3.7064549468160185e-01
   3.8231552650795336e-01
   3.9413292504226266e-01
   4.0603253348465473e-01
   4.1794230871626736e-01
   4.2978348770690100e-01
   4.4147096403768193e-01
   4.5291390212889843e-01
   4.6401661089573121e-01
   4.7467968975559122e-01
   4.8480144812213599e-01
   4.9427958498504931e-01
   5.0301309849850639e-01
   5.1090437768652153e-01
   5.1786141079305659e-01
   5.2380002911422763e-01
   5.2864609312897370e-01
   5.3233752108069987e-01
   5.3482606020251133e-01
   5.3607870828812809e-01
   5.3607870828812809e-01
   5.3482606020251144e-01
   5.3233752108069998e-01
   5.2864609312897382e-01
   5.2380002911422785e-01
   5.1786141079305692e-01
   5.1090437768652186e-01
   5.0301309849850662e-01
   4.9427958498504976e-01
   4.8480144812213644e-01
   4.7467968975559172e-01
   4.6401661089573171e-01
   4.5291390212889893e-01
   4.4147096403768238e-01
   4.2978348770690150e-01
   4.1794230871626786e-01
   4.0603253348465523e-01
   3.9413292504226322e-01
   3.8231552650795386e-01
   3.7064549468160235e-01
   3.5918111294829408e-01
   3.4797395171941076e-01
   3.3706914542958549e-01
   3.2650575718907687e-01
   3.1631720511700606e-01
   3.0653172777364818e-01
   2.9717286966526946e-01
   2.8825997128375352e-01
   2.7980865140560862e-01
   2.7183127231046694e-01
   2.6433738113534250e-01
   2.5733412274158102e-01
   2.4745188540121166e-01
   2.3471420947135838e-01
   2.2249793055189912e-01
   2.1080076618860044e-01
   1.9961679379268235e-01
   1.8893711133143312e-01
   1.7875041921942189e-01
   1.6904352776065004e-01
   1.5980179559597343e-01
   1.5100950520371845e-01
   1.4265018171395685e-01
   1.3470686123518355e-01
   1.2716231464181205e-01
   1.1999923239887916e-01
   1.1320037555754553e-01
   1.0674869757908000e-01
   1.0062744116304900e-01
   9.4820213786048227e-02
   8.9311045212719140e-02
   8.4084429828347976e-02
   7.9125356265861854e-02
   7.4419326460784474e-02
   6.9952365965220462e-02
   6.5711027084568663e-02
   6.1682386166085998e-02
   5.7854036163908058e-02
   5.4214075427801746e-02
   5.0751093509897531e-02
   4.7454154652153753e-02
   4.4312779504737339e-02
   4.1316925529471547e-02
   3.8456966460827455e-02
   3.5723671127677978e-02
   3.3108181880460934e-02
   3.0601992818992473e-02
   2.8196927974601511e-02
   2.5885119565363084e-02
   2.3658986413991587e-02
   2.1511212593550093e-02
   1.9434726345797911e-02
   1.7934872180961809e-02
   1.7004545472608899e-02
   1.6128589906756790e-02
   1.5304213684827310e-02
   1.4528788090371711e-02
   1.3799839398384386e-02
   1.3115041229861964e-02
   1.2472207335085278e-02
   1.1869284789235605e-02
   1.1304347584230623e-02
   1.0775590601050176e-02
   1.0281323947293928e-02
   9.8199676452518647e-03
   9.3900466563586193e-03
   8.9901862285299942e-03
   8.6191075535343026e-03
   8.2756237222231088e-03
   7.9586359661289515e-03
   7.6671301746256693e-03
   7.4001736775360684e-03
   7.1569122837581382e-03
   6.9365675671626287e-03
   6.7384343916895451e-03
   6.5618786682379296e-03
   6.4063353366013188e-03
   6.2713065663503598e-03
   6.1563601712040159e-03
   6.0611282320621237e-03
   5.9853059244950550e-03
   5.9286505471018124e-03
   5.8909807477566531e-03
   5.8721759453674660e-03
   5.8721759453674652e-03
   5.8909807477566540e-03
   5.9286505471018124e-03
   5.9853059244950550e-03
   6.0611282320621237e-03
   6.1563601712040167e-03
   6.2713065663503598e-03
   6.4063353366013197e-03
   6.5618786682379304e-03
   6.7384343916895460e-03
   6.9365675671626287e-03
   7.1569122837581399e-03
   7.4001736775360701e-03
   7.6671301746256710e-03
   7.9586359661289532e-03
   8.2756237222231105e-03
   8.6191075535343043e-03
   8.9901862285299977e-03
   9.3900466563586211e-03
   9.8199676452518665e-03
   1.0281323947293929e-02
   1.0775590601050178e-02
   1.1304347584230627e-02
   1.1869284789235610e-02
   1.2472207335085280e-02
   1.3115041229861969e-02
   1.3799839398384391e-02
   1.4528788090371716e-02
   1.5304213684827313e-02
   1.6128589906756793e-02
   1.7004545472608906e-02
   1.7934872180961813e-02
