   2.5154798076403539e-01
   2.5552186973471769e-01
   2.5955709961356405e-01
   2.6364423978655072e-01
   2.6777323999376595e-01
   2.7193342978621654e-01
   2.7611352408918705e-01
   2.8030163556849402e-01
   2.8448529447038318e-01
   2.8865147656029905e-01
   2.9278663971812680e-01
   2.9687676965596377e-01
   3.0090743510780732e-01
   3.0486385269825994e-01
   3.0873096152989338e-01
   3.1249350733778353e-01
   3.1613613584763595e-01
   3.1964349474486881e-01
   3.2300034342130635e-01
   3.2619166942035288e-01
   3.2920281025838460e-01
   3.3201957906827362e-01
   3.3462839229972030e-01
   3.3701639752992629e-01
   3.3917159929637575e-01
   3.4108298076964655e-01
   3.4274061904554143e-01
   3.4413579185792198e-01
   3.4526107359976455e-01
   3.4611041869086107e-01
   3.4667923054421895e-01
   3.4696441465465333e-01
   3.4696441465465333e-01
   3.4667923054421895e-01
   3.4611041869086107e-01
   3.4526107359976455e-01
   3.4413579185792198e-01
   3.4274061904554143e-01
   3.4108298076964660e-01
   3.3917159929637580e-01
   3.3701639752992629e-01
   3.3462839229972030e-01
   3.3201957906827362e-01
   3.2920281025838460e-01
   3.2619166942035288e-01
   3.2300034342130635e-01
   3.1964349474486881e-01
   3.1613613584763595e-01
   3.1249350733778353e-01
   3.0873096152989338e-01
   3.0486385269825989e-01
   3.0090743510780732e-01
   2.9687676965596377e-01
   2.9278663971812680e-01
   2.8865147656029899e-01
   2.8448529447038312e-01
   2.8030163556849402e-01
   2.7611352408918705e-01
   2.7193342978621654e-01
   2.6777323999376590e-01
   2.6364423978655072e-01
   2.5955709961356410e-01
   2.5552186973471769e-01
   2.5154798076403539e-01
   2.4561980729264582e-01
   2.3775274511442293e-01
   2.2998657846973575e-01
   2.2233472033331111e-01
   2.1480875800629623e-01
   2.0741856404958750e-01
   2.0017241187920454e-01
   1.9307709345520463e-01
   1.8613803691100150e-01
   1.7935942235809860e-01
   1.7274429445593323e-01
   1.6629467065424400e-01
   1.6001164429482495e-01
   1.5389548200108219e-01
   1.4794571498907241e-01
   1.4216122410511245e-01
   1.3654031853557633e-01
   1.3108080824737245e-01
   1.2578007030613814e-01
   1.2063510928664820e-01
   1.1564261203939770e-01
   1.1079899711164318e-01
   1.0610045914296432e-01
   1.0154300856694844e-01
   9.7122506953929905e-02
   9.2834698326588388e-02
   8.8675236772119831e-02
   8.4639710662904544e-02
   8.0723663783155833e-02
   7.6922613642806420e-02
   7.3232067242575041e-02
   6.9647534536314781e-02
   6.6164539818814344e-02
   6.2778631249545316e-02
   5.9485388705675213e-02
   5.6280430141183918e-02
   5.3159416613259604e-02
   5.0118056122391862e-02
   4.7152106398772840e-02
   4.4257376754781128e-02
   4.2149543787553860e-02
   4.0823249695052841e-02
   3.9556824162317365e-02
   3.8348487558093662e-02
   3.7196535036045100e-02
   3.6099335269631730e-02
   3.5055329158967703e-02
   3.4063028522322909e-02
   3.3121014783382544e-02
   3.2227937663996342e-02
   3.1382513890921400e-02
   3.0583525923972593e-02
   2.9829820712029873e-02
   2.9120308482498004e-02
   2.8453961569061419e-02
   2.7829813281913203e-02
   2.7246956824053974e-02
   2.6704544256744761e-02
   2.6201785516750339e-02
   2.5737947487618353e-02
   2.5312353126899615e-02
   2.4924380650919249e-02
   2.4573462778452813e-02
   2.4259086034440880e-02
   2.3980790114685777e-02
   2.3738167312311480e-02
   2.3530862006628451e-02
   2.3358570214926509e-02
   2.3221039207617502e-02
   2.3118067187063190e-02
   2.3049503030349663e-02
   2.3015246096205585e-02
   2.3015246096205585e-02
   2.3049503030349663e-02
   2.3118067187063194e-02
   2.3221039207617505e-02
   2.3358570214926509e-02
   2.3530862006628451e-02
   2.3738167312311480e-02
   2.3980790114685777e-02
   2.4259086034440880e-02
   2.4573462778452817e-02
   2.4924380650919249e-02
   2.5312353126899612e-02
   2.5737947487618353e-02
   2.6201785516750335e-02
   2.6704544256744761e-02
   2.7246956824053974e-02
   2.7829813281913206e-02
   2.8453961569061419e-02
   2.9120308482498008e-02
   2.9829820712029873e-02
   3.0583525923972593e-02
   3.1382513890921400e-02
   3.2227937663996349e-02
   3.3121014783382551e-02
   3.4063028522322916e-02
   3.5055329158967703e-02
   3.6099335269631730e-02
   3.7196535036045107e-02
   3.8348487558093662e-02
   3.9556824162317358e-02
   4.0823249695052834e-02
   4.2149543787553860e-02
