   1.2820005829447959e-01
   1.3521034707699442e-01
   1.4339300100421851e-01
   1.5281266780171360e-01
   1.6354238942021737e-01
   1.7566345021357022e-01
   1.8926504784351020e-01
   2.0444371093741487e-01
   2.2130236571355133e-01
   2.3994892725830996e-01
   2.6049425971209667e-01
   2.8304931374448727e-01
   3.0772121094593219e-01
   3.3460800655510475e-01
   3.6379183056981390e-01
   3.9533009323335527e-01
   4.2924446032963742e-01
   4.6550737995049352e-01
   5.0402610641131684e-01
   5.4462445599389953e-01
   5.8702298104395234e-01
   6.3081888992879465e-01
   6.7546786391014391e-01
   7.2027085812421399e-01
   7.6436985454139805e-01
   8.0675707019834464e-01
   8.4630191671095401e-01
   8.8179863709061035e-01
   9.1203474647544558e-01
   9.3587630055060067e-01
   9.5236132789143335e-01
   9.6078879719000088e-01
   9.6078879719000010e-01
   9.5236132789143124e-01
   9.3587630055059723e-01
   9.1203474647544103e-01
   8.8179863709060491e-01
   8.4630191671094779e-01
   8.0675707019833776e-01
   7.6436985454139084e-01
   7.2027085812420655e-01
   6.7546786391013636e-01
   6.3081888992878721e-01
   5.8702298104394512e-01
   5.4462445599389264e-01
   5.0402610641131018e-01
   4.6550737995048724e-01
   4.2924446032963154e-01
   3.9533009323334978e-01
   3.6379183056980890e-01
   3.3460800655510003e-01
   3.0772121094592791e-01
   2.8304931374448339e-01
   2.6049425971209317e-01
   2.3994892725830688e-01
   2.2130236571354867e-01
   2.0444371093741254e-01
   1.8926504784350823e-01
   1.7566345021356855e-01
   1.6354238942021601e-01
   1.5281266780171260e-01
   1.4339300100421781e-01
   1.3521034707699400e-01
   1.2820005829447947e-01
   1.1924926021215267e-01
   1.0832427032096267e-01
   9.8387959421952470e-02
   8.9353680188509491e-02
   8.1141636426130204e-02
   7.3678532793488141e-02
   6.6897187205129785e-02
   6.0736126348303228e-02
   5.5139178781387001e-02
   5.0055075618403146e-02
   4.5437065493436041e-02
   4.1242548065415670e-02
   3.7432728553781200e-02
   3.3972294524151590e-02
   3.0829115244125991e-02
   2.7973963306753575e-02
   2.5380257800439839e-02
   2.3023828034420608e-02
   2.0882696667445490e-02
   1.8936881003378397e-02
   1.7168211188311647e-02
   1.5560164052695596e-02
   1.4097711376549096e-02
   1.2767181407007343e-02
   1.1556132518738042e-02
   1.0453237974414793e-02
   9.4481808111476131e-03
   8.5315579472122326e-03
   7.6947926700103664e-03
   6.9300547298910917e-03
   6.2301873246173199e-03
   5.5886403155004762e-03
   4.9994090683778683e-03
   4.4569783606354463e-03
   3.9562708394413650e-03
   3.4925995563713673e-03
   3.0616241398303138e-03
   2.6593101992803850e-03
   2.2818915844576254e-03
   1.9258351486761036e-03
   1.6738569975820997e-03
   1.5230314234873693e-03
   1.3859482269319243e-03
   1.2613705110360678e-03
   1.1481742128134713e-03
   1.0453379616809004e-03
   9.5193386431564626e-04
   8.6711913277478538e-04
   7.9012848038355918e-04
   7.2026721681603726e-04
   6.5690498009124973e-04
   5.9947004894825154e-04
   5.4744418429538615e-04
   5.0035795319912564e-04
   4.5778649322903450e-04
   4.1934567894663595e-04
   3.8468865595294279e-04
   3.5350271122471915e-04
   3.2550645150299687e-04
   3.0044726427626907e-04
   2.7809903845014847e-04
   2.5826012413806372e-04
   2.4075151316488861e-04
   2.2541522386669064e-04
   2.1211287561300466e-04
   2.0072444018979471e-04
   1.9114715877700399e-04
   1.8329461474869739e-04
   1.7709595392974750e-04
   1.7249524527348844e-04
   1.6945097619176143e-04
   1.6793567798373195e-04
   1.6793567798373195e-04
   1.6945097619176146e-04
   1.7249524527348844e-04
   1.7709595392974753e-04
   1.8329461474869742e-04
   1.9114715877700401e-04
   2.0072444018979474e-04
   2.1211287561300471e-04
   2.2541522386669067e-04
   2.4075151316488866e-04
   2.5826012413806383e-04
   2.7809903845014852e-04
   3.0044726427626913e-04
   3.2550645150299697e-04
   3.5350271122471931e-04
   3.8468865595294295e-04
   4.1934567894663622e-04
   4.5778649322903477e-04
   5.0035795319912596e-04
   5.4744418429538647e-04
   5.9947004894825198e-04
   6.5690498009125017e-04
   7.2026721681603780e-04
   7.9012848038355983e-04
   8.6711913277478603e-04
   9.5193386431564691e-04
   1.0453379616809013e-03
   1.1481742128134724e-03
   1.2613705110360687e-03
   1.3859482269319250e-03
   1.5230314234873699e-03
   1.6738569975820999e-03
