   2.6064175939916834e-01
   2.6745098889452462e-01
   2.7470270271845459e-01
   2.8238807966518148e-01
   2.9049594638280596e-01
   2.9901242313908438e-01
   3.0792055113482703e-01
   3.1719990646251439e-01
   3.2682620763722353e-01
   3.3677092571999440e-01
   3.4700090837654196e-01
   3.5747803170261178e-01
   3.6815889619966008e-01
   3.7899458575549616e-01
   3.8993051068063378e-01
   4.0090635753060661e-01
   4.1185616932265340e-01
   4.2270857951733298e-01
   4.3338722145975483e-01
   4.4381133156462726e-01
   4.5389655915570604e-01
   4.6355598842282825e-01
   4.7270136849778255e-01
   4.8124453644932569e-01
   4.8909900558060937e-01
   4.9618167855444995e-01
   5.0241463257057040e-01
   5.0772691322197760e-01
   5.1205626595155429e-01
   5.1535073029724321e-01
   5.1757002317744549e-01
   5.1868664374584095e-01
   5.1868664374584095e-01
   5.1757002317744549e-01
   5.1535073029724299e-01
   5.1205626595155418e-01
   5.0772691322197738e-01
   5.0241463257057006e-01
   4.9618167855444967e-01
   4.8909900558060909e-01
   4.8124453644932536e-01
   4.7270136849778221e-01
   4.6355598842282786e-01
   4.5389655915570559e-01
   4.4381133156462677e-01
   4.3338722145975439e-01
   4.2270857951733254e-01
   4.1185616932265295e-01
   4.0090635753060616e-01
   3.8993051068063334e-01
   3.7899458575549572e-01
   3.6815889619965958e-01
   3.5747803170261133e-01
   3.4700090837654152e-01
   3.3677092571999390e-01
   3.2682620763722314e-01
   3.1719990646251400e-01
   3.0792055113482669e-01
   2.9901242313908410e-01
   2.9049594638280568e-01
   2.8238807966518131e-01
   2.7470270271845448e-01
   2.6745098889452457e-01
   2.6064175939916834e-01
   2.5098360183786994e-01
   2.3850090820469041e-01
   2.2649747900849712e-01
   2.1497447777056630e-01
   2.0392933469707605e-01
   1.9335636900067502e-01
   1.8324734389053518e-01
   1.7359195650911266e-01
   1.6437826642427852e-01
   1.5559306711989249e-01
   1.4722220537812972e-01
   1.3925085360855657e-01
   1.3166374013130869e-01
   1.2444534222867458e-01
   1.1758004649119648e-01
   1.1105228063963825e-01
   1.0484662063167174e-01
   9.8947876482821301e-02
   9.3341159859741132e-02
   8.8011936150067638e-02
   8.2946063382976970e-02
   7.8129820071522957e-02
   7.3549923773176373e-02
   6.9193541918679075e-02
   6.5048296240361833e-02
   6.1102261937850934e-02
   5.7343962549651302e-02
   5.3762361351323076e-02
   5.0346849972706456e-02
   4.7087234815788206e-02
   4.3973721759340563e-02
   4.0996899554538314e-02
   3.8147722245668432e-02
   3.5417490890249884e-02
   3.2797834802001595e-02
   3.0280692496912221e-02
   2.7858292486100590e-02
   2.5523134028267076e-02
   2.3267967928503577e-02
   2.1085777448340653e-02
   1.9508419439177725e-02
   1.8528753341560254e-02
   1.7605167961468708e-02
   1.6734879221626756e-02
   1.5915262112338791e-02
   1.5143843120497425e-02
   1.4418293058775433e-02
   1.3736420282251062e-02
   1.3096164279526690e-02
   1.2495589625378696e-02
   1.1932880282090054e-02
   1.1406334236840796e-02
   1.0914358462842791e-02
   1.0455464192286703e-02
   1.0028262489604972e-02
   9.6314601140330934e-03
   9.2638556609618266e-03
   8.9243359721071034e-03
   8.6118728050752005e-03
   8.3255197534630541e-03
   8.0644094092026126e-03
   7.8277507594307523e-03
   7.6148268107396559e-03
   7.4249924342346084e-03
   7.2576724253957297e-03
   7.1123597733057514e-03
   6.9886141343675082e-03
   6.8860605061915221e-03
   6.8043880978862319e-03
   6.7433493935311027e-03
   6.7027594061563394e-03
   6.6824951200928325e-03
   6.6824951200928325e-03
   6.7027594061563403e-03
   6.7433493935311044e-03
   6.8043880978862327e-03
   6.8860605061915239e-03
   6.9886141343675108e-03
   7.1123597733057540e-03
   7.2576724253957323e-03
   7.4249924342346127e-03
   7.6148268107396593e-03
   7.8277507594307575e-03
   8.0644094092026178e-03
   8.3255197534630593e-03
   8.6118728050752057e-03
   8.9243359721071103e-03
   9.2638556609618335e-03
   9.6314601140331003e-03
   1.0028262489604983e-02
   1.0455464192286712e-02
   1.0914358462842800e-02
   1.1406334236840803e-02
   1.1932880282090061e-02
   1.2495589625378702e-02
   1.3096164279526699e-02
   1.3736420282251069e-02
   1.4418293058775440e-02
   1.5143843120497432e-02
   1.5915262112338797e-02
   1.6734879221626760e-02
   1.7605167961468712e-02
   1.8528753341560258e-02
   1.9508419439177728e-02
