   2.5412636609565237e-01
   2.6127755696961530e-01
   2.6896005395089795e-01
   2.7716835951026381e-01
   2.8589456973725891e-01
   2.9512791193959248e-01
   3.0485424409261869e-01
   3.1505552002028270e-01
   3.2570922660184315e-01
   3.3678780223661542e-01
   3.4825804926974868e-01
   3.6008055705330166e-01
   3.7220915670012444e-01
   3.8459043322152181e-01
   3.9716332537172117e-01
   4.0985884779812121e-01
   4.2259997355275997e-01
   4.3530171709194748e-01
   4.4787145793451832e-01
   4.6020954249132306e-01
   4.7221019558897143e-01
   4.8376276340052343e-01
   4.9475329563513443e-01
   5.0506645708075082e-01
   5.1458773758322873e-01
   5.2320590648373899e-01
   5.3081563417924493e-01
   5.3732018202745224e-01
   5.4263404474651711e-01
   5.4668541916850966e-01
   5.4941837168984120e-01
   5.5079458524261971e-01
   5.5079458524261971e-01
   5.4941837168984109e-01
   5.4668541916850955e-01
   5.4263404474651689e-01
   5.3732018202745180e-01
   5.3081563417924460e-01
   5.2320590648373866e-01
   5.1458773758322829e-01
   5.0506645708075038e-01
   4.9475329563513393e-01
   4.8376276340052288e-01
   4.7221019558897082e-01
   4.6020954249132240e-01
   4.4787145793451777e-01
   4.3530171709194693e-01
   4.2259997355275930e-01
   4.0985884779812060e-01
   3.9716332537172050e-01
   3.8459043322152120e-01
   3.7220915670012389e-01
   3.6008055705330111e-01
   3.4825804926974813e-01
   3.3678780223661486e-01
   3.2570922660184259e-01
   3.1505552002028220e-01
   3.0485424409261824e-01
   2.9512791193959204e-01
   2.8589456973725857e-01
   2.7716835951026353e-01
   2.6896005395089778e-01
   2.6127755696961519e-01
   2.5412636609565231e-01
   2.4407879993948259e-01
   2.3115742655623833e-01
   2.1879232242711871e-01
   2.0697807731209239e-01
   1.9570576882450674e-01
   1.8496364921690139e-01
   1.7473774393616279e-01
   1.6501236820347495e-01
   1.5577056872311199e-01
   1.4699449796587385e-01
   1.3866572844961339e-01
   1.3076551416459034e-01
   1.2327500585409903e-01
   1.1617542632836438e-01
   1.0944821141184276e-01
   1.0307512153634486e-01
   9.7038328419236000e-02
   9.1320480723254702e-02
   8.5904752091736689e-02
   8.0774874495105717e-02
   7.5915159412964991e-02
   7.1310509010316353e-02
   6.6946419144198785e-02
   6.2808975755342097e-02
   5.8884845954772731e-02
   5.5161264904007107e-02
   5.1626019405872747e-02
   4.8267428967607648e-02
   4.5074324965440470e-02
   4.2036028427357514e-02
   3.9142326855520646e-02
   3.6383450429408506e-02
   3.3750047863089029e-02
   3.1233162133231743e-02
   2.8824206246915621e-02
   2.6514939178578185e-02
   2.4297442072376402e-02
   2.2164094778752422e-02
   2.0107552771230604e-02
   1.8120724470661494e-02
   1.6686522101518716e-02
   1.5797893566171048e-02
   1.4962102915850409e-02
   1.4176362166826157e-02
   1.3438049185378238e-02
   1.2744699187791543e-02
   1.2093996722493424e-02
   1.1483768114611949e-02
   1.0911974353648190e-02
   1.0376704405486374e-02
   9.8761689305848083e-03
   9.4086943908761184e-03
   8.9727175286394081e-03
   8.5667802013753170e-03
   8.1895245575054829e-03
   7.8396885385215807e-03
   7.5161016940180538e-03
   7.2176812968515027e-03
   6.9434287464734878e-03
   6.6924262492793762e-03
   6.4638337656008557e-03
   6.2568862137427558e-03
   6.0708909222242646e-03
   5.9052253221304907e-03
   5.7593348722121580e-03
   5.6327312100895172e-03
   5.5249905236218009e-03
   5.4357521371965044e-03
   5.3647173083745062e-03
   5.3116482309985931e-03
   5.2763672415356471e-03
   5.2587562260779357e-03
   5.2587562260779357e-03
   5.2763672415356479e-03
   5.3116482309985931e-03
   5.3647173083745062e-03
   5.4357521371965044e-03
   5.5249905236218009e-03
   5.6327312100895172e-03
   5.7593348722121580e-03
   5.9052253221304907e-03
   6.0708909222242655e-03
   6.2568862137427567e-03
   6.4638337656008566e-03
   6.6924262492793762e-03
   6.9434287464734887e-03
   7.2176812968515027e-03
   7.5161016940180547e-03
   7.8396885385215807e-03
   8.1895245575054846e-03
   8.5667802013753187e-03
   8.9727175286394099e-03
   9.4086943908761184e-03
   9.8761689305848100e-03
   1.0376704405486376e-02
   1.0911974353648192e-02
   1.1483768114611950e-02
   1.2093996722493424e-02
   1.2744699187791544e-02
   1.3438049185378238e-02
   1.4176362166826158e-02
   1.4962102915850411e-02
   1.5797893566171051e-02
   1.6686522101518716e-02
