   2.6646231408280568e-01
   2.7189182269901896e-01
   2.7752343852038686e-01
   2.8334479524979872e-01
   2.8934203967682326e-01
   2.9549973838079130e-01
   3.0180079241978841e-01
   3.0822636304401868e-01
   3.1475581179267220e-01
   3.2136665861558628e-01
   3.2803456188241931e-01
   3.3473332427763675e-01
   3.4143492860200270e-01
   3.4810960738219299e-01
   3.5472594990190842e-01
   3.6125104978557804e-01
   3.6765069556978602e-01
   3.7388960577643593e-01
   3.7993170885499450e-01
   3.8574046700239950e-01
   3.9127924132808500e-01
   3.9651169415540710e-01
   4.0140222250476165e-01
   4.0591641506952153e-01
   4.1002152336843617e-01
   4.1368693634023068e-01
   4.1688464654187807e-01
   4.1958969541840835e-01
   4.2178058491028547e-01
   4.2343964301096637e-01
   4.2455333180706234e-01
   4.2511248801442841e-01
   4.2511248801442841e-01
   4.2455333180706228e-01
   4.2343964301096632e-01
   4.2178058491028542e-01
   4.1958969541840824e-01
   4.1688464654187790e-01
   4.1368693634023052e-01
   4.1002152336843600e-01
   4.0591641506952131e-01
   4.0140222250476143e-01
   3.9651169415540699e-01
   3.9127924132808478e-01
   3.8574046700239928e-01
   3.7993170885499428e-01
   3.7388960577643565e-01
   3.6765069556978575e-01
   3.6125104978557776e-01
   3.5472594990190814e-01
   3.4810960738219277e-01
   3.4143492860200242e-01
   3.3473332427763652e-01
   3.2803456188241903e-01
   3.2136665861558594e-01
   3.1475581179267192e-01
   3.0822636304401840e-01
   3.0180079241978819e-01
   2.9549973838079113e-01
   2.8934203967682309e-01
   2.8334479524979861e-01
   2.7752343852038680e-01
   2.7189182269901890e-01
   2.6646231408280568e-01
   2.5854069707417171e-01
   2.4814990077347107e-01
   2.3801176307288452e-01
   2.2813942375556173e-01
   2.1854285590338290e-01
   2.0922919552067937e-01
   2.0020305781413883e-01
   1.9146683644493920e-01
   1.8302098328955910e-01
   1.7486426725381263e-01
   1.6699401149702531e-01
   1.5940630906072489e-01
   1.5209621738142759e-01
   1.4505793252284241e-01
   1.3828494421081342e-01
   1.3177017291450105e-01
   1.2550609030741183e-01
   1.1948482447733003e-01
   1.1369825124807931e-01
   1.0813807293926461e-01
   1.0279588583165031e-01
   9.7663237532805799e-02
   9.2731675355766569e-02
   8.7992786737109849e-02
   8.3438232633356035e-02
   7.9059774748430997e-02
   7.4849297361810049e-02
   7.0798824448099443e-02
   6.6900532704946322e-02
   6.3146761037719296e-02
   5.9530016986530480e-02
   5.6042980523851371e-02
   5.2678505599051753e-02
   4.9429619759416954e-02
   4.6289522135263536e-02
   4.3251580039341465e-02
   4.0309324397422359e-02
   3.7456444197475486e-02
   3.4686780118774983e-02
   3.1994317479332776e-02
   3.0040423785173468e-02
   2.8818391150255522e-02
   2.7658385817214942e-02
   2.6557945976084629e-02
   2.5514732247651509e-02
   2.4526523470266241e-02
   2.3591212632067305e-02
   2.2706802954075653e-02
   2.1871404128110585e-02
   2.1083228712213482e-02
   2.0340588685210877e-02
   1.9641892161175008e-02
   1.8985640263823485e-02
   1.8370424160319126e-02
   1.7794922253467571e-02
   1.7257897530948207e-02
   1.6758195069938791e-02
   1.6294739695294026e-02
   1.5866533789302598e-02
   1.5472655250966484e-02
   1.5112255602713016e-02
   1.4784558242457087e-02
   1.4488856838972223e-02
   1.4224513868599803e-02
   1.3990959291421075e-02
   1.3787689365132942e-02
   1.3614265595002400e-02
   1.3470313818423216e-02
   1.3355523422759396e-02
   1.3269646695331015e-02
   1.3212498304577157e-02
   1.3183954911616461e-02
   1.3183954911616461e-02
   1.3212498304577157e-02
   1.3269646695331015e-02
   1.3355523422759395e-02
   1.3470313818423211e-02
   1.3614265595002395e-02
   1.3787689365132938e-02
   1.3990959291421069e-02
   1.4224513868599797e-02
   1.4488856838972218e-02
   1.4784558242457080e-02
   1.5112255602713008e-02
   1.5472655250966475e-02
   1.5866533789302587e-02
   1.6294739695294016e-02
   1.6758195069938780e-02
   1.7257897530948196e-02
   1.7794922253467557e-02
   1.8370424160319112e-02
   1.8985640263823472e-02
   1.9641892161174995e-02
   2.0340588685210867e-02
   2.1083228712213471e-02
   2.1871404128110575e-02
   2.2706802954075640e-02
   2.3591212632067298e-02
   2.4526523470266234e-02
   2.5514732247651502e-02
   2.6557945976084622e-02
   2.7658385817214939e-02
   2.8818391150255519e-02
   3.0040423785173465e-02
