   7.5125759420383506e-02
   8.0479159980900480e-02
   8.6952087108719253e-02
   9.4632767614145755e-02
   1.0362534097133307e-01
   1.1405090979257058e-01
   1.2604865601063270e-01
   1.3977696767128833e-01
   1.5541449264794405e-01
   1.7316099478817415e-01
   1.9323783060458904e-01
   2.1588778507942205e-01
   2.4137389677133136e-01
   2.6997675776283869e-01
   3.0198958605705095e-01
   3.3771013279553858e-01
   3.7742820805406774e-01
   4.2140730767796047e-01
   4.6985855148316424e-01
   5.2290500440877741e-01
   5.8053463077360523e-01
   6.4254091764494292e-01
   7.0845199847358553e-01
   7.7745237156114566e-01
   8.4830637444344714e-01
   9.1929927765131925e-01
   9.8821895001873206e-01
   1.0524056127994474e+00
   1.1088946689863439e+00
   1.1546631872581108e+00
   1.1869627717442632e+00
   1.2036861149274314e+00
   1.2036861149274427e+00
   1.1869627717442963e+00
   1.1546631872581634e+00
   1.1088946689864128e+00
   1.0524056127995287e+00
   9.8821895001882165e-01
   9.1929927765141317e-01
   8.4830637444354229e-01
   7.7745237156123947e-01
   7.0845199847367601e-01
   6.4254091764502863e-01
   5.8053463077368528e-01
   5.2290500440885124e-01
   4.6985855148323175e-01
   4.2140730767802181e-01
   3.7742820805412308e-01
   3.3771013279558831e-01
   3.0198958605709536e-01
   2.6997675776287816e-01
   2.4137389677136634e-01
   2.1588778507945280e-01
   1.9323783060461602e-01
   1.7316099478819755e-01
   1.5541449264796428e-01
   1.3977696767130560e-01
   1.2604865601064721e-01
   1.1405090979258259e-01
   1.0362534097134267e-01
   9.4632767614153096e-02
   8.6952087108724443e-02
   8.0479159980903575e-02
   7.5125759420384547e-02
   6.8584976382198654e-02
   6.0802854446754130e-02
   5.3901669662555565e-02
   4.7782288150101215e-02
   4.2356547516232815e-02
   3.7546098248131723e-02
   3.3281350100634197e-02
   2.9500519588138242e-02
   2.6148772711338211e-02
   2.3177456020047556e-02
   2.0543408711390924e-02
   1.8208348463650638e-02
   1.6138323956914356e-02
   1.4303227428725978e-02
   1.2676361086870829e-02
   1.1234051706629005e-02
   9.9553082469903617e-03
   8.8215178112274265e-03
   7.8161757411559958e-03
   6.9246460656766018e-03
   6.1339489203788584e-03
   5.4325719158204947e-03
   4.8103027585994730e-03
   4.2580807233358513e-03
   3.7678648374032402e-03
   3.3325168761113516e-03
   2.9456974764819704e-03
   2.6017738651529488e-03
   2.2957378625350789e-03
   2.0231329732250300e-03
   1.7799895037634780e-03
   1.5627667648670468e-03
   1.3683015178321282e-03
   1.1937619153225801e-03
   1.0366062664748609e-03
   8.9454602630590111e-04
   7.6551247078436645e-04
   6.4762657250013280e-04
   5.3917163840696918e-04
   4.3856831128836126e-04
   3.6833567401295300e-04
   3.2725695684756944e-04
   2.9077149195571222e-04
   2.5836718356769085e-04
   2.2958921739868238e-04
   2.0403367706813837e-04
   1.8134187489723984e-04
   1.6119531751526182e-04
   1.4331123561516114e-04
   1.2743861511654462e-04
   1.1335467403150062e-04
   1.0086173558432516e-04
   8.9784453697724131e-05
   7.9967351903673277e-05
   7.1272641136167869e-05
   6.3578285777333011e-05
   5.6776290812726812e-05
   5.0771186055052155e-05
   4.5478686161455522e-05
   4.0824507636953219e-05
   3.6743326219915376e-05
   3.3177860015881858e-05
   3.0078065510936447e-05
   2.7400435180197225e-05
   2.5107386832929555e-05
   2.3166736123366945e-05
   2.1551244823606159e-05
   2.0238238518309726e-05
   1.9209288355326469e-05
   1.8449952385404687e-05
   1.7949572860541915e-05
   1.7701126645929148e-05
   1.7701126645929148e-05
   1.7949572860541915e-05
   1.8449952385404687e-05
   1.9209288355326472e-05
   2.0238238518309726e-05
   2.1551244823606159e-05
   2.3166736123366945e-05
   2.5107386832929555e-05
   2.7400435180197229e-05
   3.0078065510936447e-05
   3.3177860015881858e-05
   3.6743326219915376e-05
   4.0824507636953226e-05
   4.5478686161455522e-05
   5.0771186055052162e-05
   5.6776290812726812e-05
   6.3578285777332998e-05
   7.1272641136167869e-05
   7.9967351903673290e-05
   8.9784453697724117e-05
   1.0086173558432516e-04
   1.1335467403150063e-04
   1.2743861511654462e-04
   1.4331123561516117e-04
   1.6119531751526182e-04
   1.8134187489723984e-04
   2.0403367706813840e-04
   2.2958921739868240e-04
   2.5836718356769085e-04
   2.9077149195571228e-04
   3.2725695684756944e-04
   3.6833567401295305e-04
