   5.2217667981945819e-02
   5.6514567981604931e-02
   6.1817470156099091e-02
   6.8220022435292862e-02
   7.5835022787905049e-02
   8.4796206062729154e-02
   9.5260293521461134e-02
   1.0740928790972148e-01
   1.2145297534449473e-01
   1.3763156081307515e-01
   1.5621831053357058e-01
   1.7752199306848152e-01
   2.0188878969864213e-01
   2.2970316658745760e-01
   2.6138694514358529e-01
   2.9739544652831174e-01
   3.3820909336680188e-01
   3.8431820434805214e-01
   4.3619791734788982e-01
   4.9426928495776740e-01
   5.5884178563742781e-01
   6.3003218734342281e-01
   7.0765564167757244e-01
   7.9108829205438480e-01
   8.7910818568582072e-01
   9.6973445067777608e-01
   1.0601036675462521e+00
   1.1464433602389748e+00
   1.2242151134213053e+00
   1.2884868072339550e+00
   1.3345385196011021e+00
   1.3586115656129345e+00
   1.3586115656129094e+00
   1.3345385196010300e+00
   1.2884868072338416e+00
   1.2242151134211594e+00
   1.1464433602388067e+00
   1.0601036675460715e+00
   9.6973445067759168e-01
   8.7910818568563909e-01
   7.9108829205421083e-01
   7.0765564167740935e-01
   6.3003218734327227e-01
   5.5884178563729070e-01
   4.9426928495764372e-01
   4.3619791734777907e-01
   3.8431820434795366e-01
   3.3820909336671473e-01
   2.9739544652823491e-01
   2.6138694514351785e-01
   2.2970316658739856e-01
   2.0188878969859067e-01
   1.7752199306843683e-01
   1.5621831053353194e-01
   1.3763156081304195e-01
   1.2145297534446642e-01
   1.0740928790969755e-01
   9.5260293521441164e-02
   8.4796206062712848e-02
   7.5835022787892073e-02
   6.8220022435282995e-02
   6.1817470156092166e-02
   5.6514567981600823e-02
   5.2217667981944459e-02
   4.7104698084181031e-02
   4.1116559819875498e-02
   3.5889031377352949e-02
   3.1325698338652064e-02
   2.7342299634315385e-02
   2.3865218187199326e-02
   2.0830151335477998e-02
   1.8180942243466783e-02
   1.5868554536797568e-02
   1.3850173750331532e-02
   1.2088420660247753e-02
   1.0550663068139787e-02
   9.2084140455150291e-03
   8.0368059939532454e-03
   7.0141311113019623e-03
   6.1214399719315624e-03
   5.3421909309035957e-03
   4.6619439538121187e-03
   4.0680932641360169e-03
   3.5496338972226386e-03
   3.0969578637012863e-03
   2.7016761640904609e-03
   2.3564633689537010e-03
   2.0549218928361634e-03
   1.7914634523182090e-03
   1.5612055150787602e-03
   1.3598808234139149e-03
   1.1837583171159572e-03
   1.0295739913167466e-03
   8.9447040864735496e-04
   7.7594374520510094e-04
   6.7179738927557197e-04
   5.8010123308752852e-04
   4.9915590331270007e-04
   4.2746126750211325e-04
   3.6368863286287124e-04
   3.0665612218679929e-04
   2.5530677060924201e-04
   2.0868893729108779e-04
   1.6593866901251788e-04
   1.3636347374888614e-04
   1.1932383214959102e-04
   1.0441559168832236e-04
   9.1372456527010035e-05
   7.9961445942618243e-05
   6.9978732750732581e-05
   6.1246002478764728e-05
   5.3607268255268832e-05
   4.6926084521970231e-05
   4.1083109798980739e-05
   3.5973974968556995e-05
   3.1507419000017755e-05
   2.7603658815548285e-05
   2.4192964178915356e-05
   2.1214412151298520e-05
   1.8614798865926954e-05
   1.6347689183289401e-05
   1.4372587251551284e-05
   1.2654213156460332e-05
   1.1161872740026808e-05
   9.8689093314748879e-06
   8.7522275971052996e-06
   7.7918810039206144e-06
   6.9707155281542756e-06
   6.2740632445091251e-06
   5.6894803228966961e-06
   5.2065247526896890e-06
   4.8165698241258585e-06
   4.5126500352074038e-06
   4.2893366716346923e-06
   4.1426408373425848e-06
   4.0699422035391903e-06
   4.0699422035391903e-06
   4.1426408373425848e-06
   4.2893366716346931e-06
   4.5126500352074038e-06
   4.8165698241258585e-06
   5.2065247526896890e-06
   5.6894803228966969e-06
   6.2740632445091259e-06
   6.9707155281542765e-06
   7.7918810039206161e-06
   8.7522275971052996e-06
   9.8689093314748896e-06
   1.1161872740026810e-05
   1.2654213156460332e-05
   1.4372587251551285e-05
   1.6347689183289405e-05
   1.8614798865926957e-05
   2.1214412151298523e-05
   2.4192964178915356e-05
   2.7603658815548278e-05
   3.1507419000017755e-05
   3.5973974968556988e-05
   4.1083109798980725e-05
   4.6926084521970231e-05
   5.3607268255268825e-05
   6.1246002478764728e-05
   6.9978732750732581e-05
   7.9961445942618243e-05
   9.1372456527010021e-05
   1.0441559168832236e-04
   1.1932383214959101e-04
   1.3636347374888614e-04
