   1.4334560125287224e-01
   1.5066638795121198e-01
   1.5913694492914515e-01
   1.6881386292367617e-01
   1.7976017200947642e-01
   1.9204496098919230e-01
   2.0574279250447633e-01
   2.2093284332417107e-01
   2.3769768201937524e-01
   2.5612157637515348e-01
   2.7628820090912254e-01
   2.9827759197058268e-01
   3.2216217638770894e-01
   3.4800168345480748e-01
   3.7583674543090789e-01
   4.0568100787433548e-01
   4.3751162088687778e-01
   4.7125808228089749e-01
   5.0678957334799435e-01
   5.4390118707930901e-01
   5.8229981175988699e-01
   6.2159089926220745e-01
   6.6126788779867240e-01
   7.0070658914156381e-01
   7.3916725794415861e-01
   7.7580714473902790e-01
   8.0970587091014679e-01
   8.3990476190168906e-01
   8.6545927639099163e-01
   8.8550106217118518e-01
   8.9930345220056107e-01
   9.0634214018656600e-01
   9.0634214018656578e-01
   8.9930345220056074e-01
   8.8550106217118463e-01
   8.6545927639099085e-01
   8.3990476190168817e-01
   8.0970587091014568e-01
   7.7580714473902668e-01
   7.3916725794415739e-01
   7.0070658914156247e-01
   6.6126788779867118e-01
   6.2159089926220623e-01
   5.8229981175988565e-01
   5.4390118707930779e-01
   5.0678957334799302e-01
   4.7125808228089627e-01
   4.3751162088687662e-01
   4.0568100787433442e-01
   3.7583674543090689e-01
   3.4800168345480653e-01
   3.2216217638770805e-01
   2.9827759197058185e-01
   2.7628820090912176e-01
   2.5612157637515282e-01
   2.3769768201937466e-01
   2.2093284332417060e-01
   2.0574279250447591e-01
   1.9204496098919199e-01
   1.7976017200947619e-01
   1.6881386292367598e-01
   1.5913694492914504e-01
   1.5066638795121193e-01
   1.4334560125287227e-01
   1.3389854061754927e-01
   1.2229829130172801e-01
   1.1168529426776357e-01
   1.0197942304398282e-01
   9.3106074696163041e-02
   8.4996033886418895e-02
   7.7585267806640809e-02
   7.0814676581994127e-02
   6.4629817451281199e-02
   5.8980616171469158e-02
   5.3821075368099013e-02
   4.9108986718531970e-02
   4.4805651714381486e-02
   4.0875614146000508e-02
   3.7286406261471117e-02
   3.4008309677965087e-02
   3.1014131488955914e-02
   2.8278995558035952e-02
   2.5780148673967215e-02
   2.3496781027535132e-02
   2.1409860332421256e-02
   1.9501978829621392e-02
   1.7757212372730157e-02
   1.6160990778244098e-02
   1.4699978632304983e-02
   1.3361965766590000e-02
   1.2135766646583798e-02
   1.1011127951718602e-02
   9.9786436662676458e-03
   9.0296770405605738e-03
   8.1562888227272919e-03
   7.3511712008374709e-03
   6.6075869333503774e-03
   5.9193131818061568e-03
   5.2805895934159254e-03
   4.6860702125005446e-03
   4.1307788285242716e-03
   3.6100673947646023e-03
   3.1195771754860802e-03
   2.6552023009010386e-03
   2.3256096953031321e-03
   2.1273360354085295e-03
   1.9462272770107093e-03
   1.7808221299958353e-03
   1.6297860035926542e-03
   1.4919002402177554e-03
   1.3660522841944835e-03
   1.2512267061533008e-03
   1.1464970107939530e-03
   1.0510181619863088e-03
   9.6401976495627518e-04
   8.8479985059091717e-04
   8.1271921174448539e-04
   7.4719624587277439e-04
   6.8770226240240167e-04
   6.3375721698662277e-04
   5.8492583824009596e-04
   5.4081411570902616e-04
   5.0106612074571637e-04
   4.6536113464105391e-04
   4.3341106084641620e-04
   4.0495810040778297e-04
   3.7977267185792521e-04
   3.5765155878446613e-04
   3.3841627012825789e-04
   3.2191159998267159e-04
   3.0800437527388490e-04
   2.9658238121803526e-04
   2.8755345588540973e-04
   2.8084474656621953e-04
   2.7640212193796746e-04
   2.7418973529147960e-04
   2.7418973529147960e-04
   2.7640212193796751e-04
   2.8084474656621958e-04
   2.8755345588540984e-04
   2.9658238121803542e-04
   3.0800437527388506e-04
   3.2191159998267170e-04
   3.3841627012825794e-04
   3.5765155878446619e-04
   3.7977267185792526e-04
   4.0495810040778302e-04
   4.3341106084641615e-04
   4.6536113464105386e-04
   5.0106612074571626e-04
   5.4081411570902605e-04
   5.8492583824009585e-04
   6.3375721698662266e-04
   6.8770226240240167e-04
   7.4719624587277439e-04
   8.1271921174448539e-04
   8.8479985059091728e-04
   9.6401976495627529e-04
   1.0510181619863088e-03
   1.1464970107939532e-03
   1.2512267061533010e-03
   1.3660522841944837e-03
   1.4919002402177556e-03
   1.6297860035926544e-03
   1.7808221299958355e-03
   1.9462272770107095e-03
   2.1273360354085299e-03
   2.3256096953031321e-03
