   2.5579575518212438e-01
   2.6287383424555877e-01
   2.7046263325560366e-01
   2.7855579457532847e-01
   2.8714455172161074e-01
   2.9621729199501462e-01
   3.0575908598352264e-01
   3.1575118823844117e-01
   3.2617051571024169e-01
   3.3698911327903264e-01
   3.4817361891336063e-01
   3.5968474459822858e-01
   3.7147679309259507e-01
   3.8349723464596691e-01
   3.9568637178159244e-01
   4.0797712381044965e-01
   4.2029496545566702e-01
   4.3255805534041186e-01
   4.4467758956720199e-01
   4.5655841262558100e-01
   4.6809991189539879e-01
   4.7919721269217896e-01
   4.8974267799619942e-01
   4.9962770092493147e-01
   5.0874475928029816e-01
   5.1698968122832500e-01
   5.2426405090340777e-01
   5.3047766438586230e-01
   5.3555093217155392e-01
   5.3941711595161701e-01
   5.4202428688788995e-01
   5.4333690057366213e-01
   5.4333690057366213e-01
   5.4202428688788984e-01
   5.3941711595161701e-01
   5.3555093217155381e-01
   5.3047766438586230e-01
   5.2426405090340777e-01
   5.1698968122832500e-01
   5.0874475928029816e-01
   4.9962770092493158e-01
   4.8974267799619942e-01
   4.7919721269217896e-01
   4.6809991189539885e-01
   4.5655841262558106e-01
   4.4467758956720210e-01
   4.3255805534041192e-01
   4.2029496545566714e-01
   4.0797712381044970e-01
   3.9568637178159249e-01
   3.8349723464596702e-01
   3.7147679309259513e-01
   3.5968474459822863e-01
   3.4817361891336068e-01
   3.3698911327903269e-01
   3.2617051571024175e-01
   3.1575118823844128e-01
   3.0575908598352275e-01
   2.9621729199501468e-01
   2.8714455172161085e-01
   2.7855579457532853e-01
   2.7046263325560377e-01
   2.6287383424555882e-01
   2.5579575518212444e-01
   2.4582922532689513e-01
   2.3299733322453617e-01
   2.2070414104098246e-01
   2.0894584566335758e-01
   1.9771506146560419e-01
   1.8700149463242391e-01
   1.7679253398756706e-01
   1.6707376360182016e-01
   1.5782940344110860e-01
   1.4904268478968419e-01
   1.4069616728319320e-01
   1.3277200422204921e-01
   1.2525216249445092e-01
   1.1811860298799283e-01
   1.1135342685965340e-01
   1.0493899250280407e-01
   9.8858007522620764e-02
   9.3093599525279777e-02
   8.7629369052523776e-02
   8.2449427557770072e-02
   7.7538422925637562e-02
   7.2881554683920921e-02
   6.8464580744352174e-02
   6.4273817233642269e-02
   6.0296132736380632e-02
   5.6518938063189923e-02
   5.2930172477824465e-02
   4.9518287162473640e-02
   4.6272226568367429e-02
   4.3181408186081231e-02
   4.0235701174153933e-02
   3.7425404203476086e-02
   3.4741222806336639e-02
   3.2174246461240841e-02
   2.9715925596055764e-02
   2.7358048651335298e-02
   2.5092719311638187e-02
   2.2912333984260246e-02
   2.0809559581178489e-02
   1.8777311640401372e-02
   1.7309860285893975e-02
   1.6400124408647857e-02
   1.5544012189432292e-02
   1.4738732583539279e-02
   1.3981659063695017e-02
   1.3270321323974143e-02
   1.2602397447307038e-02
   1.1975706518479193e-02
   1.1388201664793682e-02
   1.0837963506967824e-02
   1.0323194003334934e-02
   9.8422106709991769e-03
   9.3934411682263727e-03
   8.9754182230316008e-03
   8.5867748936321285e-03
   8.2262401471621515e-03
   7.8926347437854195e-03
   7.5848674140868468e-03
   7.3019313183695662e-03
   7.0429007772255664e-03
   6.8069282634834237e-03
   6.5932416463632933e-03
   6.4011416793861072e-03
   6.2299997242897713e-03
   6.0792557038998243e-03
   5.9484162775853234e-03
   5.8370532336030978e-03
   5.7448020932953396e-03
   5.6713609227576969e-03
   5.6164893482383189e-03
   5.5800077721638872e-03
   5.5617967873175939e-03
   5.5617967873175939e-03
   5.5800077721638881e-03
   5.6164893482383198e-03
   5.6713609227576978e-03
   5.7448020932953404e-03
   5.8370532336030996e-03
   5.9484162775853252e-03
   6.0792557038998260e-03
   6.2299997242897739e-03
   6.4011416793861098e-03
   6.5932416463632959e-03
   6.8069282634834272e-03
   7.0429007772255699e-03
   7.3019313183695705e-03
   7.5848674140868511e-03
   7.8926347437854247e-03
   8.2262401471621567e-03
   8.5867748936321337e-03
   8.9754182230316060e-03
   9.3934411682263779e-03
   9.8422106709991838e-03
   1.0323194003334941e-02
   1.0837963506967828e-02
   1.1388201664793688e-02
   1.1975706518479196e-02
   1.2602397447307043e-02
   1.3270321323974146e-02
   1.3981659063695022e-02
   1.4738732583539280e-02
   1.5544012189432294e-02
   1.6400124408647857e-02
   1.7309860285893975e-02
