   2.0104128329712403e-01
   2.0298227850148504e-01
   2.0490623154201459e-01
   2.0680988117702379e-01
   2.0868991424184236e-01
   2.1054297360286237e-01
   2.1236566681101324e-01
   2.1415457543935851e-01
   2.1590626508182023e-01
   2.1761729598199511e-01
   2.1928423425272212e-01
   2.2090366363860173e-01
   2.2247219776516980e-01
   2.2398649281002939e-01
   2.2544326052308092e-01
   2.2683928151521746e-01
   2.2817141872761912e-01
   2.2943663098724784e-01
   2.3063198654846234e-01
   2.3175467651599191e-01
   2.3280202804096656e-01
   2.3377151717941930e-01
   2.3466078130176532e-01
   2.3546763094230111e-01
   2.3619006097981676e-01
   2.3682626104400453e-01
   2.3737462504747670e-01
   2.3783375974984661e-01
   2.3820249226841059e-01
   2.3847987645940069e-01
   2.3866519810443512e-01
   2.3875797884851366e-01
   2.3875797884851366e-01
   2.3866519810443512e-01
   2.3847987645940069e-01
   2.3820249226841061e-01
   2.3783375974984661e-01
   2.3737462504747672e-01
   2.3682626104400456e-01
   2.3619006097981679e-01
   2.3546763094230111e-01
   2.3466078130176535e-01
   2.3377151717941932e-01
   2.3280202804096661e-01
   2.3175467651599194e-01
   2.3063198654846237e-01
   2.2943663098724790e-01
   2.2817141872761915e-01
   2.2683928151521751e-01
   2.2544326052308095e-01
   2.2398649281002941e-01
   2.2247219776516985e-01
   2.2090366363860175e-01
   2.1928423425272217e-01
   2.1761729598199517e-01
   2.1590626508182029e-01
   2.1415457543935856e-01
   2.1236566681101329e-01
   2.1054297360286245e-01
   2.0868991424184241e-01
   2.0680988117702387e-01
   2.0490623154201465e-01
   2.0298227850148509e-01
   2.0104128329712409e-01
   1.9807268676721221e-01
   1.9408087510530389e-01
   1.9008587636850854e-01
   1.8609359082977747e-01
   1.8210955107114374e-01
   1.7813892342135185e-01
   1.7418651169238250e-01
   1.7025676294007461e-01
   1.6635377498228587e-01
   1.6248130541924355e-01
   1.5864278191427156e-01
   1.5484131350833683e-01
   1.5107970275829904e-01
   1.4736045850590171e-01
   1.4368580910199277e-01
   1.4005771592786889e-01
   1.3647788707270411e-01
   1.3294779104252705e-01
   1.2946867039196314e-01
   1.2604155518483243e-01
   1.2266727620358804e-01
   1.1934647784044380e-01
   1.1607963061483463e-01
   1.1286704327258218e-01
   1.0970887443181168e-01
   1.0660514374931636e-01
   1.0355574258873793e-01
   1.0056044417867591e-01
   9.7618913254714945e-02
   9.4730715184430186e-02
   9.1895324578759166e-02
   8.9112133396782353e-02
   8.6380458553993289e-02
   8.3699549046629032e-02
   8.1068592606627465e-02
   7.8486721903340495e-02
   7.5953020309308755e-02
   7.3466527248246469e-02
   7.1026243143937684e-02
   6.8631133989047743e-02
   6.6878612941663307e-02
   6.5766304974620118e-02
   6.4695225608062554e-02
   6.3664877650540200e-02
   6.2674774715604537e-02
   6.1724442048219710e-02
   6.0813417278079554e-02
   5.9941251105303926e-02
   5.9107507923661103e-02
   5.8311766386147545e-02
   5.7553619917453364e-02
   5.6832677177550354e-02
   5.6148562480360716e-02
   5.5500916171197318e-02
   5.4889394966411431e-02
   5.4313672258440325e-02
   5.3773438389215056e-02
   5.3268400894667348e-02
   5.2798284722863811e-02
   5.2362832428094599e-02
   5.1961804343052392e-02
   5.1594978731055008e-02
   5.1262151920090211e-02
   5.0963138420295546e-02
   5.0697771026325736e-02
   5.0465900905908141e-02
   5.0267397675739116e-02
   5.0102149465733201e-02
   4.9970062972499868e-02
   4.9871063502789977e-02
   4.9805095007525030e-02
   4.9772120106896210e-02
   4.9772120106896210e-02
   4.9805095007525030e-02
   4.9871063502789977e-02
   4.9970062972499868e-02
   5.0102149465733201e-02
   5.0267397675739116e-02
   5.0465900905908141e-02
   5.0697771026325736e-02
   5.0963138420295546e-02
   5.1262151920090218e-02
   5.1594978731055008e-02
   5.1961804343052392e-02
   5.2362832428094599e-02
   5.2798284722863811e-02
   5.3268400894667348e-02
   5.3773438389215049e-02
   5.4313672258440325e-02
   5.4889394966411438e-02
   5.5500916171197325e-02
   5.6148562480360716e-02
   5.6832677177550348e-02
   5.7553619917453364e-02
   5.8311766386147545e-02
   5.9107507923661103e-02
   5.9941251105303926e-02
   6.0813417278079547e-02
   6.1724442048219710e-02
   6.2674774715604537e-02
   6.3664877650540200e-02
   6.4695225608062568e-02
   6.5766304974620118e-02
   6.6878612941663307e-02
