   2.6422920187052512e-01
   2.6926584615968613e-01
   2.7445778533476123e-01
   2.7979307849360546e-01
   2.8525856342579931e-01
   2.9083980143826543e-01
   2.9652103082762771e-01
   3.0228513121670969e-01
   3.0811360112099551e-01
   3.1398655121823327e-01
   3.1988271584676148e-01
   3.2577948524086986e-01
   3.3165296090965168e-01
   3.3747803636512630e-01
   3.4322850509338587e-01
   3.4887719722959770e-01
   3.5439614583861234e-01
   3.5975678301815489e-01
   3.6493016523855321e-01
   3.6988722642721933e-01
   3.7459905632194773e-01
   3.7903720058773743e-01
   3.8317397815884419e-01
   3.8698281027968123e-01
   3.9043855482835232e-01
   3.9351783877013191e-01
   3.9619938105833186e-01
   3.9846429802396538e-01
   4.0029638331056527e-01
   4.0168235473962471e-01
   4.0261206114159309e-01
   4.0307864314444447e-01
   4.0307864314444447e-01
   4.0261206114159315e-01
   4.0168235473962477e-01
   4.0029638331056544e-01
   3.9846429802396549e-01
   3.9619938105833202e-01
   3.9351783877013213e-01
   3.9043855482835255e-01
   3.8698281027968146e-01
   3.8317397815884446e-01
   3.7903720058773777e-01
   3.7459905632194801e-01
   3.6988722642721966e-01
   3.6493016523855359e-01
   3.5975678301815528e-01
   3.5439614583861273e-01
   3.4887719722959809e-01
   3.4322850509338626e-01
   3.3747803636512669e-01
   3.3165296090965213e-01
   3.2577948524087030e-01
   3.1988271584676192e-01
   3.1398655121823371e-01
   3.0811360112099595e-01
   3.0228513121671002e-01
   2.9652103082762804e-01
   2.9083980143826571e-01
   2.8525856342579958e-01
   2.7979307849360568e-01
   2.7445778533476139e-01
   2.6926584615968624e-01
   2.6422920187052518e-01
   2.5683279800054237e-01
   2.4709784047086905e-01
   2.3756731037470888e-01
   2.2825526999212800e-01
   2.1917295740207265e-01
   2.1032904468857386e-01
   2.0172989071371880e-01
   1.9337978471526748e-01
   1.8528117797439081e-01
   1.7743490164488038e-01
   1.6984036954368387e-01
   1.6249576528290821e-01
   1.5539821358761433e-01
   1.4854393600538254e-01
   1.4192839148673636e-01
   1.3554640251367772e-01
   1.2939226758953076e-01
   1.2345986098855467e-01
   1.1774272070857819e-01
   1.1223412558306738e-01
   1.0692716249808541e-01
   1.0181478463081224e-01
   9.6889861584825446e-02
   9.2145222247374856e-02
   8.7573691138725665e-02
   8.3168118965891727e-02
   7.8921408034708304e-02
   7.4826533116682206e-02
   7.0876558311474172e-02
   6.7064650392952091e-02
   6.3384089076987574e-02
   5.9828274602827407e-02
   5.6390732977082268e-02
   5.3065119190143811e-02
   4.9845218679092196e-02
   4.6724947278754494e-02
   4.3698349873343020e-02
   4.0759597934843718e-02
   3.7902986110823350e-02
   3.5122928003366451e-02
   3.3103556708674917e-02
   3.1838450073140470e-02
   3.0635582016280045e-02
   2.9492645520865484e-02
   2.8407443761163005e-02
   2.7377886756063664e-02
   2.6401988111098427e-02
   2.5477861857880660e-02
   2.4603719397880669e-02
   2.3777866556033350e-02
   2.2998700748480670e-02
   2.2264708267731775e-02
   2.1574461687661143e-02
   2.0926617390040626e-02
   2.0319913213696476e-02
   1.9753166226882297e-02
   1.9225270623050007e-02
   1.8735195739871275e-02
   1.8281984201101227e-02
   1.7864750180675560e-02
   1.7482677788283184e-02
   1.7135019575552652e-02
   1.6821095161925276e-02
   1.6540289979256183e-02
   1.6292054134181267e-02
   1.6075901387309709e-02
   1.5891408248343963e-02
   1.5738213186289526e-02
   1.5616015953991898e-02
   1.5524577026325769e-02
   1.5463717151459394e-02
   1.5433317014723070e-02
   1.5433317014723070e-02
   1.5463717151459394e-02
   1.5524577026325767e-02
   1.5616015953991895e-02
   1.5738213186289523e-02
   1.5891408248343959e-02
   1.6075901387309702e-02
   1.6292054134181260e-02
   1.6540289979256172e-02
   1.6821095161925266e-02
   1.7135019575552642e-02
   1.7482677788283177e-02
   1.7864750180675550e-02
   1.8281984201101217e-02
   1.8735195739871261e-02
   1.9225270623049993e-02
   1.9753166226882283e-02
   2.0319913213696465e-02
   2.0926617390040619e-02
   2.1574461687661133e-02
   2.2264708267731765e-02
   2.2998700748480660e-02
   2.3777866556033343e-02
   2.4603719397880669e-02
   2.5477861857880656e-02
   2.6401988111098427e-02
   2.7377886756063660e-02
   2.8407443761163002e-02
   2.9492645520865484e-02
   3.0635582016280045e-02
   3.1838450073140470e-02
   3.3103556708674917e-02
