   1.9559216604626678e-01
   1.9737528517150990e-01
   1.9913981955547569e-01
   2.0088291722537349e-01
   2.0260169044685253e-01
   2.0429322266274499e-01
   2.0595457595601527e-01
   2.0758279901969615e-01
   2.0917493561086620e-01
   2.1072803345981697e-01
   2.1223915359953974e-01
   2.1370538007461631e-01
   2.1512382998260393e-01
   2.1649166379516141e-01
   2.1780609590056649e-01
   2.1906440530402432e-01
   2.2026394641736929e-01
   2.2140215986551673e-01
   2.2247658323342909e-01
   2.2348486167451415e-01
   2.2442475829935774e-01
   2.2529416426258692e-01
   2.2609110846551891e-01
   2.2681376679313106e-01
   2.2746047080580972e-01
   2.2802971580932052e-01
   2.2852016823047411e-01
   2.2893067223101801e-01
   2.2926025549831228e-01
   2.2950813415827892e-01
   2.2967371676386186e-01
   2.2975660732069159e-01
   2.2975660732069159e-01
   2.2967371676386186e-01
   2.2950813415827892e-01
   2.2926025549831230e-01
   2.2893067223101801e-01
   2.2852016823047411e-01
   2.2802971580932052e-01
   2.2746047080580975e-01
   2.2681376679313106e-01
   2.2609110846551891e-01
   2.2529416426258694e-01
   2.2442475829935776e-01
   2.2348486167451415e-01
   2.2247658323342911e-01
   2.2140215986551676e-01
   2.2026394641736932e-01
   2.1906440530402435e-01
   2.1780609590056652e-01
   2.1649166379516144e-01
   2.1512382998260396e-01
   2.1370538007461634e-01
   2.1223915359953976e-01
   2.1072803345981697e-01
   2.0917493561086622e-01
   2.0758279901969615e-01
   2.0595457595601530e-01
   2.0429322266274502e-01
   2.0260169044685253e-01
   2.0088291722537352e-01
   1.9913981955547572e-01
   1.9737528517150990e-01
   1.9559216604626681e-01
   1.9286038057597651e-01
   1.8918365848663721e-01
   1.8550043563352839e-01
   1.8181595855927429e-01
   1.7813517345670585e-01
   1.7446272581913491e-01
   1.7080296198710901e-01
   1.6715993238942234e-01
   1.6353739627990038e-01
   1.5993882777758536e-01
   1.5636742302599010e-01
   1.5282610829663612e-01
   1.4931754887277318e-01
   1.4584415856064128e-01
   1.4240810968758200e-01
   1.3901134345846389e-01
   1.3565558055403504e-01
   1.3234233186675926e-01
   1.2907290928128343e-01
   1.2584843641779395e-01
   1.2266985926706159e-01
   1.1953795665587719e-01
   1.1645335049079993e-01
   1.1341651573665359e-01
   1.1042779009400142e-01
   1.0748738334691448e-01
   1.0459538635873615e-01
   1.0175177969926079e-01
   9.8956441891819402e-02
   9.6209157273233425e-02
   9.3509623463500474e-02
   9.0857458445451234e-02
   8.8252207257508666e-02
   8.5693348305129355e-02
   8.3180299298553848e-02
   8.0712422826176425e-02
   7.8289031574205345e-02
   7.5909393204354109e-02
   7.3572734902120185e-02
   7.1278247608798334e-02
   6.9598660690266129e-02
   6.8531857985352260e-02
   6.7503862362227302e-02
   6.6514273675800567e-02
   6.5562698935219002e-02
   6.4648753139469939e-02
   6.3772060046331000e-02
   6.2932252879161266e-02
   6.2128974975786060e-02
   6.1361880383492898e-02
   6.0630634403926228e-02
   5.9934914091446009e-02
   5.9274408708298830e-02
   5.8648820139741389e-02
   5.8057863272054602e-02
   5.7501266336191875e-02
   5.6978771219617939e-02
   5.6490133748714769e-02
   5.6035123943957377e-02
   5.5613526249896357e-02
   5.5225139741823560e-02
   5.4869778310843650e-02
   5.4547270828926034e-02
   5.4257461295369097e-02
   5.4000208965971123e-02
   5.3775388466069468e-02
   5.3582889888480825e-02
   5.3422618877251103e-02
   5.3294496698001875e-02
   5.3198460295542593e-02
   5.3134462339301851e-02
   5.3102471257018072e-02
   5.3102471257018072e-02
   5.3134462339301851e-02
   5.3198460295542593e-02
   5.3294496698001875e-02
   5.3422618877251103e-02
   5.3582889888480825e-02
   5.3775388466069468e-02
   5.4000208965971123e-02
   5.4257461295369097e-02
   5.4547270828926034e-02
   5.4869778310843650e-02
   5.5225139741823560e-02
   5.5613526249896357e-02
   5.6035123943957377e-02
   5.6490133748714769e-02
   5.6978771219617939e-02
   5.7501266336191875e-02
   5.8057863272054602e-02
   5.8648820139741382e-02
   5.9274408708298830e-02
   5.9934914091446009e-02
   6.0630634403926222e-02
   6.1361880383492898e-02
   6.2128974975786060e-02
   6.2932252879161252e-02
   6.3772060046331000e-02
   6.4648753139469939e-02
   6.5562698935219016e-02
   6.6514273675800567e-02
   6.7503862362227302e-02
   6.8531857985352260e-02
   6.9598660690266129e-02
