   2.2698306861983605e-01
   2.3475079304385330e-01
   2.4329735533949567e-01
   2.5263194909049291e-01
   2.6276226459495355e-01
   2.7369376387083372e-01
   2.8542883879711134e-01
   2.9796584290546985e-01
   3.1129798966701677e-01
   3.2541211392142999e-01
   3.4028729876379737e-01
   3.5589337814938987e-01
   3.7218933608956134e-01
   3.8912163689695334e-01
   4.0662253761774092e-01
   4.2460845337782155e-01
   4.4297846822242665e-01
   4.6161310686894841e-01
   4.8037350456003358e-01
   4.9910112995373673e-01
   5.1761822591212681e-01
   5.3572913069161554e-01
   5.5322262276562628e-01
   5.6987539229494832e-01
   5.8545667873253604e-01
   5.9973402769526496e-01
   6.1248001549831366e-01
   6.2347967566271767e-01
   6.3253825168254096e-01
   6.3948881079508435e-01
   6.4419920131201058e-01
   6.4657783516705802e-01
   6.4657783516705802e-01
   6.4419920131201058e-01
   6.3948881079508435e-01
   6.3253825168254108e-01
   6.2347967566271778e-01
   6.1248001549831399e-01
   5.9973402769526518e-01
   5.8545667873253626e-01
   5.6987539229494855e-01
   5.5322262276562650e-01
   5.3572913069161587e-01
   5.1761822591212703e-01
   4.9910112995373695e-01
   4.8037350456003380e-01
   4.6161310686894863e-01
   4.4297846822242681e-01
   4.2460845337782172e-01
   4.0662253761774109e-01
   3.8912163689695350e-01
   3.7218933608956151e-01
   3.5589337814939004e-01
   3.4028729876379749e-01
   3.2541211392143005e-01
   3.1129798966701688e-01
   2.9796584290546996e-01
   2.8542883879711145e-01
   2.7369376387083377e-01
   2.6276226459495361e-01
   2.5263194909049297e-01
   2.4329735533949570e-01
   2.3475079304385330e-01
   2.2698306861983608e-01
   2.1635449951728963e-01
   2.0287697748144504e-01
   1.9015440325590233e-01
   1.7815845032287109e-01
   1.6685902255977741e-01
   1.5622495391895208e-01
   1.4622457532546299e-01
   1.3682616802427977e-01
   1.2799832081146598e-01
   1.1971020665542963e-01
   1.1193179228950796e-01
   1.0463399252301617e-01
   9.7788779325098593e-02
   9.1369254209645229e-02
   8.5349691098267649e-02
   7.9705555658698982e-02
   7.4413506097950846e-02
   6.9451379519278725e-02
   6.4798167213944657e-02
   6.0433981637087936e-02
   5.6340017296466684e-02
   5.2498507349246527e-02
   4.8892677342563515e-02
   4.5506697236894655e-02
   4.2325632607371877e-02
   3.9335395718463916e-02
   3.6522697004550818e-02
   3.3874997356556205e-02
   3.1380461507689132e-02
   2.9027912725029241e-02
   2.6806788944445478e-02
   2.4707100431069218e-02
   2.2719389003672864e-02
   2.0834688826704233e-02
   1.9044488746635446e-02
   1.7340696128253796e-02
   1.5715602130359951e-02
   1.4161848348069380e-02
   1.2672394739736321e-02
   1.1240488749782887e-02
   1.0211149773182989e-02
   9.5780294915207478e-03
   8.9868441755430357e-03
   8.4350073720373241e-03
   7.9201044504054827e-03
   7.4398821205247318e-03
   6.9922386403916811e-03
   6.5752146736965467e-03
   6.1869847597748875e-03
   5.8258493606182645e-03
   5.4902274517851738e-03
   5.1786496261344121e-03
   4.8897516813019518e-03
   4.6222686637584619e-03
   4.3750293441180569e-03
   4.1469511001214357e-03
   3.9370351853902337e-03
   3.7443623636473763e-03
   3.5680888896236856e-03
   3.4074428193277100e-03
   3.2617206337476811e-03
   3.1302841613857404e-03
   3.0125577862992869e-03
   2.9080259295467307e-03
   2.8162307931093415e-03
   2.7367703564914808e-03
   2.6692966172924904e-03
   2.6135140680990658e-03
   2.5691784030711469e-03
   2.5360954485912921e-03
   2.5141203133211415e-03
   2.5031567539629297e-03
   2.5031567539629297e-03
   2.5141203133211419e-03
   2.5360954485912925e-03
   2.5691784030711473e-03
   2.6135140680990663e-03
   2.6692966172924912e-03
   2.7367703564914816e-03
   2.8162307931093428e-03
   2.9080259295467315e-03
   3.0125577862992886e-03
   3.1302841613857421e-03
   3.2617206337476829e-03
   3.4074428193277121e-03
   3.5680888896236877e-03
   3.7443623636473789e-03
   3.9370351853902372e-03
   4.1469511001214392e-03
   4.3750293441180603e-03
   4.6222686637584654e-03
   4.8897516813019553e-03
   5.1786496261344147e-03
   5.4902274517851773e-03
   5.8258493606182672e-03
   6.1869847597748901e-03
   6.5752146736965493e-03
   6.9922386403916828e-03
   7.4398821205247335e-03
   7.9201044504054845e-03
   8.4350073720373259e-03
   8.9868441755430375e-03
   9.5780294915207495e-03
   1.0211149773182989e-02
