   7.9025833827280109e-02
   8.4535256103473191e-02
   9.1176748358737639e-02
   9.9037200328876737e-02
   1.0821884550697104e-01
   1.1884020074106529e-01
   1.3103704451597653e-01
   1.4496337449581162e-01
   1.6079225593774560e-01
   1.7871643179561056e-01
   1.9894850868601549e-01
   2.2172045541290886e-01
   2.4728204664154674e-01
   2.7589774749513796e-01
   3.0784136024859698e-01
   3.4338754053245424e-01
   3.8279904477398397e-01
   4.2630831724034318e-01
   4.7409181840890152e-01
   5.2623543956877461e-01
   5.8268961556448573e-01
   6.4321360166167374e-01
   7.0731016963880777e-01
   7.7415507182633747e-01
   8.4253023542871763e-01
   9.1077550791016093e-01
   9.7677963263355805e-01
   1.0380343600058299e+00
   1.0917723109522126e+00
   1.1351956474329798e+00
   1.1657780164995812e+00
   1.1815921287321702e+00
   1.1815921287321642e+00
   1.1657780164995637e+00
   1.1351956474329521e+00
   1.0917723109521764e+00
   1.0380343600057871e+00
   9.7677963263351064e-01
   9.1077550791011097e-01
   8.4253023542866690e-01
   7.7415507182628718e-01
   7.0731016963875915e-01
   6.4321360166162733e-01
   5.8268961556444243e-01
   5.2623543956873431e-01
   4.7409181840886466e-01
   4.2630831724030954e-01
   3.8279904477395355e-01
   3.4338754053242682e-01
   3.0784136024857239e-01
   2.7589774749511603e-01
   2.4728204664152734e-01
   2.2172045541289173e-01
   1.9894850868600047e-01
   1.7871643179559746e-01
   1.6079225593773430e-01
   1.4496337449580193e-01
   1.3103704451596840e-01
   1.1884020074105857e-01
   1.0821884550696564e-01
   9.9037200328872629e-02
   9.1176748358734738e-02
   8.4535256103471457e-02
   7.9025833827279540e-02
   7.2268465441308036e-02
   6.4210386140927722e-02
   5.7048345494918794e-02
   5.0683390038034751e-02
   4.5027283055835102e-02
   4.0001406797348517e-02
   3.5535757762991609e-02
   3.1568033438498733e-02
   2.8042806429920911e-02
   2.4910780574844620e-02
   2.2128122920837670e-02
   1.9655865236688937e-02
   1.7459368791168696e-02
   1.5507846385125526e-02
   1.3773935979156212e-02
   1.2233320669420504e-02
   1.0864390194491763e-02
   9.6479395845760554e-03
   8.5669009774080717e-03
   7.6061050146736652e-03
   6.7520685947213615e-03
   5.9928060899077477e-03
   5.3176614400851788e-03
   4.7171588084029313e-03
   4.1828697332693425e-03
   3.7072949328477330e-03
   3.2837591178055021e-03
   2.9063173461946938e-03
   2.5696716132484866e-03
   2.2690965103652604e-03
   2.0003729133279209e-03
   1.7597287714416574e-03
   1.5437861681984045e-03
   1.3495139115839085e-03
   1.1741849893944919e-03
   1.0153382929627259e-03
   8.7074407242617835e-04
   7.3837263892656980e-04
   6.1636587461531053e-04
   5.0301115069267203e-04
   4.2377578002989120e-04
   3.7733235150131679e-04
   3.3599401917050172e-04
   2.9920149865512693e-04
   2.6645700779346645e-04
   2.3731753195446251e-04
   2.1138883031432163e-04
   1.8832010201016720e-04
   1.6779924000838214e-04
   1.4954860847625235e-04
   1.3332128652789673e-04
   1.1889772752501867e-04
   1.0608278873507148e-04
   9.4703091160044836e-05
   8.4604673816019777e-05
   7.5650910727337575e-05
   6.7720662453569141e-05
   6.0706637140540818e-05
   5.4513938921396183e-05
   4.9058784028400962e-05
   4.4267367245221173e-05
   4.0074863363420228e-05
   3.6424550133448252e-05
   3.3267040844145874e-05
   3.0559616147995326e-05
   2.8265646092089796e-05
   2.6354094535223954e-05
   2.4799099246146021e-05
   2.3579622001935525e-05
   2.2679163952532961e-05
   2.2085542400462275e-05
   2.1790725975700189e-05
   2.1790725975700189e-05
   2.2085542400462275e-05
   2.2679163952532961e-05
   2.3579622001935525e-05
   2.4799099246146025e-05
   2.6354094535223957e-05
   2.8265646092089807e-05
   3.0559616147995326e-05
   3.3267040844145881e-05
   3.6424550133448266e-05
   4.0074863363420235e-05
   4.4267367245221173e-05
   4.9058784028400962e-05
   5.4513938921396176e-05
   6.0706637140540811e-05
   6.7720662453569128e-05
   7.5650910727337548e-05
   8.4604673816019764e-05
   9.4703091160044836e-05
   1.0608278873507146e-04
   1.1889772752501863e-04
   1.3332128652789670e-04
   1.4954860847625229e-04
   1.6779924000838209e-04
   1.8832010201016714e-04
   2.1138883031432160e-04
   2.3731753195446251e-04
   2.6645700779346645e-04
   2.9920149865512693e-04
   3.3599401917050166e-04
   3.7733235150131679e-04
   4.2377578002989120e-04
