   2.5805592195005983e-01
   2.6502115653387331e-01
   2.7246716217569172e-01
   2.8038642639116274e-01
   2.8876904080127336e-01
   2.9760230030214552e-01
   3.0687027592838595e-01
   3.1655336616415131e-01
   3.2662783355111064e-01
   3.3706533590401744e-01
   3.4783246425202136e-01
   3.5889030272125311e-01
   3.7019402885991887e-01
   3.8169257622335245e-01
   3.9332838416078852e-01
   4.0503726238650101e-01
   4.1674839971689037e-01
   4.2838454689861344e-01
   4.3986240229721851e-01
   4.5109322592676049e-01
   4.6198370150901164e-01
   4.7243705771979572e-01
   4.8235444848219877e-01
   4.9163657835636304e-01
   5.0018554334574994e-01
   5.0790684074389003e-01
   5.1471148527302824e-01
   5.2051815425598713e-01
   5.2525527355649293e-01
   5.2886295006546469e-01
   5.3129465682202515e-01
   5.3251858411811859e-01
   5.3251858411811859e-01
   5.3129465682202504e-01
   5.2886295006546458e-01
   5.2525527355649282e-01
   5.2051815425598691e-01
   5.1471148527302812e-01
   5.0790684074388981e-01
   5.0018554334574972e-01
   4.9163657835636282e-01
   4.8235444848219849e-01
   4.7243705771979538e-01
   4.6198370150901136e-01
   4.5109322592676016e-01
   4.3986240229721824e-01
   4.2838454689861311e-01
   4.1674839971689009e-01
   4.0503726238650062e-01
   3.9332838416078819e-01
   3.8169257622335218e-01
   3.7019402885991848e-01
   3.5889030272125277e-01
   3.4783246425202102e-01
   3.3706533590401710e-01
   3.2662783355111030e-01
   3.1655336616415103e-01
   3.0687027592838567e-01
   2.9760230030214530e-01
   2.8876904080127314e-01
   2.8038642639116257e-01
   2.7246716217569167e-01
   2.6502115653387326e-01
   2.5805592195005983e-01
   2.4821700404889491e-01
   2.3552814445920997e-01
   2.2335212865210602e-01
   2.1168740317900855e-01
   2.0052875018335281e-01
   1.8986794087732953e-01
   1.7969431254750790e-01
   1.6999527299785813e-01
   1.6075673749585095e-01
   1.5196350393541672e-01
   1.4359957219560052e-01
   1.3564841366048205e-01
   1.2809319665891078e-01
   1.2091697324833936e-01
   1.1410283235648128e-01
   1.0763402384568280e-01
   1.0149405760529455e-01
   9.5666781326165032e-02
   9.0136440181426317e-02
   8.4887721236914820e-02
   7.9905785047173855e-02
   7.5176286560743266e-02
   7.0685387161262284e-02
   6.6419759407500847e-02
   6.2366585803729793e-02
   5.8513552729349314e-02
   5.4848840480727662e-02
   5.1361110226030474e-02
   4.8039488542798596e-02
   4.4873550095651818e-02
   4.1853298915441782e-02
   3.8969148659337004e-02
   3.6211902161796886e-02
   3.3572730527488992e-02
   3.1043151967429784e-02
   2.8615010537673392e-02
   2.6280454904592972e-02
   2.4031917231203941e-02
   2.1862092254210690e-02
   1.9763916600782451e-02
   1.8248168842381375e-02
   1.7307734593792683e-02
   1.6422031287484803e-02
   1.5588267587873361e-02
   1.4803814486558580e-02
   1.4066197314874438e-02
   1.3373088192581671e-02
   1.2722298896955919e-02
   1.2111774136589159e-02
   1.1539585214435178e-02
   1.1003924064958499e-02
   1.0503097650666728e-02
   1.0035522703798419e-02
   9.5997207994854596e-03
   9.1943137472971607e-03
   8.8180192886912652e-03
   8.4696470885360017e-03
   8.1480950095197714e-03
   7.8523456589250119e-03
   7.5814631979060267e-03
   7.3345904040729906e-03
   7.1109459788437669e-03
   6.9098220916792409e-03
   6.7305821539653740e-03
   6.5726588159452475e-03
   6.4355521807364308e-03
   6.3188282300930803e-03
   6.2221174571883238e-03
   6.1451137023011406e-03
   6.0875731878937377e-03
   6.0493137501609652e-03
   6.0302142647236543e-03
   6.0302142647236552e-03
   6.0493137501609652e-03
   6.0875731878937385e-03
   6.1451137023011424e-03
   6.2221174571883246e-03
   6.3188282300930820e-03
   6.4355521807364317e-03
   6.5726588159452492e-03
   6.7305821539653757e-03
   6.9098220916792427e-03
   7.1109459788437695e-03
   7.3345904040729932e-03
   7.5814631979060302e-03
   7.8523456589250154e-03
   8.1480950095197749e-03
   8.4696470885360069e-03
   8.8180192886912687e-03
   9.1943137472971660e-03
   9.5997207994854648e-03
   1.0035522703798426e-02
   1.0503097650666733e-02
   1.1003924064958502e-02
   1.1539585214435181e-02
   1.2111774136589161e-02
   1.2722298896955921e-02
   1.3373088192581675e-02
   1.4066197314874440e-02
   1.4803814486558582e-02
   1.5588267587873361e-02
   1.6422031287484803e-02
   1.7307734593792683e-02
   1.8248168842381375e-02
