   2.1746272101866138e-01
   2.2531098818046916e-01
   2.3400352303382793e-01
   2.4355488776890774e-01
   2.5397872237874158e-01
   2.6528697660786493e-01
   2.7748900041151991e-01
   2.9059047674108557e-01
   3.0459218188095527e-01
   3.1948856161759381e-01
   3.3526611678756818e-01
   3.5190159987544267e-01
   3.6936003600861278e-01
   3.8759259759515069e-01
   4.0653438250500784e-01
   4.2610217132799239e-01
   4.4619226953710972e-01
   4.6667857420099934e-01
   4.8741103994503454e-01
   5.0821475145984918e-01
   5.2888983472778450e-01
   5.4921244953853798e-01
   5.6893709408723225e-01
   5.8780041086584800e-01
   6.0552660576212802e-01
   6.2183447717102136e-01
   6.3644590292045145e-01
   6.4909546154113262e-01
   6.5954069060023313e-01
   6.6757233468916621e-01
   6.7302383794997167e-01
   6.7577931609724495e-01
   6.7577931609724506e-01
   6.7302383794997200e-01
   6.6757233468916644e-01
   6.5954069060023357e-01
   6.4909546154113307e-01
   6.3644590292045200e-01
   6.2183447717102192e-01
   6.0552660576212880e-01
   5.8780041086584867e-01
   5.6893709408723292e-01
   5.4921244953853876e-01
   5.2888983472778539e-01
   5.0821475145984996e-01
   4.8741103994503537e-01
   4.6667857420100017e-01
   4.4619226953711055e-01
   4.2610217132799316e-01
   4.0653438250500856e-01
   3.8759259759515136e-01
   3.6936003600861350e-01
   3.5190159987544334e-01
   3.3526611678756885e-01
   3.1948856161759442e-01
   3.0459218188095577e-01
   2.9059047674108607e-01
   2.7748900041152030e-01
   2.6528697660786532e-01
   2.5397872237874186e-01
   2.4355488776890794e-01
   2.3400352303382807e-01
   2.2531098818046924e-01
   2.1746272101866138e-01
   2.0680396796611550e-01
   1.9334238116187080e-01
   1.8068421362425216e-01
   1.6879397427674872e-01
   1.5763515632716366e-01
   1.4717089008470732e-01
   1.3736445749016535e-01
   1.2817969083479733e-01
   1.1958127541886239e-01
   1.1153497324775428e-01
   1.0400778238549953e-01
   9.6968044336964973e-02
   9.0385509834062155e-02
   8.4231371658699886e-02
   7.8478271634195865e-02
   7.3100287637822142e-02
   6.8072905407096665e-02
   6.3372979007334407e-02
   5.8978683074483174e-02
   5.4869459323614700e-02
   5.1025959299925282e-02
   4.7429984928276998e-02
   4.4064428073983704e-02
   4.0913210048643962e-02
   3.7961221769214792e-02
   3.5194265096805399e-02
   3.2598995735964663e-02
   3.0162867958963106e-02
   2.7874081327271205e-02
   2.5721529509598814e-02
   2.3694751238768349e-02
   2.1783883405295083e-02
   1.9979616251342976e-02
   1.8273150602671765e-02
   1.6656157056628304e-02
   1.5120737029808744e-02
   1.3659385558631155e-02
   1.2264955738821375e-02
   1.0930624685009738e-02
   9.6498608886834251e-03
   8.7303882664055421e-03
   8.1661554072806238e-03
   7.6405028319292299e-03
   7.1509483646850268e-03
   6.6951800682399348e-03
   6.2710453831525386e-03
   5.8765410084303093e-03
   5.5098034776164782e-03
   5.1691003876798702e-03
   4.8528222407495901e-03
   4.5594748613548867e-03
   4.2876723543240850e-03
   4.0361305708675570e-03
   3.8036610526214877e-03
   3.5891654255660954e-03
   3.3916302177587386e-03
   3.2101220767445106e-03
   3.0437833643299789e-03
   2.8918281081355716e-03
   2.7535382909846260e-03
   2.6282604607481977e-03
   2.5154026447502271e-03
   2.4144315542534247e-03
   2.3248700658978837e-03
   2.2462949682575594e-03
   2.1783349629198655e-03
   2.1206689106859082e-03
   2.0730243146386694e-03
   2.0351760329386749e-03
   2.0069452152864002e-03
   1.9881984580426577e-03
   1.9788471740272893e-03
   1.9788471740272893e-03
   1.9881984580426577e-03
   2.0069452152864002e-03
   2.0351760329386744e-03
   2.0730243146386686e-03
   2.1206689106859074e-03
   2.1783349629198646e-03
   2.2462949682575586e-03
   2.3248700658978824e-03
   2.4144315542534238e-03
   2.5154026447502258e-03
   2.6282604607481964e-03
   2.7535382909846247e-03
   2.8918281081355699e-03
   3.0437833643299772e-03
   3.2101220767445085e-03
   3.3916302177587360e-03
   3.5891654255660933e-03
   3.8036610526214856e-03
   4.0361305708675544e-03
   4.2876723543240824e-03
   4.5594748613548832e-03
   4.8528222407495866e-03
   5.1691003876798668e-03
   5.5098034776164756e-03
   5.8765410084303067e-03
   6.2710453831525369e-03
   6.6951800682399330e-03
   7.1509483646850260e-03
   7.6405028319292282e-03
   8.1661554072806238e-03
   8.7303882664055421e-03
