   1.8241067676886091e-01
   1.9022793413918138e-01
   1.9907452636449796e-01
   2.0898510662849226e-01
   2.1999635197775913e-01
   2.3214622369655774e-01
   2.4547302218764203e-01
   2.6001419214055904e-01
   2.7580482827562292e-01
   2.9287582744825530e-01
   3.1125163041355530e-01
   3.3094749755272279e-01
   3.5196626935079156e-01
   3.7429457698405755e-01
   3.9789849420834195e-01
   4.2271866246102224e-01
   4.4866498039464919e-01
   4.7561102999880306e-01
   5.0338851528847073e-01
   5.3178211402389275e-01
   5.6052528029396487e-01
   5.8929767046851222e-01
   6.1772497196884113e-01
   6.4538195900511230e-01
   6.7179954093393590e-01
   6.9647636725143791e-01
   7.1889518175980438e-01
   7.3854357925097214e-01
   7.5493815669084718e-01
   7.6765036317042645e-01
   7.7633177656402863e-01
   7.8073622207446358e-01
   7.8073622207446303e-01
   7.7633177656402685e-01
   7.6765036317042346e-01
   7.5493815669084308e-01
   7.3854357925096714e-01
   7.1889518175979850e-01
   6.9647636725143136e-01
   6.7179954093392880e-01
   6.4538195900510476e-01
   6.1772497196883314e-01
   5.8929767046850412e-01
   5.6052528029395676e-01
   5.3178211402388464e-01
   5.0338851528846296e-01
   4.7561102999879551e-01
   4.4866498039464203e-01
   4.2271866246101542e-01
   3.9789849420833551e-01
   3.7429457698405150e-01
   3.5196626935078601e-01
   3.3094749755271757e-01
   3.1125163041355053e-01
   2.9287582744825097e-01
   2.7580482827561908e-01
   2.6001419214055571e-01
   2.4547302218763914e-01
   2.3214622369655533e-01
   2.1999635197775716e-01
   2.0898510662849076e-01
   1.9907452636449691e-01
   1.9022793413918077e-01
   1.8241067676886069e-01
   1.7205391327412500e-01
   1.5914895536579163e-01
   1.4717204232615180e-01
   1.3606413205167994e-01
   1.2576819756203220e-01
   1.1622957781817639e-01
   1.0739620181645271e-01
   9.9218714414782902e-02
   9.1650526955768613e-02
   8.4647811213115973e-02
   7.8169451418381913e-02
   7.2176966028175596e-02
   6.6634408370780288e-02
   6.1508253274668391e-02
   5.6767275147688825e-02
   5.2382421673294044e-02
   4.8326686257915051e-02
   4.4574981550065472e-02
   4.1104015714248723e-02
   3.7892172646130595e-02
   3.4919396931065737e-02
   3.2167084052708413e-02
   2.9617976133378965e-02
   2.7256063318086318e-02
   2.5066490787630093e-02
   2.3035471293479253e-02
   2.1150203040574692e-02
   1.9398792697841043e-02
   1.7770183285295001e-02
   1.6254086667488520e-02
   1.4840920372711824e-02
   1.3521748453626286e-02
   1.2288226106024411e-02
   1.1132547766845134e-02
   1.0047398419339488e-02
   9.0259078415622761e-03
   8.0616075435287239e-03
   7.1483901479400223e-03
   6.2804709789837715e-03
   5.4523516330799784e-03
   4.8607979958318805e-03
   4.5009475713271626e-03
   4.1685899464653352e-03
   3.8616952376920792e-03
   3.5783890295403736e-03
   3.3169409402006101e-03
   3.0757540636685236e-03
   2.8533552246598191e-03
   2.6483859873026087e-03
   2.4595943631104899e-03
   2.2858271679214366e-03
   2.1260229813813824e-03
   1.9792056661761927e-03
   1.8444784075908425e-03
   1.7210182371181233e-03
   1.6080710067684313e-03
   1.5049467834634558e-03
   1.4110156354454251e-03
   1.3257037850145329e-03
   1.2484901041341027e-03
   1.1789029315289064e-03
   1.1165171918591681e-03
   1.0609517993926513e-03
   1.0118673303308847e-03
   9.6896394958330347e-04
   9.3197957933473642e-04
   9.0068829822656483e-04
   8.7489896137892193e-04
   8.5445403282897179e-04
   8.3922862325679342e-04
   8.2912972712352541e-04
   8.2409565456383527e-04
   8.2409565456383527e-04
   8.2912972712352552e-04
   8.3922862325679375e-04
   8.5445403282897211e-04
   8.7489896137892236e-04
   9.0068829822656548e-04
   9.3197957933473707e-04
   9.6896394958330423e-04
   1.0118673303308855e-03
   1.0609517993926522e-03
   1.1165171918591694e-03
   1.1789029315289077e-03
   1.2484901041341038e-03
   1.3257037850145344e-03
   1.4110156354454259e-03
   1.5049467834634567e-03
   1.6080710067684324e-03
   1.7210182371181241e-03
   1.8444784075908431e-03
   1.9792056661761936e-03
   2.1260229813813833e-03
   2.2858271679214374e-03
   2.4595943631104907e-03
   2.6483859873026091e-03
   2.8533552246598191e-03
   3.0757540636685240e-03
   3.3169409402006105e-03
   3.5783890295403736e-03
   3.8616952376920792e-03
   4.1685899464653361e-03
   4.5009475713271635e-03
   4.8607979958318805e-03
