   8.3024889365038823e-02
   8.8687929874649435e-02
   9.5494191852625643e-02
   1.0352910301671077e-01
   1.1289285092312490e-01
   1.2370121286988316e-01
   1.3608639849049173e-01
   1.5019784173063799e-01
   1.6620284974634730e-01
   1.8428697573147862e-01
   2.0465392711458730e-01
   2.2752474556124519e-01
   2.5313589586186019e-01
   2.8173577228617125e-01
   3.1357897009042113e-01
   3.4891747757942582e-01
   3.8798773053512825e-01
   4.3099226295410453e-01
   4.7807454169748931e-01
   5.2928558831069739e-01
   5.8454133154489107e-01
   6.4357053504318606e-01
   7.0585490291060271e-01
   7.7056587055110104e-01
   8.3650675471819524e-01
   9.0207401185938352e-01
   9.6525612717983755e-01
   1.0236907747238464e+00
   1.0747970870278507e+00
   1.1159872420387069e+00
   1.1449399636738329e+00
   1.1598930329817208e+00
   1.1598930329817221e+00
   1.1449399636738367e+00
   1.1159872420387129e+00
   1.0747970870278587e+00
   1.0236907747238559e+00
   9.6525612717984799e-01
   9.0207401185939462e-01
   8.3650675471820657e-01
   7.7056587055111236e-01
   7.0585490291061370e-01
   6.4357053504319639e-01
   5.8454133154490084e-01
   5.2928558831070649e-01
   4.7807454169749769e-01
   4.3099226295411225e-01
   3.8798773053513519e-01
   3.4891747757943214e-01
   3.1357897009042690e-01
   2.8173577228617636e-01
   2.5313589586186469e-01
   2.2752474556124919e-01
   2.0465392711459079e-01
   1.8428697573148167e-01
   1.6620284974634994e-01
   1.5019784173064024e-01
   1.3608639849049362e-01
   1.2370121286988471e-01
   1.1289285092312616e-01
   1.0352910301671174e-01
   9.5494191852626323e-02
   8.8687929874649851e-02
   8.3024889365038976e-02
   7.6052638026160149e-02
   6.7719702102481211e-02
   6.0296901230326362e-02
   5.3685620843650417e-02
   4.7797690538039388e-02
   4.2554348642358499e-02
   3.7885287880914484e-02
   3.3727782736936614e-02
   3.0025896289343851e-02
   2.6729762570542874e-02
   2.3794939530307445e-02
   2.1181827240723945e-02
   1.8855145865435990e-02
   1.6783468021768149e-02
   1.4938800403156429e-02
   1.3296209844586904e-02
   1.1833489366982483e-02
   1.0530860102215421e-02
   9.3707053622127737e-03
   8.3373334632322830e-03
   7.4167662438303613e-03
   6.5965505192005199e-03
   5.8655899942113348e-03
   5.2139954126354743e-03
   4.6329509515291344e-03
   4.1145950787492272e-03
   3.6519142796875236e-03
   3.2386482280666890e-03
   2.8692051267064163e-03
   2.5385860791071295e-03
   2.2423174730112788e-03
   1.9763904641841830e-03
   1.7372067437930096e-03
   1.5215298571257879e-03
   1.3264414160422994e-03
   1.1493016134380455e-03
   9.8771350598219525e-04
   8.3949058221644056e-04
   7.0262717744161527e-04
   5.7527133525847748e-04
   4.8613825931387116e-04
   4.3378390928642196e-04
   3.8708696949911573e-04
   3.4543841869595838e-04
   3.0829507660220525e-04
   2.7517251980287909e-04
   2.4563876391744309e-04
   2.1930862967673668e-04
   1.9583871942680583e-04
   1.7492293854478775e-04
   1.5628850335828564e-04
   1.3969238350431689e-04
   1.2491813232964248e-04
   1.1177306399495689e-04
   1.0008574046700946e-04
   8.9703735624204785e-05
   8.0491647315284259e-05
   7.2329331444453038e-05
   6.5110335051957131e-05
   5.8740507954392256e-05
   5.3136774837788787e-05
   4.8226051789131261e-05
   4.3944293135730382e-05
   4.0235656161335536e-05
   3.7051772805220731e-05
   3.4351118845747056e-05
   3.2098472341295075e-05
   3.0264454265554952e-05
   2.8825145346139800e-05
   2.7761774109331358e-05
   2.7060472062437312e-05
   2.6712092820848102e-05
   2.6712092820848106e-05
   2.7060472062437316e-05
   2.7761774109331365e-05
   2.8825145346139807e-05
   3.0264454265554965e-05
   3.2098472341295088e-05
   3.4351118845747076e-05
   3.7051772805220751e-05
   4.0235656161335556e-05
   4.3944293135730416e-05
   4.8226051789131294e-05
   5.3136774837788828e-05
   5.8740507954392297e-05
   6.5110335051957185e-05
   7.2329331444453092e-05
   8.0491647315284313e-05
   8.9703735624204853e-05
   1.0008574046700953e-04
   1.1177306399495696e-04
   1.2491813232964256e-04
   1.3969238350431694e-04
   1.5628850335828575e-04
   1.7492293854478780e-04
   1.9583871942680591e-04
   2.1930862967673670e-04
   2.4563876391744315e-04
   2.7517251980287914e-04
   3.0829507660220531e-04
   3.4543841869595843e-04
   3.8708696949911578e-04
   4.3378390928642196e-04
   4.8613825931387121e-04
