   5.7125908657709973e-02
   6.1671383603875612e-02
   6.7253760999513135e-02
   7.3965966253556920e-02
   8.1919409369054397e-02
   9.1245600846104100e-02
   1.0209798192626006e-01
   1.1465394186018675e-01
   1.2911697099803071e-01
   1.4571886156749880e-01
   1.6472181216871046e-01
   1.8642020913986573e-01
   2.1114173697907679e-01
   2.3924729643738216e-01
   2.7112896467364750e-01
   3.0720489648009203e-01
   3.4790961978669077e-01
   3.9367761322957912e-01
   4.4491738741385345e-01
   5.0197260476798788e-01
   5.6506626198587528e-01
   6.3422401658472871e-01
   7.0917404655047722e-01
   7.8922441366645302e-01
   8.7312601154389080e-01
   9.5894079323924053e-01
   1.0439505985577247e+00
   1.1246576816432503e+00
   1.1969350039179774e+00
   1.2563692360894152e+00
   1.2987913456582516e+00
   1.3209130962385620e+00
   1.3209130962385991e+00
   1.2987913456583600e+00
   1.2563692360895857e+00
   1.1969350039181974e+00
   1.1246576816435054e+00
   1.0439505985580002e+00
   9.5894079323952419e-01
   8.7312601154417202e-01
   7.8922441366672424e-01
   7.0917404655073313e-01
   6.3422401658496619e-01
   5.6506626198609289e-01
   5.0197260476818517e-01
   4.4491738741403097e-01
   3.9367761322973777e-01
   3.4790961978683188e-01
   3.0720489648021687e-01
   2.7112896467375758e-01
   2.3924729643747880e-01
   2.1114173697916130e-01
   1.8642020913993937e-01
   1.6472181216877432e-01
   1.4571886156755381e-01
   1.2911697099807778e-01
   1.1465394186022662e-01
   1.0209798192629339e-01
   9.1245600846131425e-02
   8.1919409369076157e-02
   7.3965966253573490e-02
   6.7253760999524778e-02
   6.1671383603882517e-02
   5.7125908657712263e-02
   5.1682664975614225e-02
   4.5283320219289699e-02
   3.9675500307780331e-02
   3.4761562021022367e-02
   3.0455820189743899e-02
   2.6683111588835098e-02
   2.3377521874872253e-02
   2.0481260227437213e-02
   1.7943666667342303e-02
   1.5720337816775211e-02
   1.3772357909212307e-02
   1.2065623005911626e-02
   1.0570247540968783e-02
   9.2600434445106097e-03
   8.1120631533632831e-03
   7.1061987953525930e-03
   6.2248307217117032e-03
   5.4525193621871113e-03
   4.7757350930933617e-03
   4.1826214453991994e-03
   3.6627875444406621e-03
   3.2071261718128186e-03
   2.8076542800299529e-03
   2.4573731779585629e-03
   2.1501459456546540e-03
   1.8805899364044219e-03
   1.6439824862865980e-03
   1.4361781817555019e-03
   1.2535362374243746e-03
   1.0928567128115027e-03
   9.5132445130271409e-04
   8.2645975963062022e-04
   7.1607496409973248e-04
   6.1823608263668101e-04
   5.3122894130020045e-04
   4.5352914170324261e-04
   3.8377535323479660e-04
   3.2074546219775256e-04
   2.6333516001796379e-04
   2.1053859540273997e-04
   1.7393179518437662e-04
   1.5276316634825577e-04
   1.3417419770189655e-04
   1.1785098360021070e-04
   1.0351787942661708e-04
   9.0932846877329890e-05
   7.9883366743414535e-05
   7.0182850171375194e-05
   6.1667487800600427e-05
   5.4193483570219187e-05
   4.7634626483668394e-05
   4.1880159326226127e-05
   3.6832908345294390e-05
   3.2407642309993506e-05
   2.8529633240075093e-05
   2.5133394499676617e-05
   2.2161574946538292e-05
   1.9563990462556463e-05
   1.7296776511458688e-05
   1.5321647413128995e-05
   1.3605249826199286e-05
   1.2118599521385603e-05
   1.0836591934550605e-05
   9.7375782343667316e-06
   8.8029997457774607e-06
   8.0170745558886841e-06
   7.3665310101093843e-06
   6.8403835981805423e-06
   6.4297474455550654e-06
   6.1276882775070055e-06
   5.9291053223644657e-06
   5.8306451764924269e-06
   5.8306451764924278e-06
   5.9291053223644657e-06
   6.1276882775070063e-06
   6.4297474455550671e-06
   6.8403835981805440e-06
   7.3665310101093868e-06
   8.0170745558886875e-06
   8.8029997457774624e-06
   9.7375782343667350e-06
   1.0836591934550608e-05
   1.2118599521385605e-05
   1.3605249826199288e-05
   1.5321647413128995e-05
   1.7296776511458688e-05
   1.9563990462556466e-05
   2.2161574946538292e-05
   2.5133394499676610e-05
   2.8529633240075086e-05
   3.2407642309993499e-05
   3.6832908345294376e-05
   4.1880159326226127e-05
   4.7634626483668387e-05
   5.4193483570219181e-05
   6.1667487800600414e-05
   7.0182850171375194e-05
   7.9883366743414521e-05
   9.0932846877329890e-05
   1.0351787942661708e-04
   1.1785098360021070e-04
   1.3417419770189655e-04
   1.5276316634825577e-04
   1.7393179518437660e-04
