   2.0213248045609455e-01
   2.1002294481747583e-01
   2.1884839319366339e-01
   2.2863214737745371e-01
   2.3939775394073162e-01
   2.5116819329830009e-01
   2.6396491332880750e-01
   2.7780665941028454e-01
   2.9270807174736557e-01
   3.0867802152430796e-01
   3.2571766053743151e-01
   3.4381816558965578e-01
   3.6295817033484340e-01
   3.8310089488141635e-01
   4.0419100880504882e-01
   4.2615129762916015e-01
   4.4887924716223931e-01
   4.7224371418622618e-01
   4.9608191406713420e-01
   5.2019702168756465e-01
   5.4435674431312242e-01
   5.6829327262752394e-01
   5.9170503479290237e-01
   6.1426065138113561e-01
   6.3560540016952716e-01
   6.5537033749015006e-01
   6.7318398535756430e-01
   6.8868619443330392e-01
   7.0154346398098966e-01
   7.1146469096596310e-01
   7.1821609199476377e-01
   7.2163395290917176e-01
   7.2163395290917198e-01
   7.1821609199476466e-01
   7.1146469096596454e-01
   7.0154346398099166e-01
   6.8868619443330636e-01
   6.7318398535756729e-01
   6.5537033749015328e-01
   6.3560540016953082e-01
   6.1426065138113950e-01
   5.9170503479290637e-01
   5.6829327262752793e-01
   5.4435674431312642e-01
   5.2019702168756865e-01
   4.9608191406713809e-01
   4.7224371418623001e-01
   4.4887924716224292e-01
   4.2615129762916354e-01
   4.0419100880505204e-01
   3.8310089488141935e-01
   3.6295817033484618e-01
   3.4381816558965833e-01
   3.2571766053743390e-01
   3.0867802152431006e-01
   2.9270807174736746e-01
   2.7780665941028621e-01
   2.6396491332880900e-01
   2.5116819329830131e-01
   2.3939775394073259e-01
   2.2863214737745446e-01
   2.1884839319366392e-01
   2.1002294481747616e-01
   2.0213248045609467e-01
   1.9153584563814843e-01
   1.7823363272174300e-01
   1.6579865806335001e-01
   1.5418460216938593e-01
   1.4334542030953598e-01
   1.3323588454552412e-01
   1.2381198691747955e-01
   1.1503123002981375e-01
   1.0685282721088465e-01
   9.9237830774730834e-02
   9.2149203718179307e-02
   8.5551847435118997e-02
   7.9412595692550506e-02
   7.3700183149865539e-02
   6.8385195069069094e-02
   6.3440003514721580e-02
   5.8838694236167492e-02
   5.4556987522913394e-02
   5.0572155593031159e-02
   4.6862938484883709e-02
   4.3409459949270403e-02
   4.0193144461127962e-02
   3.7196636169524289e-02
   3.4403720367170015e-02
   3.1799247873945106e-02
   2.9369062583064209e-02
   2.7099932305374965e-02
   2.4979482960301991e-02
   2.2996136095764959e-02
   2.1139049669690557e-02
   1.9398061989019198e-02
   1.7763638675577120e-02
   1.6226822509595416e-02
   1.4779185989212261e-02
   1.3412786436556955e-02
   1.2120123476841610e-02
   1.0894098715369815e-02
   9.7279774377913141e-03
   8.6153521607183203e-03
   7.5501078625241427e-03
   6.7869898172980775e-03
   6.3204521408858315e-03
   5.8874212728353215e-03
   5.4856021731647369e-03
   5.1128651081475589e-03
   4.7672343937873625e-03
   4.4468779491152067e-03
   4.1500976052857913e-03
   3.8753201201880503e-03
   3.6210888518112571e-03
   3.3860560469273983e-03
   3.1689757047739407e-03
   2.9686969783579327e-03
   2.7841580787630175e-03
   2.6143806504356055e-03
   2.4584645878655375e-03
   2.3155832663701698e-03
   2.1849791618488664e-03
   2.0659598364070595e-03
   1.9578942686646317e-03
   1.8602095093714027e-03
   1.7723876446616002e-03
   1.6939630508976979e-03
   1.6245199265898604e-03
   1.5636900883381176e-03
   1.5111510191376536e-03
   1.4666241587202990e-03
   1.4298734268842835e-03
   1.4007039719960937e-03
   1.3789611380392818e-03
   1.3645296447414145e-03
   1.3573329764381091e-03
   1.3573329764381091e-03
   1.3645296447414143e-03
   1.3789611380392818e-03
   1.4007039719960933e-03
   1.4298734268842830e-03
   1.4666241587202983e-03
   1.5111510191376527e-03
   1.5636900883381167e-03
   1.6245199265898594e-03
   1.6939630508976970e-03
   1.7723876446615991e-03
   1.8602095093714012e-03
   1.9578942686646300e-03
   2.0659598364070574e-03
   2.1849791618488647e-03
   2.3155832663701676e-03
   2.4584645878655349e-03
   2.6143806504356033e-03
   2.7841580787630158e-03
   2.9686969783579310e-03
   3.1689757047739381e-03
   3.3860560469273961e-03
   3.6210888518112549e-03
   3.8753201201880486e-03
   4.1500976052857887e-03
   4.4468779491152050e-03
   4.7672343937873599e-03
   5.1128651081475563e-03
   5.4856021731647352e-03
   5.8874212728353206e-03
   6.3204521408858306e-03
   6.7869898172980775e-03
