   2.4293389482192751e-01
   2.4643498664472063e-01
   2.4996853463754112e-01
   2.5352655214948067e-01
   2.5710063246817250e-01
   2.6068195719254195e-01
   2.6426130903740919e-01
   2.6782908941100492e-01
   2.7137534107218519e-01
   2.7488977612864363e-01
   2.7836180958015139e-01
   2.8178059854155640e-01
   2.8513508719902381e-01
   2.8841405746032117e-01
   2.9160618515682662e-01
   2.9470010154285059e-01
   2.9768445971884677e-01
   3.0054800548168586e-01
   3.0327965198043561e-01
   3.0586855743352115e-01
   3.0830420504657535e-01
   3.1057648416380268e-01
   3.1267577159342280e-01
   3.1459301197378964e-01
   3.1631979599486865e-01
   3.1784843526318929e-01
   3.1917203259978399e-01
   3.2028454659174527e-01
   3.2118084927964757e-01
   3.2185677595485512e-01
   3.2230916616118893e-01
   3.2253589514192538e-01
   3.2253589514192538e-01
   3.2230916616118882e-01
   3.2185677595485501e-01
   3.2118084927964741e-01
   3.2028454659174510e-01
   3.1917203259978377e-01
   3.1784843526318907e-01
   3.1631979599486837e-01
   3.1459301197378936e-01
   3.1267577159342252e-01
   3.1057648416380235e-01
   3.0830420504657496e-01
   3.0586855743352082e-01
   3.0327965198043527e-01
   3.0054800548168553e-01
   2.9768445971884644e-01
   2.9470010154285031e-01
   2.9160618515682635e-01
   2.8841405746032089e-01
   2.8513508719902353e-01
   2.8178059854155618e-01
   2.7836180958015116e-01
   2.7488977612864346e-01
   2.7137534107218503e-01
   2.6782908941100475e-01
   2.6426130903740908e-01
   2.6068195719254184e-01
   2.5710063246817244e-01
   2.5352655214948061e-01
   2.4996853463754110e-01
   2.4643498664472060e-01
   2.4293389482192751e-01
   2.3767793775274493e-01
   2.3067972682741261e-01
   2.2374771792874823e-01
   2.1689401819375642e-01
   2.1012932941739507e-01
   2.0346301537259595e-01
   1.9690317464517251e-01
   1.9045671712184342e-01
   1.8412944251016636e-01
   1.7792611950334911e-01
   1.7185056442523081e-01
   1.6590571839738696e-01
   1.6009372225886775e-01
   1.5441598863824504e-01
   1.4887327072704115e-01
   1.4346572743357677e-01
   1.3819298470765171e-01
   1.3305419292047141e-01
   1.2804808026229331e-01
   1.2317300218394657e-01
   1.1842698695928194e-01
   1.1380777748530996e-01
   1.0931286946679973e-01
   1.0493954615385048e-01
   1.0068490981571417e-01
   9.6545910143110120e-02
   9.2519369775480004e-02
   8.8602007149997594e-02
   8.4790456866472352e-02
   8.1081287757253859e-02
   7.7471018844433817e-02
   7.3956133358547421e-02
   7.0533090983997557e-02
   6.7198338486899184e-02
   6.3948318871237531e-02
   6.0779479199367339e-02
   5.7688277203120607e-02
   5.4671186802269289e-02
   5.1724702637902312e-02
   4.8845343719496524e-02
   4.6746426326966545e-02
   4.5423191128256428e-02
   4.4157307256940517e-02
   4.2947272932845074e-02
   4.1791644979169339e-02
   4.0689038315516603e-02
   3.9638125390032614e-02
   3.8637635563199060e-02
   3.7686354454490541e-02
   3.6783123261894243e-02
   3.5926838063200808e-02
   3.5116449106992499e-02
   3.4350960100371156e-02
   3.3629427499674236e-02
   3.2950959809714721e-02
   3.2314716896441657e-02
   3.1719909317345918e-02
   3.1165797673424221e-02
   3.0651691986056509e-02
   3.0176951101743735e-02
   2.9740982127288314e-02
   2.9343239897674480e-02
   2.8983226478615929e-02
   2.8660490705479647e-02
   2.8374627760064181e-02
   2.8125278786504740e-02
   2.7912130547393131e-02
   2.7734915121035094e-02
   2.7593409640618443e-02
   2.7487436075930200e-02
   2.7416861058137301e-02
   2.7381595748031354e-02
   2.7381595748031354e-02
   2.7416861058137301e-02
   2.7487436075930200e-02
   2.7593409640618440e-02
   2.7734915121035094e-02
   2.7912130547393131e-02
   2.8125278786504736e-02
   2.8374627760064178e-02
   2.8660490705479651e-02
   2.8983226478615932e-02
   2.9343239897674477e-02
   2.9740982127288311e-02
   3.0176951101743735e-02
   3.0651691986056509e-02
   3.1165797673424221e-02
   3.1719909317345918e-02
   3.2314716896441650e-02
   3.2950959809714728e-02
   3.3629427499674236e-02
   3.4350960100371156e-02
   3.5116449106992499e-02
   3.5926838063200801e-02
   3.6783123261894236e-02
   3.7686354454490534e-02
   3.8637635563199060e-02
   3.9638125390032614e-02
   4.0689038315516596e-02
   4.1791644979169346e-02
   4.2947272932845074e-02
   4.4157307256940510e-02
   4.5423191128256435e-02
   4.6746426326966545e-02
