   2.5690081070033677e-01
   2.6123572163064235e-01
   2.6565908032199936e-01
   2.7016044918844534e-01
   2.7472858932188737e-01
   2.7935144776234805e-01
   2.8401615209376285e-01
   2.8870901345775785e-01
   2.9341553907888374e-01
   2.9812045536779896e-01
   3.0280774260926041e-01
   3.0746068214522304e-01
   3.1206191682624895e-01
   3.1659352532415785e-01
   3.2103711067411644e-01
   3.2537390314557857e-01
   3.2958487723107066e-01
   3.3365088219451211e-01
   3.3755278524377985e-01
   3.4127162599534766e-01
   3.4478878049428308e-01
   3.4808613265509619e-01
   3.5114625061404564e-01
   3.5395256514872847e-01
   3.5648954704355240e-01
   3.5874288007668587e-01
   3.6069962619018903e-01
   3.6234837939223541e-01
   3.6367940503677026e-01
   3.6468476133503652e-01
   3.6535840027329014e-01
   3.6569624553432528e-01
   3.6569624553432528e-01
   3.6535840027329014e-01
   3.6468476133503652e-01
   3.6367940503677026e-01
   3.6234837939223541e-01
   3.6069962619018897e-01
   3.5874288007668598e-01
   3.5648954704355246e-01
   3.5395256514872847e-01
   3.5114625061404564e-01
   3.4808613265509625e-01
   3.4478878049428308e-01
   3.4127162599534772e-01
   3.3755278524377991e-01
   3.3365088219451211e-01
   3.2958487723107066e-01
   3.2537390314557857e-01
   3.2103711067411644e-01
   3.1659352532415780e-01
   3.1206191682624901e-01
   3.0746068214522304e-01
   3.0280774260926041e-01
   2.9812045536779896e-01
   2.9341553907888379e-01
   2.8870901345775785e-01
   2.8401615209376291e-01
   2.7935144776234810e-01
   2.7472858932188737e-01
   2.7016044918844540e-01
   2.6565908032199936e-01
   2.6123572163064235e-01
   2.5690081070033682e-01
   2.5046682963330713e-01
   2.4195126341836767e-01
   2.3356764644562367e-01
   2.2533002933871554e-01
   2.1725029883525851e-01
   2.0933833098137092e-01
   2.0160214707226667e-01
   1.9404806925267229e-01
   1.8668087327718469e-01
   1.7950393646281368e-01
   1.7251937933857386e-01
   1.6572819990851295e-01
   1.5913039979615959e-01
   1.5272510183317678e-01
   1.4651065889743922e-01
   1.4048475400098145e-01
   1.3464449178178989e-01
   1.2898648167074087e-01
   1.2350691309143015e-01
   1.1820162311114046e-01
   1.1306615700025946e-01
   1.0809582217911270e-01
   1.0328573603892768e-01
   9.8630868120538812e-02
   9.4126077123052820e-02
   8.9766143197183415e-02
   8.5545795956119400e-02
   8.1459738612065791e-02
   7.7502668620164736e-02
   7.3669295184282627e-02
   6.9954353951862530e-02
   6.6352619198226284e-02
   6.2858913774773414e-02
   5.9468117070746104e-02
   5.6175171214804344e-02
   5.2975085720699110e-02
   4.9862940760902662e-02
   4.6833889233169293e-02
   4.3883157767636224e-02
   4.1006046806190050e-02
   3.8912772750267048e-02
   3.7597570866011218e-02
   3.6343534134711544e-02
   3.5148687402959622e-02
   3.4011142590643112e-02
   3.2929096769415203e-02
   3.1900830246556343e-02
   3.0924704666183255e-02
   2.9999161138111685e-02
   2.9122718403228179e-02
   2.8293971042952268e-02
   2.7511587739253426e-02
   2.6774309590710924e-02
   2.6080948489252867e-02
   2.5430385561470103e-02
   2.4821569677758084e-02
   2.4253516031984841e-02
   2.3725304793905250e-02
   2.3236079836132312e-02
   2.2785047537127068e-02
   2.2371475661372722e-02
   2.1994692317649705e-02
   2.1654084996120329e-02
   2.1349099684760110e-02
   2.1079240065532419e-02
   2.0844066790590320e-02
   2.0643196838700580e-02
   2.0476302952015888e-02
   2.0343113153270510e-02
   2.0243410343437920e-02
   2.0177031979864764e-02
   2.0143869834881242e-02
   2.0143869834881242e-02
   2.0177031979864764e-02
   2.0243410343437920e-02
   2.0343113153270510e-02
   2.0476302952015888e-02
   2.0643196838700580e-02
   2.0844066790590320e-02
   2.1079240065532419e-02
   2.1349099684760113e-02
   2.1654084996120329e-02
   2.1994692317649705e-02
   2.2371475661372722e-02
   2.2785047537127071e-02
   2.3236079836132312e-02
   2.3725304793905250e-02
   2.4253516031984845e-02
   2.4821569677758087e-02
   2.5430385561470103e-02
   2.6080948489252867e-02
   2.6774309590710921e-02
   2.7511587739253423e-02
   2.8293971042952264e-02
   2.9122718403228179e-02
   2.9999161138111685e-02
   3.0924704666183259e-02
   3.1900830246556343e-02
   3.2929096769415196e-02
   3.4011142590643105e-02
   3.5148687402959622e-02
   3.6343534134711544e-02
   3.7597570866011218e-02
   3.8912772750267048e-02
