   2.6705583126643989e-01
   2.7269486198908072e-01
   2.7856415699671139e-01
   2.8465129846410081e-01
   2.9094223491460952e-01
   2.9742116229130283e-01
   3.0407041194213930e-01
   3.1087034903111344e-01
   3.1779928533720092e-01
   3.2483341082264344e-01
   3.3194674871409674e-01
   3.3911113911227264e-01
   3.4629625629163768e-01
   3.5346966483238856e-01
   3.6059691950232819e-01
   3.6764171333823792e-01
   3.7456607763189570e-01
   3.8133063648121301e-01
   3.8789491721179487e-01
   3.9421771631625074e-01
   4.0025751862739078e-01
   4.0597296529146110e-01
   4.1132336381935980e-01
   4.1626923117306208e-01
   4.2077285861850872e-01
   4.2479888508709196e-01
   4.2831486418318016e-01
   4.3129180889609220e-01
   4.3370469764336972e-01
   4.3553292557729067e-01
   4.3676068617332831e-01
   4.3737726998000104e-01
   4.3737726998000109e-01
   4.3676068617332836e-01
   4.3553292557729073e-01
   4.3370469764336989e-01
   4.3129180889609231e-01
   4.2831486418318027e-01
   4.2479888508709218e-01
   4.2077285861850894e-01
   4.1626923117306230e-01
   4.1132336381936013e-01
   4.0597296529146137e-01
   4.0025751862739106e-01
   3.9421771631625108e-01
   3.8789491721179525e-01
   3.8133063648121340e-01
   3.7456607763189603e-01
   3.6764171333823831e-01
   3.6059691950232858e-01
   3.5346966483238901e-01
   3.4629625629163807e-01
   3.3911113911227303e-01
   3.3194674871409713e-01
   3.2483341082264383e-01
   3.1779928533720131e-01
   3.1087034903111371e-01
   3.0407041194213968e-01
   2.9742116229130311e-01
   2.9094223491460980e-01
   2.8465129846410103e-01
   2.7856415699671155e-01
   2.7269486198908083e-01
   2.6705583126643989e-01
   2.5885868701670012e-01
   2.4812711847507762e-01
   2.3767642999682920e-01
   2.2751892497262061e-01
   2.1766357526908944e-01
   2.0811639221111913e-01
   1.9888077882002617e-01
   1.8995785985440267e-01
   1.8134678753336816e-01
   1.7304502189943188e-01
   1.6504858562575023e-01
   1.5735229371926732e-01
   1.4994995904676131e-01
   1.4283457494379395e-01
   1.3599847638339752e-01
   1.2943348130561386e-01
   1.2313101376122031e-01
   1.1708221052055216e-01
   1.1127801275574006e-01
   1.0570924433375102e-01
   1.0036667816782283e-01
   9.5241091973655337e-02
   9.0323314669803825e-02
   8.5604264553415549e-02
   8.1074980275920958e-02
   7.6726645540758323e-02
   7.2550608348170606e-02
   6.8538395521491463e-02
   6.4681723165624996e-02
   6.0972503631790166e-02
   5.7402849492979427e-02
   5.3965074971740926e-02
   5.0651695205490128e-02
   4.7455423684180542e-02
   4.4369168150361876e-02
   4.1386025211965743e-02
   3.8499273883120341e-02
   3.5702368237461105e-02
   3.2988929331347366e-02
   3.0352736530720254e-02
   2.8440677266276942e-02
   2.7245917240225532e-02
   2.6112829621287734e-02
   2.5038880046244424e-02
   2.4021662843210508e-02
   2.3058896339675197e-02
   2.2148418348839651e-02
   2.1288181837712000e-02
   2.0476250779024766e-02
   1.9710796187885491e-02
   1.8990092343124515e-02
   1.8312513192535993e-02
   1.7676528940594124e-02
   1.7080702816744665e-02
   1.6523688022003099e-02
   1.6004224851319509e-02
   1.5521137988981526e-02
   1.5073333974209263e-02
   1.4659798834038793e-02
   1.4279595880584891e-02
   1.3931863669811365e-02
   1.3615814119011974e-02
   1.3330730780310465e-02
   1.3075967267620409e-02
   1.2850945834659356e-02
   1.2655156101784285e-02
   1.2488153929603066e-02
   1.2349560437517122e-02
   1.2239061165561338e-02
   1.2156405378126730e-02
   1.2101405508377608e-02
   1.2073936742406588e-02
   1.2073936742406588e-02
   1.2101405508377608e-02
   1.2156405378126730e-02
   1.2239061165561334e-02
   1.2349560437517122e-02
   1.2488153929603066e-02
   1.2655156101784285e-02
   1.2850945834659356e-02
   1.3075967267620408e-02
   1.3330730780310465e-02
   1.3615814119011974e-02
   1.3931863669811365e-02
   1.4279595880584887e-02
   1.4659798834038791e-02
   1.5073333974209260e-02
   1.5521137988981524e-02
   1.6004224851319509e-02
   1.6523688022003099e-02
   1.7080702816744661e-02
   1.7676528940594120e-02
   1.8312513192535986e-02
   1.8990092343124512e-02
   1.9710796187885491e-02
   2.0476250779024763e-02
   2.1288181837712000e-02
   2.2148418348839651e-02
   2.3058896339675193e-02
   2.4021662843210504e-02
   2.5038880046244421e-02
   2.6112829621287734e-02
   2.7245917240225528e-02
   2.8440677266276939e-02
