   1.8496526306653999e-01
   1.9279921426159730e-01
   2.0165158780167672e-01
   2.1155557128125640e-01
   2.2254612475776905e-01
   2.3465922946848128e-01
   2.4793093394216428e-01
   2.6239615534774208e-01
   2.7808718909157176e-01
   2.9503187596211378e-01
   3.1325137454094348e-01
   3.3275748857817145e-01
   3.5354950648170963e-01
   3.7561052543868745e-01
   3.9890325892126366e-01
   4.2336536671300995e-01
   4.4890440436543039e-01
   4.7539256665421448e-01
   5.0266149780738079e-01
   5.3049755730049608e-01
   5.5863805587441462e-01
   5.8676909696975244e-01
   6.1452575034766188e-01
   6.4149531544807514e-01
   6.6722436513457684e-01
   6.9123006097935746e-01
   7.1301587738521843e-01
   7.3209136875222314e-01
   7.4799500601646007e-01
   7.6031848505637034e-01
   7.6873039443156543e-01
   7.7299685920651606e-01
   7.7299685920651584e-01
   7.6873039443156499e-01
   7.6031848505636968e-01
   7.4799500601645919e-01
   7.3209136875222192e-01
   7.1301587738521710e-01
   6.9123006097935602e-01
   6.6722436513457528e-01
   6.4149531544807348e-01
   6.1452575034766022e-01
   5.8676909696975066e-01
   5.5863805587441284e-01
   5.3049755730049419e-01
   5.0266149780737912e-01
   4.7539256665421276e-01
   4.4890440436542872e-01
   4.2336536671300840e-01
   3.9890325892126216e-01
   3.7561052543868595e-01
   3.5354950648170830e-01
   3.3275748857817022e-01
   3.1325137454094226e-01
   2.9503187596211267e-01
   2.7808718909157082e-01
   2.6239615534774124e-01
   2.4793093394216356e-01
   2.3465922946848064e-01
   2.2254612475776855e-01
   2.1155557128125602e-01
   2.0165158780167644e-01
   1.9279921426159710e-01
   1.8496526306653993e-01
   1.7456844045839942e-01
   1.6160126498967611e-01
   1.4955548584559908e-01
   1.3837363307984202e-01
   1.2800002339321762e-01
   1.1838113826753958e-01
   1.0946587307682594e-01
   1.0120568550948236e-01
   9.3554666385190360e-02
   8.6469551500919853e-02
   7.9909689422702310e-02
   7.3836977068734710e-02
   6.8215772416620968e-02
   6.3012791628220668e-02
   5.8196996242143216e-02
   5.3739474767918072e-02
   4.9613321968216564e-02
   4.5793518286134427e-02
   4.2256811221611915e-02
   3.8981599949954975e-02
   3.5947824077741018e-02
   3.3136857124036724e-02
   3.0531405079117634e-02
   2.8115410213695794e-02
   2.5873960176950910e-02
   2.3793202321771512e-02
   2.1860263122860223e-02
   2.0063172501640945e-02
   1.8390792836397579e-02
   1.6832752412962258e-02
   1.5379383057556439e-02
   1.4021661686715717e-02
   1.2751155507756018e-02
   1.1559970605527419e-02
   1.0440703656133993e-02
   9.3863965150083137e-03
   8.3904934345494179e-03
   7.4468006749507888e-03
   6.5494482804687362e-03
   5.6928538019147988e-03
   5.0807263076503312e-03
   4.7081132766628227e-03
   4.3637414280722703e-03
   4.0455453419617335e-03
   3.7516165380223543e-03
   3.4801920443646834e-03
   3.2296438355926891e-03
   2.9984690775309657e-03
   2.7852811206792306e-03
   2.5888011888365293e-03
   2.4078507134101023e-03
   2.2413442677198412e-03
   2.0882830591471284e-03
   1.9477489402746505e-03
   1.8188989032385259e-03
   1.7009600243822393e-03
   1.5932248289789045e-03
   1.4950470482890934e-03
   1.4058377435597837e-03
   1.3250617737591086e-03
   1.2522345858940423e-03
   1.1869193086856624e-03
   1.1287241321904008e-03
   1.0772999576662569e-03
   1.0323383036002971e-03
   9.9356945534740922e-04
   9.6076084728927212e-04
   9.3371566781541061e-04
   9.1227167876335594e-04
   8.9630024224018271e-04
   8.8570554899073100e-04
   8.8042404368603134e-04
   8.8042404368603134e-04
   8.8570554899073089e-04
   8.9630024224018250e-04
   9.1227167876335561e-04
   9.3371566781541018e-04
   9.6076084728927158e-04
   9.9356945534740857e-04
   1.0323383036002962e-03
   1.0772999576662561e-03
   1.1287241321903997e-03
   1.1869193086856613e-03
   1.2522345858940410e-03
   1.3250617737591071e-03
   1.4058377435597824e-03
   1.4950470482890923e-03
   1.5932248289789030e-03
   1.7009600243822378e-03
   1.8188989032385243e-03
   1.9477489402746487e-03
   2.0882830591471267e-03
   2.2413442677198391e-03
   2.4078507134101005e-03
   2.5888011888365275e-03
   2.7852811206792293e-03
   2.9984690775309640e-03
   3.2296438355926878e-03
   3.4801920443646821e-03
   3.7516165380223534e-03
   4.0455453419617326e-03
   4.3637414280722694e-03
   4.7081132766628219e-03
   5.0807263076503304e-03
