   1.3570132076538743e-01
   1.4287367524543854e-01
   1.5120898019185194e-01
   1.6076793764549316e-01
   1.7161866115957175e-01
   1.8383640446617674e-01
   1.9750309744079375e-01
   2.1270661562196577e-01
   2.2953968993937984e-01
   2.4809834006090545e-01
   2.6847968807708950e-01
   2.9077897997709656e-01
   3.1508561254752643e-01
   3.4147793673076576e-01
   3.7001659150456551e-01
   4.0073612499038608e-01
   4.3363469640378938e-01
   4.6866174361980401e-01
   5.0570367164332364e-01
   5.4456789508135628e-01
   5.8496597773889247e-01
   6.2649716553212342e-01
   6.6863428427194449e-01
   7.1071469633614848e-01
   7.5193962767688938e-01
   7.9138545025727636e-01
   8.2803013245680057e-01
   8.6079676130543847e-01
   8.8861365413532079e-01
   9.1048728686594504e-01
   9.2558067827607571e-01
   9.3328698359778550e-01
   9.3328698359778572e-01
   9.2558067827607671e-01
   9.1048728686594660e-01
   8.8861365413532289e-01
   8.6079676130544081e-01
   8.2803013245680346e-01
   7.9138545025727958e-01
   7.5193962767689260e-01
   7.1071469633615170e-01
   6.6863428427194782e-01
   6.2649716553212664e-01
   5.8496597773889569e-01
   5.4456789508135939e-01
   5.0570367164332664e-01
   4.6866174361980684e-01
   4.3363469640379199e-01
   4.0073612499038858e-01
   3.7001659150456778e-01
   3.4147793673076787e-01
   3.1508561254752837e-01
   2.9077897997709834e-01
   2.6847968807709111e-01
   2.4809834006090689e-01
   2.2953968993938106e-01
   2.1270661562196683e-01
   1.9750309744079469e-01
   1.8383640446617749e-01
   1.7161866115957233e-01
   1.6076793764549360e-01
   1.5120898019185225e-01
   1.4287367524543873e-01
   1.3570132076538749e-01
   1.2649477039891774e-01
   1.1522366163676336e-01
   1.0494208374358026e-01
   9.5566490460732761e-02
   8.7019533623968429e-02
   7.9229820387391167e-02
   7.2131616808040477e-02
   6.5664520457020495e-02
   5.9773118550498335e-02
   5.4406643399271849e-02
   4.9518633433497543e-02
   4.5066605408130372e-02
   4.1011741427519538e-02
   3.7318592982061874e-02
   3.3954803139655050e-02
   3.0890847282538079e-02
   2.8099792251254349e-02
   2.5557073394906663e-02
   2.3240288787277210e-02
   2.1129009718988245e-02
   1.9204606491993473e-02
   1.7450088505794166e-02
   1.5849957621034642e-02
   1.4390073805267283e-02
   1.3057532100090625e-02
   1.1840549992977385e-02
   1.0728364326862756e-02
   9.7111369330307486e-03
   8.7798682259382713e-03
   7.9263180509002284e-03
   7.1429331260350728e-03
   6.4227804678890620e-03
   5.7594862353162928e-03
   5.1471794682653137e-03
   4.5804402370125267e-03
   4.0542517530763461e-03
   3.5639560255915346e-03
   3.1052126764060566e-03
   2.6739605536914854e-03
   2.2663818075521376e-03
   1.9775147896081537e-03
   1.8041688327681510e-03
   1.6462180993680421e-03
   1.5023147911381041e-03
   1.3712309727551204e-03
   1.2518480952099585e-03
   1.1431474522066588e-03
   1.0442014882484586e-03
   9.5416588431131470e-04
   8.7227235362376731e-04
   7.9782208611854102e-04
   7.3017978564674782e-04
   6.6876824909628779e-04
   6.1306344117459974e-04
   5.6259002284125424e-04
   5.1691729524372973e-04
   4.7565552455283770e-04
   4.3845261634269794e-04
   4.0499111114149032e-04
   3.7498547551875538e-04
   3.4817966559608335e-04
   3.2434494219205708e-04
   3.0327791895909802e-04
   2.8479882685767625e-04
   2.6874998015912925e-04
   2.5499443088781569e-04
   2.4341480022116506e-04
   2.3391227687608539e-04
   2.2640577393503029e-04
   2.2083123691695315e-04
   2.1714109718892877e-04
   2.1530386605440042e-04
   2.1530386605440044e-04
   2.1714109718892879e-04
   2.2083123691695323e-04
   2.2640577393503040e-04
   2.3391227687608553e-04
   2.4341480022116522e-04
   2.5499443088781591e-04
   2.6874998015912946e-04
   2.8479882685767652e-04
   3.0327791895909834e-04
   3.2434494219205740e-04
   3.4817966559608368e-04
   3.7498547551875576e-04
   4.0499111114149076e-04
   4.3845261634269843e-04
   4.7565552455283808e-04
   5.1691729524373027e-04
   5.6259002284125479e-04
   6.1306344117460028e-04
   6.6876824909628833e-04
   7.3017978564674847e-04
   7.9782208611854156e-04
   8.7227235362376775e-04
   9.5416588431131513e-04
   1.0442014882484591e-03
   1.1431474522066594e-03
   1.2518480952099589e-03
   1.3712309727551206e-03
   1.5023147911381041e-03
   1.6462180993680421e-03
   1.8041688327681508e-03
   1.9775147896081537e-03
