   1.2569696368215072e-01
   1.0409605580715472e-01
   8.6636431027335203e-02
   7.2629258220159781e-02
   6.1519593587831059e-02
   5.2866056247265654e-02
   4.6324206245683737e-02
   4.1633336400824658e-02
   3.8606356781481464e-02
   3.7122480664752495e-02
   3.7122480664752495e-02
   3.8606356781481464e-02
   4.1633336400824658e-02
   4.6324206245683730e-02
   5.2866056247265654e-02
   6.1519593587831059e-02
   7.2629258220159795e-02
   8.6636431027335203e-02
   1.0409605580715472e-01
   1.2569696368215072e-01
   1.5942853185471573e-01
   2.0676878003526464e-01
   2.6242162921736567e-01
   3.2848370924784465e-01
   4.0731205753545308e-01
   5.0148501872565310e-01
   6.1366878670817138e-01
   7.4631553132049100e-01
   9.0108299039649253e-01
   1.0778394601872534e+00
   1.2731543195373236e+00
   1.4783824295660482e+00
   1.6779740942730919e+00
   1.8494553444726753e+00
   1.9669747408486149e+00
   2.0089828266957772e+00
   1.9669747408486116e+00
   1.8494553444726698e+00
   1.6779740942730845e+00
   1.4783824295660404e+00
   1.2731543195373158e+00
   1.0778394601872461e+00
   9.0108299039648632e-01
   7.4631553132048567e-01
   6.1366878670816671e-01
   5.0148501872564921e-01
   4.0731205753544991e-01
   3.2848370924784198e-01
   2.6242162921736351e-01
   2.0676878003526289e-01
   1.5942853185471437e-01
   1.5942853185471567e-01
   2.0676878003526450e-01
   2.6242162921736545e-01
   3.2848370924784437e-01
   4.0731205753545269e-01
   5.0148501872565265e-01
   6.1366878670817071e-01
   7.4631553132049022e-01
   9.0108299039649165e-01
   1.0778394601872523e+00
   1.2731543195373225e+00
   1.4783824295660468e+00
   1.6779740942730907e+00
   1.8494553444726745e+00
   1.9669747408486145e+00
   2.0089828266957772e+00
   1.9669747408486120e+00
   1.8494553444726707e+00
   1.6779740942730856e+00
   1.4783824295660415e+00
   1.2731543195373169e+00
   1.0778394601872472e+00
   9.0108299039648732e-01
   7.4631553132048645e-01
   6.1366878670816738e-01
   5.0148501872564977e-01
   4.0731205753545030e-01
   3.2848370924784231e-01
   2.6242162921736373e-01
   2.0676878003526303e-01
   1.5942853185471442e-01
   1.2506324143124661e-01
   1.0230421932592308e-01
   8.3725919157557574e-02
   6.8575071381733341e-02
   5.6234702325560229e-02
   4.6200833666778261e-02
   3.8062895556672936e-02
   3.1487469835077685e-02
   2.6204925772336431e-02
   2.1998525112963810e-02
   1.8695617510412460e-02
   1.6160602116008362e-02
   1.4289386608209595e-02
   1.3005127167816651e-02
   1.2255080448037468e-02
   1.2008441484691408e-02
   1.2255080448037449e-02
   1.3005127167816615e-02
   1.4289386608209541e-02
   1.6160602116008286e-02
   1.8695617510412359e-02
   2.1998525112963675e-02
   2.6204925772336265e-02
   3.1487469835077476e-02
   3.8062895556672673e-02
   4.6200833666777935e-02
   5.6234702325559806e-02
   6.8575071381732813e-02
   8.3725919157556936e-02
   1.0230421932592228e-01
   1.2506324143124559e-01
   1.2569696368214966e-01
   1.0409605580715386e-01
   8.6636431027334482e-02
   7.2629258220159171e-02
   6.1519593587830546e-02
   5.2866056247265217e-02
   4.6324206245683348e-02
   4.1633336400824304e-02
   3.8606356781481138e-02
   3.7122480664752183e-02
   3.7122480664752183e-02
   3.8606356781481138e-02
   4.1633336400824304e-02
   4.6324206245683341e-02
   5.2866056247265203e-02
   6.1519593587830546e-02
   7.2629258220159171e-02
   8.6636431027334468e-02
   1.0409605580715385e-01
   1.2569696368214966e-01
