   5.7629216408989070e-01
   5.9239657859271411e-01
   6.0836748162094145e-01
   6.2416393985000973e-01
   6.3974253659101799e-01
   6.5505752553687902e-01
   6.7006102908826215e-01
   6.8470328330311536e-01
   6.9893293067920204e-01
   7.1269736097574654e-01
   7.2594309911867372e-01
   7.3861623793460007e-01
   7.5066291205275593e-01
   7.6202980784314744e-01
   7.7266470277540089e-01
   7.8251702614638152e-01
   7.9153843180273908e-01
   7.9968337234698128e-01
   8.0690966343164849e-01
   8.1317902617946258e-01
   8.1845759557168962e-01
   8.2271638286150328e-01
   8.2593168071443712e-01
   8.2808540085308291e-01
   8.2916533546397531e-01
   8.2916533546397519e-01
   8.2808540085308269e-01
   8.2593168071443701e-01
   8.2271638286150284e-01
   8.1845759557168907e-01
   8.1317902617946214e-01
   8.0690966343164794e-01
   7.9968337234698084e-01
   7.9153843180273853e-01
   7.8251702614638108e-01
   7.7266470277540045e-01
   7.6202980784314689e-01
   7.5066291205275537e-01
   7.3861623793459963e-01
   7.2594309911867316e-01
   7.1269736097574610e-01
   6.9893293067920159e-01
   6.8470328330311492e-01
   6.7006102908826182e-01
   6.5505752553687857e-01
   6.3974253659101754e-01
   6.2416393985000929e-01
   6.0836748162094112e-01
   5.9239657859271366e-01
   5.7629216408989048e-01
   5.6282396230618692e-01
   5.5202258746439203e-01
   5.4117891697958032e-01
   5.3031407219721249e-01
   5.1944800459034368e-01
   5.0859947970367891e-01
   4.9778607169516481e-01
   4.8702416740788429e-01
   4.7632897890261988e-01
   4.6571456339812267e-01
   4.5519384959863246e-01
   4.4477866943341060e-01
   4.3447979428804878e-01
   4.2430697486944796e-01
   4.1426898391323830e-01
   4.0437366101195121e-01
   3.9462795891269414e-01
   3.8503799070291422e-01
   3.7560907737089028e-01
   3.6634579529289396e-01
   3.5725202326080585e-01
   3.4833098872184909e-01
   3.3958531295567257e-01
   3.3101705496310008e-01
   3.2262775388539816e-01
   3.1441846981295152e-01
   3.0638982287789052e-01
   2.9854203055667633e-01
   2.9087494313614848e-01
   2.8338807732033316e-01
   2.7608064797568066e-01
   2.6895159802963292e-01
   2.6199962655181314e-01
   2.5522321505895040e-01
   2.4862065209419559e-01
   2.4219005613899552e-01
   2.3592939692142639e-01
   2.2983651518907053e-01
   2.2390914101736031e-01
   2.1814491072600839e-01
   2.1254138247685794e-01
   2.0709605062638833e-01
   2.0180635890533019e-01
   1.9666971249650805e-01
   1.9168348908024677e-01
   1.8684504891454171e-01
   1.8215174401478915e-01
   1.7760092649527029e-01
   1.7318995613184079e-01
   1.6891620720245201e-01
   1.6477707465925989e-01
   1.6076997968320147e-01
   1.5689237466906619e-01
   1.5314174768628391e-01
   1.4951562645791242e-01
   1.4601158189765043e-01
   1.4262723124213952e-01
   1.3936024081335560e-01
   1.3620832844353856e-01
   1.3316926559286529e-01
   1.3024087918794316e-01
   1.2742105320718644e-01
   1.2470773003723423e-01
   1.2209891162277958e-01
   1.1959266043049328e-01
   1.1718710024615032e-01
   1.1488041682258737e-01
   1.1267085839474107e-01
   1.1055673607672807e-01
   1.0853642415472843e-01
   1.0660836028831844e-01
   1.0477104563186061e-01
   1.0302304488659667e-01
   1.0136298629319580e-01
   9.9789561573683072e-02
   9.8301525830906067e-02
   9.6897697412989356e-02
   9.5576957749569161e-02
   9.4338251165994119e-02
   5.6282396230618681e-01
   5.5202258746439203e-01
   5.4117891697958032e-01
   5.3031407219721249e-01
   5.1944800459034368e-01
   5.0859947970367891e-01
   4.9778607169516481e-01
   4.8702416740788423e-01
   4.7632897890261983e-01
   4.6571456339812267e-01
   4.5519384959863241e-01
   4.4477866943341060e-01
   4.3447979428804873e-01
   4.2430697486944796e-01
   4.1426898391323830e-01
   4.0437366101195121e-01
   3.9462795891269420e-01
   3.8503799070291422e-01
   3.7560907737089028e-01
   3.6634579529289391e-01
   3.5725202326080585e-01
   3.4833098872184903e-01
   3.3958531295567257e-01
   3.3101705496310008e-01
   3.2262775388539811e-01
   3.1441846981295146e-01
   3.0638982287789052e-01
   2.9854203055667633e-01
   2.9087494313614848e-01
   2.8338807732033316e-01
   2.7608064797568060e-01
   2.6895159802963287e-01
   2.6199962655181314e-01
   2.5522321505895035e-01
   2.4862065209419557e-01
   2.4219005613899552e-01
   2.3592939692142642e-01
   2.2983651518907050e-01
   2.2390914101736029e-01
   2.1814491072600836e-01
   2.1254138247685792e-01
   2.0709605062638836e-01
   2.0180635890533019e-01
   1.9666971249650805e-01
   1.9168348908024677e-01
   1.8684504891454168e-01
   1.8215174401478915e-01
   1.7760092649527029e-01
   1.7318995613184079e-01
   1.6891620720245201e-01
   1.6477707465925992e-01
   1.6076997968320147e-01
   1.5689237466906619e-01
   1.5314174768628394e-01
   1.4951562645791242e-01
   1.4601158189765043e-01
   1.4262723124213950e-01
   1.3936024081335560e-01
   1.3620832844353856e-01
   1.3316926559286529e-01
   1.3024087918794316e-01
   1.2742105320718641e-01
   1.2470773003723425e-01
   1.2209891162277958e-01
   1.1959266043049330e-01
   1.1718710024615031e-01
   1.1488041682258737e-01
   1.1267085839474107e-01
   1.1055673607672806e-01
   1.0853642415472842e-01
   1.0660836028831845e-01
   1.0477104563186061e-01
   1.0302304488659667e-01
   1.0136298629319582e-01
   9.9789561573683072e-02
   9.8301525830906067e-02
   9.6897697412989356e-02
   9.5576957749569161e-02
   9.4338251165994119e-02
   5.6282396230618692e-01
   5.5202258746439203e-01
   5.4117891697958032e-01
   5.3031407219721249e-01
   5.1944800459034368e-01
   5.0859947970367902e-01
   4.9778607169516481e-01
   4.8702416740788429e-01
   4.7632897890261988e-01
   4.6571456339812267e-01
   4.5519384959863246e-01
   4.4477866943341055e-01
   4.3447979428804884e-01
   4.2430697486944802e-01
   4.1426898391323835e-01
   4.0437366101195127e-01
   3.9462795891269420e-01
   3.8503799070291422e-01
   3.7560907737089033e-01
   3.6634579529289402e-01
   3.5725202326080585e-01
   3.4833098872184909e-01
   3.3958531295567262e-01
   3.3101705496310013e-01
   3.2262775388539816e-01
   3.1441846981295152e-01
   3.0638982287789052e-01
   2.9854203055667633e-01
   2.9087494313614848e-01
   2.8338807732033316e-01
   2.7608064797568066e-01
   2.6895159802963292e-01
   2.6199962655181314e-01
   2.5522321505895040e-01
   2.4862065209419559e-01
   2.4219005613899552e-01
   2.3592939692142642e-01
   2.2983651518907050e-01
   2.2390914101736031e-01
   2.1814491072600842e-01
   2.1254138247685792e-01
   2.0709605062638836e-01
   2.0180635890533022e-01
   1.9666971249650805e-01
   1.9168348908024679e-01
   1.8684504891454171e-01
   1.8215174401478917e-01
   1.7760092649527029e-01
   1.7318995613184079e-01
   1.6891620720245204e-01
   1.6477707465925992e-01
   1.6076997968320147e-01
   1.5689237466906619e-01
   1.5314174768628394e-01
   1.4951562645791242e-01
   1.4601158189765043e-01
   1.4262723124213952e-01
   1.3936024081335560e-01
   1.3620832844353856e-01
   1.3316926559286529e-01
   1.3024087918794316e-01
   1.2742105320718641e-01
   1.2470773003723423e-01
   1.2209891162277957e-01
   1.1959266043049330e-01
   1.1718710024615031e-01
   1.1488041682258736e-01
   1.1267085839474107e-01
   1.1055673607672806e-01
   1.0853642415472842e-01
   1.0660836028831844e-01
   1.0477104563186061e-01
   1.0302304488659665e-01
   1.0136298629319582e-01
   9.9789561573683072e-02
   9.8301525830906067e-02
   9.6897697412989356e-02
   9.5576957749569161e-02
   9.4338251165994119e-02
   9.2886080775270399e-02
   9.1220217709114856e-02
   8.9633806092374702e-02
   8.8125546477751629e-02
   8.6694199415579390e-02
   8.5338585100300152e-02
   8.4057583004764083e-02
   8.2850131507147054e-02
   8.1715227514837757e-02
   8.0651926089237297e-02
   7.9659340075038651e-02
   7.8736639737208819e-02
   7.7883052408579262e-02
   7.7097862150657809e-02
   7.6380409430006901e-02
   7.5730090812284850e-02
   7.5146358675817815e-02
   7.4628720946358543e-02
   7.4176740854491302e-02
   7.3790036716959356e-02
   7.3468281743020669e-02
   7.3211203866776792e-02
   7.3018585606268976e-02
   7.2890263949991291e-02
   7.2826130271333472e-02
   7.2826130271333472e-02
   7.2890263949991305e-02
   7.3018585606268976e-02
   7.3211203866776792e-02
   7.3468281743020669e-02
   7.3790036716959370e-02
   7.4176740854491302e-02
   7.4628720946358543e-02
   7.5146358675817815e-02
   7.5730090812284864e-02
   7.6380409430006915e-02
   7.7097862150657809e-02
   7.7883052408579262e-02
   7.8736639737208819e-02
   7.9659340075038651e-02
   8.0651926089237311e-02
   8.1715227514837757e-02
   8.2850131507147054e-02
   8.4057583004764083e-02
   8.5338585100300152e-02
   8.6694199415579390e-02
   8.8125546477751643e-02
   8.9633806092374715e-02
   9.1220217709114856e-02
   9.2886080775270399e-02
