   5.5158889326688942e-01
   5.6314982904531752e-01
   5.7454112433487736e-01
   5.8573552072445723e-01
   5.9670483659934803e-01
   6.0742009007168463e-01
   6.1785163967915491e-01
   6.2796934263137194e-01
   6.3774273003192594e-01
   6.4714119812403215e-01
   6.5613421420666151e-01
   6.6469153545583126e-01
   6.7278343847381372e-01
   6.8038095699039003e-01
   6.8745612476899820e-01
   6.9398222044136582e-01
   6.9993401072159978e-01
   7.0528798824861794e-01
   7.1002260018666841e-01
   7.1411846368768972e-01
   7.1755856439371235e-01
   7.2032843433618177e-01
   7.2241630587182781e-01
   7.2381323867718184e-01
   7.2451321729743079e-01
   7.2451321729743079e-01
   7.2381323867718184e-01
   7.2241630587182781e-01
   7.2032843433618166e-01
   7.1755856439371235e-01
   7.1411846368768961e-01
   7.1002260018666841e-01
   7.0528798824861783e-01
   6.9993401072159978e-01
   6.9398222044136570e-01
   6.8745612476899809e-01
   6.8038095699038992e-01
   6.7278343847381372e-01
   6.6469153545583126e-01
   6.5613421420666140e-01
   6.4714119812403204e-01
   6.3774273003192583e-01
   6.2796934263137183e-01
   6.1785163967915491e-01
   6.0742009007168452e-01
   5.9670483659934803e-01
   5.8573552072445711e-01
   5.7454112433487725e-01
   5.6314982904531741e-01
   5.5158889326688931e-01
   5.4185799770191212e-01
   5.3397954408969672e-01
   5.2599615599370686e-01
   5.1792348027223212e-01
   5.0977669191914821e-01
   5.0157045591630489e-01
   4.9331889517126148e-01
   4.8503556431121858e-01
   4.7673342905749416e-01
   4.6842485086761954e-01
   4.6012157650365060e-01
   4.5183473216500392e-01
   4.4357482181137375e-01
   4.3535172929530025e-01
   4.2717472392396766e-01
   4.1905246907501348e-01
   4.1099303350073801e-01
   4.0300390496836042e-01
   3.9509200590015137e-01
   3.8726371069572096e-01
   3.7952486443883543e-01
   3.7188080271234369e-01
   3.6433637226661747e-01
   3.5689595230894311e-01
   3.4956347620318007e-01
   3.4234245339043440e-01
   3.3523599136223609e-01
   3.2824681753757023e-01
   3.2137730091394712e-01
   3.1462947338040098e-01
   3.0800505059681288e-01
   3.0150545235922194e-01
   2.9513182238480629e-01
   2.8888504746299432e-01
   2.8276577593072971e-01
   2.7677443544030500e-01
   2.7091124999744781e-01
   2.6517625625554941e-01
   2.5956931905913599e-01
   2.5409014623596099e-01
   2.4873830264251806e-01
   2.4351322347240340e-01
   2.3841422684086638e-01
   2.3344052566214332e-01
   2.2859123883883573e-01
   2.2386540178473435e-01
   2.1926197630415908e-01
   2.1477985985213943e-01
   2.1041789420064774e-01
   2.0617487353666769e-01
   2.0204955201817354e-01
   1.9804065081414932e-01
   1.9414686465463232e-01
   1.9036686791644447e-01
   1.8669932026981498e-01
   1.8314287191051970e-01
   1.7969616840148805e-01
   1.7635785514708113e-01
   1.7312658152243734e-01
   1.7000100467943383e-01
   1.6697979304993271e-01
   1.6406162956608586e-01
   1.6124521461656521e-01
   1.5852926875668225e-01
   1.5591253518945958e-01
   1.5339378203383230e-01
   1.5097180439528657e-01
   1.4864542625339419e-01
   1.4641350217987650e-01
   1.4427491890003180e-01
   1.4222859670958851e-01
   1.4027349075830350e-01
   1.3840859221091154e-01
   1.3663292929534701e-01
   1.3494556824750653e-01
   1.3334561416119428e-01
   1.3183221175129786e-01
   1.3040454603767296e-01
   1.2906184295667569e-01
   5.4185799770191212e-01
   5.3397954408969672e-01
   5.2599615599370675e-01
   5.1792348027223212e-01
   5.0977669191914821e-01
   5.0157045591630489e-01
   4.9331889517126143e-01
   4.8503556431121853e-01
   4.7673342905749405e-01
   4.6842485086761948e-01
   4.6012157650365049e-01
   4.5183473216500386e-01
   4.4357482181137364e-01
   4.3535172929530019e-01
   4.2717472392396755e-01
   4.1905246907501337e-01
   4.1099303350073790e-01
   4.0300390496836030e-01
   3.9509200590015131e-01
   3.8726371069572091e-01
   3.7952486443883537e-01
   3.7188080271234358e-01
   3.6433637226661736e-01
   3.5689595230894305e-01
   3.4956347620318001e-01
   3.4234245339043429e-01
   3.3523599136223597e-01
   3.2824681753757012e-01
   3.2137730091394706e-01
   3.1462947338040093e-01
   3.0800505059681282e-01
   3.0150545235922188e-01
   2.9513182238480623e-01
   2.8888504746299420e-01
   2.8276577593072960e-01
   2.7677443544030494e-01
   2.7091124999744776e-01
   2.6517625625554941e-01
   2.5956931905913594e-01
   2.5409014623596093e-01
   2.4873830264251801e-01
   2.4351322347240334e-01
   2.3841422684086633e-01
   2.3344052566214324e-01
   2.2859123883883570e-01
   2.2386540178473430e-01
   2.1926197630415903e-01
   2.1477985985213938e-01
   2.1041789420064769e-01
   2.0617487353666766e-01
   2.0204955201817351e-01
   1.9804065081414929e-01
   1.9414686465463230e-01
   1.9036686791644442e-01
   1.8669932026981495e-01
   1.8314287191051967e-01
   1.7969616840148803e-01
   1.7635785514708111e-01
   1.7312658152243732e-01
   1.7000100467943380e-01
   1.6697979304993271e-01
   1.6406162956608583e-01
   1.6124521461656521e-01
   1.5852926875668225e-01
   1.5591253518945955e-01
   1.5339378203383228e-01
   1.5097180439528654e-01
   1.4864542625339419e-01
   1.4641350217987650e-01
   1.4427491890003180e-01
   1.4222859670958851e-01
   1.4027349075830353e-01
   1.3840859221091154e-01
   1.3663292929534701e-01
   1.3494556824750653e-01
   1.3334561416119428e-01
   1.3183221175129786e-01
   1.3040454603767299e-01
   1.2906184295667572e-01
   5.4185799770191201e-01
   5.3397954408969661e-01
   5.2599615599370675e-01
   5.1792348027223201e-01
   5.0977669191914809e-01
   5.0157045591630478e-01
   4.9331889517126137e-01
   4.8503556431121847e-01
   4.7673342905749394e-01
   4.6842485086761942e-01
   4.6012157650365049e-01
   4.5183473216500375e-01
   4.4357482181137364e-01
   4.3535172929530014e-01
   4.2717472392396749e-01
   4.1905246907501326e-01
   4.1099303350073779e-01
   4.0300390496836025e-01
   3.9509200590015126e-01
   3.8726371069572085e-01
   3.7952486443883532e-01
   3.7188080271234358e-01
   3.6433637226661736e-01
   3.5689595230894300e-01
   3.4956347620317996e-01
   3.4234245339043423e-01
   3.3523599136223592e-01
   3.2824681753757012e-01
   3.2137730091394706e-01
   3.1462947338040087e-01
   3.0800505059681282e-01
   3.0150545235922188e-01
   2.9513182238480618e-01
   2.8888504746299420e-01
   2.8276577593072955e-01
   2.7677443544030489e-01
   2.7091124999744776e-01
   2.6517625625554936e-01
   2.5956931905913588e-01
   2.5409014623596093e-01
   2.4873830264251798e-01
   2.4351322347240331e-01
   2.3841422684086633e-01
   2.3344052566214324e-01
   2.2859123883883564e-01
   2.2386540178473427e-01
   2.1926197630415903e-01
   2.1477985985213938e-01
   2.1041789420064766e-01
   2.0617487353666766e-01
   2.0204955201817348e-01
   1.9804065081414926e-01
   1.9414686465463227e-01
   1.9036686791644439e-01
   1.8669932026981492e-01
   1.8314287191051967e-01
   1.7969616840148800e-01
   1.7635785514708108e-01
   1.7312658152243732e-01
   1.7000100467943377e-01
   1.6697979304993268e-01
   1.6406162956608583e-01
   1.6124521461656519e-01
   1.5852926875668222e-01
   1.5591253518945955e-01
   1.5339378203383228e-01
   1.5097180439528654e-01
   1.4864542625339416e-01
   1.4641350217987650e-01
   1.4427491890003180e-01
   1.4222859670958851e-01
   1.4027349075830350e-01
   1.3840859221091154e-01
   1.3663292929534701e-01
   1.3494556824750653e-01
   1.3334561416119428e-01
   1.3183221175129786e-01
   1.3040454603767299e-01
   1.2906184295667569e-01
   1.2748322137224302e-01
   1.2566879406806603e-01
   1.2393769386816003e-01
   1.2228894430201996e-01
   1.2072160871941200e-01
   1.1923479080222400e-01
   1.1782763501446002e-01
   1.1649932699645633e-01
   1.1524909390894028e-01
   1.1407620473212031e-01
   1.1297997052458848e-01
   1.1195974464643112e-01
   1.1101492295057858e-01
   1.1014494394608156e-01
   1.0934928893667381e-01
   1.0862748213767354e-01
   1.0797909077398121e-01
   1.0740372516165284e-01
   1.0690103877526159e-01
   1.0647072830300680e-01
   1.0611253369128469e-01
   1.0582623818020194e-01
   1.0561166833128573e-01
   1.0546869404842528e-01
   1.0539722859286572e-01
   1.0539722859286572e-01
   1.0546869404842528e-01
   1.0561166833128573e-01
   1.0582623818020194e-01
   1.0611253369128471e-01
   1.0647072830300680e-01
   1.0690103877526158e-01
   1.0740372516165284e-01
   1.0797909077398123e-01
   1.0862748213767354e-01
   1.0934928893667381e-01
   1.1014494394608156e-01
   1.1101492295057858e-01
   1.1195974464643110e-01
   1.1297997052458850e-01
   1.1407620473212031e-01
   1.1524909390894029e-01
   1.1649932699645633e-01
   1.1782763501445999e-01
   1.1923479080222400e-01
   1.2072160871941198e-01
   1.2228894430201995e-01
   1.2393769386816002e-01
   1.2566879406806603e-01
   1.2748322137224302e-01
