   3.5660255534924562e-01
   3.5693784053888206e-01
   3.5726139842688498e-01
   3.5757295419809215e-01
   3.5787224255274586e-01
   3.5815900800963407e-01
   3.5843300520007743e-01
   3.5869399915218281e-01
   3.5894176556479707e-01
   3.5917609107060794e-01
   3.5939677348785781e-01
   3.5960362206015228e-01
   3.5979645768386681e-01
   3.5997511312267627e-01
   3.6013943320875547e-01
   3.6028927503022412e-01
   3.6042450810443616e-01
   3.6054501453674087e-01
   3.6065068916437404e-01
   3.6074143968516564e-01
   3.6081718677078484e-01
   3.6087786416427403e-01
   3.6092341876165768e-01
   3.6095381067744686e-01
   3.6096901329389491e-01
   3.6096901329389491e-01
   3.6095381067744686e-01
   3.6092341876165768e-01
   3.6087786416427398e-01
   3.6081718677078484e-01
   3.6074143968516559e-01
   3.6065068916437398e-01
   3.6054501453674087e-01
   3.6042450810443610e-01
   3.6028927503022412e-01
   3.6013943320875541e-01
   3.5997511312267622e-01
   3.5979645768386681e-01
   3.5960362206015223e-01
   3.5939677348785776e-01
   3.5917609107060788e-01
   3.5894176556479696e-01
   3.5869399915218275e-01
   3.5843300520007731e-01
   3.5815900800963396e-01
   3.5787224255274575e-01
   3.5757295419809204e-01
   3.5726139842688492e-01
   3.5693784053888195e-01
   3.5660255534924551e-01
   3.5631428819935990e-01
   3.5607341276292531e-01
   3.5582166845270874e-01
   3.5555926464266335e-01
   3.5528641911667819e-01
   3.5500335783212345e-01
   3.5471031467610159e-01
   3.5440753121484142e-01
   3.5409525643668111e-01
   3.5377374648909071e-01
   3.5344326441018908e-01
   3.5310407985521386e-01
   3.5275646881840378e-01
   3.5240071335075435e-01
   3.5203710127410548e-01
   3.5166592589201956e-01
   3.5128748569790402e-01
   3.5090208408082796e-01
   3.5051002902947875e-01
   3.5011163283469582e-01
   3.4970721179101327e-01
   3.4929708589763320e-01
   3.4888157855924357e-01
   3.4846101628708276e-01
   3.4803572840064401e-01
   3.4760604673039935e-01
   3.4717230532191140e-01
   3.4673484014168848e-01
   3.4629398878512402e-01
   3.4585009018684870e-01
   3.4540348433380791e-01
   3.4495451198136307e-01
   3.4450351437270038e-01
   3.4405083296181455e-01
   3.4359680914031998e-01
   3.4314178396832612e-01
   3.4268609790959742e-01
   3.4223009057120374e-01
   3.4177410044784928e-01
   3.4131846467105426e-01
   3.4086351876334725e-01
   3.4040959639761031e-01
   3.3995702916170373e-01
   3.3950614632848347e-01
   3.3905727463130841e-01
   3.3861073804511965e-01
   3.3816685757316278e-01
   3.3772595103940684e-01
   3.3728833288670301e-01
   3.3685431398071286e-01
   3.3642420141962254e-01
   3.3599829834964889e-01
   3.3557690378633120e-01
   3.3516031244159239e-01
   3.3474881455654154e-01
   3.3434269573998299e-01
   3.3394223681258395e-01
   3.3354771365664782e-01
   3.3315939707143027e-01
   3.3277755263392839e-01
   3.3240244056506529e-01
   3.3203431560118873e-01
   3.3167342687079332e-01
   3.3132001777637382e-01
   3.3097432588130948e-01
   3.3063658280167818e-01
   3.3030701410289359e-01
   3.2998583920105617e-01
   3.2967327126890700e-01
   3.2936951714627044e-01
   3.2907477725487100e-01
   3.2878924551740879e-01
   3.2851310928077709e-01
   3.2824654924330565e-01
   3.2798973938591430e-01
   3.2774284690706162e-01
   3.2750603216137564e-01
   3.2727944860185326e-01
   3.2706324272552117e-01
   3.5631428819935990e-01
   3.5607341276292531e-01
   3.5582166845270868e-01
   3.5555926464266335e-01
   3.5528641911667813e-01
   3.5500335783212339e-01
   3.5471031467610153e-01
   3.5440753121484136e-01
   3.5409525643668105e-01
   3.5377374648909066e-01
   3.5344326441018903e-01
   3.5310407985521380e-01
   3.5275646881840372e-01
   3.5240071335075424e-01
   3.5203710127410537e-01
   3.5166592589201950e-01
   3.5128748569790397e-01
   3.5090208408082796e-01
   3.5051002902947870e-01
   3.5011163283469571e-01
   3.4970721179101316e-01
   3.4929708589763314e-01
   3.4888157855924351e-01
   3.4846101628708265e-01
   3.4803572840064395e-01
   3.4760604673039924e-01
   3.4717230532191129e-01
   3.4673484014168837e-01
   3.4629398878512391e-01
   3.4585009018684859e-01
   3.4540348433380780e-01
   3.4495451198136295e-01
   3.4450351437270027e-01
   3.4405083296181443e-01
   3.4359680914031987e-01
   3.4314178396832601e-01
   3.4268609790959731e-01
   3.4223009057120363e-01
   3.4177410044784917e-01
   3.4131846467105414e-01
   3.4086351876334714e-01
   3.4040959639761020e-01
   3.3995702916170362e-01
   3.3950614632848336e-01
   3.3905727463130830e-01
   3.3861073804511954e-01
   3.3816685757316273e-01
   3.3772595103940672e-01
   3.3728833288670296e-01
   3.3685431398071275e-01
   3.3642420141962243e-01
   3.3599829834964878e-01
   3.3557690378633115e-01
   3.3516031244159228e-01
   3.3474881455654143e-01
   3.3434269573998288e-01
   3.3394223681258384e-01
   3.3354771365664770e-01
   3.3315939707143022e-01
   3.3277755263392828e-01
   3.3240244056506518e-01
   3.3203431560118862e-01
   3.3167342687079321e-01
   3.3132001777637377e-01
   3.3097432588130937e-01
   3.3063658280167807e-01
   3.3030701410289348e-01
   3.2998583920105606e-01
   3.2967327126890694e-01
   3.2936951714627033e-01
   3.2907477725487089e-01
   3.2878924551740868e-01
   3.2851310928077698e-01
   3.2824654924330554e-01
   3.2798973938591419e-01
   3.2774284690706157e-01
   3.2750603216137558e-01
   3.2727944860185321e-01
   3.2706324272552112e-01
   3.5631428819935984e-01
   3.5607341276292526e-01
   3.5582166845270863e-01
   3.5555926464266330e-01
   3.5528641911667813e-01
   3.5500335783212339e-01
   3.5471031467610153e-01
   3.5440753121484136e-01
   3.5409525643668105e-01
   3.5377374648909066e-01
   3.5344326441018903e-01
   3.5310407985521375e-01
   3.5275646881840367e-01
   3.5240071335075424e-01
   3.5203710127410537e-01
   3.5166592589201950e-01
   3.5128748569790391e-01
   3.5090208408082785e-01
   3.5051002902947864e-01
   3.5011163283469571e-01
   3.4970721179101316e-01
   3.4929708589763309e-01
   3.4888157855924345e-01
   3.4846101628708265e-01
   3.4803572840064390e-01
   3.4760604673039919e-01
   3.4717230532191129e-01
   3.4673484014168832e-01
   3.4629398878512385e-01
   3.4585009018684859e-01
   3.4540348433380780e-01
   3.4495451198136295e-01
   3.4450351437270027e-01
   3.4405083296181443e-01
   3.4359680914031987e-01
   3.4314178396832601e-01
   3.4268609790959731e-01
   3.4223009057120363e-01
   3.4177410044784917e-01
   3.4131846467105409e-01
   3.4086351876334714e-01
   3.4040959639761020e-01
   3.3995702916170356e-01
   3.3950614632848336e-01
   3.3905727463130825e-01
   3.3861073804511954e-01
   3.3816685757316267e-01
   3.3772595103940672e-01
   3.3728833288670290e-01
   3.3685431398071275e-01
   3.3642420141962248e-01
   3.3599829834964878e-01
   3.3557690378633115e-01
   3.3516031244159222e-01
   3.3474881455654143e-01
   3.3434269573998288e-01
   3.3394223681258384e-01
   3.3354771365664770e-01
   3.3315939707143022e-01
   3.3277755263392833e-01
   3.3240244056506518e-01
   3.3203431560118857e-01
   3.3167342687079326e-01
   3.3132001777637371e-01
   3.3097432588130937e-01
   3.3063658280167807e-01
   3.3030701410289348e-01
   3.2998583920105606e-01
   3.2967327126890694e-01
   3.2936951714627039e-01
   3.2907477725487089e-01
   3.2878924551740868e-01
   3.2851310928077698e-01
   3.2824654924330554e-01
   3.2798973938591419e-01
   3.2774284690706157e-01
   3.2750603216137553e-01
   3.2727944860185321e-01
   3.2706324272552112e-01
   3.2680522796201955e-01
   3.2650569595397405e-01
   3.2621716731293765e-01
   3.2593982891132534e-01
   3.2567385988244629e-01
   3.2541943156395570e-01
   3.2517670744500443e-01
   3.2494584311693914e-01
   3.2472698622741369e-01
   3.2452027643777159e-01
   3.2432584538357023e-01
   3.2414381663811836e-01
   3.2397430567890600e-01
   3.2381741985681328e-01
   3.2367325836798772e-01
   3.2354191222828926e-01
   3.2342346425020768e-01
   3.2331798902216435e-01
   3.2322555289011767e-01
   3.2314621394139947e-01
   3.2308002199071617e-01
   3.2302701856825822e-01
   3.2298723690986680e-01
   3.2296070194921844e-01
   3.2294743031199130e-01
   3.2294743031199130e-01
   3.2296070194921844e-01
   3.2298723690986680e-01
   3.2302701856825822e-01
   3.2308002199071623e-01
   3.2314621394139947e-01
   3.2322555289011767e-01
   3.2331798902216435e-01
   3.2342346425020768e-01
   3.2354191222828926e-01
   3.2367325836798772e-01
   3.2381741985681334e-01
   3.2397430567890600e-01
   3.2414381663811836e-01
   3.2432584538357029e-01
   3.2452027643777159e-01
   3.2472698622741369e-01
   3.2494584311693919e-01
   3.2517670744500443e-01
   3.2541943156395575e-01
   3.2567385988244629e-01
   3.2593982891132534e-01
   3.2621716731293771e-01
   3.2650569595397405e-01
   3.2680522796201955e-01
