   5.5791522782432246e-01
   5.9857654090820234e-01
   6.4027146825592685e-01
   6.8296617652772174e-01
   7.2660386341908667e-01
   7.7110176017958509e-01
   8.1634809923266338e-01
   8.6219916448706091e-01
   9.0847657675079074e-01
   9.5496500315462707e-01
   1.0014105147894707e+00
   1.0475198467701290e+00
   1.0929608343469326e+00
   1.1373643011912657e+00
   1.1803276548204142e+00
   1.2214203929979193e+00
   1.2601916392883090e+00
   1.2961797044922914e+00
   1.3289235170305962e+00
   1.3579755891288636e+00
   1.3829160029496053e+00
   1.4033667331932571e+00
   1.4190054947849329e+00
   1.4295782399191899e+00
   1.4349094463073653e+00
   1.4349094463073653e+00
   1.4295782399191899e+00
   1.4190054947849329e+00
   1.4033667331932571e+00
   1.3829160029496055e+00
   1.3579755891288641e+00
   1.3289235170305966e+00
   1.2961797044922916e+00
   1.2601916392883092e+00
   1.2214203929979195e+00
   1.1803276548204145e+00
   1.1373643011912662e+00
   1.0929608343469328e+00
   1.0475198467701294e+00
   1.0014105147894712e+00
   9.5496500315462762e-01
   9.0847657675079119e-01
   8.6219916448706146e-01
   8.1634809923266383e-01
   7.7110176017958554e-01
   7.2660386341908689e-01
   6.8296617652772196e-01
   6.4027146825592696e-01
   5.9857654090820234e-01
   5.5791522782432235e-01
   5.2498051461741058e-01
   4.9975834467002367e-01
   4.7556068297081000e-01
   4.5237342195004726e-01
   4.3017808176570288e-01
   4.0895264636341744e-01
   3.8867229710090501e-01
   3.6931005161380448e-01
   3.5083731608861263e-01
   3.3322435922300908e-01
   3.1644071599668810e-01
   3.0045552902922268e-01
   2.8523783483075471e-01
   2.7075680170686733e-01
   2.5698192549894561e-01
   2.4388318875364678e-01
   2.3143118833968435e-01
   2.1959723598051331e-01
   2.0835343565633410e-01
   1.9767274135304808e-01
   1.8752899820160665e-01
   1.7789696965884549e-01
   1.6875235302926128e-01
   1.6007178531424757e-01
   1.5183284109847134e-01
   1.4401402393946405e-01
   1.3659475251311146e-01
   1.2955534258158355e-01
   1.2287698568845920e-01
   1.1654172534566277e-01
   1.1053243135581668e-01
   1.0483277280941546e-01
   9.9427190206756597e-02
   9.4300867077935377e-02
   8.9439701408755387e-02
   8.4830277124632966e-02
   8.0459835837174920e-02
   7.6316249017932061e-02
   7.2387990729871496e-02
   6.8664111018489515e-02
   6.5134210040442522e-02
   6.1788412987444717e-02
   5.8617345846395816e-02
   5.5612112022767363e-02
   5.2764269842766415e-02
   5.0065810940345457e-02
   4.7509139527423631e-02
   4.5087052539457599e-02
   4.2792720643520438e-02
   4.0619670092117498e-02
   3.8561765402920910e-02
   3.6613192842296013e-02
   3.4768444688802524e-02
   3.3022304251675912e-02
   3.1369831618543342e-02
   2.9806350106228528e-02
   2.8327433388388206e-02
   2.6928893273845997e-02
   2.5606768109803016e-02
   2.4357311784569711e-02
   2.3176983305049782e-02
   2.2062436924886623e-02
   2.1010512799934749e-02
   2.0018228148523325e-02
   1.9082768894822116e-02
   1.8201481774488486e-02
   1.7371866882657426e-02
   1.6591570645226900e-02
   1.5858379195280572e-02
   1.5170212137374513e-02
   1.4525116683289010e-02
   1.3921262143708093e-02
   1.3356934761135249e-02
   1.2830532870182165e-02
   1.2340562372177155e-02
   1.1885632511830280e-02
   1.1464451944462693e-02
   1.1075825083058509e-02
   1.0718648715128601e-02
   5.2498051461741058e-01
   4.9975834467002372e-01
   4.7556068297081000e-01
   4.5237342195004732e-01
   4.3017808176570288e-01
   4.0895264636341749e-01
   3.8867229710090501e-01
   3.6931005161380448e-01
   3.5083731608861263e-01
   3.3322435922300908e-01
   3.1644071599668810e-01
   3.0045552902922268e-01
   2.8523783483075471e-01
   2.7075680170686733e-01
   2.5698192549894561e-01
   2.4388318875364676e-01
   2.3143118833968437e-01
   2.1959723598051328e-01
   2.0835343565633413e-01
   1.9767274135304808e-01
   1.8752899820160665e-01
   1.7789696965884547e-01
   1.6875235302926128e-01
   1.6007178531424757e-01
   1.5183284109847134e-01
   1.4401402393946405e-01
   1.3659475251311146e-01
   1.2955534258158355e-01
   1.2287698568845919e-01
   1.1654172534566277e-01
   1.1053243135581668e-01
   1.0483277280941546e-01
   9.9427190206756597e-02
   9.4300867077935377e-02
   8.9439701408755387e-02
   8.4830277124632966e-02
   8.0459835837174920e-02
   7.6316249017932061e-02
   7.2387990729871496e-02
   6.8664111018489515e-02
   6.5134210040442522e-02
   6.1788412987444717e-02
   5.8617345846395816e-02
   5.5612112022767370e-02
   5.2764269842766415e-02
   5.0065810940345457e-02
   4.7509139527423631e-02
   4.5087052539457599e-02
   4.2792720643520438e-02
   4.0619670092117498e-02
   3.8561765402920910e-02
   3.6613192842296013e-02
   3.4768444688802524e-02
   3.3022304251675912e-02
   3.1369831618543342e-02
   2.9806350106228532e-02
   2.8327433388388203e-02
   2.6928893273845997e-02
   2.5606768109803012e-02
   2.4357311784569711e-02
   2.3176983305049782e-02
   2.2062436924886623e-02
   2.1010512799934749e-02
   2.0018228148523321e-02
   1.9082768894822116e-02
   1.8201481774488486e-02
   1.7371866882657423e-02
   1.6591570645226896e-02
   1.5858379195280568e-02
   1.5170212137374512e-02
   1.4525116683289006e-02
   1.3921262143708089e-02
   1.3356934761135248e-02
   1.2830532870182165e-02
   1.2340562372177151e-02
   1.1885632511830276e-02
   1.1464451944462689e-02
   1.1075825083058507e-02
   1.0718648715128599e-02
   5.2498051461741058e-01
   4.9975834467002361e-01
   4.7556068297081000e-01
   4.5237342195004721e-01
   4.3017808176570271e-01
   4.0895264636341738e-01
   3.8867229710090495e-01
   3.6931005161380442e-01
   3.5083731608861257e-01
   3.3322435922300903e-01
   3.1644071599668805e-01
   3.0045552902922262e-01
   2.8523783483075466e-01
   2.7075680170686728e-01
   2.5698192549894561e-01
   2.4388318875364676e-01
   2.3143118833968432e-01
   2.1959723598051326e-01
   2.0835343565633407e-01
   1.9767274135304808e-01
   1.8752899820160665e-01
   1.7789696965884547e-01
   1.6875235302926125e-01
   1.6007178531424754e-01
   1.5183284109847134e-01
   1.4401402393946403e-01
   1.3659475251311143e-01
   1.2955534258158352e-01
   1.2287698568845916e-01
   1.1654172534566275e-01
   1.1053243135581667e-01
   1.0483277280941544e-01
   9.9427190206756583e-02
   9.4300867077935363e-02
   8.9439701408755373e-02
   8.4830277124632952e-02
   8.0459835837174920e-02
   7.6316249017932047e-02
   7.2387990729871496e-02
   6.8664111018489501e-02
   6.5134210040442522e-02
   6.1788412987444710e-02
   5.8617345846395809e-02
   5.5612112022767363e-02
   5.2764269842766408e-02
   5.0065810940345450e-02
   4.7509139527423624e-02
   4.5087052539457592e-02
   4.2792720643520431e-02
   4.0619670092117491e-02
   3.8561765402920903e-02
   3.6613192842296007e-02
   3.4768444688802518e-02
   3.3022304251675905e-02
   3.1369831618543335e-02
   2.9806350106228525e-02
   2.8327433388388203e-02
   2.6928893273845993e-02
   2.5606768109803005e-02
   2.4357311784569707e-02
   2.3176983305049779e-02
   2.2062436924886623e-02
   2.1010512799934749e-02
   2.0018228148523318e-02
   1.9082768894822112e-02
   1.8201481774488482e-02
   1.7371866882657423e-02
   1.6591570645226896e-02
   1.5858379195280568e-02
   1.5170212137374512e-02
   1.4525116683289005e-02
   1.3921262143708087e-02
   1.3356934761135246e-02
   1.2830532870182161e-02
   1.2340562372177151e-02
   1.1885632511830276e-02
   1.1464451944462691e-02
   1.1075825083058507e-02
   1.0718648715128598e-02
   1.0308788085910753e-02
   9.8454236813933262e-03
   9.4103453498511590e-03
   9.0023033559732384e-03
   8.6201255935294159e-03
   8.2627142255246120e-03
   7.9290425365690868e-03
   7.6181519885954903e-03
   7.3291494716117263e-03
   7.0612047417168387e-03
   6.8135480391263610e-03
   6.5854678794546196e-03
   6.3763090119856444e-03
   6.1854705391323527e-03
   6.0124041917369014e-03
   5.8566127553042581e-03
   5.7176486426874559e-03
   5.5951126091574981e-03
   5.4886526061946137e-03
   5.3979627707315203e-03
   5.3227825469644883e-03
   5.2628959382254349e-03
   5.2181308867788878e-03
   5.1883587797724806e-03
   5.1734940799296929e-03
   5.1734940799296929e-03
   5.1883587797724806e-03
   5.2181308867788869e-03
   5.2628959382254340e-03
   5.3227825469644875e-03
   5.3979627707315186e-03
   5.4886526061946120e-03
   5.5951126091574955e-03
   5.7176486426874533e-03
   5.8566127553042547e-03
   6.0124041917368979e-03
   6.1854705391323492e-03
   6.3763090119856409e-03
   6.5854678794546153e-03
   6.8135480391263567e-03
   7.0612047417168353e-03
   7.3291494716117237e-03
   7.6181519885954877e-03
   7.9290425365690833e-03
   8.2627142255246085e-03
   8.6201255935294142e-03
   9.0023033559732367e-03
   9.4103453498511572e-03
   9.8454236813933244e-03
   1.0308788085910753e-02
