   5.6920791412707783e-01
   5.8371286060228267e-01
   5.9806570973172368e-01
   6.1223025977267787e-01
   6.2616846499539225e-01
   6.3984058571871538e-01
   6.5320537204061613e-01
   6.6622028213211870e-01
   6.7884173530945791e-01
   6.9102539934488583e-01
   7.0272651063314751e-01
   7.1390022491580774e-01
   7.2450199530314408e-01
   7.3448797335292781e-01
   7.4381542800208489e-01
   7.5244317624008006e-01
   7.6033201860354016e-01
   7.6744517190229122e-01
   7.7374869109792488e-01
   7.7921187198313113e-01
   7.8380762628223188e-01
   7.8751282103017251e-01
   7.9030857459681980e-01
   7.9218050250120009e-01
   7.9311890718831202e-01
   7.9311890718831202e-01
   7.9218050250120009e-01
   7.9030857459681980e-01
   7.8751282103017239e-01
   7.8380762628223188e-01
   7.7921187198313113e-01
   7.7374869109792499e-01
   7.6744517190229111e-01
   7.6033201860354005e-01
   7.5244317624007995e-01
   7.4381542800208467e-01
   7.3448797335292770e-01
   7.2450199530314408e-01
   7.1390022491580762e-01
   7.0272651063314739e-01
   6.9102539934488583e-01
   6.7884173530945768e-01
   6.6622028213211859e-01
   6.5320537204061602e-01
   6.3984058571871527e-01
   6.2616846499539214e-01
   6.1223025977267764e-01
   5.9806570973172346e-01
   5.8371286060228256e-01
   5.6920791412707772e-01
   5.5705063742083982e-01
   5.4726901127241689e-01
   5.3741778421474340e-01
   5.2751637189113765e-01
   5.1758329157319649e-01
   5.0763613363837667e-01
   4.9769154222745937e-01
   4.8776520436868209e-01
   4.7787184682475048e-01
   4.6802523990466027e-01
   4.5823820748225635e-01
   4.4852264247566315e-01
   4.3888952706412776e-01
   4.2934895694946751e-01
   4.1991016900639760e-01
   4.1058157170784904e-01
   4.0137077775648355e-01
   3.9228463840063937e-01
   3.8332927896076197e-01
   3.7451013514002679e-01
   3.6583198973954362e-01
   3.5729900944361498e-01
   3.4891478138350496e-01
   3.4068234922869312e-01
   3.3260424859239401e-01
   3.2468254157304788e-01
   3.1691885028547090e-01
   3.0931438926437960e-01
   3.0186999664912118e-01
   2.9458616408175209e-01
   2.8746306527122190e-01
   2.8050058319450100e-01
   2.7369833592119674e-01
   2.6705570106171178e-01
   2.6057183885049118e-01
   2.5424571388556100e-01
   2.4807611555355810e-01
   2.4206167717595911e-01
   2.3620089391740057e-01
   2.3049213950099501e-01
   2.2493368177853357e-01
   2.1952369720555537e-01
   2.1426028427258326e-01
   2.0914147594448085e-01
   2.0416525115998146e-01
   1.9932954544306375e-01
   1.9463226067708023e-01
   1.9007127409146055e-01
   1.8564444650946757e-01
   1.8134962990393924e-01
   1.7718467430625268e-01
   1.7314743411193584e-01
   1.6923577382446586e-01
   1.6544757327686030e-01
   1.6178073236871365e-01
   1.5823317535437920e-01
   1.5480285471606114e-01
   1.5148775465368100e-01
   1.4828589422152494e-01
   1.4519533013987634e-01
   1.4221415930809400e-01
   1.3934052104392219e-01
   1.3657259907221070e-01
   1.3390862328468850e-01
   1.3134687129097564e-01
   1.2888566977962726e-01
   1.2652339570669230e-01
   1.2425847732802579e-01
   1.2208939509042152e-01
   1.2001468239553054e-01
   1.1803292624949141e-01
   1.1614276781022687e-01
   1.1434290284344768e-01
   1.1263208209755073e-01
   1.1100911160679855e-01
   1.0947285293142110e-01
   1.0802222334258189e-01
   1.0665619595950010e-01
   1.0537379984541111e-01
   5.5705063742083982e-01
   5.4726901127241689e-01
   5.3741778421474340e-01
   5.2751637189113765e-01
   5.1758329157319649e-01
   5.0763613363837667e-01
   4.9769154222745937e-01
   4.8776520436868215e-01
   4.7787184682475053e-01
   4.6802523990466027e-01
   4.5823820748225630e-01
   4.4852264247566315e-01
   4.3888952706412770e-01
   4.2934895694946751e-01
   4.1991016900639760e-01
   4.1058157170784898e-01
   4.0137077775648355e-01
   3.9228463840063937e-01
   3.8332927896076202e-01
   3.7451013514002679e-01
   3.6583198973954356e-01
   3.5729900944361503e-01
   3.4891478138350490e-01
   3.4068234922869306e-01
   3.3260424859239401e-01
   3.2468254157304788e-01
   3.1691885028547090e-01
   3.0931438926437960e-01
   3.0186999664912118e-01
   2.9458616408175209e-01
   2.8746306527122190e-01
   2.8050058319450100e-01
   2.7369833592119674e-01
   2.6705570106171184e-01
   2.6057183885049118e-01
   2.5424571388556100e-01
   2.4807611555355810e-01
   2.4206167717595914e-01
   2.3620089391740057e-01
   2.3049213950099501e-01
   2.2493368177853354e-01
   2.1952369720555540e-01
   2.1426028427258326e-01
   2.0914147594448082e-01
   2.0416525115998146e-01
   1.9932954544306375e-01
   1.9463226067708023e-01
   1.9007127409146055e-01
   1.8564444650946757e-01
   1.8134962990393924e-01
   1.7718467430625270e-01
   1.7314743411193584e-01
   1.6923577382446586e-01
   1.6544757327686030e-01
   1.6178073236871365e-01
   1.5823317535437920e-01
   1.5480285471606114e-01
   1.5148775465368100e-01
   1.4828589422152497e-01
   1.4519533013987634e-01
   1.4221415930809400e-01
   1.3934052104392219e-01
   1.3657259907221067e-01
   1.3390862328468850e-01
   1.3134687129097566e-01
   1.2888566977962726e-01
   1.2652339570669233e-01
   1.2425847732802579e-01
   1.2208939509042152e-01
   1.2001468239553054e-01
   1.1803292624949140e-01
   1.1614276781022687e-01
   1.1434290284344768e-01
   1.1263208209755074e-01
   1.1100911160679855e-01
   1.0947285293142109e-01
   1.0802222334258191e-01
   1.0665619595950010e-01
   1.0537379984541111e-01
   5.5705063742083982e-01
   5.4726901127241689e-01
   5.3741778421474329e-01
   5.2751637189113765e-01
   5.1758329157319649e-01
   5.0763613363837667e-01
   4.9769154222745926e-01
   4.8776520436868209e-01
   4.7787184682475048e-01
   4.6802523990466027e-01
   4.5823820748225630e-01
   4.4852264247566315e-01
   4.3888952706412776e-01
   4.2934895694946756e-01
   4.1991016900639755e-01
   4.1058157170784892e-01
   4.0137077775648355e-01
   3.9228463840063937e-01
   3.8332927896076197e-01
   3.7451013514002679e-01
   3.6583198973954362e-01
   3.5729900944361498e-01
   3.4891478138350496e-01
   3.4068234922869312e-01
   3.3260424859239401e-01
   3.2468254157304782e-01
   3.1691885028547090e-01
   3.0931438926437960e-01
   3.0186999664912118e-01
   2.9458616408175209e-01
   2.8746306527122184e-01
   2.8050058319450100e-01
   2.7369833592119674e-01
   2.6705570106171178e-01
   2.6057183885049118e-01
   2.5424571388556094e-01
   2.4807611555355807e-01
   2.4206167717595911e-01
   2.3620089391740057e-01
   2.3049213950099498e-01
   2.2493368177853357e-01
   2.1952369720555540e-01
   2.1426028427258326e-01
   2.0914147594448079e-01
   2.0416525115998146e-01
   1.9932954544306375e-01
   1.9463226067708020e-01
   1.9007127409146052e-01
   1.8564444650946754e-01
   1.8134962990393921e-01
   1.7718467430625268e-01
   1.7314743411193584e-01
   1.6923577382446586e-01
   1.6544757327686030e-01
   1.6178073236871365e-01
   1.5823317535437920e-01
   1.5480285471606114e-01
   1.5148775465368097e-01
   1.4828589422152494e-01
   1.4519533013987632e-01
   1.4221415930809397e-01
   1.3934052104392222e-01
   1.3657259907221067e-01
   1.3390862328468850e-01
   1.3134687129097564e-01
   1.2888566977962726e-01
   1.2652339570669233e-01
   1.2425847732802578e-01
   1.2208939509042152e-01
   1.2001468239553052e-01
   1.1803292624949140e-01
   1.1614276781022687e-01
   1.1434290284344767e-01
   1.1263208209755073e-01
   1.1100911160679855e-01
   1.0947285293142109e-01
   1.0802222334258191e-01
   1.0665619595950009e-01
   1.0537379984541111e-01
   1.0386892821514070e-01
   1.0214146270150724e-01
   1.0049533777299477e-01
   9.8929349803973485e-02
   9.7442348909805701e-02
   9.6033238892345801e-02
   9.4700977155094401e-02
   9.3444574593422564e-02
   9.2263095464815675e-02
   9.1155657243653876e-02
   9.0121430464644242e-02
   8.9159638558647517e-02
   8.8269557684296063e-02
   8.7450516558478492e-02
   8.6701896288467528e-02
   8.6023130208188955e-02
   8.5413703720870288e-02
   8.4873154150064301e-02
   8.4401070600815864e-02
   8.3997093832525321e-02
   8.3660916144860820e-02
   8.3392281277879662e-02
   8.3190984327337000e-02
   8.3056871675985175e-02
   8.2989840941499013e-02
   8.2989840941499013e-02
   8.3056871675985175e-02
   8.3190984327337000e-02
   8.3392281277879662e-02
   8.3660916144860820e-02
   8.3997093832525321e-02
   8.4401070600815864e-02
   8.4873154150064301e-02
   8.5413703720870274e-02
   8.6023130208188955e-02
   8.6701896288467528e-02
   8.7450516558478492e-02
   8.8269557684296049e-02
   8.9159638558647517e-02
   9.0121430464644228e-02
   9.1155657243653876e-02
   9.2263095464815675e-02
   9.3444574593422564e-02
   9.4700977155094387e-02
   9.6033238892345787e-02
   9.7442348909805687e-02
   9.8929349803973485e-02
   1.0049533777299477e-01
   1.0214146270150723e-01
   1.0386892821514070e-01
