   5.4821243033907863e-01
   5.5931499762819126e-01
   5.7024717406523362e-01
   5.8098309568560114e-01
   5.9149608949463561e-01
   6.0175879057059534e-01
   6.1174327495433312e-01
   6.2142120802954293e-01
   6.3076400778575159e-01
   6.3974302202218780e-01
   6.4832971820129004e-01
   6.5649588430448880e-01
   6.6421383868997375e-01
   6.7145664661354965e-01
   6.7819834076128005e-01
   6.8441414286869762e-01
   6.9008068327800731e-01
   6.9517621512332972e-01
   6.9968081974464391e-01
   7.0357659992184685e-01
   7.0684785759688262e-01
   7.0948125291693909e-01
   7.1146594168471233e-01
   7.1279368863867842e-01
   7.1345895439973517e-01
   7.1345895439973517e-01
   7.1279368863867842e-01
   7.1146594168471233e-01
   7.0948125291693909e-01
   7.0684785759688262e-01
   7.0357659992184685e-01
   6.9968081974464391e-01
   6.9517621512332972e-01
   6.9008068327800731e-01
   6.8441414286869751e-01
   6.7819834076128016e-01
   6.7145664661354965e-01
   6.6421383868997386e-01
   6.5649588430448880e-01
   6.4832971820129004e-01
   6.3974302202218780e-01
   6.3076400778575170e-01
   6.2142120802954293e-01
   6.1174327495433312e-01
   6.0175879057059523e-01
   5.9149608949463550e-01
   5.8098309568560114e-01
   5.7024717406523362e-01
   5.5931499762819126e-01
   5.4821243033907863e-01
   5.3886093353331110e-01
   5.3128197448239256e-01
   5.2359441771418436e-01
   5.1581326413809081e-01
   5.0795309935230504e-01
   5.0002805537065576e-01
   4.9205177794309474e-01
   4.8403739929466727e-01
   4.7599751606199825e-01
   4.6794417216866957e-01
   4.5988884635105653e-01
   4.5184244402380991e-01
   4.4381529315867807e-01
   4.3581714384117604e-01
   4.2785717116605093e-01
   4.1994398113391884e-01
   4.1208561921715675e-01
   4.0428958127247455e-01
   3.9656282648991781e-01
   3.8891179208276822e-01
   3.8134240943934794e-01
   3.7386012147560232e-01
   3.6646990094606374e-01
   3.5917626949000020e-01
   3.5198331720887077e-01
   3.4489472259035281e-01
   3.3791377261293326e-01
   3.3104338288315838e-01
   3.2428611767496440e-01
   3.1764420975694346e-01
   3.1111957990884392e-01
   3.0471385604301382e-01
   2.9842839185983272e-01
   2.9226428497843349e-01
   2.8622239449520165e-01
   2.8030335793267502e-01
   2.7450760755058912e-01
   2.6883538599896550e-01
   2.6328676130037304e-01
   2.5786164115485688e-01
   2.5255978656659273e-01
   2.4738082479613421e-01
   2.4232426164624749e-01
   2.3738949309282123e-01
   2.3257581627526561e-01
   2.2788243986321977e-01
   2.2330849381833229e-01
   2.1885303857140900e-01
   2.1451507363638359e-01
   2.1029354568340730e-01
   2.0618735609390684e-01
   2.0219536802076948e-01
   1.9831641297690791e-01
   1.9454929697537116e-01
   1.9089280624392457e-01
   1.8734571253665053e-01
   1.8390677806464067e-01
   1.8057476006728401e-01
   1.7734841504501600e-01
   1.7422650267370163e-01
   1.7120778942009096e-01
   1.6829105187702154e-01
   1.6547507983625967e-01
   1.6275867911607728e-01
   1.6014067415986544e-01
   1.5761991042129045e-01
   1.5519525655071315e-01
   1.5286560639681879e-01
   1.5062988083664847e-01
   1.4848702944648415e-01
   1.4643603202532396e-01
   1.4447589998198923e-01
   1.4260567759623627e-01
   1.4082444316359927e-01
   1.3913131003307225e-01
   1.3752542754614197e-01
   1.3600598188511509e-01
   1.3457219683813715e-01
   1.3322333448778101e-01
   5.3886093353331099e-01
   5.3128197448239234e-01
   5.2359441771418425e-01
   5.1581326413809059e-01
   5.0795309935230493e-01
   5.0002805537065564e-01
   4.9205177794309457e-01
   4.8403739929466716e-01
   4.7599751606199819e-01
   4.6794417216866946e-01
   4.5988884635105648e-01
   4.5184244402380980e-01
   4.4381529315867790e-01
   4.3581714384117592e-01
   4.2785717116605088e-01
   4.1994398113391873e-01
   4.1208561921715670e-01
   4.0428958127247444e-01
   3.9656282648991775e-01
   3.8891179208276810e-01
   3.8134240943934783e-01
   3.7386012147560221e-01
   3.6646990094606363e-01
   3.5917626949000014e-01
   3.5198331720887066e-01
   3.4489472259035275e-01
   3.3791377261293321e-01
   3.3104338288315832e-01
   3.2428611767496435e-01
   3.1764420975694341e-01
   3.1111957990884387e-01
   3.0471385604301376e-01
   2.9842839185983266e-01
   2.9226428497843343e-01
   2.8622239449520159e-01
   2.8030335793267497e-01
   2.7450760755058906e-01
   2.6883538599896545e-01
   2.6328676130037298e-01
   2.5786164115485682e-01
   2.5255978656659273e-01
   2.4738082479613416e-01
   2.4232426164624740e-01
   2.3738949309282117e-01
   2.3257581627526558e-01
   2.2788243986321968e-01
   2.2330849381833226e-01
   2.1885303857140895e-01
   2.1451507363638353e-01
   2.1029354568340727e-01
   2.0618735609390682e-01
   2.0219536802076946e-01
   1.9831641297690786e-01
   1.9454929697537110e-01
   1.9089280624392455e-01
   1.8734571253665050e-01
   1.8390677806464065e-01
   1.8057476006728398e-01
   1.7734841504501597e-01
   1.7422650267370160e-01
   1.7120778942009093e-01
   1.6829105187702154e-01
   1.6547507983625964e-01
   1.6275867911607725e-01
   1.6014067415986544e-01
   1.5761991042129045e-01
   1.5519525655071312e-01
   1.5286560639681879e-01
   1.5062988083664844e-01
   1.4848702944648415e-01
   1.4643603202532393e-01
   1.4447589998198920e-01
   1.4260567759623627e-01
   1.4082444316359927e-01
   1.3913131003307228e-01
   1.3752542754614200e-01
   1.3600598188511509e-01
   1.3457219683813715e-01
   1.3322333448778101e-01
   5.3886093353331099e-01
   5.3128197448239256e-01
   5.2359441771418436e-01
   5.1581326413809070e-01
   5.0795309935230504e-01
   5.0002805537065576e-01
   4.9205177794309468e-01
   4.8403739929466721e-01
   4.7599751606199825e-01
   4.6794417216866951e-01
   4.5988884635105653e-01
   4.5184244402380985e-01
   4.4381529315867807e-01
   4.3581714384117604e-01
   4.2785717116605093e-01
   4.1994398113391884e-01
   4.1208561921715670e-01
   4.0428958127247450e-01
   3.9656282648991775e-01
   3.8891179208276816e-01
   3.8134240943934794e-01
   3.7386012147560232e-01
   3.6646990094606369e-01
   3.5917626949000020e-01
   3.5198331720887072e-01
   3.4489472259035275e-01
   3.3791377261293326e-01
   3.3104338288315838e-01
   3.2428611767496440e-01
   3.1764420975694346e-01
   3.1111957990884392e-01
   3.0471385604301376e-01
   2.9842839185983266e-01
   2.9226428497843343e-01
   2.8622239449520165e-01
   2.8030335793267502e-01
   2.7450760755058906e-01
   2.6883538599896550e-01
   2.6328676130037304e-01
   2.5786164115485688e-01
   2.5255978656659273e-01
   2.4738082479613419e-01
   2.4232426164624746e-01
   2.3738949309282123e-01
   2.3257581627526561e-01
   2.2788243986321974e-01
   2.2330849381833226e-01
   2.1885303857140900e-01
   2.1451507363638356e-01
   2.1029354568340727e-01
   2.0618735609390684e-01
   2.0219536802076948e-01
   1.9831641297690791e-01
   1.9454929697537113e-01
   1.9089280624392457e-01
   1.8734571253665053e-01
   1.8390677806464067e-01
   1.8057476006728401e-01
   1.7734841504501600e-01
   1.7422650267370166e-01
   1.7120778942009096e-01
   1.6829105187702154e-01
   1.6547507983625967e-01
   1.6275867911607725e-01
   1.6014067415986544e-01
   1.5761991042129045e-01
   1.5519525655071315e-01
   1.5286560639681879e-01
   1.5062988083664847e-01
   1.4848702944648415e-01
   1.4643603202532393e-01
   1.4447589998198923e-01
   1.4260567759623627e-01
   1.4082444316359927e-01
   1.3913131003307228e-01
   1.3752542754614200e-01
   1.3600598188511509e-01
   1.3457219683813715e-01
   1.3322333448778101e-01
   1.3163697879865294e-01
   1.2981328194485273e-01
   1.2807299008165951e-01
   1.2641516900436023e-01
   1.2483892185148611e-01
   1.2334338970427546e-01
   1.2192775211986745e-01
   1.2059122760432738e-01
   1.1933307403115619e-01
   1.1815258901051197e-01
   1.1704911021396874e-01
   1.1602201565925623e-01
   1.1507072395906284e-01
   1.1419469453764072e-01
   1.1339342781862602e-01
   1.1266646538717778e-01
   1.1201339012924412e-01
   1.1143382635048299e-01
   1.1092743987709638e-01
   1.1049393814057895e-01
   1.1013307024813485e-01
   1.0984462704027818e-01
   1.0962844113690146e-01
   1.0948438697287219e-01
   1.0941238082399979e-01
   1.0941238082399979e-01
   1.0948438697287219e-01
   1.0962844113690146e-01
   1.0984462704027818e-01
   1.1013307024813485e-01
   1.1049393814057897e-01
   1.1092743987709638e-01
   1.1143382635048299e-01
   1.1201339012924411e-01
   1.1266646538717778e-01
   1.1339342781862602e-01
   1.1419469453764074e-01
   1.1507072395906284e-01
   1.1602201565925624e-01
   1.1704911021396874e-01
   1.1815258901051198e-01
   1.1933307403115619e-01
   1.2059122760432739e-01
   1.2192775211986748e-01
   1.2334338970427547e-01
   1.2483892185148612e-01
   1.2641516900436026e-01
   1.2807299008165954e-01
   1.2981328194485273e-01
   1.3163697879865294e-01
