   5.3344091433887375e-01
   5.4279693322258893e-01
   5.5198473928437297e-01
   5.6098371812877268e-01
   5.6977281186869322e-01
   5.7833061189378565e-01
   5.8663546109092446e-01
   5.9466556509152158e-01
   6.0239911193669415e-01
   6.0981439936117510e-01
   6.1688996870453161e-01
   6.2360474426858414e-01
   6.2993817675817954e-01
   6.3587038927430173e-01
   6.4138232417968322e-01
   6.4645588903330697e-01
   6.5107409969688079e-01
   6.5522121865838279e-01
   6.5888288659918637e-01
   6.6204624525511802e-01
   6.6470004968990548e-01
   6.6683476821226362e-01
   6.6844266832428001e-01
   6.6951788728621009e-01
   6.7005648611718593e-01
   6.7005648611718593e-01
   6.6951788728621009e-01
   6.6844266832428001e-01
   6.6683476821226362e-01
   6.6470004968990537e-01
   6.6204624525511802e-01
   6.5888288659918637e-01
   6.5522121865838279e-01
   6.5107409969688079e-01
   6.4645588903330697e-01
   6.4138232417968322e-01
   6.3587038927430162e-01
   6.2993817675817954e-01
   6.2360474426858414e-01
   6.1688996870453150e-01
   6.0981439936117510e-01
   6.0239911193669415e-01
   5.9466556509152146e-01
   5.8663546109092446e-01
   5.7833061189378554e-01
   5.6977281186869322e-01
   5.6098371812877257e-01
   5.5198473928437297e-01
   5.4279693322258882e-01
   5.3344091433887364e-01
   5.2553924867667234e-01
   5.1910973425292872e-01
   5.1256251495809979e-01
   5.0591002550744313e-01
   4.9916447351508614e-01
   4.9233780355634366e-01
   4.8544166503453329e-01
   4.7848738383047068e-01
   4.7148593767464048e-01
   4.6444793514833654e-01
   4.5738359819091695e-01
   4.5030274796571007e-01
   4.4321479391692276e-01
   4.3612872583396489e-01
   4.2905310872766589e-01
   4.2199608031464486e-01
   4.1496535090127606e-01
   4.0796820545692936e-01
   4.0101150766711752e-01
   3.9410170576048548e-01
   3.8724483990889624e-01
   3.8044655100686470e-01
   3.7371209064495275e-01
   3.6704633210117232e-01
   3.6045378218467566e-01
   3.5393859377680448e-01
   3.4750457892569864e-01
   3.4115522236194490e-01
   3.3489369531400481e-01
   3.2872286951326574e-01
   3.2264533128938300e-01
   3.1666339566703855e-01
   3.1077912038524752e-01
   3.0499431976984820e-01
   2.9931057839876657e-01
   2.9372926450802755e-01
   2.8825154309427869e-01
   2.8287838867678644e-01
   2.7761059768847418e-01
   2.7244880047159553e-01
   2.6739347285910120e-01
   2.6244494732768142e-01
   2.5760342371287120e-01
   2.5286897948052772e-01
   2.4824157955244833e-01
   2.4372108568693221e-01
   2.3930726541772487e-01
   2.3499980055705516e-01
   2.3079829527040951e-01
   2.2670228373231646e-01
   2.2271123737376450e-01
   2.1882457173297715e-01
   2.1504165292214122e-01
   2.1136180372335894e-01
   2.0778430932758768e-01
   2.0430842273066652e-01
   2.0093336980072660e-01
   1.9765835403135898e-01
   1.9448256099488351e-01
   1.9140516250994505e-01
   1.8842532053746694e-01
   1.8554219081873224e-01
   1.8275492626904810e-01
   1.8006268014009161e-01
   1.7746460896364036e-01
   1.7495987528896947e-01
   1.7254765022575214e-01
   1.7022711580384337e-01
   1.6799746716085398e-01
   1.6585791456794904e-01
   1.6380768530382309e-01
   1.6184602538632914e-01
   1.5997220117076294e-01
   1.5818550082333524e-01
   1.5648523567790315e-01
   1.5487074148357957e-01
   1.5334137955039698e-01
   1.5189653779976953e-01
   1.5053563172607784e-01
   5.2553924867667223e-01
   5.1910973425292872e-01
   5.1256251495809968e-01
   5.0591002550744291e-01
   4.9916447351508608e-01
   4.9233780355634349e-01
   4.8544166503453318e-01
   4.7848738383047046e-01
   4.7148593767464037e-01
   4.6444793514833643e-01
   4.5738359819091684e-01
   4.5030274796570985e-01
   4.4321479391692259e-01
   4.3612872583396478e-01
   4.2905310872766572e-01
   4.2199608031464469e-01
   4.1496535090127595e-01
   4.0796820545692919e-01
   4.0101150766711735e-01
   3.9410170576048537e-01
   3.8724483990889613e-01
   3.8044655100686453e-01
   3.7371209064495259e-01
   3.6704633210117221e-01
   3.6045378218467555e-01
   3.5393859377680437e-01
   3.4750457892569853e-01
   3.4115522236194479e-01
   3.3489369531400470e-01
   3.2872286951326557e-01
   3.2264533128938289e-01
   3.1666339566703844e-01
   3.1077912038524741e-01
   3.0499431976984814e-01
   2.9931057839876640e-01
   2.9372926450802744e-01
   2.8825154309427858e-01
   2.8287838867678633e-01
   2.7761059768847407e-01
   2.7244880047159542e-01
   2.6739347285910114e-01
   2.6244494732768137e-01
   2.5760342371287109e-01
   2.5286897948052761e-01
   2.4824157955244824e-01
   2.4372108568693213e-01
   2.3930726541772476e-01
   2.3499980055705505e-01
   2.3079829527040940e-01
   2.2670228373231638e-01
   2.2271123737376444e-01
   2.1882457173297709e-01
   2.1504165292214114e-01
   2.1136180372335886e-01
   2.0778430932758762e-01
   2.0430842273066646e-01
   2.0093336980072654e-01
   1.9765835403135892e-01
   1.9448256099488345e-01
   1.9140516250994499e-01
   1.8842532053746688e-01
   1.8554219081873222e-01
   1.8275492626904805e-01
   1.8006268014009152e-01
   1.7746460896364033e-01
   1.7495987528896942e-01
   1.7254765022575211e-01
   1.7022711580384331e-01
   1.6799746716085392e-01
   1.6585791456794902e-01
   1.6380768530382306e-01
   1.6184602538632908e-01
   1.5997220117076291e-01
   1.5818550082333521e-01
   1.5648523567790312e-01
   1.5487074148357954e-01
   1.5334137955039695e-01
   1.5189653779976953e-01
   1.5053563172607781e-01
   5.2553924867667223e-01
   5.1910973425292861e-01
   5.1256251495809968e-01
   5.0591002550744291e-01
   4.9916447351508603e-01
   4.9233780355634349e-01
   4.8544166503453307e-01
   4.7848738383047046e-01
   4.7148593767464031e-01
   4.6444793514833632e-01
   4.5738359819091684e-01
   4.5030274796570985e-01
   4.4321479391692259e-01
   4.3612872583396478e-01
   4.2905310872766578e-01
   4.2199608031464475e-01
   4.1496535090127590e-01
   4.0796820545692919e-01
   4.0101150766711730e-01
   3.9410170576048531e-01
   3.8724483990889608e-01
   3.8044655100686453e-01
   3.7371209064495259e-01
   3.6704633210117216e-01
   3.6045378218467555e-01
   3.5393859377680431e-01
   3.4750457892569853e-01
   3.4115522236194473e-01
   3.3489369531400470e-01
   3.2872286951326557e-01
   3.2264533128938289e-01
   3.1666339566703838e-01
   3.1077912038524735e-01
   3.0499431976984803e-01
   2.9931057839876640e-01
   2.9372926450802739e-01
   2.8825154309427853e-01
   2.8287838867678633e-01
   2.7761059768847407e-01
   2.7244880047159542e-01
   2.6739347285910109e-01
   2.6244494732768131e-01
   2.5760342371287109e-01
   2.5286897948052761e-01
   2.4824157955244824e-01
   2.4372108568693210e-01
   2.3930726541772476e-01
   2.3499980055705505e-01
   2.3079829527040940e-01
   2.2670228373231635e-01
   2.2271123737376441e-01
   2.1882457173297706e-01
   2.1504165292214111e-01
   2.1136180372335883e-01
   2.0778430932758762e-01
   2.0430842273066643e-01
   2.0093336980072651e-01
   1.9765835403135890e-01
   1.9448256099488342e-01
   1.9140516250994496e-01
   1.8842532053746688e-01
   1.8554219081873216e-01
   1.8275492626904802e-01
   1.8006268014009152e-01
   1.7746460896364030e-01
   1.7495987528896942e-01
   1.7254765022575208e-01
   1.7022711580384328e-01
   1.6799746716085392e-01
   1.6585791456794899e-01
   1.6380768530382303e-01
   1.6184602538632908e-01
   1.5997220117076288e-01
   1.5818550082333518e-01
   1.5648523567790310e-01
   1.5487074148357954e-01
   1.5334137955039695e-01
   1.5189653779976950e-01
   1.5053563172607778e-01
   1.4893310966170747e-01
   1.4708928222077058e-01
   1.4532836581868899e-01
   1.4364960733042428e-01
   1.4205228071133319e-01
   1.4053568791733340e-01
   1.3909915974428094e-01
   1.3774205659247016e-01
   1.3646376916177524e-01
   1.3526371908257701e-01
   1.3414135948725547e-01
   1.3309617552668163e-01
   1.3212768483580711e-01
   1.3123543795212908e-01
   1.3041901869049846e-01
   1.2967804447744249e-01
   1.2901216664788515e-01
   1.2842107070687361e-01
   1.2790447655865098e-01
   1.2746213870515699e-01
   1.2709384641578822e-01
   1.2679942387000429e-01
   1.2657873027412936e-01
   1.2643165995346545e-01
   1.2635814242060478e-01
   1.2635814242060478e-01
   1.2643165995346545e-01
   1.2657873027412936e-01
   1.2679942387000429e-01
   1.2709384641578825e-01
   1.2746213870515699e-01
   1.2790447655865098e-01
   1.2842107070687364e-01
   1.2901216664788515e-01
   1.2967804447744249e-01
   1.3041901869049846e-01
   1.3123543795212908e-01
   1.3212768483580714e-01
   1.3309617552668165e-01
   1.3414135948725550e-01
   1.3526371908257703e-01
   1.3646376916177524e-01
   1.3774205659247019e-01
   1.3909915974428097e-01
   1.4053568791733342e-01
   1.4205228071133322e-01
   1.4364960733042428e-01
   1.4532836581868899e-01
   1.4708928222077061e-01
   1.4893310966170750e-01
