   3.8304434756176164e-01
   3.8407008163672879e-01
   3.8506170312727445e-01
   3.8601818417719674e-01
   3.8693852646705990e-01
   3.8782176299611137e-01
   3.8866695983336985e-01
   3.8947321783212330e-01
   3.9023967430208267e-01
   3.9096550463347773e-01
   3.9164992386744696e-01
   3.9229218820717643e-01
   3.9289159646436816e-01
   3.9344749143578106e-01
   3.9395926120477659e-01
   3.9442634036302054e-01
   3.9484821114774132e-01
   3.9522440449022050e-01
   3.9555450097149164e-01
   3.9583813168155363e-01
   3.9607497897874960e-01
   3.9626477714633712e-01
   3.9640731294366061e-01
   3.9650242604974567e-01
   3.9655000939755181e-01
   3.9655000939755181e-01
   3.9650242604974567e-01
   3.9640731294366061e-01
   3.9626477714633712e-01
   3.9607497897874960e-01
   3.9583813168155363e-01
   3.9555450097149170e-01
   3.9522440449022045e-01
   3.9484821114774132e-01
   3.9442634036302049e-01
   3.9395926120477653e-01
   3.9344749143578106e-01
   3.9289159646436811e-01
   3.9229218820717637e-01
   3.9164992386744690e-01
   3.9096550463347768e-01
   3.9023967430208267e-01
   3.8947321783212324e-01
   3.8866695983336980e-01
   3.8782176299611132e-01
   3.8693852646705984e-01
   3.8601818417719669e-01
   3.8506170312727445e-01
   3.8407008163672873e-01
   3.8304434756176153e-01
   3.8216407752526582e-01
   3.8143054479352029e-01
   3.8066596506616335e-01
   3.7987110211694780e-01
   3.7904674549388512e-01
   3.7819370923036649e-01
   3.7731283053414294e-01
   3.7640496845796295e-01
   3.7547100255563887e-01
   3.7451183152726969e-01
   3.7352837185728938e-01
   3.7252155644893503e-01
   3.7149233325864417e-01
   3.7044166393378913e-01
   3.6937052245704532e-01
   3.6827989380056803e-01
   3.6717077259302033e-01
   3.6604416180235338e-01
   3.6490107143709311e-01
   3.6374251726873219e-01
   3.6256951957766470e-01
   3.6138310192493861e-01
   3.6018428995193219e-01
   3.5897411020988912e-01
   3.5775358902107801e-01
   3.5652375137316822e-01
   3.5528561984824275e-01
   3.5404021358770021e-01
   3.5278854729412762e-01
   3.5153163027106282e-01
   3.5027046550140289e-01
   3.4900604876505698e-01
   3.4773936779629078e-01
   3.4647140148106043e-01
   3.4520311909449453e-01
   3.4393547957854376e-01
   3.4266943085969226e-01
   3.4140590920649844e-01
   3.4014583862661940e-01
   3.3889013030286369e-01
   3.3763968206771483e-01
   3.3639537791567370e-01
   3.3515808755268128e-01
   3.3392866598180138e-01
   3.3270795312427121e-01
   3.3149677347496076e-01
   3.3029593579122318e-01
   3.2910623281406493e-01
   3.2792844102051955e-01
   3.2676332040606781e-01
   3.2561161429591451e-01
   3.2447404918390377e-01
   3.2335133459783255e-01
   3.2224416298990527e-01
   3.2115320965106003e-01
   3.2007913264789117e-01
   3.1902257278088880e-01
   3.1798415356271820e-01
   3.1696448121526777e-01
   3.1596414468420303e-01
   3.1498371566977607e-01
   3.1402374867265731e-01
   3.1308478105357240e-01
   3.1216733310554989e-01
   3.1127190813760797e-01
   3.1039899256873410e-01
   3.0954905603103755e-01
   3.0872255148098604e-01
   3.0791991531766505e-01
   3.0714156750703259e-01
   3.0638791171117202e-01
   3.0565933542158225e-01
   3.0495621009557494e-01
   3.0427889129488661e-01
   3.0362771882564649e-01
   3.0300301687887682e-01
   3.0240509417073902e-01
   3.0183424408177278e-01
   3.0129074479441476e-01
   3.8216407752526588e-01
   3.8143054479352034e-01
   3.8066596506616340e-01
   3.7987110211694786e-01
   3.7904674549388512e-01
   3.7819370923036649e-01
   3.7731283053414300e-01
   3.7640496845796301e-01
   3.7547100255563887e-01
   3.7451183152726975e-01
   3.7352837185728949e-01
   3.7252155644893509e-01
   3.7149233325864423e-01
   3.7044166393378919e-01
   3.6937052245704532e-01
   3.6827989380056808e-01
   3.6717077259302039e-01
   3.6604416180235338e-01
   3.6490107143709322e-01
   3.6374251726873225e-01
   3.6256951957766470e-01
   3.6138310192493867e-01
   3.6018428995193225e-01
   3.5897411020988912e-01
   3.5775358902107807e-01
   3.5652375137316822e-01
   3.5528561984824281e-01
   3.5404021358770033e-01
   3.5278854729412767e-01
   3.5153163027106288e-01
   3.5027046550140289e-01
   3.4900604876505698e-01
   3.4773936779629078e-01
   3.4647140148106048e-01
   3.4520311909449453e-01
   3.4393547957854376e-01
   3.4266943085969231e-01
   3.4140590920649849e-01
   3.4014583862661946e-01
   3.3889013030286375e-01
   3.3763968206771483e-01
   3.3639537791567370e-01
   3.3515808755268128e-01
   3.3392866598180143e-01
   3.3270795312427126e-01
   3.3149677347496076e-01
   3.3029593579122318e-01
   3.2910623281406493e-01
   3.2792844102051955e-01
   3.2676332040606781e-01
   3.2561161429591451e-01
   3.2447404918390377e-01
   3.2335133459783261e-01
   3.2224416298990527e-01
   3.2115320965106003e-01
   3.2007913264789117e-01
   3.1902257278088880e-01
   3.1798415356271814e-01
   3.1696448121526777e-01
   3.1596414468420297e-01
   3.1498371566977607e-01
   3.1402374867265731e-01
   3.1308478105357240e-01
   3.1216733310554989e-01
   3.1127190813760802e-01
   3.1039899256873410e-01
   3.0954905603103755e-01
   3.0872255148098598e-01
   3.0791991531766505e-01
   3.0714156750703259e-01
   3.0638791171117202e-01
   3.0565933542158225e-01
   3.0495621009557494e-01
   3.0427889129488661e-01
   3.0362771882564649e-01
   3.0300301687887682e-01
   3.0240509417073896e-01
   3.0183424408177278e-01
   3.0129074479441476e-01
   3.8216407752526588e-01
   3.8143054479352034e-01
   3.8066596506616335e-01
   3.7987110211694786e-01
   3.7904674549388512e-01
   3.7819370923036649e-01
   3.7731283053414294e-01
   3.7640496845796295e-01
   3.7547100255563887e-01
   3.7451183152726969e-01
   3.7352837185728943e-01
   3.7252155644893503e-01
   3.7149233325864417e-01
   3.7044166393378913e-01
   3.6937052245704532e-01
   3.6827989380056808e-01
   3.6717077259302033e-01
   3.6604416180235338e-01
   3.6490107143709316e-01
   3.6374251726873225e-01
   3.6256951957766470e-01
   3.6138310192493861e-01
   3.6018428995193219e-01
   3.5897411020988912e-01
   3.5775358902107807e-01
   3.5652375137316816e-01
   3.5528561984824275e-01
   3.5404021358770027e-01
   3.5278854729412767e-01
   3.5153163027106282e-01
   3.5027046550140289e-01
   3.4900604876505698e-01
   3.4773936779629078e-01
   3.4647140148106043e-01
   3.4520311909449453e-01
   3.4393547957854376e-01
   3.4266943085969231e-01
   3.4140590920649844e-01
   3.4014583862661946e-01
   3.3889013030286375e-01
   3.3763968206771483e-01
   3.3639537791567370e-01
   3.3515808755268128e-01
   3.3392866598180143e-01
   3.3270795312427121e-01
   3.3149677347496076e-01
   3.3029593579122313e-01
   3.2910623281406487e-01
   3.2792844102051955e-01
   3.2676332040606781e-01
   3.2561161429591451e-01
   3.2447404918390371e-01
   3.2335133459783255e-01
   3.2224416298990527e-01
   3.2115320965106003e-01
   3.2007913264789117e-01
   3.1902257278088880e-01
   3.1798415356271814e-01
   3.1696448121526777e-01
   3.1596414468420297e-01
   3.1498371566977607e-01
   3.1402374867265731e-01
   3.1308478105357240e-01
   3.1216733310554984e-01
   3.1127190813760802e-01
   3.1039899256873410e-01
   3.0954905603103755e-01
   3.0872255148098598e-01
   3.0791991531766510e-01
   3.0714156750703253e-01
   3.0638791171117202e-01
   3.0565933542158225e-01
   3.0495621009557494e-01
   3.0427889129488661e-01
   3.0362771882564649e-01
   3.0300301687887682e-01
   3.0240509417073896e-01
   3.0183424408177278e-01
   3.0129074479441476e-01
   3.0064362106427600e-01
   2.9989351217250382e-01
   2.9917201828692064e-01
   2.9847948435262550e-01
   2.9781623865642770e-01
   2.9718259302472622e-01
   2.9657884301783904e-01
   2.9600526811999550e-01
   2.9546213192424442e-01
   2.9494968231157898e-01
   2.9446815162361573e-01
   2.9401775682821218e-01
   2.9359869967744434e-01
   2.9321116685740800e-01
   2.9285533012934728e-01
   2.9253134646165035e-01
   2.9223935815229463e-01
   2.9197949294135628e-01
   2.9175186411324089e-01
   2.9155657058832424e-01
   2.9139369700373047e-01
   2.9126331378300918e-01
   2.9116547719450908e-01
   2.9110022939827779e-01
   2.9106759848135449e-01
   2.9106759848135449e-01
   2.9110022939827779e-01
   2.9116547719450908e-01
   2.9126331378300918e-01
   2.9139369700373047e-01
   2.9155657058832424e-01
   2.9175186411324089e-01
   2.9197949294135628e-01
   2.9223935815229463e-01
   2.9253134646165035e-01
   2.9285533012934728e-01
   2.9321116685740806e-01
   2.9359869967744434e-01
   2.9401775682821218e-01
   2.9446815162361573e-01
   2.9494968231157898e-01
   2.9546213192424442e-01
   2.9600526811999550e-01
   2.9657884301783910e-01
   2.9718259302472622e-01
   2.9781623865642770e-01
   2.9847948435262550e-01
   2.9917201828692069e-01
   2.9989351217250387e-01
   3.0064362106427600e-01
