   5.8863203900577965e-01
   6.1976336775359653e-01
   6.5125190039300751e-01
   6.8303237856918952e-01
   7.1502636595235258e-01
   7.4714151873843215e-01
   7.7927100996907661e-01
   8.1129315967573234e-01
   8.4307132709332189e-01
   8.7445412345288420e-01
   9.0527600336713421e-01
   9.3535828876545157e-01
   9.6451067097366683e-01
   9.9253322329459737e-01
   1.0192189380443850e+00
   1.0443567785753853e+00
   1.0677352090446499e+00
   1.0891461338604334e+00
   1.1083891467805522e+00
   1.1252759590248085e+00
   1.1396348493567414e+00
   1.1513149598461383e+00
   1.1601902516459299e+00
   1.1661629376632130e+00
   1.1691662245259078e+00
   1.1691662245259078e+00
   1.1661629376632130e+00
   1.1601902516459299e+00
   1.1513149598461383e+00
   1.1396348493567414e+00
   1.1252759590248085e+00
   1.1083891467805522e+00
   1.0891461338604334e+00
   1.0677352090446499e+00
   1.0443567785753853e+00
   1.0192189380443852e+00
   9.9253322329459726e-01
   9.6451067097366694e-01
   9.3535828876545168e-01
   9.0527600336713410e-01
   8.7445412345288431e-01
   8.4307132709332200e-01
   8.1129315967573234e-01
   7.7927100996907661e-01
   7.4714151873843215e-01
   7.1502636595235258e-01
   6.8303237856918964e-01
   6.5125190039300751e-01
   6.1976336775359653e-01
   5.8863203900577954e-01
   5.6309068409683771e-01
   5.4316933976364634e-01
   5.2371044163592806e-01
   5.0473181019396318e-01
   4.8624719997788268e-01
   4.6826668996211018e-01
   4.5079705815135257e-01
   4.3384213732572813e-01
   4.1740314982956306e-01
   4.0147902011134690e-01
   3.8606666439265974e-01
   3.7116125738519434e-01
   3.5675647640202546e-01
   3.4284472353688761e-01
   3.2941732682784547e-01
   3.1646472149286947e-01
   3.0397661243680413e-01
   2.9194211929305591e-01
   2.8034990528871451e-01
   2.6918829121709653e-01
   2.5844535577398120e-01
   2.4810902346904112e-01
   2.3816714126708777e-01
   2.2860754504876468e-01
   2.1941811691046179e-01
   2.1058683425103492e-01
   2.0210181152038167e-01
   1.9395133543354079e-01
   1.8612389438486507e-01
   1.7860820273074432e-01
   1.7139322054686254e-01
   1.6446816940738157e-01
   1.5782254467891824e-01
   1.5144612477176192e-01
   1.4532897774441550e-01
   1.3946146561511000e-01
   1.3383424669527719e-01
   1.2843827622486242e-01
   1.2326480555760096e-01
   1.1830538011573606e-01
   1.1355183630789012e-01
   1.0899629758068420e-01
   1.0463116975400798e-01
   1.0044913577136187e-01
   9.6443149980219536e-02
   9.2606432042703787e-02
   8.8932460563855897e-02
   8.5414966513241014e-02
   8.2047926505424293e-02
   7.8825555995832561e-02
   7.5742302440560974e-02
   7.2792838461679624e-02
   6.9972055053436691e-02
   6.7275054859350980e-02
   6.4697145545453666e-02
   6.2233833290799422e-02
   5.9880816412757117e-02
   5.7633979141445045e-02
   5.5489385554945564e-02
   5.3443273684567458e-02
   5.1492049797380562e-02
   4.9632282861487541e-02
   4.7860699197987404e-02
   4.6174177322296082e-02
   4.4569742976392844e-02
   4.3044564352634679e-02
   4.1595947509003431e-02
   4.0221331975003091e-02
   3.8918286546891910e-02
   3.7684505270500775e-02
   3.6517803609543431e-02
   3.5416114797054060e-02
   3.4377486367384087e-02
   3.3400076866043911e-02
   3.2482152734578960e-02
   3.1622085367616723e-02
   3.0818348339206131e-02
   3.0069514795587879e-02
   2.9374255011579253e-02
   5.6309068409683771e-01
   5.4316933976364634e-01
   5.2371044163592806e-01
   5.0473181019396307e-01
   4.8624719997788274e-01
   4.6826668996211024e-01
   4.5079705815135251e-01
   4.3384213732572813e-01
   4.1740314982956295e-01
   4.0147902011134695e-01
   3.8606666439265974e-01
   3.7116125738519434e-01
   3.5675647640202546e-01
   3.4284472353688766e-01
   3.2941732682784547e-01
   3.1646472149286953e-01
   3.0397661243680407e-01
   2.9194211929305591e-01
   2.8034990528871456e-01
   2.6918829121709653e-01
   2.5844535577398114e-01
   2.4810902346904112e-01
   2.3816714126708774e-01
   2.2860754504876468e-01
   2.1941811691046176e-01
   2.1058683425103494e-01
   2.0210181152038170e-01
   1.9395133543354082e-01
   1.8612389438486507e-01
   1.7860820273074432e-01
   1.7139322054686251e-01
   1.6446816940738157e-01
   1.5782254467891824e-01
   1.5144612477176192e-01
   1.4532897774441550e-01
   1.3946146561511000e-01
   1.3383424669527719e-01
   1.2843827622486242e-01
   1.2326480555760096e-01
   1.1830538011573608e-01
   1.1355183630789012e-01
   1.0899629758068420e-01
   1.0463116975400798e-01
   1.0044913577136189e-01
   9.6443149980219522e-02
   9.2606432042703787e-02
   8.8932460563855897e-02
   8.5414966513241000e-02
   8.2047926505424293e-02
   7.8825555995832561e-02
   7.5742302440560974e-02
   7.2792838461679638e-02
   6.9972055053436677e-02
   6.7275054859350980e-02
   6.4697145545453652e-02
   6.2233833290799428e-02
   5.9880816412757124e-02
   5.7633979141445045e-02
   5.5489385554945571e-02
   5.3443273684567451e-02
   5.1492049797380555e-02
   4.9632282861487548e-02
   4.7860699197987404e-02
   4.6174177322296082e-02
   4.4569742976392844e-02
   4.3044564352634679e-02
   4.1595947509003431e-02
   4.0221331975003084e-02
   3.8918286546891903e-02
   3.7684505270500775e-02
   3.6517803609543431e-02
   3.5416114797054053e-02
   3.4377486367384080e-02
   3.3400076866043911e-02
   3.2482152734578960e-02
   3.1622085367616723e-02
   3.0818348339206127e-02
   3.0069514795587872e-02
   2.9374255011579253e-02
   5.6309068409683771e-01
   5.4316933976364634e-01
   5.2371044163592806e-01
   5.0473181019396318e-01
   4.8624719997788274e-01
   4.6826668996211013e-01
   4.5079705815135251e-01
   4.3384213732572813e-01
   4.1740314982956295e-01
   4.0147902011134695e-01
   3.8606666439265974e-01
   3.7116125738519434e-01
   3.5675647640202546e-01
   3.4284472353688761e-01
   3.2941732682784547e-01
   3.1646472149286953e-01
   3.0397661243680407e-01
   2.9194211929305586e-01
   2.8034990528871456e-01
   2.6918829121709653e-01
   2.5844535577398114e-01
   2.4810902346904110e-01
   2.3816714126708777e-01
   2.2860754504876465e-01
   2.1941811691046176e-01
   2.1058683425103494e-01
   2.0210181152038167e-01
   1.9395133543354079e-01
   1.8612389438486507e-01
   1.7860820273074432e-01
   1.7139322054686251e-01
   1.6446816940738157e-01
   1.5782254467891824e-01
   1.5144612477176189e-01
   1.4532897774441550e-01
   1.3946146561511000e-01
   1.3383424669527719e-01
   1.2843827622486240e-01
   1.2326480555760096e-01
   1.1830538011573605e-01
   1.1355183630789013e-01
   1.0899629758068421e-01
   1.0463116975400796e-01
   1.0044913577136187e-01
   9.6443149980219522e-02
   9.2606432042703787e-02
   8.8932460563855897e-02
   8.5414966513241000e-02
   8.2047926505424293e-02
   7.8825555995832547e-02
   7.5742302440560960e-02
   7.2792838461679624e-02
   6.9972055053436691e-02
   6.7275054859350980e-02
   6.4697145545453652e-02
   6.2233833290799415e-02
   5.9880816412757117e-02
   5.7633979141445045e-02
   5.5489385554945571e-02
   5.3443273684567451e-02
   5.1492049797380555e-02
   4.9632282861487541e-02
   4.7860699197987404e-02
   4.6174177322296082e-02
   4.4569742976392837e-02
   4.3044564352634679e-02
   4.1595947509003424e-02
   4.0221331975003084e-02
   3.8918286546891903e-02
   3.7684505270500775e-02
   3.6517803609543431e-02
   3.5416114797054053e-02
   3.4377486367384087e-02
   3.3400076866043911e-02
   3.2482152734578960e-02
   3.1622085367616723e-02
   3.0818348339206127e-02
   3.0069514795587875e-02
   2.9374255011579253e-02
   2.8567778610817003e-02
   2.7649251130543978e-02
   2.6780576637127136e-02
   2.5960192918825068e-02
   2.5186624252870830e-02
   2.4458478820878943e-02
   2.3774446266197635e-02
   2.3133295389920181e-02
   2.2533871982384469e-02
   2.1975096787114762e-02
   2.1455963594293477e-02
   2.0975537460991421e-02
   2.0532953055531534e-02
   2.0127413123512503e-02
   1.9758187073173665e-02
   1.9424609677941136e-02
   1.9126079894155563e-02
   1.8862059792144812e-02
   1.8632073598968891e-02
   1.8435706851329874e-02
   1.8272605657305631e-02
   1.8142476065733035e-02
   1.8045083542233512e-02
   1.7980252551041354e-02
   1.7947866241962953e-02
   1.7947866241962953e-02
   1.7980252551041354e-02
   1.8045083542233512e-02
   1.8142476065733035e-02
   1.8272605657305631e-02
   1.8435706851329874e-02
   1.8632073598968891e-02
   1.8862059792144812e-02
   1.9126079894155566e-02
   1.9424609677941136e-02
   1.9758187073173665e-02
   2.0127413123512503e-02
   2.0532953055531537e-02
   2.0975537460991421e-02
   2.1455963594293481e-02
   2.1975096787114765e-02
   2.2533871982384469e-02
   2.3133295389920181e-02
   2.3774446266197635e-02
   2.4458478820878947e-02
   2.5186624252870830e-02
   2.5960192918825075e-02
   2.6780576637127136e-02
   2.7649251130543982e-02
   2.8567778610817003e-02
