   4.3927432513659131e-01
   4.4228946032965066e-01
   4.4521734608871849e-01
   4.4805370273875350e-01
   4.5079431451816254e-01
   4.5343504223587539e-01
   4.5597183606352593e-01
   4.5840074839713951e-01
   4.6071794671938032e-01
   4.6291972639055717e-01
   4.6500252329429537e-01
   4.6696292626210473e-01
   4.6879768920005599e-01
   4.7050374284046920e-01
   4.7207820604194445e-01
   4.7351839656225425e-01
   4.7482184123058274e-01
   4.7598628544833921e-01
   4.7700970195128345e-01
   4.7789029876995975e-01
   4.7862652633040820e-01
   4.7921708364276472e-01
   4.7966092353161699e-01
   4.7995725686878832e-01
   4.8010555577649577e-01
   4.8010555577649577e-01
   4.7995725686878826e-01
   4.7966092353161693e-01
   4.7921708364276466e-01
   4.7862652633040820e-01
   4.7789029876995964e-01
   4.7700970195128334e-01
   4.7598628544833910e-01
   4.7482184123058258e-01
   4.7351839656225408e-01
   4.7207820604194434e-01
   4.7050374284046909e-01
   4.6879768920005577e-01
   4.6696292626210456e-01
   4.6500252329429520e-01
   4.6291972639055701e-01
   4.6071794671938016e-01
   4.5840074839713923e-01
   4.5597183606352565e-01
   4.5343504223587516e-01
   4.5079431451816232e-01
   4.4805370273875322e-01
   4.4521734608871821e-01
   4.4228946032965039e-01
   4.3927432513659104e-01
   4.3669862938807724e-01
   4.3456693315702200e-01
   4.3235981393922240e-01
   4.3008027135022170e-01
   4.2773136147803292e-01
   4.2531618904507001e-01
   4.2283789966245039e-01
   4.2029967220813125e-01
   4.1770471135827952e-01
   4.1505624029909693e-01
   4.1235749364403829e-01
   4.0961171057901119e-01
   4.0682212825575276e-01
   4.0399197545115911e-01
   4.0112446650793804e-01
   3.9822279556956414e-01
   3.9529013112017886e-01
   3.9232961083779849e-01
   3.8934433676699487e-01
   3.8633737081511105e-01
   3.8331173057407159e-01
   3.8027038546796554e-01
   3.7721625322481700e-01
   3.7415219666932603e-01
   3.7108102083186439e-01
   3.6800547036764603e-01
   3.6492822727876417e-01
   3.6185190893069741e-01
   3.5877906635392676e-01
   3.5571218282048145e-01
   3.5265367268452880e-01
   3.4960588047554558e-01
   3.4657108023214678e-01
   3.4355147506429323e-01
   3.4054919693135088e-01
   3.3756630662332016e-01
   3.3460479393248965e-01
   3.3166657800278276e-01
   3.2875350784415802e-01
   3.2586736299957836e-01
   3.2300985435228180e-01
   3.2018262506135359e-01
   3.1738725161391185e-01
   3.1462524498257399e-01
   3.1189805187725306e-01
   3.0920705608074689e-01
   3.0655357985801690e-01
   3.0393888542950059e-01
   3.0136417649926733e-01
   2.9883059982929205e-01
   2.9633924685159657e-01
   2.9389115531048088e-01
   2.9148731092753372e-01
   2.8912864908257968e-01
   2.8681605650417036e-01
   2.8455037296367658e-01
   2.8233239296746832e-01
   2.8016286744208785e-01
   2.7804250540772796e-01
   2.7597197563571108e-01
   2.7395190828603860e-01
   2.7198289652143254e-01
   2.7006549809462504e-01
   2.6820023690597267e-01
   2.6638760452876653e-01
   2.6462806169989522e-01
   2.6292203977377626e-01
   2.6126994213772065e-01
   2.5967214558712065e-01
   2.5812900165906238e-01
   2.5664083792316067e-01
   2.5520795922858991e-01
   2.5383064890644996e-01
   2.5250916992675315e-01
   2.5124376600945370e-01
   2.5003466268906055e-01
   2.4888206833248414e-01
   2.4778617510986220e-01
   2.4674715991819404e-01
   4.3669862938807719e-01
   4.3456693315702194e-01
   4.3235981393922235e-01
   4.3008027135022164e-01
   4.2773136147803287e-01
   4.2531618904506985e-01
   4.2283789966245028e-01
   4.2029967220813119e-01
   4.1770471135827947e-01
   4.1505624029909682e-01
   4.1235749364403818e-01
   4.0961171057901108e-01
   4.0682212825575265e-01
   4.0399197545115906e-01
   4.0112446650793793e-01
   3.9822279556956403e-01
   3.9529013112017874e-01
   3.9232961083779838e-01
   3.8934433676699476e-01
   3.8633737081511094e-01
   3.8331173057407147e-01
   3.8027038546796543e-01
   3.7721625322481694e-01
   3.7415219666932592e-01
   3.7108102083186428e-01
   3.6800547036764591e-01
   3.6492822727876406e-01
   3.6185190893069730e-01
   3.5877906635392665e-01
   3.5571218282048139e-01
   3.5265367268452869e-01
   3.4960588047554547e-01
   3.4657108023214672e-01
   3.4355147506429312e-01
   3.4054919693135077e-01
   3.3756630662332010e-01
   3.3460479393248954e-01
   3.3166657800278265e-01
   3.2875350784415791e-01
   3.2586736299957825e-01
   3.2300985435228174e-01
   3.2018262506135348e-01
   3.1738725161391174e-01
   3.1462524498257394e-01
   3.1189805187725295e-01
   3.0920705608074683e-01
   3.0655357985801679e-01
   3.0393888542950054e-01
   3.0136417649926728e-01
   2.9883059982929194e-01
   2.9633924685159652e-01
   2.9389115531048082e-01
   2.9148731092753366e-01
   2.8912864908257963e-01
   2.8681605650417030e-01
   2.8455037296367652e-01
   2.8233239296746826e-01
   2.8016286744208779e-01
   2.7804250540772796e-01
   2.7597197563571102e-01
   2.7395190828603855e-01
   2.7198289652143248e-01
   2.7006549809462499e-01
   2.6820023690597261e-01
   2.6638760452876653e-01
   2.6462806169989522e-01
   2.6292203977377626e-01
   2.6126994213772065e-01
   2.5967214558712060e-01
   2.5812900165906238e-01
   2.5664083792316067e-01
   2.5520795922858991e-01
   2.5383064890644996e-01
   2.5250916992675315e-01
   2.5124376600945370e-01
   2.5003466268906055e-01
   2.4888206833248416e-01
   2.4778617510986217e-01
   2.4674715991819404e-01
   4.3669862938807719e-01
   4.3456693315702205e-01
   4.3235981393922240e-01
   4.3008027135022175e-01
   4.2773136147803292e-01
   4.2531618904506996e-01
   4.2283789966245039e-01
   4.2029967220813125e-01
   4.1770471135827952e-01
   4.1505624029909699e-01
   4.1235749364403823e-01
   4.0961171057901119e-01
   4.0682212825575270e-01
   4.0399197545115906e-01
   4.0112446650793798e-01
   3.9822279556956408e-01
   3.9529013112017886e-01
   3.9232961083779844e-01
   3.8934433676699481e-01
   3.8633737081511094e-01
   3.8331173057407153e-01
   3.8027038546796554e-01
   3.7721625322481700e-01
   3.7415219666932598e-01
   3.7108102083186439e-01
   3.6800547036764597e-01
   3.6492822727876417e-01
   3.6185190893069735e-01
   3.5877906635392670e-01
   3.5571218282048139e-01
   3.5265367268452874e-01
   3.4960588047554553e-01
   3.4657108023214672e-01
   3.4355147506429323e-01
   3.4054919693135083e-01
   3.3756630662332010e-01
   3.3460479393248954e-01
   3.3166657800278271e-01
   3.2875350784415797e-01
   3.2586736299957830e-01
   3.2300985435228180e-01
   3.2018262506135353e-01
   3.1738725161391179e-01
   3.1462524498257394e-01
   3.1189805187725300e-01
   3.0920705608074689e-01
   3.0655357985801684e-01
   3.0393888542950054e-01
   3.0136417649926728e-01
   2.9883059982929200e-01
   2.9633924685159652e-01
   2.9389115531048082e-01
   2.9148731092753372e-01
   2.8912864908257963e-01
   2.8681605650417030e-01
   2.8455037296367658e-01
   2.8233239296746826e-01
   2.8016286744208785e-01
   2.7804250540772796e-01
   2.7597197563571102e-01
   2.7395190828603860e-01
   2.7198289652143248e-01
   2.7006549809462499e-01
   2.6820023690597261e-01
   2.6638760452876653e-01
   2.6462806169989522e-01
   2.6292203977377626e-01
   2.6126994213772059e-01
   2.5967214558712060e-01
   2.5812900165906238e-01
   2.5664083792316061e-01
   2.5520795922858991e-01
   2.5383064890644991e-01
   2.5250916992675315e-01
   2.5124376600945370e-01
   2.5003466268906055e-01
   2.4888206833248416e-01
   2.4778617510986217e-01
   2.4674715991819401e-01
   2.4551537637340290e-01
   2.4409168315106264e-01
   2.4272609785119639e-01
   2.4141881174456961e-01
   2.4016999979351708e-01
   2.3897982173576773e-01
   2.3784842311567853e-01
   2.3677593626307133e-01
   2.3576248121992585e-01
   2.3480816661522885e-01
   2.3391309048831485e-01
   2.3307734106106362e-01
   2.3230099745933780e-01
   2.3158413038405437e-01
   2.3092680273228985e-01
   2.3032907016881451e-01
   2.2979098164844311e-01
   2.2931257988957576e-01
   2.2889390179928326e-01
   2.2853497885026747e-01
   2.2823583741000053e-01
   2.2799649902231633e-01
   2.2781698064169290e-01
   2.2769729482042897e-01
   2.2763744984888035e-01
   2.2763744984888035e-01
   2.2769729482042897e-01
   2.2781698064169287e-01
   2.2799649902231631e-01
   2.2823583741000050e-01
   2.2853497885026744e-01
   2.2889390179928326e-01
   2.2931257988957571e-01
   2.2979098164844308e-01
   2.3032907016881449e-01
   2.3092680273228980e-01
   2.3158413038405434e-01
   2.3230099745933774e-01
   2.3307734106106359e-01
   2.3391309048831480e-01
   2.3480816661522882e-01
   2.3576248121992580e-01
   2.3677593626307128e-01
   2.3784842311567850e-01
   2.3897982173576765e-01
   2.4016999979351700e-01
   2.4141881174456958e-01
   2.4272609785119637e-01
   2.4409168315106253e-01
   2.4551537637340287e-01
