   3.4250015786401372e-01
   3.4251761799978003e-01
   3.4253445222534790e-01
   3.4255064790223172e-01
   3.4256619287021656e-01
   3.4258107545661992e-01
   3.4259528448518661e-01
   3.4260880928460669e-01
   3.4262163969665244e-01
   3.4263376608392554e-01
   3.4264517933720962e-01
   3.4265587088242155e-01
   3.4266583268715611e-01
   3.4267505726681868e-01
   3.4268353769034082e-01
   3.4269126758547441e-01
   3.4269824114365977e-01
   3.4270445312446413e-01
   3.4270989885958630e-01
   3.4271457425642488e-01
   3.4271847580120668e-01
   3.4272160056167322e-01
   3.4272394618932250e-01
   3.4272551092120479e-01
   3.4272629358127066e-01
   3.4272629358127066e-01
   3.4272551092120479e-01
   3.4272394618932250e-01
   3.4272160056167322e-01
   3.4271847580120668e-01
   3.4271457425642482e-01
   3.4270989885958625e-01
   3.4270445312446407e-01
   3.4269824114365977e-01
   3.4269126758547436e-01
   3.4268353769034077e-01
   3.4267505726681863e-01
   3.4266583268715606e-01
   3.4265587088242150e-01
   3.4264517933720956e-01
   3.4263376608392548e-01
   3.4262163969665238e-01
   3.4260880928460663e-01
   3.4259528448518656e-01
   3.4258107545661987e-01
   3.4256619287021645e-01
   3.4255064790223166e-01
   3.4253445222534779e-01
   3.4251761799977992e-01
   3.4250015786401361e-01
   3.4248513217393689e-01
   3.4247255919562281e-01
   3.4245940100750161e-01
   3.4244566737018850e-01
   3.4243136847039285e-01
   3.4241651491326386e-01
   3.4240111771442494e-01
   3.4238518829170195e-01
   3.4236873845655252e-01
   3.4235178040520264e-01
   3.4233432670949832e-01
   3.4231639030747846e-01
   3.4229798449367682e-01
   3.4227912290916102e-01
   3.4225981953131573e-01
   3.4224008866337818e-01
   3.4221994492373470e-01
   3.4219940323498527e-01
   3.4217847881278657e-01
   3.4215718715447996e-01
   3.4213554402751517e-01
   3.4211356545767702e-01
   3.4209126771712539e-01
   3.4206866731225710e-01
   3.4204578097139915e-01
   3.4202262563234259e-01
   3.4199921842972703e-01
   3.4197557668228473e-01
   3.4195171787995465e-01
   3.4192765967087585e-01
   3.4190341984827022e-01
   3.4187901633722440e-01
   3.4185446718138141e-01
   3.4182979052955098e-01
   3.4180500462224978e-01
   3.4178012777818062e-01
   3.4175517838066205e-01
   3.4173017486401697e-01
   3.4170513569993155e-01
   3.4168007938379436e-01
   3.4165502442102536e-01
   3.4162998931340560e-01
   3.4160499254541749e-01
   3.4158005257060481e-01
   3.4155518779796473e-01
   3.4153041657837907e-01
   3.4150575719109699e-01
   3.4148122783027746e-01
   3.4145684659160264e-01
   3.4143263145897063e-01
   3.4140860029127823e-01
   3.4138477080930263e-01
   3.4136116058269211e-01
   3.4133778701707462e-01
   3.4131466734129356e-01
   3.4129181859478053e-01
   3.4126925761507304e-01
   3.4124700102548711e-01
   3.4122506522295298e-01
   3.4120346636602267e-01
   3.4118222036305823e-01
   3.4116134286060817e-01
   3.4114084923198174e-01
   3.4112075456602736e-01
   3.4110107365612480e-01
   3.4108182098939754e-01
   3.4106301073615342e-01
   3.4104465673956136e-01
   3.4102677250556990e-01
   3.4100937119307728e-01
   3.4099246560435614e-01
   3.4097606817574339e-01
   3.4096019096859875e-01
   3.4094484566053973e-01
   3.4093004353695877e-01
   3.4091579548282824e-01
   3.4090211197479886e-01
   3.4088900307359726e-01
   3.4087647841672813e-01
   3.4248513217393689e-01
   3.4247255919562286e-01
   3.4245940100750161e-01
   3.4244566737018856e-01
   3.4243136847039285e-01
   3.4241651491326391e-01
   3.4240111771442500e-01
   3.4238518829170200e-01
   3.4236873845655252e-01
   3.4235178040520270e-01
   3.4233432670949837e-01
   3.4231639030747851e-01
   3.4229798449367688e-01
   3.4227912290916107e-01
   3.4225981953131579e-01
   3.4224008866337829e-01
   3.4221994492373475e-01
   3.4219940323498532e-01
   3.4217847881278657e-01
   3.4215718715447996e-01
   3.4213554402751517e-01
   3.4211356545767702e-01
   3.4209126771712545e-01
   3.4206866731225716e-01
   3.4204578097139915e-01
   3.4202262563234259e-01
   3.4199921842972703e-01
   3.4197557668228473e-01
   3.4195171787995465e-01
   3.4192765967087591e-01
   3.4190341984827022e-01
   3.4187901633722440e-01
   3.4185446718138141e-01
   3.4182979052955098e-01
   3.4180500462224978e-01
   3.4178012777818062e-01
   3.4175517838066205e-01
   3.4173017486401697e-01
   3.4170513569993161e-01
   3.4168007938379436e-01
   3.4165502442102536e-01
   3.4162998931340566e-01
   3.4160499254541749e-01
   3.4158005257060481e-01
   3.4155518779796473e-01
   3.4153041657837907e-01
   3.4150575719109699e-01
   3.4148122783027746e-01
   3.4145684659160264e-01
   3.4143263145897063e-01
   3.4140860029127823e-01
   3.4138477080930263e-01
   3.4136116058269211e-01
   3.4133778701707462e-01
   3.4131466734129356e-01
   3.4129181859478053e-01
   3.4126925761507304e-01
   3.4124700102548711e-01
   3.4122506522295298e-01
   3.4120346636602267e-01
   3.4118222036305823e-01
   3.4116134286060817e-01
   3.4114084923198174e-01
   3.4112075456602736e-01
   3.4110107365612480e-01
   3.4108182098939754e-01
   3.4106301073615342e-01
   3.4104465673956130e-01
   3.4102677250556990e-01
   3.4100937119307723e-01
   3.4099246560435614e-01
   3.4097606817574333e-01
   3.4096019096859870e-01
   3.4094484566053967e-01
   3.4093004353695877e-01
   3.4091579548282824e-01
   3.4090211197479886e-01
   3.4088900307359726e-01
   3.4087647841672813e-01
   3.4248513217393683e-01
   3.4247255919562281e-01
   3.4245940100750155e-01
   3.4244566737018850e-01
   3.4243136847039279e-01
   3.4241651491326380e-01
   3.4240111771442494e-01
   3.4238518829170195e-01
   3.4236873845655247e-01
   3.4235178040520264e-01
   3.4233432670949832e-01
   3.4231639030747846e-01
   3.4229798449367682e-01
   3.4227912290916102e-01
   3.4225981953131573e-01
   3.4224008866337818e-01
   3.4221994492373464e-01
   3.4219940323498521e-01
   3.4217847881278657e-01
   3.4215718715447996e-01
   3.4213554402751517e-01
   3.4211356545767702e-01
   3.4209126771712534e-01
   3.4206866731225710e-01
   3.4204578097139909e-01
   3.4202262563234254e-01
   3.4199921842972703e-01
   3.4197557668228468e-01
   3.4195171787995465e-01
   3.4192765967087585e-01
   3.4190341984827016e-01
   3.4187901633722440e-01
   3.4185446718138135e-01
   3.4182979052955098e-01
   3.4180500462224972e-01
   3.4178012777818062e-01
   3.4175517838066205e-01
   3.4173017486401697e-01
   3.4170513569993155e-01
   3.4168007938379436e-01
   3.4165502442102536e-01
   3.4162998931340560e-01
   3.4160499254541743e-01
   3.4158005257060481e-01
   3.4155518779796473e-01
   3.4153041657837907e-01
   3.4150575719109694e-01
   3.4148122783027740e-01
   3.4145684659160264e-01
   3.4143263145897063e-01
   3.4140860029127823e-01
   3.4138477080930263e-01
   3.4136116058269211e-01
   3.4133778701707462e-01
   3.4131466734129356e-01
   3.4129181859478053e-01
   3.4126925761507304e-01
   3.4124700102548711e-01
   3.4122506522295293e-01
   3.4120346636602272e-01
   3.4118222036305823e-01
   3.4116134286060823e-01
   3.4114084923198174e-01
   3.4112075456602736e-01
   3.4110107365612480e-01
   3.4108182098939754e-01
   3.4106301073615347e-01
   3.4104465673956130e-01
   3.4102677250556995e-01
   3.4100937119307728e-01
   3.4099246560435614e-01
   3.4097606817574339e-01
   3.4096019096859875e-01
   3.4094484566053973e-01
   3.4093004353695883e-01
   3.4091579548282824e-01
   3.4090211197479886e-01
   3.4088900307359732e-01
   3.4087647841672813e-01
   3.4086151197932485e-01
   3.4084412186686430e-01
   3.4082735624357285e-01
   3.4081122757588994e-01
   3.4079574785549449e-01
   3.4078092859052228e-01
   3.4076678079714084e-01
   3.4075331499148748e-01
   3.4074054118197566e-01
   3.4072846886197511e-01
   3.4071710700287167e-01
   3.4070646404750915e-01
   3.4069654790402104e-01
   3.4068736594005278e-01
   3.4067892497738156e-01
   3.4067123128693488e-01
   3.4066429058421294e-01
   3.4065810802511709e-01
   3.4065268820218719e-01
   3.4064803514125092e-01
   3.4064415229848671e-01
   3.4064104255790284e-01
   3.4063870822923392e-01
   3.4063715104625619e-01
   3.4063637216552345e-01
   3.4063637216552345e-01
   3.4063715104625619e-01
   3.4063870822923392e-01
   3.4064104255790284e-01
   3.4064415229848671e-01
   3.4064803514125092e-01
   3.4065268820218719e-01
   3.4065810802511709e-01
   3.4066429058421294e-01
   3.4067123128693483e-01
   3.4067892497738150e-01
   3.4068736594005278e-01
   3.4069654790402104e-01
   3.4070646404750915e-01
   3.4071710700287167e-01
   3.4072846886197516e-01
   3.4074054118197561e-01
   3.4075331499148748e-01
   3.4076678079714084e-01
   3.4078092859052223e-01
   3.4079574785549449e-01
   3.4081122757588994e-01
   3.4082735624357285e-01
   3.4084412186686425e-01
   3.4086151197932485e-01
