   5.8926702881094917e-01
   6.1002272282746262e-01
   6.3073467011663253e-01
   6.5134951676166708e-01
   6.7180900066634275e-01
   6.9205004451045093e-01
   7.1200493188359881e-01
   7.3160157551517879e-01
   7.5076388533816896e-01
   7.6941224241550077e-01
   7.8746408249122601e-01
   8.0483459010318226e-01
   8.2143750084218903e-01
   8.3718600553801759e-01
   8.5199374601124012e-01
   8.6577588771363634e-01
   8.7845025029004498e-01
   8.8993847306614238e-01
   9.0016718895448811e-01
   9.0906917753321603e-01
   9.1658446632860924e-01
   9.2266134882585782e-01
   9.2725728858236500e-01
   9.3033968108700826e-01
   9.3188644866719783e-01
   9.3188644866719772e-01
   9.3033968108700815e-01
   9.2725728858236456e-01
   9.2266134882585737e-01
   9.1658446632860846e-01
   9.0906917753321514e-01
   9.0016718895448733e-01
   8.8993847306614138e-01
   8.7845025029004375e-01
   8.6577588771363523e-01
   8.5199374601123878e-01
   8.3718600553801592e-01
   8.2143750084218736e-01
   8.0483459010318070e-01
   7.8746408249122457e-01
   7.6941224241549933e-01
   7.5076388533816774e-01
   7.3160157551517768e-01
   7.1200493188359792e-01
   6.9205004451045005e-01
   6.7180900066634208e-01
   6.5134951676166652e-01
   6.3073467011663220e-01
   6.1002272282746228e-01
   5.8926702881094895e-01
   5.7201480912083091e-01
   5.5830212042903771e-01
   5.4465656102065696e-01
   5.3110241697529259e-01
   5.1766190629993236e-01
   5.0435523221373002e-01
   4.9120064840956301e-01
   4.7821453398737090e-01
   4.6541147593440307e-01
   4.5280435722081464e-01
   4.4040444877846546e-01
   4.2822150383042762e-01
   4.1626385323388199e-01
   4.0453850068611863e-01
   3.9305121681956329e-01
   3.8180663137526050e-01
   3.7080832279390830e-01
   3.6005890469879387e-01
   3.4956010886575051e-01
   3.3931286438182257e-01
   3.2931737278728151e-01
   3.1957317907574301e-01
   3.1007923849532260e-01
   3.0083397915102955e-01
   2.9183536045596525e-01
   2.8308092751740893e-01
   2.7456786157454144e-01
   2.6629302662834514e-01
   2.5825301242203841e-01
   2.5044417394308133e-01
   2.4286266762610942e-01
   2.3550448444079145e-01
   2.2836548005020102e-01
   2.2144140222437472e-01
   2.1472791569079699e-01
   2.0822062459901552e-01
   2.0191509277081718e-01
   1.9580686190069252e-01
   1.8989146786394956e-01
   1.8416445528202666e-01
   1.7862139048648334e-01
   1.7325787301496801e-01
   1.6806954576429656e-01
   1.6305210391772254e-01
   1.5820130275561717e-01
   1.5351296445116402e-01
   1.4898298394535298e-01
   1.4460733398856410e-01
   1.4038206942938256e-01
   1.3630333082499654e-01
   1.3236734744160231e-01
   1.2857043970767787e-01
   1.2490902117778031e-01
   1.2137960005966597e-01
   1.1797878035301412e-01
   1.1470326264384181e-01
   1.1154984459481442e-01
   1.0851542116806834e-01
   1.0559698461385270e-01
   1.0279162425525017e-01
   1.0009652609643635e-01
   9.7508972279366835e-02
   9.5026340411426283e-02
   9.2646102784417983e-02
   9.0365825503303299e-02
   8.8183167541301732e-02
   8.6095879736324279e-02
   8.4101803742219455e-02
   8.2198870946954425e-02
   8.0385101368620274e-02
   7.8658602539030953e-02
   7.7017568383670965e-02
   7.5460278105827644e-02
   7.3985095081912561e-02
   7.2590465774225107e-02
   7.1274918666732606e-02
   7.0037063228830007e-02
   6.8875588911489691e-02
   6.7789264179716535e-02
   5.7201480912083080e-01
   5.5830212042903771e-01
   5.4465656102065696e-01
   5.3110241697529248e-01
   5.1766190629993236e-01
   5.0435523221372991e-01
   4.9120064840956290e-01
   4.7821453398737079e-01
   4.6541147593440302e-01
   4.5280435722081464e-01
   4.4040444877846541e-01
   4.2822150383042751e-01
   4.1626385323388188e-01
   4.0453850068611857e-01
   3.9305121681956318e-01
   3.8180663137526044e-01
   3.7080832279390818e-01
   3.6005890469879387e-01
   3.4956010886575051e-01
   3.3931286438182251e-01
   3.2931737278728146e-01
   3.1957317907574295e-01
   3.1007923849532260e-01
   3.0083397915102955e-01
   2.9183536045596520e-01
   2.8308092751740888e-01
   2.7456786157454138e-01
   2.6629302662834509e-01
   2.5825301242203835e-01
   2.5044417394308133e-01
   2.4286266762610939e-01
   2.3550448444079139e-01
   2.2836548005020096e-01
   2.2144140222437467e-01
   2.1472791569079697e-01
   2.0822062459901552e-01
   2.0191509277081715e-01
   1.9580686190069249e-01
   1.8989146786394953e-01
   1.8416445528202666e-01
   1.7862139048648332e-01
   1.7325787301496801e-01
   1.6806954576429656e-01
   1.6305210391772251e-01
   1.5820130275561714e-01
   1.5351296445116400e-01
   1.4898298394535295e-01
   1.4460733398856407e-01
   1.4038206942938256e-01
   1.3630333082499654e-01
   1.3236734744160231e-01
   1.2857043970767784e-01
   1.2490902117778031e-01
   1.2137960005966597e-01
   1.1797878035301412e-01
   1.1470326264384180e-01
   1.1154984459481442e-01
   1.0851542116806834e-01
   1.0559698461385270e-01
   1.0279162425525018e-01
   1.0009652609643635e-01
   9.7508972279366835e-02
   9.5026340411426283e-02
   9.2646102784417997e-02
   9.0365825503303299e-02
   8.8183167541301746e-02
   8.6095879736324279e-02
   8.4101803742219455e-02
   8.2198870946954425e-02
   8.0385101368620274e-02
   7.8658602539030967e-02
   7.7017568383670978e-02
   7.5460278105827644e-02
   7.3985095081912575e-02
   7.2590465774225107e-02
   7.1274918666732634e-02
   7.0037063228830021e-02
   6.8875588911489705e-02
   6.7789264179716549e-02
   5.7201480912083091e-01
   5.5830212042903782e-01
   5.4465656102065696e-01
   5.3110241697529270e-01
   5.1766190629993247e-01
   5.0435523221372991e-01
   4.9120064840956296e-01
   4.7821453398737096e-01
   4.6541147593440307e-01
   4.5280435722081469e-01
   4.4040444877846546e-01
   4.2822150383042767e-01
   4.1626385323388204e-01
   4.0453850068611868e-01
   3.9305121681956329e-01
   3.8180663137526055e-01
   3.7080832279390830e-01
   3.6005890469879392e-01
   3.4956010886575056e-01
   3.3931286438182257e-01
   3.2931737278728151e-01
   3.1957317907574295e-01
   3.1007923849532260e-01
   3.0083397915102955e-01
   2.9183536045596525e-01
   2.8308092751740899e-01
   2.7456786157454144e-01
   2.6629302662834520e-01
   2.5825301242203841e-01
   2.5044417394308138e-01
   2.4286266762610942e-01
   2.3550448444079145e-01
   2.2836548005020105e-01
   2.2144140222437475e-01
   2.1472791569079702e-01
   2.0822062459901555e-01
   2.0191509277081718e-01
   1.9580686190069252e-01
   1.8989146786394956e-01
   1.8416445528202668e-01
   1.7862139048648334e-01
   1.7325787301496801e-01
   1.6806954576429656e-01
   1.6305210391772254e-01
   1.5820130275561717e-01
   1.5351296445116402e-01
   1.4898298394535298e-01
   1.4460733398856410e-01
   1.4038206942938258e-01
   1.3630333082499657e-01
   1.3236734744160231e-01
   1.2857043970767790e-01
   1.2490902117778033e-01
   1.2137960005966598e-01
   1.1797878035301412e-01
   1.1470326264384181e-01
   1.1154984459481443e-01
   1.0851542116806835e-01
   1.0559698461385271e-01
   1.0279162425525018e-01
   1.0009652609643638e-01
   9.7508972279366862e-02
   9.5026340411426283e-02
   9.2646102784417997e-02
   9.0365825503303313e-02
   8.8183167541301746e-02
   8.6095879736324307e-02
   8.4101803742219469e-02
   8.2198870946954439e-02
   8.0385101368620288e-02
   7.8658602539030967e-02
   7.7017568383670978e-02
   7.5460278105827658e-02
   7.3985095081912589e-02
   7.2590465774225121e-02
   7.1274918666732634e-02
   7.0037063228830035e-02
   6.8875588911489705e-02
   6.7789264179716549e-02
   6.6519404828634568e-02
   6.5065514404946012e-02
   6.3683557041555747e-02
   6.2372041177049690e-02
   6.1129549117826303e-02
   5.9954735881316945e-02
   5.8846328079274875e-02
   5.7803122843621810e-02
   5.6823986797028575e-02
   5.5907855070128618e-02
   5.5053730367016461e-02
   5.4260682080463682e-02
   5.3527845458092055e-02
   5.2854420820571679e-02
   5.2239672832761659e-02
   5.1682929828578264e-02
   5.1183583190259140e-02
   5.0741086782590601e-02
   5.0354956442575850e-02
   5.0024769524944446e-02
   4.9750164503835431e-02
   4.9530840630927268e-02
   4.9366557650235676e-02
   4.9257135569754508e-02
   4.9202454490074078e-02
   4.9202454490074078e-02
   4.9257135569754515e-02
   4.9366557650235683e-02
   4.9530840630927282e-02
   4.9750164503835445e-02
   5.0024769524944467e-02
   5.0354956442575878e-02
   5.0741086782590629e-02
   5.1183583190259167e-02
   5.1682929828578292e-02
   5.2239672832761687e-02
   5.2854420820571700e-02
   5.3527845458092083e-02
   5.4260682080463710e-02
   5.5053730367016482e-02
   5.5907855070128638e-02
   5.6823986797028589e-02
   5.7803122843621824e-02
   5.8846328079274882e-02
   5.9954735881316952e-02
   6.1129549117826303e-02
   6.2372041177049697e-02
   6.3683557041555761e-02
   6.5065514404945998e-02
   6.6519404828634568e-02
