   4.8915622039493439e-01
   4.3803651096170715e-01
   3.9419147433664731e-01
   3.5717022393982462e-01
   3.2652340681018766e-01
   3.0183595147258963e-01
   2.8274754634569499e-01
   2.6896492171458075e-01
   2.6026887037673091e-01
   2.5651802544116598e-01
   2.5765070435895021e-01
   2.6368557827697747e-01
   2.7472147783178008e-01
   2.9093624247543715e-01
   3.1258410314223017e-01
   3.3999059998831921e-01
   3.7354341980991834e-01
   4.1367673681225769e-01
   4.6084561918944777e-01
   5.1548583946172444e-01
   5.7795313966904760e-01
   6.4843504259228435e-01
   7.2682849326164900e-01
   8.1257944584352859e-01
   9.0448823200960482e-01
   1.0004998002414047e+00
   1.0975221973749549e+00
   1.1913469406839428e+00
   1.2767688592558326e+00
   1.3479965346935561e+00
   1.3993801029133335e+00
   1.4263550404187852e+00
   1.4263550404187850e+00
   1.3993801029133326e+00
   1.3479965346935547e+00
   1.2767688592558308e+00
   1.1913469406839408e+00
   1.0975221973749527e+00
   1.0004998002414025e+00
   9.0448823200960260e-01
   8.1257944584352637e-01
   7.2682849326164711e-01
   6.4843504259228257e-01
   5.7795313966904593e-01
   5.1548583946172299e-01
   4.6084561918944639e-01
   4.1367673681225647e-01
   3.7354341980991723e-01
   3.3999059998831821e-01
   3.1258410314222934e-01
   2.9093624247543642e-01
   2.7472147783177941e-01
   2.6368557827697697e-01
   2.5765070435894971e-01
   2.5651802544116559e-01
   2.6026887037673058e-01
   2.6896492171458047e-01
   2.8274754634569471e-01
   3.0183595147258946e-01
   3.2652340681018754e-01
   3.5717022393982450e-01
   3.9419147433664725e-01
   4.3803651096170715e-01
   4.8915622039493439e-01
   5.7844397886664600e-01
   7.0653894887010571e-01
   8.4246540260163882e-01
   9.8418235543810739e-01
   1.1275684216511050e+00
   1.2660383193180744e+00
   1.3905959457226793e+00
   1.4906694822921560e+00
   1.5559005981376393e+00
   1.5785804837051041e+00
   1.5558444673841512e+00
   1.4905641908845284e+00
   1.3904533124188327e+00
   1.2658718864780398e+00
   1.1273906867671331e+00
   9.8400313025277075e-01
   8.4229132527069317e-01
   7.0637376342116209e-01
   5.7828915158449912e-01
   4.5852026283450420e-01
   3.7500399293869607e-01
   3.2660644576327136e-01
   2.8416943446258563e-01
   2.4706046987927671e-01
   2.1467766053547829e-01
   1.8646341457491736e-01
   1.6191055475747754e-01
   1.4056365877573168e-01
   1.2201753579254646e-01
   1.0591410305931950e-01
   9.1938477036750801e-02
   7.9814788899944769e-02
   6.9302032118628218e-02
   6.0190118045021161e-02
   5.2296231218862850e-02
   4.5461523460759143e-02
   3.9548153887906418e-02
   3.4436663437732704e-02
   3.0023662471252335e-02
   2.6219805360636200e-02
   2.2948024570856991e-02
   2.0141997288259831e-02
   1.7744819280397499e-02
   1.5707862859645930e-02
   1.3989798241988531e-02
   1.2555760048465077e-02
   1.1376643081279926e-02
   1.0428513764091844e-02
   9.6921257445628396e-03
   9.1525301152876864e-03
   8.7987725274915034e-03
   8.6236711682426640e-03
   8.6236711682426640e-03
   8.7987725274915034e-03
   9.1525301152876846e-03
   9.6921257445628361e-03
   1.0428513764091842e-02
   1.1376643081279926e-02
   1.2555760048465075e-02
   1.3989798241988529e-02
   1.5707862859645923e-02
   1.7744819280397495e-02
   2.0141997288259824e-02
   2.2948024570856981e-02
   2.6219805360636186e-02
   3.0023662471252318e-02
   3.4436663437732676e-02
   3.9548153887906404e-02
   4.5461523460759129e-02
   5.2296231218862822e-02
   6.0190118045021133e-02
   6.9302032118628190e-02
   7.9814788899944755e-02
   9.1938477036750774e-02
   1.0591410305931946e-01
   1.2201753579254640e-01
   1.4056365877573165e-01
   1.6191055475747751e-01
   1.8646341457491733e-01
   2.1467766053547829e-01
   2.4706046987927674e-01
   2.8416943446258563e-01
   3.2660644576327136e-01
   3.7500399293869607e-01
