   1.3489951492044292e+00
   1.2824635176036823e+00
   1.2042813418787572e+00
   1.1196721944677190e+00
   1.0333315177555726e+00
   9.4909562938471792e-01
   8.6984811102426640e-01
   7.9758945244349111e-01
   7.3359154528607085e-01
   6.7857727673615320e-01
   6.3288916409171669e-01
   5.9663028487078928e-01
   5.6977315390144445e-01
   5.5223861908896588e-01
   5.4394921586388523e-01
   5.4486144857566920e-01
   5.5498031672199810e-01
   5.7435773989392480e-01
   6.0307469710956829e-01
   6.4120507505546609e-01
   6.8875762295312870e-01
   7.4559142879929463e-01
   8.1130071382267166e-01
   8.8506776271870446e-01
   9.6549026710808428e-01
   1.0504031200696549e+00
   1.1367352525722185e+00
   1.2204658160972230e+00
   1.2967597827033128e+00
   1.3603516068065054e+00
   1.4061874872891837e+00
   1.4302318689649713e+00
   1.4302318689649716e+00
   1.4061874872891831e+00
   1.3603516068065047e+00
   1.2967597827033119e+00
   1.2204658160972217e+00
   1.1367352525722172e+00
   1.0504031200696533e+00
   9.6549026710808306e-01
   8.8506776271870324e-01
   8.1130071382267055e-01
   7.4559142879929363e-01
   6.8875762295312781e-01
   6.4120507505546542e-01
   6.0307469710956763e-01
   5.7435773989392425e-01
   5.5498031672199755e-01
   5.4486144857566876e-01
   5.4394921586388489e-01
   5.5223861908896554e-01
   5.6977315390144412e-01
   5.9663028487078917e-01
   6.3288916409171658e-01
   6.7857727673615298e-01
   7.3359154528607085e-01
   7.9758945244349111e-01
   8.6984811102426662e-01
   9.4909562938471803e-01
   1.0333315177555729e+00
   1.1196721944677195e+00
   1.2042813418787577e+00
   1.2824635176036825e+00
   1.3489951492044294e+00
   1.4245056361243760e+00
   1.5014214489059285e+00
   1.5458817716934463e+00
   1.5527366799856828e+00
   1.5211597942902058e+00
   1.4548856737226652e+00
   1.3611650942589302e+00
   1.2489509230738092e+00
   1.1270839228902840e+00
   1.0030331470441898e+00
   8.8233983271990435e-01
   7.6861554449206737e-01
   6.6384825711353235e-01
   5.6880961838120792e-01
   4.8343956622863538e-01
   4.0715553942402216e-01
   3.3907704273728506e-01
   2.7817658790172028e-01
   2.2337409051980261e-01
   1.7359100972888991e-01
   1.3943976802274918e-01
   1.2005286235999436e-01
   1.0334818857706327e-01
   8.8959963915665588e-02
   7.6570435239556603e-02
   6.5904269561867138e-02
   5.6723335163698839e-02
   4.8821959768163371e-02
   4.2022689833579027e-02
   3.6172539195185462e-02
   3.1139696045878625e-02
   2.6810648183370294e-02
   2.3087683475365574e-02
   1.9886723030782854e-02
   1.7135447012248568e-02
   1.4771676402864385e-02
   1.2741977761627695e-02
   1.1000461726751395e-02
   9.5077495675955533e-03
   8.2300853509754777e-03
   7.1385742396234018e-03
   6.2085300758548678e-03
   5.4189177366948003e-03
   4.7518778019770627e-03
   4.1923228824705307e-03
   3.7275965401044908e-03
   3.3471871253001224e-03
   3.0424900840423960e-03
   2.8066133744027578e-03
   2.6342216014150393e-03
   2.5214153512115164e-03
   2.4656429990826973e-03
   2.4656429990826973e-03
   2.5214153512115173e-03
   2.6342216014150401e-03
   2.8066133744027591e-03
   3.0424900840423977e-03
   3.3471871253001246e-03
   3.7275965401044934e-03
   4.1923228824705333e-03
   4.7518778019770662e-03
   5.4189177366948046e-03
   6.2085300758548730e-03
   7.1385742396234088e-03
   8.2300853509754846e-03
   9.5077495675955619e-03
   1.1000461726751405e-02
   1.2741977761627707e-02
   1.4771676402864397e-02
   1.7135447012248582e-02
   1.9886723030782868e-02
   2.3087683475365599e-02
   2.6810648183370318e-02
   3.1139696045878653e-02
   3.6172539195185496e-02
   4.2022689833579062e-02
   4.8821959768163406e-02
   5.6723335163698874e-02
   6.5904269561867165e-02
   7.6570435239556631e-02
   8.8959963915665616e-02
   1.0334818857706329e-01
   1.2005286235999439e-01
   1.3943976802274921e-01
