   1.2670376433974340e+00
   1.2042944805178635e+00
   1.1332087817553844e+00
   1.0579027094566236e+00
   9.8202160678808803e-01
   9.0853692789689366e-01
   8.3970244468300248e-01
   7.7711371905872839e-01
   7.2182111424599260e-01
   6.7445871424136250e-01
   6.3536596535675849e-01
   6.0469068284981198e-01
   5.8246987132765138e-01
   5.6868904246994822e-01
   5.6332241848289466e-01
   5.6635656474786944e-01
   5.7779930853485384e-01
   5.9767471656839333e-01
   6.2600369133080269e-01
   6.6276860412982208e-01
   7.0785955089244357e-01
   7.6099967952082515e-01
   8.2164822429335738e-01
   8.8888330624767220e-01
   9.6127328460823414e-01
   1.0367561884304113e+00
   1.1125607913918705e+00
   1.1852164005351087e+00
   1.2507031621973117e+00
   1.3047790538851511e+00
   1.3434750025192101e+00
   1.3636809839774249e+00
   1.3636809839774251e+00
   1.3434750025192101e+00
   1.3047790538851516e+00
   1.2507031621973121e+00
   1.1852164005351091e+00
   1.1125607913918709e+00
   1.0367561884304117e+00
   9.6127328460823447e-01
   8.8888330624767253e-01
   8.2164822429335771e-01
   7.6099967952082548e-01
   7.0785955089244390e-01
   6.6276860412982230e-01
   6.2600369133080280e-01
   5.9767471656839344e-01
   5.7779930853485417e-01
   5.6635656474786977e-01
   5.6332241848289510e-01
   5.6868904246994867e-01
   5.8246987132765193e-01
   6.0469068284981264e-01
   6.3536596535675938e-01
   6.7445871424136328e-01
   7.2182111424599349e-01
   7.7711371905872917e-01
   8.3970244468300337e-01
   9.0853692789689444e-01
   9.8202160678808870e-01
   1.0579027094566242e+00
   1.1332087817553849e+00
   1.2042944805178639e+00
   1.2670376433974342e+00
   1.3432387451824492e+00
   1.4262987019876725e+00
   1.4824481777739085e+00
   1.5057853750801498e+00
   1.4936935730196981e+00
   1.4475407731889693e+00
   1.3723093704388214e+00
   1.2753331035562561e+00
   1.1646976573197823e+00
   1.0478762620594515e+00
   9.3090639696982458e-01
   8.1811394864351850e-01
   7.1222065372362597e-01
   6.1464185234831681e-01
   5.2583000404779523e-01
   4.4558353894241465e-01
   3.7328998830540389e-01
   3.0810100414949987e-01
   2.4904960218989419e-01
   1.9512331546362569e-01
   1.5798756374622958e-01
   1.3677994967586329e-01
   1.1839948605841137e-01
   1.0247696583216780e-01
   8.8688788822974152e-02
   7.6752287459346757e-02
   6.6421169018051604e-02
   5.7481237360477187e-02
   4.9746473591346901e-02
   4.3055503792526074e-02
   3.7268451578058401e-02
   3.2264156128249129e-02
   2.7937727633996608e-02
   2.4198408498788591e-02
   2.0967708135509716e-02
   1.8177780442746604e-02
   1.5770015225151965e-02
   1.3693817425723800e-02
   1.1905550758528642e-02
   1.0367624991285568e-02
   9.0477086321574373e-03
   7.9180510780620557e-03
   6.9549003672654966e-03
   6.1380045493376707e-03
   5.4501863531961747e-03
   4.8769823165984334e-03
   4.4063388579654531e-03
   4.0283589442344355e-03
   3.7350940564729335e-03
   3.5203770972161703e-03
   3.3796927377358820e-03
   3.3100824863828665e-03
   3.3100824863828661e-03
   3.3796927377358812e-03
   3.5203770972161686e-03
   3.7350940564729314e-03
   4.0283589442344329e-03
   4.4063388579654505e-03
   4.8769823165984300e-03
   5.4501863531961703e-03
   6.1380045493376655e-03
   6.9549003672654906e-03
   7.9180510780620470e-03
   9.0477086321574286e-03
   1.0367624991285559e-02
   1.1905550758528630e-02
   1.3693817425723788e-02
   1.5770015225151954e-02
   1.8177780442746590e-02
   2.0967708135509702e-02
   2.4198408498788581e-02
   2.7937727633996594e-02
   3.2264156128249122e-02
   3.7268451578058380e-02
   4.3055503792526061e-02
   4.9746473591346894e-02
   5.7481237360477180e-02
   6.6421169018051604e-02
   7.6752287459346757e-02
   8.8688788822974152e-02
   1.0247696583216780e-01
   1.1839948605841137e-01
   1.3677994967586332e-01
   1.5798756374622960e-01
