   7.1915633601760798e-01
   6.7190842697705022e-01
   6.2867111292439315e-01
   5.8986778544095386e-01
   5.5576240811456268e-01
   5.2650193917021182e-01
   5.0215269676450836e-01
   4.8272999953057161e-01
   4.6822129761190057e-01
   4.5860342653672270e-01
   4.5385472547499395e-01
   4.5396268394105760e-01
   4.5892759954872658e-01
   4.6876249573280315e-01
   4.8348929370663474e-01
   5.0313097872203860e-01
   5.2769926855136351e-01
   5.5717711398810410e-01
   5.9149528996308709e-01
   6.3050245588389742e-01
   6.7392849805359989e-01
   7.2134187439981956e-01
   7.7210323081464560e-01
   8.2531985918977768e-01
   8.7980854296257360e-01
   9.3407753646639780e-01
   9.8634083658768812e-01
   1.0345779087777918e+00
   1.0766477313609577e+00
   1.1104561668083093e+00
   1.1341609958162502e+00
   1.1463832591912395e+00
   1.1463832591912395e+00
   1.1341609958162504e+00
   1.1104561668083093e+00
   1.0766477313609579e+00
   1.0345779087777920e+00
   9.8634083658768845e-01
   9.3407753646639802e-01
   8.7980854296257383e-01
   8.2531985918977802e-01
   7.7210323081464571e-01
   7.2134187439981978e-01
   6.7392849805360011e-01
   6.3050245588389753e-01
   5.9149528996308720e-01
   5.5717711398810421e-01
   5.2769926855136362e-01
   5.0313097872203871e-01
   4.8348929370663485e-01
   4.6876249573280315e-01
   4.5892759954872653e-01
   4.5396268394105754e-01
   4.5385472547499389e-01
   4.5860342653672265e-01
   4.6822129761190046e-01
   4.8272999953057144e-01
   5.0215269676450813e-01
   5.2650193917021160e-01
   5.5576240811456257e-01
   5.8986778544095353e-01
   6.2867111292439304e-01
   6.7190842697705011e-01
   7.1915633601760798e-01
   7.9604170312166667e-01
   9.0121179229018711e-01
   1.0054613243755475e+00
   1.1046867055092939e+00
   1.1937661288015380e+00
   1.2669930978793589e+00
   1.3188291156510674e+00
   1.3448635385800702e+00
   1.3427217648871879e+00
   1.3126032462973964e+00
   1.2572350222515778e+00
   1.1812599492808569e+00
   1.0903002237299608e+00
   9.9001526554537367e-01
   8.8539362816206013e-01
   7.8036803036994973e-01
   6.7771686054512692e-01
   5.7915651517978883e-01
   4.8552695933559537e-01
   3.9699905833394156e-01
   3.3457906747649230e-01
   2.9766202086549381e-01
   2.6460375266829583e-01
   2.3507051649299468e-01
   2.0873574188281555e-01
   1.8528813482981463e-01
   1.6443637418386067e-01
   1.4591144645777082e-01
   1.2946738789902373e-01
   1.1488098818985987e-01
   1.0195084770110746e-01
   9.0496060285341004e-02
   8.0354706742893522e-02
   7.1382282199584549e-02
   6.3450137142755450e-02
   5.6443981709429179e-02
   5.0262482208043177e-02
   4.4815964990405764e-02
   4.0025233651255723e-02
   3.5820499672232158e-02
   3.2140423019773913e-02
   2.8931257131618558e-02
   2.6146091681181378e-02
   2.3744186144781625e-02
   2.1690387274049438e-02
   1.9954623931904517e-02
   1.8511473275574099e-02
   1.7339792891566116e-02
   1.6422414158291532e-02
   1.5745892802711835e-02
   1.5300313310606021e-02
   1.5079144536631311e-02
   1.5079144536631311e-02
   1.5300313310606021e-02
   1.5745892802711832e-02
   1.6422414158291525e-02
   1.7339792891566112e-02
   1.8511473275574092e-02
   1.9954623931904510e-02
   2.1690387274049424e-02
   2.3744186144781614e-02
   2.6146091681181368e-02
   2.8931257131618544e-02
   3.2140423019773892e-02
   3.5820499672232144e-02
   4.0025233651255709e-02
   4.4815964990405743e-02
   5.0262482208043156e-02
   5.6443981709429165e-02
   6.3450137142755436e-02
   7.1382282199584535e-02
   8.0354706742893495e-02
   9.0496060285340976e-02
   1.0195084770110745e-01
   1.1488098818985984e-01
   1.2946738789902373e-01
   1.4591144645777079e-01
   1.6443637418386065e-01
   1.8528813482981460e-01
   2.0873574188281549e-01
   2.3507051649299465e-01
   2.6460375266829578e-01
   2.9766202086549376e-01
   3.3457906747649230e-01
