   7.3848549515066098e-01
   6.9117304955043291e-01
   6.4761564274324313e-01
   6.0830461679667014e-01
   5.7356114314728457e-01
   5.4357833969437075e-01
   5.1845831454673752e-01
   4.9824297379075605e-01
   4.8293847683157171e-01
   4.7253377206679731e-01
   4.6701385014234370e-01
   4.6636833792033211e-01
   4.7059591448321003e-01
   4.7970482091888639e-01
   4.9370949634625794e-01
   5.1262313016254979e-01
   5.3644569999404468e-01
   5.6514690030996051e-01
   5.9864331125904813e-01
   6.3676929299991558e-01
   6.7924153454210334e-01
   7.2561808532185090e-01
   7.7525420317507765e-01
   8.2725955140928487e-01
   8.8046407307356489e-01
   9.3340280972307865e-01
   9.8433204283151321e-01
   1.0312889073697171e+00
   1.0722023442469564e+00
   1.1050538547351483e+00
   1.1280728021353648e+00
   1.1399365639673280e+00
   1.1399365639673280e+00
   1.1280728021353650e+00
   1.1050538547351483e+00
   1.0722023442469564e+00
   1.0312889073697173e+00
   9.8433204283151354e-01
   9.3340280972307899e-01
   8.8046407307356522e-01
   8.2725955140928520e-01
   7.7525420317507787e-01
   7.2561808532185124e-01
   6.7924153454210356e-01
   6.3676929299991580e-01
   5.9864331125904835e-01
   5.6514690030996062e-01
   5.3644569999404479e-01
   5.1262313016254990e-01
   4.9370949634625799e-01
   4.7970482091888644e-01
   4.7059591448321003e-01
   4.6636833792033211e-01
   4.6701385014234365e-01
   4.7253377206679725e-01
   4.8293847683157159e-01
   4.9824297379075588e-01
   5.1845831454673730e-01
   5.4357833969437053e-01
   5.7356114314728424e-01
   6.0830461679666981e-01
   6.4761564274324301e-01
   6.9117304955043268e-01
   7.3848549515066086e-01
   8.1496424456236294e-01
   9.1911490849848210e-01
   1.0216991224320211e+00
   1.1184737096248145e+00
   1.2042553475816569e+00
   1.2734020317228418e+00
   1.3205953755361255e+00
   1.3417884397029334e+00
   1.3350497854658558e+00
   1.3010013301563761e+00
   1.2426749571950308e+00
   1.1648464419003299e+00
   1.0731024344949753e+00
   9.7294548098055800e-01
   8.6914843042656520e-01
   7.6542331210669468e-01
   6.6435703302385118e-01
   5.6751854689031744e-01
   4.7564561853662313e-01
   3.8884610068908237e-01
   3.2766929805707357e-01
   2.9150352866610657e-01
   2.5912836703637543e-01
   2.3021186487622947e-01
   2.0443085889246598e-01
   1.8147836850921401e-01
   1.6106780821351913e-01
   1.4293499913460450e-01
   1.2683870330214078e-01
   1.1256020059578134e-01
   9.9902275025124249e-02
   8.8687864094052105e-02
   7.8758543460803673e-02
   6.9972961111638796e-02
   6.2205294588518770e-02
   5.5343776660306009e-02
   4.9289315621005053e-02
   4.3954223510903292e-02
   3.9261057088696372e-02
   3.5141570978153562e-02
   3.1535779111041329e-02
   2.8391118714174317e-02
   2.5661710172169071e-02
   2.3307705813136816e-02
   2.1294720788619558e-02
   1.9593339599518238e-02
   1.8178692354432899e-02
   1.7030095468217862e-02
   1.6130752173073269e-02
   1.5467508895038781e-02
   1.5030664229481273e-02
   1.4813827921882147e-02
   1.4813827921882147e-02
   1.5030664229481272e-02
   1.5467508895038777e-02
   1.6130752173073266e-02
   1.7030095468217859e-02
   1.8178692354432896e-02
   1.9593339599518231e-02
   2.1294720788619555e-02
   2.3307705813136813e-02
   2.5661710172169068e-02
   2.8391118714174313e-02
   3.1535779111041329e-02
   3.5141570978153555e-02
   3.9261057088696372e-02
   4.3954223510903279e-02
   4.9289315621005032e-02
   5.5343776660305988e-02
   6.2205294588518735e-02
   6.9972961111638754e-02
   7.8758543460803632e-02
   8.8687864094052063e-02
   9.9902275025124207e-02
   1.1256020059578130e-01
   1.2683870330214078e-01
   1.4293499913460447e-01
   1.6106780821351915e-01
   1.8147836850921401e-01
   2.0443085889246598e-01
   2.3021186487622944e-01
   2.5912836703637548e-01
   2.9150352866610657e-01
   3.2766929805707351e-01
