   7.8023137262015552e-01
   7.3259869557005663e-01
   6.8815640605124806e-01
   6.4754855486669471e-01
   6.1122592625595573e-01
   5.7948686342381694e-01
   5.5251551353209782e-01
   5.3041515084989865e-01
   5.1323564480414463e-01
   5.0099499798872382e-01
   4.9369531471796418e-01
   4.9133370373844443e-01
   4.9390857608415317e-01
   5.0142164855524451e-01
   5.1387575848928957e-01
   5.3126837473588762e-01
   5.5358048641333724e-01
   5.8076040392886952e-01
   6.1270197032651619e-01
   6.4921683427276322e-01
   6.9000088697850337e-01
   7.3459584498686981e-01
   7.8234839473458928e-01
   8.3237135970224529e-01
   8.8351388373880735e-01
   9.3435019403568731e-01
   9.8319820555863913e-01
   1.0281787010003385e+00
   1.0673215969600498e+00
   1.0987170698609492e+00
   1.1206969412414758e+00
   1.1320189952719955e+00
   1.1320189952719955e+00
   1.1206969412414756e+00
   1.0987170698609485e+00
   1.0673215969600489e+00
   1.0281787010003376e+00
   9.8319820555863813e-01
   9.3435019403568598e-01
   8.8351388373880613e-01
   8.3237135970224418e-01
   7.8234839473458806e-01
   7.3459584498686858e-01
   6.9000088697850237e-01
   6.4921683427276222e-01
   6.1270197032651519e-01
   5.8076040392886874e-01
   5.5358048641333646e-01
   5.3126837473588695e-01
   5.1387575848928890e-01
   5.0142164855524385e-01
   4.9390857608415262e-01
   4.9133370373844387e-01
   4.9369531471796368e-01
   5.0099499798872327e-01
   5.1323564480414419e-01
   5.3041515084989832e-01
   5.5251551353209749e-01
   5.7948686342381672e-01
   6.1122592625595551e-01
   6.4754855486669471e-01
   6.8815640605124806e-01
   7.3259869557005663e-01
   7.8023137262015552e-01
   8.5608001611216833e-01
   9.5833986841936436e-01
   1.0576135685395320e+00
   1.1493585546907510e+00
   1.2282673213883608e+00
   1.2888497625738486e+00
   1.3262711459060743e+00
   1.3372631805749395e+00
   1.3208237833642211e+00
   1.2784445074155069e+00
   1.2137741902624186e+00
   1.1318529699420505e+00
   1.0381950223372296e+00
   9.3799163337000835e-01
   8.3558938222317303e-01
   7.3426349563262494e-01
   6.3621938857889182e-01
   5.4272860203255502e-01
   4.5431843671444205e-01
   3.7096221762644832e-01
   3.1228204856738478e-01
   2.7764457369845585e-01
   2.4667608290813881e-01
   2.1904454756411504e-01
   1.9443051369426842e-01
   1.7253304869243119e-01
   1.5307292785549187e-01
   1.3579393821222110e-01
   1.2046293750480871e-01
   1.0686912254112733e-01
   9.4822824331000283e-02
   8.4154047672355708e-02
   7.4710901364040891e-02
   6.6358014732694121e-02
   5.8975000983241280e-02
   5.2455003705853528e-02
   4.6703346505642139e-02
   4.1636294842783056e-02
   3.7179932111988938e-02
   3.3269147565222562e-02
   2.9846731054219561e-02
   2.6862568154902317e-02
   2.4272928627963215e-02
   2.2039841088841976e-02
   2.0130547014727527e-02
   1.8517027676717448e-02
   1.7175598165572403e-02
   1.6086563323126871e-02
   1.5233931062423210e-02
   1.4605179236170485e-02
   1.4191072882940059e-02
   1.3985529337838812e-02
   1.3985529337838812e-02
   1.4191072882940059e-02
   1.4605179236170485e-02
   1.5233931062423210e-02
   1.6086563323126871e-02
   1.7175598165572400e-02
   1.8517027676717444e-02
   2.0130547014727527e-02
   2.2039841088841980e-02
   2.4272928627963219e-02
   2.6862568154902327e-02
   2.9846731054219568e-02
   3.3269147565222576e-02
   3.7179932111988952e-02
   4.1636294842783077e-02
   4.6703346505642153e-02
   5.2455003705853549e-02
   5.8975000983241301e-02
   6.6358014732694148e-02
   7.4710901364040919e-02
   8.4154047672355736e-02
   9.4822824331000324e-02
   1.0686912254112739e-01
   1.2046293750480878e-01
   1.3579393821222116e-01
   1.5307292785549192e-01
   1.7253304869243127e-01
   1.9443051369426848e-01
   2.1904454756411507e-01
   2.4667608290813886e-01
   2.7764457369845585e-01
   3.1228204856738484e-01
