   6.6478349471190534e-01
   6.1740455139517048e-01
   5.7474942520400474e-01
   5.3705515157960138e-01
   5.0443024165986561e-01
   4.7689713779045617e-01
   4.5442630004623824e-01
   4.3696252168964450e-01
   4.2444450264129430e-01
   4.1681878335011080e-01
   4.1404901242553482e-01
   4.1612128978024798e-01
   4.2304604987617661e-01
   4.3485665562129555e-01
   4.5160457523770925e-01
   4.7335071922672661e-01
   5.0015223370289896e-01
   5.3204380549907904e-01
   5.6901238566475121e-01
   6.1096427399350062e-01
   6.5768387492729630e-01
   7.0878434105660748e-01
   7.6365201138402572e-01
   8.2138924459803653e-01
   8.8076397578336107e-01
   9.4017868193927068e-01
   9.9767527275479884e-01
   1.0509936435270386e+00
   1.0976975140052661e+00
   1.1353695134130277e+00
   1.1618585333257907e+00
   1.1755408008475814e+00
   1.1755408008475814e+00
   1.1618585333257907e+00
   1.1353695134130277e+00
   1.0976975140052661e+00
   1.0509936435270386e+00
   9.9767527275479873e-01
   9.4017868193927057e-01
   8.8076397578336107e-01
   8.2138924459803653e-01
   7.6365201138402572e-01
   7.0878434105660748e-01
   6.5768387492729619e-01
   6.1096427399350062e-01
   5.6901238566475121e-01
   5.3204380549907904e-01
   5.0015223370289896e-01
   4.7335071922672661e-01
   4.5160457523770930e-01
   4.3485665562129550e-01
   4.2304604987617661e-01
   4.1612128978024798e-01
   4.1404901242553482e-01
   4.1681878335011080e-01
   4.2444450264129430e-01
   4.3696252168964456e-01
   4.5442630004623824e-01
   4.7689713779045617e-01
   5.0443024165986561e-01
   5.3705515157960138e-01
   5.7474942520400485e-01
   6.1740455139517048e-01
   6.6478349471190545e-01
   7.4327460890493147e-01
   8.5192434308408793e-01
   9.6146560919460733e-01
   1.0681933108812061e+00
   1.1671672693359898e+00
   1.2525045180517345e+00
   1.3180354647777348e+00
   1.3582833858747210e+00
   1.3695500469914681e+00
   1.3507532315900732e+00
   1.3036869175420971e+00
   1.2325936562835369e+00
   1.1432287362975377e+00
   1.0417713769622388e+00
   9.3391362597649741e-01
   8.2429834332953467e-01
   7.1630910329597008e-01
   6.1211631512376263e-01
   5.1286224418660220e-01
   4.1889139288858374e-01
   3.5260555844738722e-01
   3.1339969809915846e-01
   2.7830117933908255e-01
   2.4696142235441304e-01
   2.1903551605450988e-01
   1.9419237481663351e-01
   1.7212077846777210e-01
   1.5253254321936546e-01
   1.3516374825740857e-01
   1.1977468665369807e-01
   1.0614901417642618e-01
   9.4092425056845314e-02
   8.3431078964195854e-02
   7.4009928730343816e-02
   6.5691045888374419e-02
   5.8352004734423916e-02
   5.1884360789451210e-02
   4.6192242842910312e-02
   4.1191066754128654e-02
   3.6806372119567485e-02
   3.2972778547212707e-02
   2.9633055745047057e-02
   2.6737300324800296e-02
   2.4242211727718288e-02
   2.2110459710035509e-02
   2.0310136188075686e-02
   1.8814284806174215e-02
   1.7600502268829851e-02
   1.6650606216010701e-02
   1.5950365182591197e-02
   1.5489286948946945e-02
   1.5260462348883347e-02
   1.5260462348883347e-02
   1.5489286948946952e-02
   1.5950365182591211e-02
   1.6650606216010718e-02
   1.7600502268829872e-02
   1.8814284806174243e-02
   2.0310136188075718e-02
   2.2110459710035547e-02
   2.4242211727718337e-02
   2.6737300324800345e-02
   2.9633055745047116e-02
   3.2972778547212776e-02
   3.6806372119567561e-02
   4.1191066754128737e-02
   4.6192242842910403e-02
   5.1884360789451307e-02
   5.8352004734424028e-02
   6.5691045888374544e-02
   7.4009928730343941e-02
   8.3431078964195979e-02
   9.4092425056845438e-02
   1.0614901417642630e-01
   1.1977468665369820e-01
   1.3516374825740868e-01
   1.5253254321936560e-01
   1.7212077846777224e-01
   1.9419237481663360e-01
   2.1903551605450994e-01
   2.4696142235441312e-01
   2.7830117933908255e-01
   3.1339969809915841e-01
   3.5260555844738722e-01
