   2.0097366499455096e+00
   1.8977693538078404e+00
   1.7323605822750490e+00
   1.5382198602058486e+00
   1.3373944663005781e+00
   1.1456452072023646e+00
   9.7218549940197074e-01
   8.2113060324532339e-01
   6.9328712652893765e-01
   5.8762865810741483e-01
   5.0230720905009674e-01
   4.3527036882471348e-01
   3.8460527582168580e-01
   3.4871423822626185e-01
   3.2639547446830613e-01
   3.1687512025502990e-01
   3.1981727759741557e-01
   3.3532611126331568e-01
   3.6394533760909648e-01
   4.0665349431815584e-01
   4.6484590087713906e-01
   5.4028392909503964e-01
   6.3497659967232734e-01
   7.5093637960592308e-01
   8.8972072371297839e-01
   1.0516427683414569e+00
   1.2345408747127438e+00
   1.4321123829854883e+00
   1.6321611070371373e+00
   1.8157464640717214e+00
   1.9588613042988909e+00
   2.0379176808072246e+00
   2.0379176808072232e+00
   1.9588613042988869e+00
   1.8157464640717156e+00
   1.6321611070371307e+00
   1.4321123829854812e+00
   1.2345408747127373e+00
   1.0516427683414511e+00
   8.8972072371297317e-01
   7.5093637960591852e-01
   6.3497659967232334e-01
   5.4028392909503631e-01
   4.6484590087713623e-01
   4.0665349431815345e-01
   3.6394533760909431e-01
   3.3532611126331391e-01
   3.1981727759741396e-01
   3.1687512025502840e-01
   3.2639547446830464e-01
   3.4871423822626046e-01
   3.8460527582168441e-01
   4.3527036882471204e-01
   5.0230720905009518e-01
   5.8762865810741316e-01
   6.9328712652893587e-01
   8.2113060324532161e-01
   9.7218549940196874e-01
   1.1456452072023628e+00
   1.3373944663005761e+00
   1.5382198602058468e+00
   1.7323605822750476e+00
   1.8977693538078395e+00
   2.0097366499455092e+00
   2.0680857875584775e+00
   2.0579998805866864e+00
   1.9616967997355859e+00
   1.7983988513475824e+00
   1.5957678135678386e+00
   1.3801856821102327e+00
   1.1711116049325718e+00
   9.8005338100527351e-01
   8.1212785161512446e-01
   6.6825963172633185e-01
   5.4703350398800388e-01
   4.4595390038973887e-01
   3.6219340689218432e-01
   2.9298943598028515e-01
   2.3582637604979448e-01
   1.8849758626577642e-01
   1.4910510478492228e-01
   1.1603005012265627e-01
   8.7891417106963340e-02
   6.3502152774200502e-02
   4.7344337613951168e-02
   3.8655954405031431e-02
   3.1561594429327405e-02
   2.5769016576401450e-02
   2.1039466501288233e-02
   1.7177929800038939e-02
   1.4025142103955083e-02
   1.1451048261373617e-02
   9.3494526093267100e-03
   7.6336460619700619e-03
   6.2328330968657196e-03
   5.0892131197707042e-03
   4.1555968160879933e-03
   3.3934596968576885e-03
   2.7713528286416752e-03
   2.2636053346850042e-03
   1.8492652178464714e-03
   1.5112348483199923e-03
   1.2355654692491804e-03
   1.0108816228212032e-03
   8.2791175385017388e-04
   6.7910562560271248e-04
   5.5832276292622890e-04
   4.6057906759327611e-04
   3.8184115065858858e-04
   3.1885989534455740e-04
   2.6903638264221664e-04
   2.3031464716588364e-04
   2.0109683789724800e-04
   1.8017728296349157e-04
   1.6669273765297638e-04
   1.6008676266441154e-04
   1.6008676266441154e-04
   1.6669273765297638e-04
   1.8017728296349157e-04
   2.0109683789724800e-04
   2.3031464716588362e-04
   2.6903638264221664e-04
   3.1885989534455734e-04
   3.8184115065858864e-04
   4.6057906759327616e-04
   5.5832276292622901e-04
   6.7910562560271270e-04
   8.2791175385017398e-04
   1.0108816228212034e-03
   1.2355654692491808e-03
   1.5112348483199923e-03
   1.8492652178464714e-03
   2.2636053346850038e-03
   2.7713528286416747e-03
   3.3934596968576885e-03
   4.1555968160879933e-03
   5.0892131197707025e-03
   6.2328330968657187e-03
   7.6336460619700602e-03
   9.3494526093267083e-03
   1.1451048261373614e-02
   1.4025142103955080e-02
   1.7177929800038939e-02
   2.1039466501288229e-02
   2.5769016576401446e-02
   3.1561594429327405e-02
   3.8655954405031438e-02
   4.7344337613951168e-02
