   5.1240338138993535e-01
   4.6201828410450213e-01
   4.1852983997500093e-01
   3.8159783342488074e-01
   3.5086107891531160e-01
   3.2597283149614531e-01
   3.0662407791235885e-01
   2.9255835695882743e-01
   2.8358085037435304e-01
   2.7956369432352091e-01
   2.8044881263540766e-01
   2.8624904657835615e-01
   2.9704791319849455e-01
   3.1299791985644659e-01
   3.3431694971248038e-01
   3.6128176496539943e-01
   3.9421710784336228e-01
   4.3347817964993851e-01
   4.7942343821303285e-01
   5.3237372772696401e-01
   5.9255291982789093e-01
   6.6000490167473247e-01
   7.3448265216466679e-01
   8.1530853116242885e-01
   9.0121243498695502e-01
   9.9016775782970190e-01
   1.0792643313217622e+00
   1.1646789431822513e+00
   1.2418171111198784e+00
   1.3056870047167386e+00
   1.3515109564034704e+00
   1.3754833935772182e+00
   1.3754833935772177e+00
   1.3515109564034693e+00
   1.3056870047167375e+00
   1.2418171111198766e+00
   1.1646789431822493e+00
   1.0792643313217600e+00
   9.9016775782969957e-01
   9.0121243498695258e-01
   8.1530853116242641e-01
   7.3448265216466446e-01
   6.6000490167473014e-01
   5.9255291982788882e-01
   5.3237372772696201e-01
   4.7942343821303113e-01
   4.3347817964993690e-01
   3.9421710784336089e-01
   3.6128176496539827e-01
   3.3431694971247927e-01
   3.1299791985644565e-01
   2.9704791319849372e-01
   2.8624904657835548e-01
   2.8044881263540705e-01
   2.7956369432352041e-01
   2.8358085037435260e-01
   2.9255835695882709e-01
   3.0662407791235852e-01
   3.2597283149614503e-01
   3.5086107891531138e-01
   3.8159783342488057e-01
   4.1852983997500087e-01
   4.6201828410450213e-01
   5.1240338138993535e-01
   5.9979668577570766e-01
   7.2456874097523372e-01
   8.5604787790202053e-01
   9.9189310833931443e-01
   1.1278173052503440e+00
   1.2573323568274750e+00
   1.3719341359283159e+00
   1.4619955600334353e+00
   1.5184428265132479e+00
   1.5348689179946173e+00
   1.5093013009156833e+00
   1.4447889443631461e+00
   1.3485032932465895e+00
   1.2298155340896504e+00
   1.0982242129962121e+00
   9.6183883813273718e-01
   8.2665958188993405e-01
   6.9651412810938096e-01
   5.7337143575393246e-01
   4.5778667027306341e-01
   3.7693718602863735e-01
   3.2984267998511457e-01
   2.8833729432278465e-01
   2.5186033831672638e-01
   2.1987134241798437e-01
   1.9186424487481685e-01
   1.6737448268656657e-01
   1.4598148417876511e-01
   1.2730830011271177e-01
   1.1101954969624801e-01
   9.6818459045774963e-02
   8.4443493209235179e-02
   7.3664895176633702e-02
   6.4281320159284339e-02
   5.6116671418473839e-02
   4.9017191206594576e-02
   4.2848827270896728e-02
   3.7494875219533104e-02
   3.2853885362243429e-02
   2.8837816398798819e-02
   2.5370415535915861e-02
   2.2385803951655552e-02
   1.9827247138496165e-02
   1.7646090991102831e-02
   1.5800846213214398e-02
   1.4256405483738297e-02
   1.2983379715480761e-02
   1.1957541587481822e-02
   1.1159366296254941e-02
   1.0573661137810291e-02
   1.0189277100953546e-02
   9.9988971315968182e-03
   9.9988971315968182e-03
   1.0189277100953546e-02
   1.0573661137810291e-02
   1.1159366296254943e-02
   1.1957541587481824e-02
   1.2983379715480765e-02
   1.4256405483738301e-02
   1.5800846213214401e-02
   1.7646090991102835e-02
   1.9827247138496172e-02
   2.2385803951655563e-02
   2.5370415535915868e-02
   2.8837816398798830e-02
   3.2853885362243443e-02
   3.7494875219533118e-02
   4.2848827270896742e-02
   4.9017191206594583e-02
   5.6116671418473839e-02
   6.4281320159284339e-02
   7.3664895176633702e-02
   8.4443493209235179e-02
   9.6818459045774963e-02
   1.1101954969624801e-01
   1.2730830011271177e-01
   1.4598148417876508e-01
   1.6737448268656657e-01
   1.9186424487481685e-01
   2.1987134241798437e-01
   2.5186033831672638e-01
   2.8833729432278465e-01
   3.2984267998511457e-01
   3.7693718602863729e-01
