   1.7968298700043086e+00
   1.7031454160296275e+00
   1.5722495585506420e+00
   1.4199961331433750e+00
   1.2609237883202540e+00
   1.1061620649372523e+00
   9.6299324146978893e-01
   8.3541600441098551e-01
   7.2505961071638014e-01
   6.3205612910443432e-01
   5.5571750541019005e-01
   4.9500230647317933e-01
   4.4881231236591473e-01
   4.1616930029381066e-01
   3.9631448629009985e-01
   3.8876100417203069e-01
   3.9331883869481021e-01
   4.1010295680086950e-01
   4.3952848954441426e-01
   4.8229065600262094e-01
   5.3932051586286012e-01
   6.1169948409641284e-01
   7.0050512937476395e-01
   8.0654869313154176e-01
   9.2995498136492738e-01
   1.0695390500895379e+00
   1.2219749802170226e+00
   1.3808663362933074e+00
   1.5360439750037949e+00
   1.6736880650420836e+00
   1.7779736347138271e+00
   1.8344852106021972e+00
   1.8344852106021974e+00
   1.7779736347138275e+00
   1.6736880650420844e+00
   1.5360439750037960e+00
   1.3808663362933085e+00
   1.2219749802170239e+00
   1.0695390500895390e+00
   9.2995498136492849e-01
   8.0654869313154287e-01
   7.0050512937476483e-01
   6.1169948409641350e-01
   5.3932051586286067e-01
   4.8229065600262144e-01
   4.3952848954441459e-01
   4.1010295680086978e-01
   3.9331883869481044e-01
   3.8876100417203086e-01
   3.9631448629009991e-01
   4.1616930029381066e-01
   4.4881231236591462e-01
   4.9500230647317917e-01
   5.5571750541018983e-01
   6.3205612910443398e-01
   7.2505961071637959e-01
   8.3541600441098496e-01
   9.6299324146978837e-01
   1.1061620649372517e+00
   1.2609237883202533e+00
   1.4199961331433744e+00
   1.5722495585506417e+00
   1.7031454160296275e+00
   1.7968298700043086e+00
   1.8622341324740883e+00
   1.8866337890093461e+00
   1.8434122528217654e+00
   1.7400625173803372e+00
   1.5928443156962957e+00
   1.4211001895095561e+00
   1.2421865843326885e+00
   1.0688441172783725e+00
   9.0885893097661319e-01
   7.6598301747263031e-01
   6.4119264874407256e-01
   5.3379330631748867e-01
   4.4221922142158493e-01
   3.6454600504516727e-01
   2.9878892962527159e-01
   2.4305921020682353e-01
   1.9563335089226228e-01
   1.5497250199428622e-01
   1.1971479500554669e-01
   8.8654152524285892e-02
   6.7825859688865689e-02
   5.6414935906629091e-02
   4.6922438507911314e-02
   3.9026456233734783e-02
   3.2458842341647455e-02
   2.6996344525028138e-02
   2.2453151836759028e-02
   1.8674652407125854e-02
   1.5532216768396404e-02
   1.2918844883706999e-02
   1.0745537689875712e-02
   8.9382747816870358e-03
   7.4354982905462819e-03
   6.1860189750259807e-03
   5.1472741878521681e-03
   4.2838789475165813e-03
   3.5664210841068523e-03
   2.9704596035686260e-03
   2.4756922569679797e-03
   2.0652640192106550e-03
   1.7251929553333243e-03
   1.4438939361624803e-03
   1.2117839897334830e-03
   1.0209558508637463e-03
   8.6490859165579549e-04
   7.3832615859937255e-04
   6.3689627300783245e-04
   5.5716352602483031e-04
   4.9641166402320110e-04
   4.5257105446251471e-04
   4.2414817998811784e-04
   4.1017475892907856e-04
   4.1017475892907856e-04
   4.2414817998811779e-04
   4.5257105446251466e-04
   4.9641166402320100e-04
   5.5716352602483020e-04
   6.3689627300783245e-04
   7.3832615859937244e-04
   8.6490859165579549e-04
   1.0209558508637463e-03
   1.2117839897334832e-03
   1.4438939361624803e-03
   1.7251929553333248e-03
   2.0652640192106550e-03
   2.4756922569679797e-03
   2.9704596035686256e-03
   3.5664210841068519e-03
   4.2838789475165805e-03
   5.1472741878521673e-03
   6.1860189750259807e-03
   7.4354982905462819e-03
   8.9382747816870358e-03
   1.0745537689875712e-02
   1.2918844883707000e-02
   1.5532216768396405e-02
   1.8674652407125854e-02
   2.2453151836759028e-02
   2.6996344525028144e-02
   3.2458842341647462e-02
   3.9026456233734790e-02
   4.6922438507911321e-02
   5.6414935906629105e-02
   6.7825859688865703e-02
