   7.6933525380213352e-01
   7.2180895464722872e-01
   6.7762261414324998e-01
   6.3737948656088683e-01
   6.0149558821525373e-01
   5.7024095172320621e-01
   5.4377759536192616e-01
   5.2219218996229144e-01
   5.0552271812382843e-01
   4.9377919466738912e-01
   4.8695888873073334e-01
   4.8505658689983872e-01
   4.8807036621859334e-01
   4.9600317890833029e-01
   5.0886033653677276e-01
   5.2664275533180449e-01
   5.4933561746533599e-01
   5.7689195289978368e-01
   6.0921060676544736e-01
   6.4610820771348376e-01
   6.8728520309568930e-01
   7.3228691137261559e-01
   7.8046199153708051e-01
   8.3092280616598946e-01
   8.8251474076486447e-01
   9.3380418574937529e-01
   9.8309666683776098e-01
   1.0284961388288876e+00
   1.0680122189183003e+00
   1.0997132628435931e+00
   1.1219105455339176e+00
   1.1333457434474399e+00
   1.1333457434474399e+00
   1.1219105455339178e+00
   1.0997132628435933e+00
   1.0680122189183008e+00
   1.0284961388288880e+00
   9.8309666683776131e-01
   9.3380418574937563e-01
   8.8251474076486480e-01
   8.3092280616598990e-01
   7.8046199153708096e-01
   7.3228691137261603e-01
   6.8728520309568963e-01
   6.4610820771348398e-01
   6.0921060676544758e-01
   5.7689195289978390e-01
   5.4933561746533610e-01
   5.2664275533180460e-01
   5.0886033653677287e-01
   4.9600317890833040e-01
   4.8807036621859334e-01
   4.8505658689983866e-01
   4.8695888873073323e-01
   4.9377919466738895e-01
   5.0552271812382821e-01
   5.2219218996229122e-01
   5.4377759536192583e-01
   5.7024095172320588e-01
   6.0149558821525340e-01
   6.3737948656088650e-01
   6.7762261414324965e-01
   7.2180895464722861e-01
   7.6933525380213352e-01
   8.4531826058826764e-01
   9.4803504006483741e-01
   1.0481405656065934e+00
   1.1411701469881921e+00
   1.2218472886721243e+00
   1.2846400161930460e+00
   1.3245854516705078e+00
   1.3382120244664006e+00
   1.3242778460576190e+00
   1.2840524975097776e+00
   1.2210290626051579e+00
   1.1401820025410911e+00
   1.0470446051835995e+00
   9.4688674775418857e-01
   8.4416200630384730e-01
   7.4225511721788373e-01
   6.4346731039053240e-01
   5.4914517936576890e-01
   4.5986959079279405e-01
   3.7564862317238118e-01
   3.1633914107825978e-01
   2.8131417452016672e-01
   2.4998706985906427e-01
   2.2202624003253141e-01
   1.9711165589955951e-01
   1.7494116250379824e-01
   1.5523392968220406e-01
   1.3773194048641213e-01
   1.2220017620957391e-01
   1.0842596844212803e-01
   9.6217847778836185e-02
   8.5404115857498270e-02
   7.5831293458489185e-02
   6.7362545054527795e-02
   5.9876143657022270e-02
   5.3264014635256859e-02
   4.7430380103301119e-02
   4.2290514081248010e-02
   3.7769611218124811e-02
   3.3801767185795771e-02
   3.0329066049693532e-02
   2.7300768386170987e-02
   2.4672593225480353e-02
   2.2406086762480699e-02
   2.0468070994715336e-02
   1.8830165884363797e-02
   1.7468379206405159e-02
   1.6362758880798911e-02
   1.5497103253667693e-02
   1.4858725468113711e-02
   1.4438268736204050e-02
   1.4229569983398405e-02
   1.4229569983398404e-02
   1.4438268736204046e-02
   1.4858725468113705e-02
   1.5497103253667684e-02
   1.6362758880798897e-02
   1.7468379206405146e-02
   1.8830165884363783e-02
   2.0468070994715322e-02
   2.2406086762480681e-02
   2.4672593225480332e-02
   2.7300768386170966e-02
   3.0329066049693508e-02
   3.3801767185795743e-02
   3.7769611218124791e-02
   4.2290514081247975e-02
   4.7430380103301091e-02
   5.3264014635256839e-02
   5.9876143657022242e-02
   6.7362545054527767e-02
   7.5831293458489157e-02
   8.5404115857498242e-02
   9.6217847778836144e-02
   1.0842596844212797e-01
   1.2220017620957385e-01
   1.3773194048641207e-01
   1.5523392968220401e-01
   1.7494116250379818e-01
   1.9711165589955945e-01
   2.2202624003253135e-01
   2.4998706985906416e-01
   2.8131417452016666e-01
   3.1633914107825972e-01
