   1.9004045725349055e+00
   1.7983556026452703e+00
   1.6515020128970468e+00
   1.4796310695265469e+00
   1.3006955672519325e+00
   1.1280236123587786e+00
   9.6990269391327422e-01
   8.3049519973449681e-01
   7.1112949142073933e-01
   6.1144752822847837e-01
   5.3024407056322553e-01
   4.6601268386761002e-01
   4.1727228647658310e-01
   3.8274896089884258e-01
   3.6147022568289877e-01
   3.5281009858243079e-01
   3.5650833131692117e-01
   3.7267643944418599e-01
   4.0179525259359938e-01
   4.4470199686802581e-01
   5.0255770132651145e-01
   5.7677630254199130e-01
   6.6888365432894792e-01
   7.8025711055392610e-01
   9.1167709917692141e-01
   1.0626124400040371e+00
   1.2301901669415063e+00
   1.4079234453511502e+00
   1.5845541222136912e+00
   1.7437990252341879e+00
   1.8660944654431924e+00
   1.9329684751304170e+00
   1.9329684751304141e+00
   1.8660944654431848e+00
   1.7437990252341771e+00
   1.5845541222136779e+00
   1.4079234453511364e+00
   1.2301901669414927e+00
   1.0626124400040244e+00
   9.1167709917691020e-01
   7.8025711055391633e-01
   6.6888365432893959e-01
   5.7677630254198420e-01
   5.0255770132650546e-01
   4.4470199686802087e-01
   4.0179525259359533e-01
   3.7267643944418277e-01
   3.5650833131691861e-01
   3.5281009858242879e-01
   3.6147022568289738e-01
   3.8274896089884169e-01
   4.1727228647658271e-01
   4.6601268386761013e-01
   5.3024407056322620e-01
   6.1144752822847936e-01
   7.1112949142074100e-01
   8.3049519973449881e-01
   9.6990269391327677e-01
   1.1280236123587817e+00
   1.3006955672519356e+00
   1.4796310695265500e+00
   1.6515020128970497e+00
   1.7983556026452723e+00
   1.9004045725349064e+00
   1.9624762099734256e+00
   1.9707905464458773e+00
   1.9025438686059266e+00
   1.7704458673647234e+00
   1.5961101027026059e+00
   1.4024312212512613e+00
   1.2080457546639525e+00
   1.0253118253216336e+00
   8.6083577857496418e-01
   7.1702983915944918e-01
   5.9369495973422026e-01
   4.8922946570833825e-01
   4.0142004738957149e-01
   3.2790506721599760e-01
   2.6641830177335768e-01
   2.1489900792885103e-01
   1.7152627893027572e-01
   1.3471340310317559e-01
   1.0308288236260887e-01
   7.5433413907524977e-02
   5.6999660913761990e-02
   4.6990747443646369e-02
   3.8738594687517426e-02
   3.1935222161405319e-02
   2.6326487315452413e-02
   2.1702743570750270e-02
   1.7891088993989657e-02
   1.4748948348547094e-02
   1.2158766730003021e-02
   1.0023626503024342e-02
   8.2636292756595522e-03
   6.8129107374106509e-03
   5.6171784489342184e-03
   4.6316814455956475e-03
   3.8195362315369239e-03
   3.1503468291763548e-03
   2.5990674144846420e-03
   2.1450650691683783e-03
   1.7713476267598666e-03
   1.4639277440277915e-03
   1.2112994139088164e-03
   1.0040073368527702e-03
   8.3429303862122032e-04
   6.9580449259976855e-04
   5.8335838015741322e-04
   4.9274609195027776e-04
   4.2057620976741961e-04
   3.6414757366385307e-04
   3.2134818373214560e-04
   2.9057615272275238e-04
   2.7067975099610798e-04
   2.6091429984998187e-04
   2.6091429984998187e-04
   2.7067975099610793e-04
   2.9057615272275238e-04
   3.2134818373214549e-04
   3.6414757366385291e-04
   4.2057620976741934e-04
   4.9274609195027743e-04
   5.8335838015741279e-04
   6.9580449259976800e-04
   8.3429303862121978e-04
   1.0040073368527695e-03
   1.2112994139088162e-03
   1.4639277440277913e-03
   1.7713476267598664e-03
   2.1450650691683779e-03
   2.5990674144846420e-03
   3.1503468291763552e-03
   3.8195362315369239e-03
   4.6316814455956493e-03
   5.6171784489342192e-03
   6.8129107374106518e-03
   8.2636292756595540e-03
   1.0023626503024343e-02
   1.2158766730003021e-02
   1.4748948348547090e-02
   1.7891088993989654e-02
   2.1702743570750270e-02
   2.6326487315452413e-02
   3.1935222161405326e-02
   3.8738594687517433e-02
   4.6990747443646376e-02
   5.6999660913761990e-02
