   6.4722048225050544e-01
   5.9969432921443999e-01
   5.5712421743370533e-01
   5.1968720918596156e-01
   4.8744221897803830e-01
   4.6037223901443952e-01
   4.3841756967418777e-01
   4.2150103133835093e-01
   4.0954641996473545e-01
   4.0249143755606787e-01
   4.0029613013626719e-01
   4.0294759060551261e-01
   4.1046137986073755e-01
   4.2287980786320062e-01
   4.4026690356109871e-01
   4.6269959117044435e-01
   4.9025428782518943e-01
   5.2298786699860444e-01
   5.6091174464109483e-01
   6.0395783613549858e-01
   6.5193545830897015e-01
   7.0447913894401537e-01
   7.6098902985229411e-01
   8.2056846923121107e-01
   8.8196729901644499e-01
   9.4354444522090575e-01
   1.0032678141229343e+00
   1.0587714528605350e+00
   1.1074860346373807e+00
   1.1468463166776404e+00
   1.1745582420737619e+00
   1.1888838065124048e+00
   1.1888838065124050e+00
   1.1745582420737624e+00
   1.1468463166776415e+00
   1.1074860346373820e+00
   1.0587714528605365e+00
   1.0032678141229361e+00
   9.4354444522090752e-01
   8.8196729901644688e-01
   8.2056846923121285e-01
   7.6098902985229600e-01
   7.0447913894401704e-01
   6.5193545830897170e-01
   6.0395783613550003e-01
   5.6091174464109606e-01
   5.2298786699860567e-01
   4.9025428782519054e-01
   4.6269959117044535e-01
   4.4026690356109960e-01
   4.2287980786320151e-01
   4.1046137986073838e-01
   4.0294759060551333e-01
   4.0029613013626786e-01
   4.0249143755606848e-01
   4.0954641996473606e-01
   4.2150103133835143e-01
   4.3841756967418816e-01
   4.6037223901443997e-01
   4.8744221897803869e-01
   5.1968720918596190e-01
   5.5712421743370555e-01
   5.9969432921444021e-01
   6.4722048225050555e-01
   7.2639318547763276e-01
   8.3639050588709218e-01
   9.4787335007909790e-01
   1.0572688032104554e+00
   1.1596976455558021e+00
   1.2492180345020840e+00
   1.3194457253472696e+00
   1.3645358030577204e+00
   1.3803264794325774e+00
   1.3652821398271677e+00
   1.3208667419745006e+00
   1.2511875423449967e+00
   1.1620619967178343e+00
   1.0598740986432014e+00
   9.5058550212885762e-01
   8.3910565233112144e-01
   7.2903980324067341e-01
   6.2271911440348027e-01
   5.2138734743408055e-01
   4.2544161548065651e-01
   3.5777244851453743e-01
   3.1776618371717519e-01
   2.8197042164804242e-01
   2.5002754492055784e-01
   2.2158298471070628e-01
   1.9629605181567486e-01
   1.7384638364855534e-01
   1.5393733925617253e-01
   1.3629732885120299e-01
   1.2067979028531897e-01
   1.0686231619748328e-01
   9.4645281169146139e-02
   8.3850206437961872e-02
   7.4318020196123782e-02
   6.5907315762875424e-02
   5.8492671399555725e-02
   5.1963069290637577e-02
   4.6220433619073895e-02
   4.1178296100419898e-02
   3.6760589941179200e-02
   3.2900568635722632e-02
   2.9539843391793899e-02
   2.6627531637700451e-02
   2.4119508574402575e-02
   2.1977753791961568e-02
   2.0169785368526798e-02
   1.8668174475002079e-02
   1.7450134230053409e-02
   1.6497177330500958e-02
   1.5794837785540958e-02
   1.5332452888694875e-02
   1.5103002357944061e-02
   1.5103002357944061e-02
   1.5332452888694876e-02
   1.5794837785540958e-02
   1.6497177330500962e-02
   1.7450134230053416e-02
   1.8668174475002085e-02
   2.0169785368526805e-02
   2.1977753791961568e-02
   2.4119508574402572e-02
   2.6627531637700451e-02
   2.9539843391793892e-02
   3.2900568635722625e-02
   3.6760589941179186e-02
   4.1178296100419884e-02
   4.6220433619073888e-02
   5.1963069290637563e-02
   5.8492671399555718e-02
   6.5907315762875424e-02
   7.4318020196123769e-02
   8.3850206437961872e-02
   9.4645281169146139e-02
   1.0686231619748329e-01
   1.2067979028531899e-01
   1.3629732885120299e-01
   1.5393733925617259e-01
   1.7384638364855537e-01
   1.9629605181567494e-01
   2.2158298471070637e-01
   2.5002754492055790e-01
   2.8197042164804254e-01
   3.1776618371717524e-01
   3.5777244851453743e-01
