   6.2962625319573207e-01
   5.8189894386386376e-01
   5.3936296555977514e-01
   5.0213471692917400e-01
   4.7022314658708037e-01
   4.4357163008179262e-01
   4.2209027573838981e-01
   4.0568000430668566e-01
   3.9424988726751703e-01
   3.8772909481749263e-01
   3.8607453927028423e-01
   3.8927498319167558e-01
   3.9735205247839639e-01
   4.1035826600907660e-01
   4.2837186589694137e-01
   4.5148790318000448e-01
   4.7980470636346301e-01
   5.1340455429052467e-01
   5.5232714012396300e-01
   5.9653434754173218e-01
   6.4586512986752598e-01
   6.9998013805463410e-01
   7.5829751058553163e-01
   8.1992425426415538e-01
   8.8359208448955817e-01
   9.4761214864044618e-01
   1.0098684911854612e+00
   1.0678729057297787e+00
   1.1189003138481908e+00
   1.1602105892605266e+00
   1.1893393020277747e+00
   1.2044115498371022e+00
   1.2044115498371024e+00
   1.1893393020277756e+00
   1.1602105892605279e+00
   1.1189003138481926e+00
   1.0678729057297809e+00
   1.0098684911854634e+00
   9.4761214864044863e-01
   8.8359208448956061e-01
   8.1992425426415783e-01
   7.5829751058553396e-01
   6.9998013805463621e-01
   6.4586512986752798e-01
   5.9653434754173407e-01
   5.5232714012396467e-01
   5.1340455429052623e-01
   4.7980470636346445e-01
   4.5148790318000576e-01
   4.2837186589694254e-01
   4.1035826600907760e-01
   3.9735205247839733e-01
   3.8927498319167642e-01
   3.8607453927028490e-01
   3.8772909481749318e-01
   3.9424988726751753e-01
   4.0568000430668599e-01
   4.2209027573839009e-01
   4.4357163008179290e-01
   4.7022314658708048e-01
   5.0213471692917400e-01
   5.3936296555977503e-01
   5.8189894386386365e-01
   6.2962625319573207e-01
   7.0956891859796611e-01
   8.2103960729405989e-01
   9.3460080880562546e-01
   1.0468149936222386e+00
   1.1528653913897313e+00
   1.2467488240136273e+00
   1.3218570246535832e+00
   1.3719585702583585e+00
   1.3924023394951790e+00
   1.3811725938941302e+00
   1.3393851557979191e+00
   1.2710099132887458e+00
   1.1819413260145393e+00
   1.0787941540423140e+00
   9.6782827255670822e-01
   8.5424389995909045e-01
   7.4188421046891140e-01
   6.3324911719344379e-01
   5.2968521560257664e-01
   4.3163902899916279e-01
   3.6251008573189430e-01
   3.2167027637069012e-01
   2.8515820312630802e-01
   2.5260442617162893e-01
   2.2364230857371267e-01
   1.9791951498094790e-01
   1.7510483740710997e-01
   1.5489177632819284e-01
   1.3699993249776851e-01
   1.2117496968633398e-01
   1.0718768426814369e-01
   9.4832552088698646e-02
   8.3926003595635304e-02
   7.4304593505072208e-02
   6.5823172106494604e-02
   5.8353124563517572e-02
   5.1780716915359626e-02
   4.6005569024547180e-02
   4.0939262644197713e-02
   3.6504085100015293e-02
   3.2631904396558428e-02
   2.9263168887713971e-02
   2.6346023322224896e-02
   2.3835532623107693e-02
   2.1693004869455274e-02
   1.9885405407889790e-02
   1.8384854687308272e-02
   1.7168203191922794e-02
   1.6216677684759130e-02
   1.5515593830342633e-02
   1.5054131120292840e-02
   1.4825166868360284e-02
   1.4825166868360285e-02
   1.5054131120292847e-02
   1.5515593830342640e-02
   1.6216677684759144e-02
   1.7168203191922807e-02
   1.8384854687308289e-02
   1.9885405407889814e-02
   2.1693004869455298e-02
   2.3835532623107728e-02
   2.6346023322224930e-02
   2.9263168887714006e-02
   3.2631904396558463e-02
   3.6504085100015342e-02
   4.0939262644197762e-02
   4.6005569024547222e-02
   5.1780716915359667e-02
   5.8353124563517621e-02
   6.5823172106494646e-02
   7.4304593505072236e-02
   8.3926003595635332e-02
   9.4832552088698702e-02
   1.0718768426814372e-01
   1.2117496968633404e-01
   1.3699993249776857e-01
   1.5489177632819287e-01
   1.7510483740711003e-01
   1.9791951498094795e-01
   2.2364230857371273e-01
   2.5260442617162904e-01
   2.8515820312630807e-01
   3.2167027637069029e-01
   3.6251008573189436e-01
