   1.1743644463544993e+00
   1.1155618631597226e+00
   1.0516278198467905e+00
   9.8566520672246993e-01
   9.2035461564273913e-01
   8.5786133624709937e-01
   7.9983172742393516e-01
   7.4744698646267038e-01
   7.0150524492002386e-01
   6.6251064981120578e-01
   6.3075630622984624e-01
   6.0639451095078944e-01
   5.8949204399311317e-01
   5.8007067920227684e-01
   5.7813406288661084e-01
   5.8368220352778766e-01
   5.9671440402423159e-01
   6.1722081867112122e-01
   6.4516212298702336e-01
   6.8043622253883318e-01
   7.2283071918433595e-01
   7.7196032163881434e-01
   8.2718998418987488e-01
   8.8754782873289828e-01
   9.5163731235667104e-01
   1.0175656076164585e+00
   1.0829135416162050e+00
   1.1447785191808439e+00
   1.1999203209790370e+00
   1.2450245603126937e+00
   1.2770672960790044e+00
   1.2937229144941131e+00
   1.2937229144941131e+00
   1.2770672960790044e+00
   1.2450245603126937e+00
   1.1999203209790372e+00
   1.1447785191808444e+00
   1.0829135416162055e+00
   1.0175656076164592e+00
   9.5163731235667171e-01
   8.8754782873289906e-01
   8.2718998418987555e-01
   7.7196032163881501e-01
   7.2283071918433683e-01
   6.8043622253883396e-01
   6.4516212298702424e-01
   6.1722081867112222e-01
   5.9671440402423237e-01
   5.8368220352778855e-01
   5.7813406288661173e-01
   5.8007067920227773e-01
   5.8949204399311395e-01
   6.0639451095079022e-01
   6.3075630622984702e-01
   6.6251064981120666e-01
   7.0150524492002464e-01
   7.4744698646267127e-01
   7.9983172742393593e-01
   8.5786133624710015e-01
   9.2035461564273979e-01
   9.8566520672247049e-01
   1.0516278198467912e+00
   1.1155618631597231e+00
   1.1743644463544995e+00
   1.2508291611499978e+00
   1.3394289080427839e+00
   1.4069134316812841e+00
   1.4470038595309314e+00
   1.4556084163290397e+00
   1.4318127759122050e+00
   1.3781141432130142e+00
   1.2997928502519414e+00
   1.2037005542474652e+00
   1.0969424453431780e+00
   9.8585294242999921e-01
   8.7543276232987477e-01
   7.6920537788485877e-01
   6.6934971376891894e-01
   5.7696162787166649e-01
   4.9233907260837273e-01
   4.1523408837077891e-01
   3.4505050045454344e-01
   2.8098667685917988e-01
   2.2213177806175724e-01
   1.8142684138245060e-01
   1.5802508131081056e-01
   1.3761126142130953e-01
   1.1981540601727811e-01
   1.0430954126876243e-01
   9.0804296707351545e-02
   7.9045258906114094e-02
   6.8809339650068968e-02
   5.9901311022943958e-02
   5.2150588775005079e-02
   4.5408300336513739e-02
   3.9544646107726421e-02
   3.4446546218013872e-02
   3.0015555797030687e-02
   2.6166027278509731e-02
   2.2823496610756559e-02
   1.9923270335616923e-02
   1.7409191583364556e-02
   1.5232564646109359e-02
   1.3351219644060715e-02
   1.1728700708765650e-02
   1.0333562970614902e-02
   9.1387653970430582e-03
   8.1211481553135380e-03
   7.2609846604061749e-03
   6.5415998162848118e-03
   5.9490471761404996e-03
   5.4718388460129053e-03
   5.1007229500966171e-03
   4.8285043792340278e-03
   4.6499053707406701e-03
   4.5614632316077017e-03
   4.5614632316077017e-03
   4.6499053707406693e-03
   4.8285043792340269e-03
   5.1007229500966153e-03
   5.4718388460129044e-03
   5.9490471761404987e-03
   6.5415998162848110e-03
   7.2609846604061749e-03
   8.1211481553135362e-03
   9.1387653970430565e-03
   1.0333562970614897e-02
   1.1728700708765645e-02
   1.3351219644060709e-02
   1.5232564646109354e-02
   1.7409191583364545e-02
   1.9923270335616913e-02
   2.2823496610756552e-02
   2.6166027278509720e-02
   3.0015555797030677e-02
   3.4446546218013865e-02
   3.9544646107726407e-02
   4.5408300336513725e-02
   5.2150588775005065e-02
   5.9901311022943944e-02
   6.8809339650068968e-02
   7.9045258906114066e-02
   9.0804296707351531e-02
   1.0430954126876242e-01
   1.1981540601727808e-01
   1.3761126142130947e-01
   1.5802508131081053e-01
   1.8142684138245060e-01
