   5.7469989370341101e-01
   5.2599639699949663e-01
   4.8324685138425216e-01
   4.4636926622707906e-01
   4.1521051823803201e-01
   3.8958627367433468e-01
   3.6930984818294277e-01
   3.5421245438625648e-01
   3.4415695768469051e-01
   3.3904681519549956e-01
   3.3883141460751437e-01
   3.4350859993187721e-01
   3.5312477520167840e-01
   3.6777260246037530e-01
   3.8758593661478535e-01
   4.1273124635139880e-01
   4.4339434364065922e-01
   4.7976078773983910e-01
   5.2198787993139140e-01
   5.7016581895442020e-01
   6.2426553740726409e-01
   6.8407132012121796e-01
   7.4909802231590394e-01
   8.1849620687496272e-01
   8.9095441970402178e-01
   9.6461624945064139e-01
   1.0370396247132876e+00
   1.1052335961729400e+00
   1.1658075787537503e+00
   1.2152524579139803e+00
   1.2503382599623778e+00
   1.2685654035694915e+00
   1.2685654035694911e+00
   1.2503382599623767e+00
   1.2152524579139783e+00
   1.1658075787537474e+00
   1.1052335961729365e+00
   1.0370396247132836e+00
   9.6461624945063718e-01
   8.9095441970401756e-01
   8.1849620687495828e-01
   7.4909802231589961e-01
   6.8407132012121374e-01
   6.2426553740726021e-01
   5.7016581895441654e-01
   5.2198787993138795e-01
   4.7976078773983605e-01
   4.4339434364065633e-01
   4.1273124635139630e-01
   3.8758593661478302e-01
   3.6777260246037324e-01
   3.5312477520167662e-01
   3.4350859993187555e-01
   3.3883141460751293e-01
   3.3904681519549829e-01
   3.4415695768468946e-01
   3.5421245438625559e-01
   3.6930984818294205e-01
   3.8958627367433402e-01
   4.1521051823803157e-01
   4.4636926622707868e-01
   4.8324685138425189e-01
   5.2599639699949641e-01
   5.7469989370341101e-01
   6.5763756511492077e-01
   7.7457206539138745e-01
   8.9559505652157456e-01
   1.0177248367758149e+00
   1.1363560326776334e+00
   1.2452731159489081e+00
   1.3370845320593987e+00
   1.4041889303860720e+00
   1.4401802839186502e+00
   1.4413124183738573e+00
   1.4074638926492558e+00
   1.3421705576353076e+00
   1.2517104351313368e+00
   1.1436538225018125e+00
   1.0254401263908182e+00
   9.0337803068983202e-01
   7.8217937198344900e-01
   6.6492409635068972e-01
   5.5327755073238527e-01
   4.4780298404714536e-01
   3.7360701442287303e-01
   3.2996490817763735e-01
   2.9112507673916210e-01
   2.5665762512853357e-01
   2.2613830170567920e-01
   1.9916186266997385e-01
   1.7534971803987703e-01
   1.5435368302145605e-01
   1.3585715928102551e-01
   1.1957468292738946e-01
   1.0525048704741451e-01
   9.2656517428232429e-02
   8.1590191925061617e-02
   7.1872090848960138e-02
   6.3343695154978674e-02
   5.5865241600548309e-02
   4.9313732456536474e-02
   4.3581116802013625e-02
   3.8572647400696457e-02
   3.4205409191157561e-02
   3.0407010833204327e-02
   2.7114428382790868e-02
   2.4272989232912937e-02
   2.1835484430497164e-02
   1.9761398007879977e-02
   1.8016242820794701e-02
   1.6570993413083431e-02
   1.5401607536874735e-02
   1.4488629087892639e-02
   1.3816866335692977e-02
   1.3375140421083282e-02
   1.3156100151612162e-02
   1.3156100151612162e-02
   1.3375140421083278e-02
   1.3816866335692974e-02
   1.4488629087892630e-02
   1.5401607536874726e-02
   1.6570993413083421e-02
   1.8016242820794687e-02
   1.9761398007879964e-02
   2.1835484430497147e-02
   2.4272989232912916e-02
   2.7114428382790840e-02
   3.0407010833204299e-02
   3.4205409191157526e-02
   3.8572647400696422e-02
   4.3581116802013577e-02
   4.9313732456536426e-02
   5.5865241600548267e-02
   6.3343695154978633e-02
   7.1872090848960082e-02
   8.1590191925061561e-02
   9.2656517428232388e-02
   1.0525048704741445e-01
   1.1957468292738942e-01
   1.3585715928102543e-01
   1.5435368302145597e-01
   1.7534971803987701e-01
   1.9916186266997379e-01
   2.2613830170567914e-01
   2.5665762512853352e-01
   2.9112507673916205e-01
   3.2996490817763724e-01
   3.7360701442287303e-01
