   6.2076141719973366e-01
   5.7291216609352658e-01
   5.3037412526495753e-01
   4.9323276314138204e-01
   4.6147162821159410e-01
   4.3501400367164017e-01
   4.1375471906575834e-01
   3.9758364628208193e-01
   3.8640247303572045e-01
   3.8013616210193318e-01
   3.7874020663307661e-01
   3.8220445563191446e-01
   3.9055394254293035e-01
   4.0384681316513188e-01
   4.2216911395440815e-01
   4.4562586305263763e-01
   4.7432748512560163e-01
   5.0837036509365607e-01
   5.4781001375012350e-01
   5.9262523871251438e-01
   6.4267194843372566e-01
   6.9762604796850924e-01
   7.5691666351195241e-01
   8.1965403404151216e-01
   8.8456105714360800e-01
   9.4992340494106919e-01
   1.0135790879338673e+00
   1.0729716816387067e+00
   1.1252882011321530e+00
   1.1676889670857735e+00
   1.1976119361484971e+00
   1.2131034114396246e+00
   1.2131034114396249e+00
   1.1976119361484980e+00
   1.1676889670857749e+00
   1.1252882011321548e+00
   1.0729716816387089e+00
   1.0135790879338697e+00
   9.4992340494107164e-01
   8.8456105714361044e-01
   8.1965403404151460e-01
   7.5691666351195475e-01
   6.9762604796851158e-01
   6.4267194843372766e-01
   5.9262523871251638e-01
   5.4781001375012528e-01
   5.0837036509365785e-01
   4.7432748512560319e-01
   4.4562586305263902e-01
   4.2216911395440948e-01
   4.0384681316513299e-01
   3.9055394254293135e-01
   3.8220445563191541e-01
   3.7874020663307739e-01
   3.8013616210193391e-01
   3.8640247303572112e-01
   3.9758364628208259e-01
   4.1375471906575878e-01
   4.3501400367164067e-01
   4.6147162821159449e-01
   4.9323276314138237e-01
   5.3037412526495775e-01
   5.7291216609352680e-01
   6.2076141719973377e-01
   7.0112617777044739e-01
   8.1338829484398278e-01
   9.2805073645605041e-01
   1.0417456538564227e+00
   1.1496884158412484e+00
   1.2458438370431337e+00
   1.3234866321751046e+00
   1.3761826205811283e+00
   1.3990229566893913e+00
   1.3897385428996416e+00
   1.3492622331188426e+00
   1.2814942047792475e+00
   1.1923745373005865e+00
   1.0886457645153225e+00
   9.7673041654640047e-01
   8.6198546445405055e-01
   7.4838061814577705e-01
   6.3850387377886730e-01
   5.3375385943834608e-01
   4.3460034291312738e-01
   3.6470661842369190e-01
   3.2343472621729025e-01
   2.8655544745442546e-01
   2.5369218289354706e-01
   2.2447118493869794e-01
   1.9853338591524380e-01
   1.7554139951847311e-01
   1.5518317707303975e-01
   1.3717341166278621e-01
   1.2125347599226867e-01
   1.0719044686457709e-01
   9.4775597586694349e-02
   8.3822616023719237e-02
   7.4165718562112015e-02
   6.5657769286741940e-02
   5.8168471798435373e-02
   5.1582672749153284e-02
   4.5798797300170460e-02
   4.0727424406812977e-02
   3.6290002040539220e-02
   3.2417697729706228e-02
   2.9050377128853881e-02
   2.6135702019084182e-02
   2.3628338724225661e-02
   2.1489268076579086e-02
   1.9685188565465687e-02
   1.8188005007745121e-02
   1.6974395898146161e-02
   1.6025453469014388e-02
   1.5326391377482438e-02
   1.4866315822331846e-02
   1.4638056762667965e-02
   1.4638056762667967e-02
   1.4866315822331848e-02
   1.5326391377482439e-02
   1.6025453469014392e-02
   1.6974395898146168e-02
   1.8188005007745124e-02
   1.9685188565465691e-02
   2.1489268076579096e-02
   2.3628338724225671e-02
   2.6135702019084196e-02
   2.9050377128853895e-02
   3.2417697729706242e-02
   3.6290002040539240e-02
   4.0727424406812998e-02
   4.5798797300170474e-02
   5.1582672749153305e-02
   5.8168471798435394e-02
   6.5657769286741954e-02
   7.4165718562112029e-02
   8.3822616023719251e-02
   9.4775597586694377e-02
   1.0719044686457713e-01
   1.2125347599226870e-01
   1.3717341166278627e-01
   1.5518317707303983e-01
   1.7554139951847317e-01
   1.9853338591524383e-01
   2.2447118493869800e-01
   2.5369218289354706e-01
   2.8655544745442546e-01
   3.2343472621729025e-01
   3.6470661842369184e-01
