   4.5592037622058607e-01
   4.5592037622058601e-01
   4.5592037622058595e-01
   4.5592037622058584e-01
   4.5592037622058568e-01
   4.5592037622058551e-01
   4.5592037622058540e-01
   4.5592037622058523e-01
   4.5592037622058507e-01
   4.5592037622058490e-01
   4.5592037622058468e-01
   4.5592037622058451e-01
   4.5592037622058434e-01
   4.5592037622058412e-01
   4.5592037622058396e-01
   4.5592037622058379e-01
   4.5592037622058357e-01
   4.5592037622058340e-01
   4.5592037622058318e-01
   4.5592037622058301e-01
   4.5592037622058285e-01
   4.5592037622058268e-01
   4.5592037622058257e-01
   4.5592037622058240e-01
   4.5592037622058229e-01
   4.5592037622058218e-01
   4.5592037622058212e-01
   4.5592037622058201e-01
   4.5592037622058190e-01
   4.5592037622058190e-01
   4.5592037622058185e-01
   4.5592037622058190e-01
   4.5592037622058190e-01
   4.5592037622058190e-01
   4.5592037622058196e-01
   4.5592037622058196e-01
   4.5592037622058212e-01
   4.5592037622058224e-01
   4.5592037622058229e-01
   4.5592037622058240e-01
   4.5592037622058257e-01
   4.5592037622058268e-01
   4.5592037622058285e-01
   4.5592037622058307e-01
   4.5592037622058318e-01
   4.5592037622058335e-01
   4.5592037622058357e-01
   4.5592037622058373e-01
   4.5592037622058396e-01
   4.5592037622058412e-01
   4.5592037622058434e-01
   4.5592037622058451e-01
   4.5592037622058468e-01
   4.5592037622058490e-01
   4.5592037622058507e-01
   4.5592037622058518e-01
   4.5592037622058540e-01
   4.5592037622058551e-01
   4.5592037622058562e-01
   4.5592037622058579e-01
   4.5592037622058590e-01
   4.5592037622058601e-01
   4.5592037622058607e-01
   4.5592037622058612e-01
   4.5592037622058618e-01
   4.5592037622058623e-01
   4.5592037622058629e-01
   4.5592037622058640e-01
   4.5592037622058645e-01
   4.5592037622058645e-01
   4.5592037622058645e-01
   4.5592037622058634e-01
   4.5592037622058634e-01
   4.5592037622058634e-01
   4.5592037622058618e-01
   4.5592037622058607e-01
   4.5592037622058595e-01
   4.5592037622058584e-01
   4.5592037622058573e-01
   4.5592037622058551e-01
   4.5592037622058540e-01
   4.5592037622058518e-01
   4.5592037622058496e-01
   4.5592037622058473e-01
   4.5592037622058462e-01
   4.5592037622058462e-01
   4.5592037622058457e-01
   4.5592037622058457e-01
   4.5592037622058451e-01
   4.5592037622058446e-01
   4.5592037622058446e-01
   4.5592037622058440e-01
   4.5592037622058434e-01
   4.5592037622058429e-01
   4.5592037622058418e-01
   4.5592037622058412e-01
   4.5592037622058407e-01
   4.5592037622058401e-01
   4.5592037622058396e-01
   4.5592037622058390e-01
   4.5592037622058390e-01
   4.5592037622058385e-01
   4.5592037622058379e-01
   4.5592037622058373e-01
   4.5592037622058368e-01
   4.5592037622058362e-01
   4.5592037622058357e-01
   4.5592037622058357e-01
   4.5592037622058351e-01
   4.5592037622058351e-01
   4.5592037622058346e-01
   4.5592037622058346e-01
   4.5592037622058340e-01
   4.5592037622058340e-01
   4.5592037622058340e-01
   4.5592037622058346e-01
   4.5592037622058346e-01
   4.5592037622058346e-01
   4.5592037622058351e-01
   4.5592037622058351e-01
   4.5592037622058351e-01
   4.5592037622058357e-01
   4.5592037622058357e-01
   4.5592037622058362e-01
   4.5592037622058362e-01
   4.5592037622058368e-01
   4.5592037622058373e-01
   4.5592037622058379e-01
   4.5592037622058385e-01
   4.5592037622058385e-01
   4.5592037622058390e-01
   4.5592037622058396e-01
   4.5592037622058401e-01
   4.5592037622058407e-01
   4.5592037622058412e-01
   4.5592037622058418e-01
   4.5592037622058423e-01
   4.5592037622058429e-01
   4.5592037622058434e-01
   4.5592037622058440e-01
   4.5592037622058446e-01
   4.5592037622058451e-01
   4.5592037622058446e-01
   4.5592037622058451e-01
   4.5592037622058457e-01
   4.5592037622058457e-01
   4.5592037622058462e-01
   4.5592037622058462e-01
