  -5.6268825815509516e+00
  -5.5708877590518826e+00
  -5.5154797206156996e+00
  -5.2869319444424381e+00
  -4.9414375104614328e+00
  -4.6999096094779578e+00
  -4.5441673509529270e+00
  -4.4063925243413271e+00
  -4.2533305136614450e+00
  -4.0940254006576264e+00
  -3.9509737102052567e+00
  -3.8284354174876944e+00
  -3.7187274450630987e+00
  -3.6161054561121775e+00
  -3.5205704924580230e+00
  -3.4342562859737313e+00
  -3.3576964146354022e+00
  -3.2897724385657972e+00
  -3.2292510517227400e+00
  -3.1755034753193199e+00
  -3.1282309822800647e+00
  -3.0870454856438458e+00
  -3.0513997471222059e+00
  -3.0207345637180563e+00
  -2.9945790195342381e+00
  -2.9725411312386081e+00
  -2.9542658816503411e+00
  -2.9394207893392572e+00
  -2.9277050475573532e+00
  -2.9188569873823251e+00
  -2.9126512883374529e+00
  -2.9088925888617867e+00
  -2.9074116006021979e+00
  -2.9080635214888026e+00
  -2.9107263973887463e+00
  -2.9152988382723262e+00
  -2.9216979023000467e+00
  -2.9298576157857221e+00
  -2.9397278608761166e+00
  -2.9512733176057289e+00
  -2.9644725052158725e+00
  -2.9651370755293969e+00
  -2.9793171018366604e+00
  -2.9958115652652926e+00
  -3.0139729415089045e+00
  -3.0338307861786493e+00
  -3.0554272232471789e+00
  -3.0788171894145879e+00
  -3.1040688652907620e+00
  -3.1312642574653973e+00
  -3.1604999028922385e+00
  -3.1918876879030593e+00
  -3.2255557727104773e+00
  -3.2616495872919273e+00
  -3.3003328343764133e+00
  -3.3417884074928175e+00
  -3.3862190972307742e+00
  -3.4338479049497375e+00
  -3.4849177066495649e+00
  -3.5396899143066007e+00
  -3.5984416740353602e+00
  -3.6614610311718812e+00
  -3.7290394073651134e+00
  -3.8014607252354828e+00
  -3.8789866641924182e+00
  -3.9618379443315694e+00
  -4.0501723175148499e+00
  -4.1440611266087570e+00
  -4.2434677232089619e+00
  -4.3482322691050497e+00
  -4.4580677713853358e+00
  -4.5725709025357588e+00
  -4.6912480626210744e+00
  -4.8135530874546832e+00
  -4.9389297009662023e+00
  -5.0668508795275722e+00
  -5.1968491454981027e+00
  -5.3285353034205372e+00
