   4.0400766552741652e-01
   3.8260306036392527e-01
   3.6477955432198139e-01
   3.5046399154914742e-01
   3.3958787767202020e-01
   3.3209360360129142e-01
   3.2793876069993522e-01
   3.2709890488479920e-01
   3.2956901523192006e-01
   3.3536378241291243e-01
   3.4451675422193184e-01
   3.5707825792364545e-01
   3.7311191013311990e-01
   3.9268941357642312e-01
   4.1588322853954846e-01
   4.4275660272621320e-01
   4.7335036306844319e-01
   5.0766584638238887e-01
   5.4564342031245594e-01
   5.8713629153066238e-01
   6.3187980642988617e-01
   6.7945732421250271e-01
   7.2926506980223249e-01
   7.8048016581139135e-01
   8.3203814391504261e-01
   8.8262821443756467e-01
   9.3071564115096383e-01
   9.7459963628346147e-01
   1.0125111751776323e+00
   1.0427475735872009e+00
   1.0638305065258331e+00
   1.0746641290180310e+00
   1.0746641290180310e+00
   1.0638305065258331e+00
   1.0427475735872009e+00
   1.0125111751776321e+00
   9.7459963628346113e-01
   9.3071564115096339e-01
   8.8262821443756401e-01
   8.3203814391504205e-01
   7.8048016581139068e-01
   7.2926506980223194e-01
   6.7945732421250205e-01
   6.3187980642988562e-01
   5.8713629153066182e-01
   5.4564342031245539e-01
   5.0766584638238832e-01
   4.7335036306844269e-01
   4.4275660272621287e-01
   4.1588322853954812e-01
   3.9268941357642284e-01
   3.7311191013311956e-01
   3.5707825792364517e-01
   3.4451675422193156e-01
   3.3536378241291220e-01
   3.2956901523191989e-01
   3.2709890488479909e-01
   3.2793876069993511e-01
   3.3209360360129137e-01
   3.3958787767202009e-01
   3.5046399154914737e-01
   3.6477955432198139e-01
   3.8260306036392527e-01
   4.0400766552741657e-01
   4.4205586116449169e-01
   4.9695671079945597e-01
   5.5568386650326496e-01
   6.1800246474844678e-01
   6.8341123236356571e-01
   7.5107373768380892e-01
   8.1975511948772761e-01
   8.8777973474552263e-01
   9.5303069342423752e-01
   1.0130146755548353e+00
   1.0650108550210731e+00
   1.1063077571778406e+00
   1.1345064821519226e+00
   1.1478394236720293e+00
   1.1454332922507742e+00
   1.1274474886332426e+00
   1.0950484394517952e+00
   1.0502273506029518e+00
   9.9551232749293317e-01
   9.3364743446331722e-01
   8.6730555671938236e-01
   7.9887730301569160e-01
   7.3034894690408270e-01
   6.6325981888330954e-01
   5.9871795565147101e-01
   5.3745079898163151e-01
   4.7987148341170444e-01
   4.2614710130755906e-01
   3.7626092728246618e-01
   3.3006487561413317e-01
   2.8732128228054349e-01
   2.4773469608639176e-01
   2.1097509609043302e-01
   1.7669415499110572e-01
   1.4453608435910761e-01
   1.1414438653351158e-01
   8.5165592605663018e-02
   5.7250834723545224e-02
   3.0055905434594271e-02
   3.2403035498828735e-03
  -1.6718508521424764e-02
  -3.0065052263724707e-02
  -4.3777313535164994e-02
  -5.8021236661209084e-02
  -7.2968187892002906e-02
  -8.8796521589229890e-02
  -1.0569304540592944e-01
  -1.2385432313047147e-01
  -1.4348772479630628e-01
  -1.6481209364248048e-01
  -1.8805784542956758e-01
  -2.1346624384181997e-01
  -2.4128750242102645e-01
  -2.7177724542952714e-01
  -3.0519071604751713e-01
  -3.4177395398307320e-01
  -3.8175098888562387e-01
  -4.2530594037001768e-01
  -4.7255883609577798e-01
  -5.2353405166140776e-01
  -5.7812068710695863e-01
  -6.3602512708417203e-01
  -6.9671772283891320e-01
  -7.5937818632253729e-01
  -8.2284791612379704e-01
  -8.8560166620550529e-01
  -9.4575458452139149e-01
  -1.0011216717084754e+00
  -1.0493425444175641e+00
  -1.0880729720982318e+00
  -1.1152263525506405e+00
  -1.1292276292056960e+00
  -1.1292276292056957e+00
  -1.1152263525506390e+00
  -1.0880729720982296e+00
  -1.0493425444175613e+00
  -1.0011216717084719e+00
  -9.4575458452138750e-01
  -8.8560166620550118e-01
  -8.2284791612379271e-01
  -7.5937818632253307e-01
  -6.9671772283890909e-01
  -6.3602512708416803e-01
  -5.7812068710695486e-01
  -5.2353405166140432e-01
  -4.7255883609577481e-01
  -4.2530594037001479e-01
  -3.8175098888562137e-01
  -3.4177395398307092e-01
  -3.0519071604751519e-01
  -2.7177724542952530e-01
  -2.4128750242102490e-01
  -2.1346624384181861e-01
  -1.8805784542956638e-01
  -1.6481209364247940e-01
  -1.4348772479630534e-01
  -1.2385432313047068e-01
  -1.0569304540592878e-01
  -8.8796521589229349e-02
  -7.2968187892002462e-02
  -5.8021236661208744e-02
  -4.3777313535164751e-02
  -3.0065052263724572e-02
  -1.6718508521424716e-02
