   5.4815007760514411e-01
   5.2317825463782530e-01
   5.0132698706951595e-01
   4.8268228298544219e-01
   4.6729559286604622e-01
   4.5519472744661277e-01
   4.4639254875045947e-01
   4.4089355754981507e-01
   4.3869853048376811e-01
   4.3980734588315729e-01
   4.4422009584133249e-01
   4.5193652560510839e-01
   4.6295377938899107e-01
   4.7726237249306158e-01
   4.9484026198925235e-01
   5.1564486346305538e-01
   5.3960287457892275e-01
   5.6659783795481666e-01
   5.9645553161333842e-01
   6.2892754396002326e-01
   6.6367379812508942e-01
   7.0024535010281841e-01
   7.3806947709576698e-01
   7.7643982168069370e-01
   8.1451500870074567e-01
   8.5132945850007846e-01
   8.8581976607045365e-01
   9.1686869294107487e-01
   9.4336636928293516e-01
   9.6428489624766733e-01
   9.7875879676424438e-01
   9.8616072931610022e-01
   9.8616072931610022e-01
   9.7875879676424382e-01
   9.6428489624766667e-01
   9.4336636928293427e-01
   9.1686869294107376e-01
   8.8581976607045243e-01
   8.5132945850007724e-01
   8.1451500870074423e-01
   7.7643982168069214e-01
   7.3806947709576542e-01
   7.0024535010281708e-01
   6.6367379812508820e-01
   6.2892754396002204e-01
   5.9645553161333731e-01
   5.6659783795481555e-01
   5.3960287457892164e-01
   5.1564486346305438e-01
   4.9484026198925141e-01
   4.7726237249306064e-01
   4.6295377938899018e-01
   4.5193652560510761e-01
   4.4422009584133176e-01
   4.3980734588315662e-01
   4.3869853048376750e-01
   4.4089355754981446e-01
   4.4639254875045903e-01
   4.5519472744661238e-01
   4.6729559286604588e-01
   4.8268228298544191e-01
   5.0132698706951573e-01
   5.2317825463782508e-01
   5.4815007760514411e-01
   5.9060783603223377e-01
   6.5033254530488882e-01
   7.1214099743393822e-01
   7.7503181227803819e-01
   8.3765080887635646e-01
   8.9828422947389330e-01
   9.5489735765775585e-01
   1.0052331702320092e+00
   1.0469771471856790e+00
   1.0779786616506768e+00
   1.0964993472315108e+00
   1.1014415890753253e+00
   1.0925048913650957e+00
   1.0702302697096828e+00
   1.0359208131777136e+00
   9.9145946605486934e-01
   9.3906934810074449e-01
   8.8106898811267820e-01
   8.1966516095137798e-01
   7.5680704112031461e-01
   6.9410605670158776e-01
   6.3281209676510264e-01
   5.7383027047114399e-01
   5.1776186297179949e-01
   4.6495598710743713e-01
   4.1556246320839407e-01
   3.6958026005368833e-01
   3.2689876933322587e-01
   2.8733115652387126e-01
   2.5064018358211787e-01
   2.1655746195556502e-01
   1.8479728114385430e-01
   1.5506613136118036e-01
   1.2706890892756281e-01
   1.0051262723748082e-01
   7.5108291781547515e-02
   5.0571452759460379e-02
   2.6621830125494621e-02
   2.9823143539799879e-03
  -2.0622419909485514e-02
  -3.8397418083134377e-02
  -5.0532871662244030e-02
  -6.3233873179204703e-02
  -7.6640806933028854e-02
  -9.0900575156861230e-02
  -1.0616766970008672e-01
  -1.2260511745040351e-01
  -1.4038523131599648e-01
  -1.5969006992416898e-01
  -1.8071147106257962e-01
  -2.0365047395281696e-01
  -2.2871588126261241e-01
  -2.5612163123673631e-01
  -2.8608255257250376e-01
  -3.1880796154749858e-01
  -3.5449243958412485e-01
  -3.9330301630492798e-01
  -4.3536190946455799e-01
  -4.8072399229776908e-01
  -5.2934835385372525e-01
  -5.8106380616868969e-01
  -6.3552911988578487e-01
  -6.9219028454228992e-01
  -7.5023927343400487e-01
  -8.0858154385456738e-01
  -8.6582236996007533e-01
  -9.2028412964244244e-01
  -9.7006637256535977e-01
  -1.0131562248737118e+00
  -1.0475874280916591e+00
  -1.0716328906468613e+00
  -1.0840015741751368e+00
  -1.0840015741751372e+00
  -1.0716328906468622e+00
  -1.0475874280916606e+00
  -1.0131562248737138e+00
  -9.7006637256536210e-01
  -9.2028412964244510e-01
  -8.6582236996007822e-01
  -8.0858154385457026e-01
  -7.5023927343400787e-01
  -6.9219028454229281e-01
  -6.3552911988578764e-01
  -5.8106380616869235e-01
  -5.2934835385372780e-01
  -4.8072399229777152e-01
  -4.3536190946456016e-01
  -3.9330301630493003e-01
  -3.5449243958412674e-01
  -3.1880796154750024e-01
  -2.8608255257250531e-01
  -2.5612163123673770e-01
  -2.2871588126261361e-01
  -2.0365047395281802e-01
  -1.8071147106258054e-01
  -1.5969006992416973e-01
  -1.4038523131599714e-01
  -1.2260511745040407e-01
  -1.0616766970008719e-01
  -9.0900575156861618e-02
  -7.6640806933029146e-02
  -6.3233873179204897e-02
  -5.0532871662244142e-02
  -3.8397418083134412e-02
