   1.2316016837654349e+00
   1.2285322684823881e+00
   1.2224307735068911e+00
   1.2133707564792711e+00
   1.2014598313131846e+00
   1.1868365674172336e+00
   1.1696666170067198e+00
   1.1501382659443951e+00
   1.1284576205473993e+00
   1.1048436443151253e+00
   1.0795232459899349e+00
   1.0527265963839125e+00
   1.0246828193540929e+00
   9.9561616579899626e-01
   9.6574274200542498e-01
   9.3526782800184782e-01
   9.0438378996091640e-01
   8.7326856453952306e-01
   8.4208467300306100e-01
   8.1097870906994307e-01
   7.8008123617200942e-01
   7.4950702647985168e-01
   7.1935557464881139e-01
   6.8971182282151478e-01
   6.6064703904865818e-01
   6.3221979814536056e-01
   6.0447702141236137e-01
   5.7745503909735130e-01
   5.5118064657357535e-01
   5.2567213171946237e-01
   5.0094025674888842e-01
   4.7698918270392660e-01
   4.5381732897883670e-01
   4.3141816363605812e-01
   4.0978092296910357e-01
   3.8889126084486231e-01
   3.6873182990548492e-01
   3.4928279781316862e-01
   3.3052230245988451e-01
   3.1242685051072372e-01
   2.9497166386745322e-01
   2.7813097868224990e-01
   2.6187830146570112e-01
   2.4618662665514365e-01
   2.3102861976909522e-01
   2.1637676999442804e-01
   2.0220351575322748e-01
   1.8848134648968967e-01
   1.7518288361404125e-01
   1.6228094324750117e-01
   1.5288167316284626e-01
   1.4696511658748204e-01
   1.4138548730257144e-01
   1.3613072155299941e-01
   1.3118938064004118e-01
   1.2655064224252052e-01
   1.2220429077589898e-01
   1.1814070707918818e-01
   1.1435085767796097e-01
   1.1082628383556870e-01
   1.0755909057330965e-01
   1.0454193581315925e-01
   1.0176801977325291e-01
   9.9231074726137319e-02
   9.6925355212470185e-02
   9.4845628787978503e-02
   9.2987167368760087e-02
   9.1345739229140493e-02
   8.9917601697021676e-02
   8.8699494583753771e-02
   8.7688634378821906e-02
   8.6882709233888550e-02
   8.6279874755804578e-02
   8.5878750623954100e-02
   8.5678418043597229e-02
   1.5288167316284626e-01
   1.4696511658748204e-01
   1.4138548730257142e-01
   1.3613072155299941e-01
   1.3118938064004118e-01
   1.2655064224252052e-01
   1.2220429077589898e-01
   1.1814070707918817e-01
   1.1435085767796095e-01
   1.1082628383556868e-01
   1.0755909057330963e-01
   1.0454193581315925e-01
   1.0176801977325289e-01
   9.9231074726137306e-02
   9.6925355212470185e-02
   9.4845628787978489e-02
   9.2987167368760087e-02
   9.1345739229140493e-02
   8.9917601697021662e-02
   8.8699494583753757e-02
   8.7688634378821892e-02
   8.6882709233888536e-02
   8.6279874755804550e-02
   8.5878750623954100e-02
   8.5678418043597229e-02
