   7.0348786431716126e-01
   7.1985007282022240e-01
   7.3560462828695528e-01
   7.5040088279550021e-01
   7.6388957466275664e-01
   7.7573513896559498e-01
   7.8562914301809705e-01
   7.9330396567020312e-01
   7.9854566205586763e-01
   8.0120489429663633e-01
   8.0120489429663633e-01
   7.9854566205586752e-01
   7.9330396567020312e-01
   7.8562914301809705e-01
   7.7573513896559509e-01
   7.6388957466275675e-01
   7.5040088279550021e-01
   7.3560462828695528e-01
   7.1985007282022251e-01
   7.0348786431716126e-01
   6.7943645630154959e-01
   6.4816219255718555e-01
   6.1763165688082500e-01
   5.8830008500287934e-01
   5.6053796601221229e-01
   5.3463845381860597e-01
   5.1082697579655945e-01
   4.8927173787937944e-01
   4.7009418081587989e-01
   4.5337876019301815e-01
   4.3918167873143277e-01
   4.2753838807851746e-01
   4.1846980472227813e-01
   4.1198726154375082e-01
   4.0809625477609068e-01
   4.0679905655660070e-01
   4.0809625477609057e-01
   4.1198726154375076e-01
   4.1846980472227807e-01
   4.2753838807851735e-01
   4.3918167873143277e-01
   4.5337876019301809e-01
   4.7009418081587984e-01
   4.8927173787937933e-01
   5.1082697579655933e-01
   5.3463845381860586e-01
   5.6053796601221217e-01
   5.8830008500287923e-01
   6.1763165688082489e-01
   6.4816219255718543e-01
   6.7943645630154936e-01
   6.9461654237867576e-01
   6.9340932563775259e-01
   6.9213318386847300e-01
   6.9081338099822009e-01
   6.8947589919728025e-01
   6.8814691738034828e-01
   6.8685229753172117e-01
   6.8561708892077877e-01
   6.8446505902207555e-01
   6.8341825861825101e-01
   6.8249662722839899e-01
   6.8171764374007082e-01
   6.8109602598279473e-01
   6.8064348199883751e-01
   6.8036851495742068e-01
   6.8027628301806775e-01
   6.8036851495742079e-01
   6.8064348199883751e-01
   6.8109602598279484e-01
   6.8171764374007082e-01
   6.8249662722839899e-01
   6.8341825861825090e-01
   6.8446505902207566e-01
   6.8561708892077877e-01
   6.8685229753172128e-01
   6.8814691738034828e-01
   6.8947589919728025e-01
   6.9081338099822009e-01
   6.9213318386847300e-01
   6.9340932563775259e-01
   6.9461654237867565e-01
   6.9461654237867565e-01
   6.9340932563775237e-01
   6.9213318386847300e-01
   6.9081338099821998e-01
   6.8947589919728014e-01
   6.8814691738034817e-01
   6.8685229753172128e-01
   6.8561708892077877e-01
   6.8446505902207566e-01
   6.8341825861825101e-01
   6.8249662722839899e-01
   6.8171764374007093e-01
   6.8109602598279495e-01
   6.8064348199883762e-01
   6.8036851495742079e-01
   6.8027628301806797e-01
   6.8036851495742079e-01
   6.8064348199883773e-01
   6.8109602598279484e-01
   6.8171764374007104e-01
   6.8249662722839921e-01
   6.8341825861825101e-01
   6.8446505902207577e-01
   6.8561708892077899e-01
   6.8685229753172139e-01
   6.8814691738034839e-01
   6.8947589919728036e-01
   6.9081338099822009e-01
   6.9213318386847300e-01
   6.9340932563775259e-01
   6.9461654237867565e-01
   7.0348786431716126e-01
   7.1985007282022251e-01
   7.3560462828695516e-01
   7.5040088279550021e-01
   7.6388957466275653e-01
   7.7573513896559487e-01
   7.8562914301809672e-01
   7.9330396567020289e-01
   7.9854566205586719e-01
   8.0120489429663599e-01
   8.0120489429663599e-01
   7.9854566205586708e-01
   7.9330396567020278e-01
   7.8562914301809661e-01
   7.7573513896559476e-01
   7.6388957466275631e-01
   7.5040088279549999e-01
   7.3560462828695516e-01
   7.1985007282022240e-01
   7.0348786431716126e-01
