   8.6263795930076115e-01
   9.1128498613331210e-01
   9.6298794523082110e-01
   1.0160538432198627e+00
   1.0684236735144508e+00
   1.1177288967813088e+00
   1.1614185168591706e+00
   1.1969600649482881e+00
   1.2220976009763846e+00
   1.2351263344336991e+00
   1.2351263344336993e+00
   1.2220976009763846e+00
   1.1969600649482881e+00
   1.1614185168591709e+00
   1.1177288967813088e+00
   1.0684236735144510e+00
   1.0160538432198627e+00
   9.6298794523082121e-01
   9.1128498613331221e-01
   8.6263795930076115e-01
   7.9437628586365849e-01
   7.0810783228110630e-01
   6.2906367810677999e-01
   5.5780310235982178e-01
   4.9441341130719341e-01
   4.3867750550114365e-01
   3.9020117230193696e-01
   3.4850423240711814e-01
   3.1308272960154998e-01
   2.8344953900369496e-01
   2.5915971726335407e-01
   2.3982553099323356e-01
   2.2512479738619656e-01
   2.1480510325054292e-01
   2.0868565319060547e-01
   2.0665789754065345e-01
   2.0868565319060545e-01
   2.1480510325054281e-01
   2.2512479738619642e-01
   2.3982553099323334e-01
   2.5915971726335379e-01
   2.8344953900369463e-01
   3.1308272960154959e-01
   3.4850423240711775e-01
   3.9020117230193652e-01
   4.3867750550114321e-01
   4.9441341130719296e-01
   5.5780310235982122e-01
   6.2906367810677954e-01
   7.0810783228110585e-01
   7.9437628586365816e-01
   8.4114011248908016e-01
   8.4743049001026671e-01
   8.5859421472987307e-01
   8.7435960269869739e-01
   8.9432048061977398e-01
   9.1792410033568961e-01
   9.4446009624513361e-01
   9.7305451325378745e-01
   1.0026737908552601e+00
   1.0321439014754483e+00
   1.0601891438081661e+00
   1.0854929520401158e+00
   1.1067793403752835e+00
   1.1229086535207082e+00
   1.1329762471756701e+00
   1.1363992439922230e+00
   1.1329762471756699e+00
   1.1229086535207080e+00
   1.1067793403752828e+00
   1.0854929520401149e+00
   1.0601891438081652e+00
   1.0321439014754472e+00
   1.0026737908552592e+00
   9.7305451325378645e-01
   9.4446009624513250e-01
   9.1792410033568872e-01
   8.9432048061977321e-01
   8.7435960269869684e-01
   8.5859421472987252e-01
   8.4743049001026638e-01
   8.4114011248908005e-01
   8.4114011248907983e-01
   8.4743049001026582e-01
   8.5859421472987163e-01
   8.7435960269869573e-01
   8.9432048061977198e-01
   9.1792410033568728e-01
   9.4446009624513105e-01
   9.7305451325378489e-01
   1.0026737908552577e+00
   1.0321439014754457e+00
   1.0601891438081639e+00
   1.0854929520401138e+00
   1.1067793403752819e+00
   1.1229086535207073e+00
   1.1329762471756699e+00
   1.1363992439922230e+00
   1.1329762471756706e+00
   1.1229086535207091e+00
   1.1067793403752846e+00
   1.0854929520401169e+00
   1.0601891438081674e+00
   1.0321439014754497e+00
   1.0026737908552616e+00
   9.7305451325378889e-01
   9.4446009624513494e-01
   9.1792410033569083e-01
   8.9432048061977498e-01
   8.7435960269869828e-01
   8.5859421472987363e-01
   8.4743049001026705e-01
   8.4114011248908027e-01
   8.6263795930076137e-01
   9.1128498613331221e-01
   9.6298794523082110e-01
   1.0160538432198627e+00
   1.0684236735144508e+00
   1.1177288967813086e+00
   1.1614185168591706e+00
   1.1969600649482879e+00
   1.2220976009763842e+00
   1.2351263344336991e+00
   1.2351263344336991e+00
   1.2220976009763844e+00
   1.1969600649482879e+00
   1.1614185168591706e+00
   1.1177288967813086e+00
   1.0684236735144510e+00
   1.0160538432198627e+00
   9.6298794523082121e-01
   9.1128498613331232e-01
   8.6263795930076148e-01
