   8.4196612848621355e-01
   9.0750102227333052e-01
   9.7955442603921072e-01
   1.0559801176632448e+00
   1.1338337108244740e+00
   1.2093544495695867e+00
   1.2781068201825110e+00
   1.3353344303399632e+00
   1.3765269765145087e+00
   1.3981144126346896e+00
   1.3981144126346896e+00
   1.3765269765145087e+00
   1.3353344303399630e+00
   1.2781068201825110e+00
   1.2093544495695867e+00
   1.1338337108244740e+00
   1.0559801176632448e+00
   9.7955442603921072e-01
   9.0750102227333052e-01
   8.4196612848621344e-01
   7.6081747067520800e-01
   6.6551340347016286e-01
   5.8032222516759380e-01
   5.0521452067031825e-01
   4.3973132460548170e-01
   3.8318405523155485e-01
   3.3478984915730597e-01
   2.9375795125901161e-01
   2.5934165245154828e-01
   2.3086727967607731e-01
   2.0774863196100099e-01
   1.8949266675928589e-01
   1.7570030113717899e-01
   1.6606482640324638e-01
   1.6036950971829722e-01
   1.5848534452693025e-01
   1.6036950971829719e-01
   1.6606482640324632e-01
   1.7570030113717894e-01
   1.8949266675928583e-01
   2.0774863196100085e-01
   2.3086727967607720e-01
   2.5934165245154811e-01
   2.9375795125901144e-01
   3.3478984915730570e-01
   3.8318405523155458e-01
   4.3973132460548137e-01
   5.0521452067031780e-01
   5.8032222516759335e-01
   6.6551340347016241e-01
   7.6081747067520755e-01
   8.1020875486748489e-01
   8.1300855018372886e-01
   8.2452079108472709e-01
   8.4454957710033829e-01
   8.7272187702075521e-01
   9.0844209207424131e-01
   9.5083196224816424e-01
   9.9866343516528400e-01
   1.0502974855528391e+00
   1.1036483355328632e+00
   1.1561981588280967e+00
   1.2050885569243650e+00
   1.2473072144182138e+00
   1.2799677775227065e+00
   1.3006498598369736e+00
   1.3077340240972590e+00
   1.3006498598369742e+00
   1.2799677775227079e+00
   1.2473072144182156e+00
   1.2050885569243672e+00
   1.1561981588280990e+00
   1.1036483355328657e+00
   1.0502974855528415e+00
   9.9866343516528611e-01
   9.5083196224816635e-01
   9.0844209207424320e-01
   8.7272187702075665e-01
   8.4454957710033940e-01
   8.2452079108472787e-01
   8.1300855018372897e-01
   8.1020875486748478e-01
   8.1020875486748478e-01
   8.1300855018372853e-01
   8.2452079108472687e-01
   8.4454957710033807e-01
   8.7272187702075521e-01
   9.0844209207424143e-01
   9.5083196224816424e-01
   9.9866343516528400e-01
   1.0502974855528393e+00
   1.1036483355328632e+00
   1.1561981588280967e+00
   1.2050885569243652e+00
   1.2473072144182140e+00
   1.2799677775227067e+00
   1.3006498598369736e+00
   1.3077340240972593e+00
   1.3006498598369740e+00
   1.2799677775227074e+00
   1.2473072144182153e+00
   1.2050885569243668e+00
   1.1561981588280983e+00
   1.1036483355328650e+00
   1.0502974855528409e+00
   9.9866343516528555e-01
   9.5083196224816580e-01
   9.0844209207424254e-01
   8.7272187702075621e-01
   8.4454957710033896e-01
   8.2452079108472753e-01
   8.1300855018372897e-01
   8.1020875486748478e-01
   8.4196612848621333e-01
   9.0750102227333040e-01
   9.7955442603921083e-01
   1.0559801176632451e+00
   1.1338337108244743e+00
   1.2093544495695872e+00
   1.2781068201825114e+00
   1.3353344303399635e+00
   1.3765269765145089e+00
   1.3981144126346901e+00
   1.3981144126346901e+00
   1.3765269765145089e+00
   1.3353344303399632e+00
   1.2781068201825114e+00
   1.2093544495695872e+00
   1.1338337108244743e+00
   1.0559801176632448e+00
   9.7955442603921061e-01
   9.0750102227333040e-01
   8.4196612848621322e-01
