   8.4760041355432592e-01
   9.1045675648390567e-01
   9.7922753791259698e-01
   1.0518143896736418e+00
   1.1253988687326222e+00
   1.1964447857881391e+00
   1.2608446314843975e+00
   1.3142501247991258e+00
   1.3525807547518971e+00
   1.3726316054626664e+00
   1.3726316054626662e+00
   1.3525807547518969e+00
   1.3142501247991256e+00
   1.2608446314843973e+00
   1.1964447857881391e+00
   1.1253988687326222e+00
   1.0518143896736418e+00
   9.7922753791259709e-01
   9.1045675648390578e-01
   8.4760041355432592e-01
   7.6825948349502815e-01
   6.7394698356616256e-01
   5.8931816182076013e-01
   5.1445112355055611e-01
   4.4897894227431961e-01
   3.9228768506016165e-01
   3.4365290182086694e-01
   3.0232842049459607e-01
   2.6760094518053923e-01
   2.3882148922415133e-01
   2.1542186087629336e-01
   1.9692197893032712e-01
   1.8293192086327492e-01
   1.7315126016182403e-01
   1.6736732325310311e-01
   1.6545337457713008e-01
   1.6736732325310311e-01
   1.7315126016182397e-01
   1.8293192086327484e-01
   1.9692197893032704e-01
   2.1542186087629325e-01
   2.3882148922415114e-01
   2.6760094518053901e-01
   3.0232842049459585e-01
   3.4365290182086666e-01
   3.9228768506016132e-01
   4.4897894227431923e-01
   5.1445112355055578e-01
   5.8931816182075980e-01
   6.7394698356616234e-01
   7.6825948349502782e-01
   8.1755253129273819e-01
   8.2108400034016793e-01
   8.3270336814835744e-01
   8.5219641954614422e-01
   8.7917256228148244e-01
   9.1302524064214730e-01
   9.5288143099846900e-01
   9.9754764129461682e-01
   1.0454642952709492e+00
   1.0946853314608187e+00
   1.1429035673510035e+00
   1.1875419931764242e+00
   1.2259233090442945e+00
   1.2555127374545700e+00
   1.2742045655376621e+00
   1.2805989833577172e+00
   1.2742045655376624e+00
   1.2555127374545707e+00
   1.2259233090442956e+00
   1.1875419931764255e+00
   1.1429035673510048e+00
   1.0946853314608200e+00
   1.0454642952709505e+00
   9.9754764129461804e-01
   9.5288143099847011e-01
   9.1302524064214829e-01
   8.7917256228148333e-01
   8.5219641954614489e-01
   8.3270336814835777e-01
   8.2108400034016815e-01
   8.1755253129273819e-01
   8.1755253129273819e-01
   8.2108400034016826e-01
   8.3270336814835766e-01
   8.5219641954614478e-01
   8.7917256228148311e-01
   9.1302524064214818e-01
   9.5288143099847011e-01
   9.9754764129461793e-01
   1.0454642952709505e+00
   1.0946853314608200e+00
   1.1429035673510046e+00
   1.1875419931764253e+00
   1.2259233090442954e+00
   1.2555127374545707e+00
   1.2742045655376624e+00
   1.2805989833577172e+00
   1.2742045655376621e+00
   1.2555127374545700e+00
   1.2259233090442947e+00
   1.1875419931764244e+00
   1.1429035673510037e+00
   1.0946853314608189e+00
   1.0454642952709494e+00
   9.9754764129461670e-01
   9.5288143099846889e-01
   9.1302524064214718e-01
   8.7917256228148233e-01
   8.5219641954614422e-01
   8.3270336814835721e-01
   8.2108400034016793e-01
   8.1755253129273819e-01
   8.4760041355432603e-01
   9.1045675648390556e-01
   9.7922753791259687e-01
   1.0518143896736416e+00
   1.1253988687326220e+00
   1.1964447857881388e+00
   1.2608446314843971e+00
   1.3142501247991256e+00
   1.3525807547518971e+00
   1.3726316054626666e+00
   1.3726316054626668e+00
   1.3525807547518975e+00
   1.3142501247991267e+00
   1.2608446314843984e+00
   1.1964447857881400e+00
   1.1253988687326231e+00
   1.0518143896736425e+00
   9.7922753791259753e-01
   9.1045675648390612e-01
   8.4760041355432625e-01
