   6.5536218934425394e-01
   6.7030734323835284e-01
   6.8453549418839732e-01
   6.9776750830775247e-01
   7.0972887788916639e-01
   7.2015884709948541e-01
   7.2882010648103368e-01
   7.3550845039192780e-01
   7.4006170308082919e-01
   7.4236720279215729e-01
   7.4236720279215718e-01
   7.4006170308082908e-01
   7.3550845039192780e-01
   7.2882010648103368e-01
   7.2015884709948541e-01
   7.0972887788916628e-01
   6.9776750830775236e-01
   6.8453549418839721e-01
   6.7030734323835273e-01
   6.5536218934425383e-01
   6.4005124385408807e-01
   6.2463392813091989e-01
   6.0928924701954945e-01
   5.9425237663127084e-01
   5.7973662046262320e-01
   5.6593217673853913e-01
   5.5300595168055600e-01
   5.4110217732079224e-01
   5.3034359881142401e-01
   5.2083301738669097e-01
   5.1265500456278756e-01
   5.0587763555271381e-01
   5.0055412152152801e-01
   4.9672424894242412e-01
   4.9441555885303662e-01
   4.9364421907075734e-01
   4.9441555885303662e-01
   4.9672424894242401e-01
   5.0055412152152801e-01
   5.0587763555271370e-01
   5.1265500456278745e-01
   5.2083301738669086e-01
   5.3034359881142390e-01
   5.4110217732079202e-01
   5.5300595168055577e-01
   5.6593217673853902e-01
   5.7973662046262309e-01
   5.9425237663127062e-01
   6.0928924701954923e-01
   6.2463392813091967e-01
   6.4005124385408796e-01
   6.4368133515024073e-01
   6.3546155772627078e-01
   6.2713758688010324e-01
   6.1884617079149429e-01
   6.1071819883420109e-01
   6.0287689058406568e-01
   5.9543640667263997e-01
   5.8850084716772766e-01
   5.8216358834985271e-01
   5.7650690002135097e-01
   5.7160178205479384e-01
   5.6750795976237567e-01
   5.6427398180560817e-01
   5.6193737080404382e-01
   5.6052478473869560e-01
   5.6005215606617265e-01
   5.6052478473869560e-01
   5.6193737080404382e-01
   5.6427398180560817e-01
   5.6750795976237556e-01
   5.7160178205479373e-01
   5.7650690002135097e-01
   5.8216358834985271e-01
   5.8850084716772766e-01
   5.9543640667263997e-01
   6.0287689058406557e-01
   6.1071819883420120e-01
   6.1884617079149418e-01
   6.2713758688010313e-01
   6.3546155772627078e-01
   6.4368133515024062e-01
   6.4368133515024062e-01
   6.3546155772627066e-01
   6.2713758688010313e-01
   6.1884617079149418e-01
   6.1071819883420098e-01
   6.0287689058406546e-01
   5.9543640667263975e-01
   5.8850084716772744e-01
   5.8216358834985249e-01
   5.7650690002135074e-01
   5.7160178205479362e-01
   5.6750795976237534e-01
   5.6427398180560795e-01
   5.6193737080404371e-01
   5.6052478473869538e-01
   5.6005215606617231e-01
   5.6052478473869538e-01
   5.6193737080404371e-01
   5.6427398180560795e-01
   5.6750795976237534e-01
   5.7160178205479362e-01
   5.7650690002135085e-01
   5.8216358834985249e-01
   5.8850084716772755e-01
   5.9543640667263986e-01
   6.0287689058406557e-01
   6.1071819883420109e-01
   6.1884617079149418e-01
   6.2713758688010324e-01
   6.3546155772627078e-01
   6.4368133515024073e-01
   6.5536218934425405e-01
   6.7030734323835317e-01
   6.8453549418839787e-01
   6.9776750830775325e-01
   7.0972887788916716e-01
   7.2015884709948641e-01
   7.2882010648103479e-01
   7.3550845039192903e-01
   7.4006170308083041e-01
   7.4236720279215851e-01
   7.4236720279215851e-01
   7.4006170308083041e-01
   7.3550845039192903e-01
   7.2882010648103479e-01
   7.2015884709948641e-01
   7.0972887788916716e-01
   6.9776750830775303e-01
   6.8453549418839776e-01
   6.7030734323835317e-01
   6.5536218934425394e-01
