   8.6153124100845768e-01
   9.0675954879171050e-01
   9.5444738734192092e-01
   1.0030298305432781e+00
   1.0506446715827746e+00
   1.0951912235331975e+00
   1.1344456156167764e+00
   1.1662323610402221e+00
   1.1886364628182100e+00
   1.2002234553205389e+00
   1.2002234553205389e+00
   1.1886364628182100e+00
   1.1662323610402219e+00
   1.1344456156167759e+00
   1.0951912235331973e+00
   1.0506446715827742e+00
   1.0030298305432779e+00
   9.5444738734192047e-01
   9.0675954879171017e-01
   8.6153124100845746e-01
   7.9640836124407421e-01
   7.1296908841922724e-01
   6.3611270207903436e-01
   5.6648433103333051e-01
   5.0426712045536493e-01
   4.4933712670152903e-01
   4.0138400605956154e-01
   3.5999952256521028e-01
   3.2473941683986091e-01
   2.9516488353100984e-01
   2.7086927960386720e-01
   2.5149459918030159e-01
   2.3674114034439600e-01
   2.2637283484689422e-01
   2.2021995748029863e-01
   2.1818036120257941e-01
   2.2021995748029860e-01
   2.2637283484689416e-01
   2.3674114034439595e-01
   2.5149459918030148e-01
   2.7086927960386709e-01
   2.9516488353100967e-01
   3.2473941683986068e-01
   3.5999952256521012e-01
   4.0138400605956126e-01
   4.4933712670152887e-01
   5.0426712045536470e-01
   5.6648433103333029e-01
   6.3611270207903403e-01
   7.1296908841922690e-01
   7.9640836124407388e-01
   8.4192243121128252e-01
   8.4852428052478623e-01
   8.5927145034441954e-01
   8.7389250249782391e-01
   8.9199848843986285e-01
   9.1307580206771422e-01
   9.3648110527479644e-01
   9.6144137486039938e-01
   9.8706252749774048e-01
   1.0123500106784560e+00
   1.0362439316097267e+00
   1.0576695333283270e+00
   1.0756011316432945e+00
   1.0891343615050659e+00
   1.0975585011777849e+00
   1.1004187472414226e+00
   1.0975585011777851e+00
   1.0891343615050664e+00
   1.0756011316432950e+00
   1.0576695333283275e+00
   1.0362439316097272e+00
   1.0123500106784564e+00
   9.8706252749774093e-01
   9.6144137486039993e-01
   9.3648110527479689e-01
   9.1307580206771466e-01
   8.9199848843986318e-01
   8.7389250249782435e-01
   8.5927145034441976e-01
   8.4852428052478646e-01
   8.4192243121128252e-01
   8.4192243121128252e-01
   8.4852428052478623e-01
   8.5927145034441965e-01
   8.7389250249782391e-01
   8.9199848843986296e-01
   9.1307580206771433e-01
   9.3648110527479655e-01
   9.6144137486039960e-01
   9.8706252749774070e-01
   1.0123500106784562e+00
   1.0362439316097269e+00
   1.0576695333283272e+00
   1.0756011316432947e+00
   1.0891343615050662e+00
   1.0975585011777849e+00
   1.1004187472414226e+00
   1.0975585011777851e+00
   1.0891343615050662e+00
   1.0756011316432947e+00
   1.0576695333283272e+00
   1.0362439316097269e+00
   1.0123500106784564e+00
   9.8706252749774082e-01
   9.6144137486039960e-01
   9.3648110527479678e-01
   9.1307580206771433e-01
   8.9199848843986307e-01
   8.7389250249782413e-01
   8.5927145034441965e-01
   8.4852428052478623e-01
   8.4192243121128241e-01
   8.6153124100845757e-01
   9.0675954879171039e-01
   9.5444738734192081e-01
   1.0030298305432781e+00
   1.0506446715827744e+00
   1.0951912235331973e+00
   1.1344456156167761e+00
   1.1662323610402219e+00
   1.1886364628182100e+00
   1.2002234553205386e+00
   1.2002234553205386e+00
   1.1886364628182100e+00
   1.1662323610402219e+00
   1.1344456156167761e+00
   1.0951912235331973e+00
   1.0506446715827744e+00
   1.0030298305432779e+00
   9.5444738734192081e-01
   9.0675954879171039e-01
   8.6153124100845757e-01
