   7.9239630715804099e-01
   8.1754211196895088e-01
   8.4256278008249186e-01
   8.6675453223796062e-01
   8.8937673857819088e-01
   9.0968177868937194e-01
   9.2695213748832650e-01
   9.4054215542881592e-01
   9.4992046947003705e-01
   9.5470825446826146e-01
   9.5470825446826135e-01
   9.4992046947003694e-01
   9.4054215542881592e-01
   9.2695213748832650e-01
   9.0968177868937194e-01
   8.8937673857819077e-01
   8.6675453223796051e-01
   8.4256278008249175e-01
   8.1754211196895077e-01
   7.9239630715804088e-01
   7.5177638631405175e-01
   6.9663758063794434e-01
   6.4400885348533676e-01
   5.9463390669478100e-01
   5.4901025863342579e-01
   5.0743848195411945e-01
   4.7006952251222517e-01
   4.3694657037653833e-01
   4.0804007165224254e-01
   3.8327580126510041e-01
   3.6255663829675844e-01
   3.4577899080815361e-01
   3.3284486783214229e-01
   3.2367050816141407e-01
   3.1819232299770128e-01
   3.1637073520240777e-01
   3.1819232299770128e-01
   3.2367050816141402e-01
   3.3284486783214218e-01
   3.4577899080815339e-01
   3.6255663829675816e-01
   3.8327580126510002e-01
   4.0804007165224215e-01
   4.3694657037653784e-01
   4.7006952251222450e-01
   5.0743848195411878e-01
   5.4901025863342490e-01
   5.9463390669478011e-01
   6.4400885348533587e-01
   6.9663758063794323e-01
   7.5177638631405075e-01
   7.8175917015587215e-01
   7.8590645877377541e-01
   7.9074906221885566e-01
   7.9616725372886354e-01
   8.0202436630062590e-01
   8.0816942111831991e-01
   8.1444037161556293e-01
   8.2066797368365996e-01
   8.2668024687924047e-01
   8.3230743613341540e-01
   8.3738732315827069e-01
   8.4177067811595874e-01
   8.4532659308218494e-01
   8.4794740754594922e-01
   8.4955292960666295e-01
   8.5009367895777532e-01
   8.4955292960666262e-01
   8.4794740754594855e-01
   8.4532659308218405e-01
   8.4177067811595763e-01
   8.3738732315826936e-01
   8.3230743613341385e-01
   8.2668024687923891e-01
   8.2066797368365818e-01
   8.1444037161556138e-01
   8.0816942111831813e-01
   8.0202436630062424e-01
   7.9616725372886188e-01
   7.9074906221885433e-01
   7.8590645877377419e-01
   7.8175917015587115e-01
   7.8175917015587193e-01
   7.8590645877377519e-01
   7.9074906221885521e-01
   7.9616725372886321e-01
   8.0202436630062557e-01
   8.0816942111831958e-01
   8.1444037161556271e-01
   8.2066797368365962e-01
   8.2668024687924035e-01
   8.3230743613341507e-01
   8.3738732315827047e-01
   8.4177067811595863e-01
   8.4532659308218494e-01
   8.4794740754594933e-01
   8.4955292960666307e-01
   8.5009367895777554e-01
   8.4955292960666284e-01
   8.4794740754594877e-01
   8.4532659308218439e-01
   8.4177067811595807e-01
   8.3738732315826969e-01
   8.3230743613341429e-01
   8.2668024687923924e-01
   8.2066797368365851e-01
   8.1444037161556160e-01
   8.0816942111831835e-01
   8.0202436630062457e-01
   7.9616725372886221e-01
   7.9074906221885444e-01
   7.8590645877377430e-01
   7.8175917015587115e-01
   7.9239630715804033e-01
   8.1754211196895055e-01
   8.4256278008249197e-01
   8.6675453223796106e-01
   8.8937673857819177e-01
   9.0968177868937339e-01
   9.2695213748832839e-01
   9.4054215542881803e-01
   9.4992046947003927e-01
   9.5470825446826380e-01
   9.5470825446826380e-01
   9.4992046947003927e-01
   9.4054215542881803e-01
   9.2695213748832828e-01
   9.0968177868937339e-01
   8.8937673857819177e-01
   8.6675453223796106e-01
   8.4256278008249197e-01
   8.1754211196895055e-01
   7.9239630715804033e-01
