   3.7789743104423676e+00
   3.7790483793404781e+00
   3.7793198598714470e+00
   3.7878353900551804e+00
   3.8302984851304700e+00
   3.8672881246558308e+00
   3.8992238504972079e+00
   3.9410605744985974e+00
   4.0010777704926230e+00
   4.0704705783682860e+00
   4.1385889612422178e+00
   4.2063372356031712e+00
   4.2801302156428420e+00
   4.3635916927684928e+00
   4.4552315601412689e+00
   4.5524049881409043e+00
   4.6548825115714418e+00
   4.7640850327863111e+00
   4.8807691750245663e+00
   5.0042757523195549e+00
   5.1335038369478871e+00
   5.2678809176288031e+00
   5.4073447056508517e+00
   5.5518464994940278e+00
   5.7011348784488973e+00
   5.8549240744082791e+00
   6.0130970406317257e+00
   6.1757145031568488e+00
   6.3429062033351746e+00
   6.5148049697083721e+00
   6.6915650021259587e+00
   6.8734007912497885e+00
   7.0605928174133599e+00
   7.2534665898711630e+00
   7.4523767113566688e+00
   7.6577082980489450e+00
   7.8698849372201591e+00
   8.0893703013668876e+00
   8.3166588232225358e+00
   8.5522422457794036e+00
   8.7964505340334345e+00
   9.0483685504570932e+00
