   1.5829031378492206e-01
   1.6261384486145650e-01
   1.6835047320472249e-01
   1.7554388807668228e-01
   1.8424796526010925e-01
   1.9452648604650633e-01
   2.0645268400233122e-01
   2.2010854479445777e-01
   2.3558376200168843e-01
   2.5297422490298921e-01
   2.7237988249546197e-01
   2.9390179187311266e-01
   3.1763812013641446e-01
   3.4367883060458582e-01
   3.7209875254497948e-01
   4.0294871938861970e-01
   4.3624447965537627e-01
   4.7195316088084521e-01
   5.0997723076326495e-01
   5.5013618882455917e-01
   5.9214667408501420e-01
   6.3560231602625916e-01
   6.7995548105990578e-01
   7.2450400492724398e-01
   7.6838688476904338e-01
   8.1059344275953094e-01
   8.4999026782894804e-01
   8.8536887178550772e-01
   9.1551419302149895e-01
   9.3928997032166106e-01
   9.5573231079399878e-01
   9.6413879963224203e-01
   9.6413879963223670e-01
   9.5573231079398291e-01
   9.3928997032163553e-01
   9.1551419302146475e-01
   8.8536887178546597e-01
   8.4999026782890041e-01
   8.1059344275947898e-01
   7.6838688476898864e-01
   7.2450400492718792e-01
   6.7995548105984938e-01
   6.3560231602620343e-01
   5.9214667408496002e-01
   5.5013618882450732e-01
   5.0997723076321588e-01
   4.7195316088079908e-01
   4.3624447965533325e-01
   4.0294871938857990e-01
   3.7209875254494296e-01
   3.4367883060455245e-01
   3.1763812013638415e-01
   2.9390179187308535e-01
   2.7237988249543749e-01
   2.5297422490296756e-01
   2.3558376200166942e-01
   2.2010854479444131e-01
   2.0645268400231714e-01
   1.9452648604649461e-01
   1.8424796526009976e-01
   1.7554388807667498e-01
   1.6835047320471730e-01
   1.6261384486145339e-01
   1.5829031378492103e-01
   1.5381992722544857e-01
   1.4921832929996143e-01
   1.4597455260764566e-01
   1.4406187573469906e-01
   1.4346445588758072e-01
   1.4417733160787374e-01
   1.4620642248247048e-01
   1.4956852942715587e-01
   1.5429133126965178e-01
   1.6041336517125973e-01
   1.6798396927496767e-01
   1.7706315518495205e-01
   1.8772136474462195e-01
   2.0003904930269858e-01
   2.1410598940848630e-01
   2.3002024783578648e-01
   2.4788661830183434e-01
   2.6781439586579320e-01
   2.8991425311095753e-01
   3.1429396047980673e-01
   3.4105264336322610e-01
   3.7027322999975748e-01
   4.0201272525779902e-01
   4.3628996531814601e-01
   4.7307059537666568e-01
   5.1224920469660529e-01
   5.5362889652919467e-01
   5.9689911130188866e-01
   6.4161329177911364e-01
   6.8716896765311852e-01
   7.3279395071198516e-01
   7.7754335003300679e-01
   8.2031266491779375e-01
   8.5987178909837347e-01
   8.9492285738200139e-01
   9.2418121923960750e-01
   9.4647371699710936e-01
   9.6084293579761026e-01
   9.6664191590845960e-01
   9.6360284156331577e-01
   9.5485417801144967e-01
   9.4109555331087469e-01
   9.1992780232325355e-01
   8.9221614629947277e-01
   8.5902139638358199e-01
   8.2151015540051664e-01
   7.8086918978782471e-01
   7.3823358159541930e-01
   6.9463392513631750e-01
   6.5096367375566266e-01
   6.0796463895941011e-01
   5.6622689069334986e-01
   5.2619875887080070e-01
   4.8820293012386062e-01
   4.5245537944536207e-01
   4.1908476264457495e-01
   3.8815072440868748e-01
   3.5966025157257514e-01
   3.3358169641595870e-01
   3.0985642551503706e-01
   2.8840824847816160e-01
   2.6915088353633887e-01
   2.5199375500023308e-01
   2.3684641573857831e-01
   2.2362186383200783e-01
   2.1223898828617618e-01
   2.0262434154236297e-01
   1.9471340072296278e-01
   1.8845144719886994e-01
   1.8379416593932338e-01
   1.8070804218639894e-01
   1.7917061283565916e-01
   1.7917061283565919e-01
   1.8070804218639902e-01
   1.8379416593932349e-01
   1.8845144719887008e-01
   1.9471340072296300e-01
   2.0262434154236320e-01
   2.1223898828617646e-01
   2.2362186383200816e-01
   2.3684641573857873e-01
   2.5199375500023352e-01
   2.6915088353633937e-01
   2.8840824847816215e-01
   3.0985642551503773e-01
   3.3358169641595936e-01
   3.5966025157257581e-01
   3.8815072440868825e-01
   4.1908476264457573e-01
   4.5245537944536290e-01
   4.8820293012386140e-01
   5.2619875887080148e-01
   5.6622689069335075e-01
   6.0796463895941100e-01
   6.5096367375566355e-01
   6.9463392513631839e-01
   7.3823358159542007e-01
   7.8086918978782571e-01
   8.2151015540051742e-01
   8.5902139638358255e-01
   8.9221614629947321e-01
   9.1992780232325400e-01
   9.4109555331087491e-01
   9.5485417801144978e-01
