   5.5448286048525725e-02
   5.8667344584356455e-02
   6.2978847969139301e-02
   6.8462443999196071e-02
   7.5219236080691657e-02
   8.3373472604676563e-02
   9.3074566928900884e-02
   1.0449943578827620e-01
   1.1785512487513411e-01
   1.3338165854374653e-01
   1.5135499977587341e-01
   1.7208992753699412e-01
   1.9594251842499036e-01
   2.2331173996725029e-01
   2.5463939980125128e-01
   2.9040731751258220e-01
   3.3113005865754536e-01
   3.7734086019753071e-01
   4.2956746926406769e-01
   4.8829355436720562e-01
   5.5390029465554924e-01
   6.2658210993072017e-01
   7.0623106095546928e-01
   7.9228759264740212e-01
   8.8356297736768208e-01
   9.7805316125941266e-01
   1.0727855255144711e+00
   1.1637658729416511e+00
   1.2461112027831078e+00
   1.3144437926944548e+00
   1.3635618625501869e+00
   1.3892899431506012e+00
   1.3892899431505128e+00
   1.3635618625499306e+00
   1.3144437926940533e+00
   1.2461112027825940e+00
   1.1637658729410609e+00
   1.0727855255138403e+00
   9.7805316125877129e-01
   8.8356297736705336e-01
   7.9228759264680304e-01
   7.0623106095491039e-01
   6.2658210993020702e-01
   5.5390029465508395e-01
   4.8829355436678779e-01
   4.2956746926369543e-01
   3.7734086019720087e-01
   3.3113005865725442e-01
   2.9040731751232668e-01
   2.5463939980102779e-01
   2.2331173996705533e-01
   1.9594251842482091e-01
   1.7208992753684740e-01
   1.5135499977574696e-01
   1.3338165854363809e-01
   1.1785512487504178e-01
   1.0449943578819831e-01
   9.3074566928836061e-02
   8.3373472604623619e-02
   7.5219236080649607e-02
   6.8462443999164138e-02
   6.2978847969116902e-02
   5.8667344584343174e-02
   5.5448286048521325e-02
   5.2128396973538459e-02
   4.8682649070184811e-02
   4.6178485288340010e-02
   4.4567691319265426e-02
   4.3819235005874792e-02
   4.3918692486822286e-02
   4.4867980625826163e-02
   4.6685392600757131e-02
   4.9405937073722046e-02
   5.3081984871336321e-02
   5.7784230226804185e-02
   6.3602975938507569e-02
   7.0649752669789165e-02
   7.9059281134742740e-02
   8.8991780692610281e-02
   1.0063561679242881e-01
   1.1421025957161590e-01
   1.2996949192554433e-01
   1.4820475042756112e-01
   1.6924839620379933e-01
   1.9347658032914727e-01
   2.2131116857338384e-01
   2.5321989503275422e-01
   2.8971348696582128e-01
   3.3133790158689408e-01
   3.7865899916151236e-01
   4.3223592751741008e-01
   4.9257825982016923e-01
   5.6008070986582248e-01
   6.3492853952320827e-01
   7.1696755848956262e-01
   8.0553658717757470e-01
   8.9926981691694441e-01
   9.9589414793994635e-01
   1.0920728801526163e+00
   1.1833768214297076e+00
   1.2644813007581561e+00
   1.3296664763712276e+00
   1.3736147620519099e+00
   1.3923603993377967e+00
   1.3862144008875148e+00
   1.3567242051163964e+00
   1.3044477661773530e+00
   1.2337611949048211e+00
   1.1499291407896275e+00
   1.0582743801097430e+00
   9.6354920364912033e-01
   8.6958567493695449e-01
   7.7919684601950490e-01
   6.9424963549384322e-01
   6.1582585838247283e-01
   5.4440825542057247e-01
   4.8005388910654029e-01
   4.2253790569335792e-01
   3.7146382751449064e-01
   3.2634337325922969e-01
   2.8665144399845771e-01
   2.5186223291741722e-01
   2.2147168233950296e-01
   1.9501044711432894e-01
   1.7205048423354832e-01
   1.5220751492483864e-01
   1.3514092762450283e-01
   1.2055219000103186e-01
   1.0818248160285696e-01
   9.7810010991303986e-02
   8.9247312751669791e-02
   8.2338707389223609e-02
   7.6958033622204922e-02
   7.3006715636051350e-02
   7.0412198790370001e-02
   6.9126770065704626e-02
   6.9126770065704640e-02
   7.0412198790370084e-02
   7.3006715636051475e-02
   7.6958033622205102e-02
   8.2338707389223845e-02
   8.9247312751670069e-02
   9.7810010991304347e-02
   1.0818248160285739e-01
   1.2055219000103234e-01
   1.3514092762450339e-01
   1.5220751492483928e-01
   1.7205048423354910e-01
   1.9501044711432983e-01
   2.2147168233950401e-01
   2.5186223291741844e-01
   2.8665144399845910e-01
   3.2634337325923130e-01
   3.7146382751449247e-01
   4.2253790569336014e-01
   4.8005388910654267e-01
   5.4440825542057525e-01
   6.1582585838247594e-01
   6.9424963549384655e-01
   7.7919684601950845e-01
   8.6958567493695826e-01
   9.6354920364912422e-01
   1.0582743801097469e+00
   1.1499291407896313e+00
   1.2337611949048242e+00
   1.3044477661773553e+00
   1.3567242051163979e+00
   1.3862144008875152e+00
