   2.3332958206816456e-01
   2.3726602296445501e-01
   2.4252516061272364e-01
   2.4912451684020948e-01
   2.5708497906100525e-01
   2.6643006985221634e-01
   2.7718499460466306e-01
   2.8937542469063554e-01
   3.0302596652951591e-01
   3.1815826087084376e-01
   3.3478865256211343e-01
   3.5292537050769768e-01
   3.7256516252215716e-01
   3.9368934307227105e-01
   4.1625923691205330e-01
   4.4021104233645614e-01
   4.6545019841456964e-01
   4.9184542480078036e-01
   5.1922271251930274e-01
   5.4735967789491791e-01
   5.7598084210075617e-01
   6.0475454968710474e-01
   6.3329236443973436e-01
   6.6115184248202952e-01
   6.8784353505437845e-01
   7.1284287095521892e-01
   7.3560717847301593e-01
   7.5559752692866788e-01
   7.7230434501659484e-01
   7.8527501057201643e-01
   7.9414095713540078e-01
   7.9864147882871006e-01
   7.9864147882870973e-01
   7.9414095713539978e-01
   7.8527501057201488e-01
   7.7230434501659273e-01
   7.5559752692866522e-01
   7.3560717847301282e-01
   7.1284287095521548e-01
   6.8784353505437479e-01
   6.6115184248202563e-01
   6.3329236443973036e-01
   6.0475454968710063e-01
   5.7598084210075207e-01
   5.4735967789491391e-01
   5.1922271251929875e-01
   4.9184542480077653e-01
   4.6545019841456597e-01
   4.4021104233645258e-01
   4.1625923691204997e-01
   3.9368934307226794e-01
   3.7256516252215421e-01
   3.5292537050769496e-01
   3.3478865256211104e-01
   3.1815826087084154e-01
   3.0302596652951391e-01
   2.8937542469063382e-01
   2.7718499460466162e-01
   2.6643006985221512e-01
   2.5708497906100419e-01
   2.4912451684020867e-01
   2.4252516061272308e-01
   2.3726602296445470e-01
   2.3332958206816448e-01
   2.2933970008662707e-01
   2.2533074761442895e-01
   2.2264998018506396e-01
   2.2128694408708399e-01
   2.2123625035323616e-01
   2.2249769760483254e-01
   2.2507627657333701e-01
   2.2898205658046916e-01
   2.3422994695734886e-01
   2.4083931893089225e-01
   2.4883346576762178e-01
   2.5823887085931552e-01
   2.6908424496918976e-01
   2.8139928517976143e-01
   2.9521309955183667e-01
   3.1055223377663388e-01
   3.2743823025457924e-01
   3.4588464769292782e-01
   3.6589347280872830e-01
   3.8745086821319369e-01
   4.1052222609114825e-01
   4.3504654073239923e-01
   4.6093017961750532e-01
   4.8804022753809739e-01
   5.1619770427219458e-01
   5.4517111276729502e-01
   5.7467095377071742e-01
   6.0434602618428213e-01
   6.3378248857725616e-01
   6.6250674044563251e-01
   6.8999313507461457e-01
   7.1567730099331250e-01
   7.3897538368400950e-01
   7.5930882019055312e-01
   7.7613338523690600e-01
   7.8897033081183099e-01
   7.9743667678925967e-01
   8.0127131422329723e-01
   8.0035372727256482e-01
   7.9471288249345495e-01
   7.8711851688328205e-01
   7.7795925279772737e-01
   7.6490501231930452e-01
   7.4831812633699057e-01
   7.2863726268327600e-01
   7.0635206828212715e-01
   6.8197762371068071e-01
   6.5603088775782070e-01
   6.2901071181670309e-01
   6.0138231878952064e-01
   5.7356649968585660e-01
   5.4593327047551021e-01
   5.1879938982931695e-01
   4.9242896195337588e-01
   4.6703630852287414e-01
   4.4279034946557660e-01
   4.1981984414679485e-01
   3.9821897951922919e-01
   3.7805292668464152e-01
   3.5936310790421944e-01
   3.4217201561354260e-01
   3.2648750185066883e-01
   3.1230651225543016e-01
   2.9961827659488360e-01
   2.8840699127479674e-01
   2.7865404203164579e-01
   2.7033982001437612e-01
   2.6344518421902019e-01
   2.5795261960408006e-01
   2.5384713454373048e-01
   2.5111693449702061e-01
   2.4975390148069046e-01
   2.4975390148069035e-01
   2.5111693449702027e-01
   2.5384713454372998e-01
   2.5795261960407928e-01
   2.6344518421901914e-01
   2.7033982001437484e-01
   2.7865404203164423e-01
   2.8840699127479502e-01
   2.9961827659488166e-01
   3.1230651225542799e-01
   3.2648750185066644e-01
   3.4217201561353994e-01
   3.5936310790421661e-01
   3.7805292668463852e-01
   3.9821897951922591e-01
   4.1981984414679135e-01
   4.4279034946557300e-01
   4.6703630852287031e-01
   4.9242896195337188e-01
   5.1879938982931295e-01
   5.4593327047550610e-01
   5.7356649968585227e-01
   6.0138231878951642e-01
   6.2901071181669899e-01
   6.5603088775781682e-01
   6.8197762371067705e-01
   7.0635206828212382e-01
   7.2863726268327322e-01
   7.4831812633698813e-01
   7.6490501231930286e-01
   7.7795925279772615e-01
   7.8711851688328149e-01
