   5.0389799587927733e-02
   5.3463251169771971e-02
   5.7587324473180025e-02
   6.2842554450423499e-02
   6.9331400070160337e-02
   7.7180092821374974e-02
   8.6540863999352971e-02
   9.7594549090865776e-02
   1.1055355135249317e-01
   1.2566511817516307e-01
   1.4321483659005196e-01
   1.6353017875175213e-01
   1.8698381054773033e-01
   2.1399619683983839e-01
   2.4503676786215814e-01
   2.8062251673604105e-01
   3.2131233331705639e-01
   3.6769459688580081e-01
   4.2036451413571679e-01
   4.7988641252310305e-01
   5.4673481638297483e-01
   6.2120702915266812e-01
   7.0329995665446055e-01
   7.9254656984894511e-01
   8.8781510426493382e-01
   9.8708971872987372e-01
   1.0872767338006750e+00
   1.1841129671117303e+00
   1.2722794241913973e+00
   1.3458191185439297e+00
   1.3988917298119778e+00
   1.4267620494207041e+00
   1.4267620494206716e+00
   1.3988917298118837e+00
   1.3458191185437827e+00
   1.2722794241912097e+00
   1.1841129671115163e+00
   1.0872767338004479e+00
   9.8708971872964402e-01
   8.8781510426471011e-01
   7.9254656984873351e-01
   7.0329995665426404e-01
   6.2120702915248893e-01
   5.4673481638281329e-01
   4.7988641252295877e-01
   4.2036451413558884e-01
   3.6769459688568795e-01
   3.2131233331695741e-01
   2.8062251673595445e-01
   2.4503676786208264e-01
   2.1399619683977275e-01
   1.8698381054767352e-01
   1.6353017875170306e-01
   1.4321483659000978e-01
   1.2566511817512699e-01
   1.1055355135246255e-01
   9.7594549090840005e-02
   8.6540863999331558e-02
   7.7180092821357515e-02
   6.9331400070146487e-02
   6.2842554450413007e-02
   5.7587324473172677e-02
   5.3463251169767620e-02
   5.0389799587926304e-02
   4.7226699100574858e-02
   4.3946903092319099e-02
   4.1563945551300864e-02
   4.0029366091633281e-02
   3.9311942049554426e-02
   3.9397072757252440e-02
   4.0286490881626759e-02
   4.1998296703676219e-02
   4.4567315832849737e-02
   4.8045785441328696e-02
   5.2504378386580945e-02
   5.8033578205898613e-02
   6.4745420382911464e-02
   7.2775615682042757e-02
   8.2286068439833854e-02
   9.3467794496467790e-02
   1.0654422686800044e-01
   1.2177486759592936e-01
   1.3945919435539189e-01
   1.5994064974047620e-01
   1.8361041406674888e-01
   2.1091046655304471e-01
   2.4233514339632917e-01
   2.7842996235014028e-01
   3.1978584927093651e-01
   3.6702601510969346e-01
   4.2078154735048595e-01
   4.8165030889014593e-01
   5.5013213401365946e-01
   6.2653203197625285e-01
   7.1082316215046537e-01
   8.0246459774198831e-01
   9.0017824837425542e-01
   1.0017082298553652e+00
   1.1036164142694260e+00
   1.2012056639784923e+00
   1.2886904252025644e+00
   1.3597205237785932e+00
   1.4082732829030618e+00
   1.4297608219037161e+00
   1.4239952785373657e+00
   1.3925988734209249e+00
   1.3365851112093432e+00
   1.2608828723298544e+00
   1.1713865743019434e+00
   1.0739905699089258e+00
   9.7387921070271521e-01
   8.7515436451847772e-01
   7.8075501568620942e-01
   6.9256720141264672e-01
   6.1162391138075167e-01
   5.3832306578886735e-01
   4.7262344706312420e-01
   4.1420247618275136e-01
   3.6257410550192110e-01
   3.1717196194342900e-01
   2.7740507625891808e-01
   2.4269333913146326e-01
   2.1248865879161086e-01
   1.8628641937200657e-01
   1.6363059618941908e-01
   1.4411488611605891e-01
   1.2738146222684285e-01
   1.1311842394491478e-01
   1.0105663935830365e-01
   9.0966421826315536e-02
   8.2654313537339361e-02
   7.5960138118663839e-02
   7.0754413868320057e-02
   6.6936175467315548e-02
   6.4431226059955354e-02
   6.3190827200433092e-02
   6.3190827200432995e-02
   6.4431226059955035e-02
   6.6936175467315007e-02
   7.0754413868319280e-02
   7.5960138118662826e-02
   8.2654313537338070e-02
   9.0966421826313940e-02
   1.0105663935830175e-01
   1.1311842394491253e-01
   1.2738146222684019e-01
   1.4411488611605580e-01
   1.6363059618941553e-01
   1.8628641937200238e-01
   2.1248865879160603e-01
   2.4269333913145769e-01
   2.7740507625891170e-01
   3.1717196194342168e-01
   3.6257410550191266e-01
   4.1420247618274186e-01
   4.7262344706311349e-01
   5.3832306578885536e-01
   6.1162391138073824e-01
   6.9256720141263206e-01
   7.8075501568619354e-01
   8.7515436451846096e-01
   9.7387921070269801e-01
   1.0739905699089087e+00
   1.1713865743019272e+00
   1.2608828723298402e+00
   1.3365851112093323e+00
   1.3925988734209178e+00
   1.4239952785373633e+00
