  -3.3128508e-01
  -3.4200733e-01
  -3.5210575e-01
  -3.6156194e-01
  -3.7035864e-01
  -3.7847980e-01
  -3.8591062e-01
  -3.9263753e-01
  -3.9864828e-01
  -4.0393189e-01
  -4.0847872e-01
  -4.1228050e-01
  -4.1533027e-01
  -4.1762248e-01
  -4.1915295e-01
  -4.1991888e-01
  -4.1991888e-01
  -4.1915295e-01
  -4.1762248e-01
  -4.1533027e-01
  -4.1228050e-01
  -4.0847872e-01
  -4.0393189e-01
  -3.9864828e-01
  -3.9263753e-01
  -3.8591062e-01
  -3.7847980e-01
  -3.7035864e-01
  -3.6156194e-01
  -3.5210575e-01
  -3.4200733e-01
  -3.3128508e-01
  -3.2190069e-01
  -3.1388808e-01
  -3.0531931e-01
  -2.9620956e-01
  -2.8657498e-01
  -2.7643263e-01
  -2.6580049e-01
  -2.5469739e-01
  -2.4314301e-01
  -2.3115782e-01
  -2.1876305e-01
  -2.0598067e-01
  -1.9283333e-01
  -1.7934432e-01
  -1.6553754e-01
  -1.5143745e-01
  -1.3706904e-01
  -1.2245776e-01
  -1.0762951e-01
  -9.2610561e-02
  -7.7427518e-02
  -6.2107286e-02
  -4.6677010e-02
  -3.1164029e-02
  -1.5595831e-02
  -3.7480749e-15
   1.5595831e-02
   3.1164029e-02
   4.6677010e-02
   6.2107286e-02
   7.7427518e-02
   9.2610561e-02
   1.0762951e-01
   1.2245776e-01
   1.3706904e-01
   1.5143745e-01
   1.6553754e-01
   1.7934432e-01
   1.9283333e-01
   2.0598067e-01
   2.1876305e-01
   2.3115782e-01
   2.4314301e-01
   2.5469739e-01
   2.6580049e-01
   2.7643263e-01
   2.8657498e-01
   2.9620956e-01
   3.0531931e-01
   3.1388808e-01
   3.2190069e-01
  -3.2190069e-01
  -3.1388808e-01
  -3.0531931e-01
  -2.9620956e-01
  -2.8657498e-01
  -2.7643263e-01
  -2.6580049e-01
  -2.5469739e-01
  -2.4314301e-01
  -2.3115782e-01
  -2.1876305e-01
  -2.0598067e-01
  -1.9283333e-01
  -1.7934432e-01
  -1.6553754e-01
  -1.5143745e-01
  -1.3706904e-01
  -1.2245776e-01
  -1.0762951e-01
  -9.2610561e-02
  -7.7427518e-02
  -6.2107286e-02
  -4.6677010e-02
  -3.1164029e-02
  -1.5595831e-02
   3.9864788e-15
   1.5595831e-02
   3.1164029e-02
   4.6677010e-02
   6.2107286e-02
   7.7427518e-02
   9.2610561e-02
   1.0762951e-01
   1.2245776e-01
   1.3706904e-01
   1.5143745e-01
   1.6553754e-01
   1.7934432e-01
   1.9283333e-01
   2.0598067e-01
   2.1876305e-01
   2.3115782e-01
   2.4314301e-01
   2.5469739e-01
   2.6580049e-01
   2.7643263e-01
   2.8657498e-01
   2.9620956e-01
   3.0531931e-01
   3.1388808e-01
   3.2190069e-01
  -3.2190069e-01
  -3.1388808e-01
  -3.0531931e-01
  -2.9620956e-01
  -2.8657498e-01
  -2.7643263e-01
  -2.6580049e-01
  -2.5469739e-01
  -2.4314301e-01
  -2.3115782e-01
  -2.1876305e-01
  -2.0598067e-01
  -1.9283333e-01
  -1.7934432e-01
  -1.6553754e-01
  -1.5143745e-01
  -1.3706904e-01
  -1.2245776e-01
  -1.0762951e-01
  -9.2610561e-02
  -7.7427518e-02
  -6.2107286e-02
  -4.6677010e-02
  -3.1164029e-02
  -1.5595831e-02
   2.1903219e-15
   1.5595831e-02
   3.1164029e-02
   4.6677010e-02
   6.2107286e-02
   7.7427518e-02
   9.2610561e-02
   1.0762951e-01
   1.2245776e-01
   1.3706904e-01
   1.5143745e-01
   1.6553754e-01
   1.7934432e-01
   1.9283333e-01
   2.0598067e-01
   2.1876305e-01
   2.3115782e-01
   2.4314301e-01
   2.5469739e-01
   2.6580049e-01
   2.7643263e-01
   2.8657498e-01
   2.9620956e-01
   3.0531931e-01
   3.1388808e-01
   3.2190069e-01
   3.3128508e-01
   3.4200733e-01
   3.5210575e-01
   3.6156194e-01
   3.7035864e-01
   3.7847980e-01
   3.8591062e-01
   3.9263753e-01
   3.9864828e-01
   4.0393189e-01
   4.0847872e-01
   4.1228050e-01
   4.1533027e-01
   4.1762248e-01
   4.1915295e-01
   4.1991888e-01
   4.1991888e-01
   4.1915295e-01
   4.1762248e-01
   4.1533027e-01
   4.1228050e-01
   4.0847872e-01
   4.0393189e-01
   3.9864828e-01
   3.9263753e-01
   3.8591062e-01
   3.7847980e-01
   3.7035864e-01
   3.6156194e-01
   3.5210575e-01
   3.4200733e-01
   3.3128508e-01
