   2.3833444e-15
   2.3332259e-15
   2.3173428e-15
   2.2652939e-15
   2.5203208e-15
   2.3845298e-15
   2.4057548e-15
   2.4290819e-15
   2.5620192e-15
   2.6158036e-15
   2.8793104e-15
   3.1179371e-15
   3.2677329e-15
   3.3169941e-15
   3.1028956e-15
   2.9427032e-15
   2.7533282e-15
   2.5301268e-15
   2.0453315e-15
   2.0771796e-15
   2.2503119e-15
   2.4625080e-15
   2.6074239e-15
   2.4480857e-15
   2.1261790e-15
   1.5737570e-15
   1.2990747e-15
   1.3105395e-15
   1.4652906e-15
   1.3630448e-15
   1.1099195e-15
   1.0296355e-15
   1.3481468e-15
   1.6381137e-15
   1.7273337e-15
   1.5222630e-15
   1.5360002e-15
   1.4768930e-15
   1.3913656e-15
   1.4256777e-15
   1.5054874e-15
   1.3822549e-15
   1.2279767e-15
   1.3419118e-15
   1.6797067e-15
   2.1592631e-15
   2.1596025e-15
   2.3036693e-15
   1.8455377e-03
   5.5334600e-03
   9.2119284e-03
   1.2874658e-02
   1.6515392e-02
   2.0127910e-02
   2.3706039e-02
   2.7243667e-02
   3.0734750e-02
   3.4173323e-02
   3.7553511e-02
   4.0869540e-02
   4.4115744e-02
   4.7286577e-02
   5.0376622e-02
   5.3380599e-02
   5.6293376e-02
   5.9109976e-02
   6.1825589e-02
   6.4435573e-02
   6.6935471e-02
   6.9321010e-02
   7.1588115e-02
   7.3732913e-02
   7.5751740e-02
   7.7641147e-02
   7.9397904e-02
   8.1019012e-02
   8.2501700e-02
   8.3843435e-02
   8.5041926e-02
   8.6095123e-02
   8.7001229e-02
   8.7758694e-02
   8.8366225e-02
   8.8822784e-02
   8.9127590e-02
   8.9280124e-02
   8.9280124e-02
   8.9127590e-02
   8.8822784e-02
   8.8366225e-02
   8.7758694e-02
   8.7001229e-02
   8.6095123e-02
   8.5041926e-02
   8.3843435e-02
   8.2501700e-02
   8.1019012e-02
   7.9397904e-02
   7.7641147e-02
   7.5751740e-02
   7.3732913e-02
   7.1588115e-02
   6.9321010e-02
   6.6935471e-02
   6.4435573e-02
   6.1825589e-02
   5.9109976e-02
   5.6293376e-02
   5.3380599e-02
   5.0376622e-02
   4.7286577e-02
   4.4115744e-02
   4.0869540e-02
   3.7553511e-02
   3.4173323e-02
   3.0734750e-02
   2.7243667e-02
   2.3706039e-02
   2.0127910e-02
   1.6515392e-02
   1.2874658e-02
   9.2119284e-03
   5.5334600e-03
   1.8455377e-03
   1.0627254e-02
   3.1863606e-02
   5.3045520e-02
   7.4136806e-02
   9.5101430e-02
   1.1590358e-01
   1.3650770e-01
   1.5687861e-01
   1.7698149e-01
   1.9678200e-01
   2.1624631e-01
   2.3534117e-01
   2.5403395e-01
   2.7229272e-01
   2.9008628e-01
   3.0738424e-01
   3.2415703e-01
   3.4037601e-01
   3.5601346e-01
   3.7104266e-01
   3.8543795e-01
   3.9917472e-01
   4.1222951e-01
   4.2458001e-01
   4.3620513e-01
   4.4708499e-01
   4.5720102e-01
   4.6653593e-01
   4.7507377e-01
   4.8279995e-01
   4.8970128e-01
   4.9576596e-01
   5.0098363e-01
   5.0534539e-01
   5.0884376e-01
   5.1147279e-01
   5.1322797e-01
   5.1410631e-01
   5.1410631e-01
   5.1322797e-01
   5.1147279e-01
   5.0884376e-01
   5.0534539e-01
   5.0098363e-01
   4.9576596e-01
   4.8970128e-01
   4.8279995e-01
   4.7507377e-01
   4.6653593e-01
   4.5720102e-01
   4.4708499e-01
   4.3620513e-01
   4.2458001e-01
   4.1222951e-01
   3.9917472e-01
   3.8543795e-01
   3.7104266e-01
   3.5601346e-01
   3.4037601e-01
   3.2415703e-01
   3.0738424e-01
   2.9008628e-01
   2.7229272e-01
   2.5403395e-01
   2.3534117e-01
   2.1624631e-01
   1.9678200e-01
   1.7698149e-01
   1.5687861e-01
   1.3650770e-01
   1.1590358e-01
   9.5101430e-02
   7.4136806e-02
   5.3045520e-02
   3.1863606e-02
   1.0627254e-02
  -1.2472792e-02
  -3.7397066e-02
  -6.2257448e-02
  -8.7011464e-02
  -1.1161682e-01
  -1.3603149e-01
  -1.6021374e-01
  -1.8412227e-01
  -2.0771624e-01
  -2.3095532e-01
  -2.5379982e-01
  -2.7621071e-01
  -2.9814969e-01
  -3.1957930e-01
  -3.4046290e-01
  -3.6076484e-01
  -3.8045041e-01
  -3.9948598e-01
  -4.1783905e-01
  -4.3547824e-01
  -4.5237342e-01
  -4.6849573e-01
  -4.8381763e-01
  -4.9831293e-01
  -5.1195687e-01
  -5.2472614e-01
  -5.3659893e-01
  -5.4755494e-01
  -5.5757547e-01
  -5.6664339e-01
  -5.7474320e-01
  -5.8186108e-01
  -5.8798486e-01
  -5.9310408e-01
  -5.9720999e-01
  -6.0029557e-01
  -6.0235556e-01
  -6.0338644e-01
  -6.0338644e-01
  -6.0235556e-01
  -6.0029557e-01
  -5.9720999e-01
  -5.9310408e-01
  -5.8798486e-01
  -5.8186108e-01
  -5.7474320e-01
  -5.6664339e-01
  -5.5757547e-01
  -5.4755494e-01
  -5.3659893e-01
  -5.2472614e-01
  -5.1195687e-01
  -4.9831293e-01
  -4.8381763e-01
  -4.6849573e-01
  -4.5237342e-01
  -4.3547824e-01
  -4.1783905e-01
  -3.9948598e-01
  -3.8045041e-01
  -3.6076484e-01
  -3.4046290e-01
  -3.1957930e-01
  -2.9814969e-01
  -2.7621071e-01
  -2.5379982e-01
  -2.3095532e-01
  -2.0771624e-01
  -1.8412227e-01
  -1.6021374e-01
  -1.3603149e-01
  -1.1161682e-01
  -8.7011464e-02
  -6.2257448e-02
  -3.7397066e-02
  -1.2472792e-02
   2.2884780e-15
   2.0511238e-15
   1.9155402e-15
   2.1228670e-15
   2.3101233e-15
   2.3905073e-15
   2.6008837e-15
   2.9462337e-15
   3.5050933e-15
   3.8992625e-15
   4.3952006e-15
   4.5961600e-15
   4.5216148e-15
   4.3609237e-15
   4.3769014e-15
   4.2521392e-15
   3.8094056e-15
   3.3637851e-15
   3.1767021e-15
   3.1315525e-15
   3.1279784e-15
   3.2560197e-15
   3.4996215e-15
   3.4137803e-15
   3.2880082e-15
   3.3256720e-15
   3.8718179e-15
   4.1351862e-15
   4.3765799e-15
   4.3874865e-15
   4.3109352e-15
   4.2054458e-15
   4.0190841e-15
   3.9808209e-15
   3.7896082e-15
   3.5832573e-15
   3.5062869e-15
   3.7010284e-15
   3.6019188e-15
   3.4504980e-15
   3.3162078e-15
   3.2226709e-15
   2.8336833e-15
   2.6619261e-15
   2.8380266e-15
   2.8616925e-15
   2.6035149e-15
   2.3379943e-15
