   6.2369557392473807e-01
   6.5151793103297262e-01
   6.7961342949780501e-01
   7.0790559551076604e-01
   7.3630612503566528e-01
   7.6471450228880133e-01
   7.9301780568017555e-01
   8.2109074577824848e-01
   8.4879598054363647e-01
   8.7598475144442856e-01
   9.0249787955998062e-01
   9.2816715291928487e-01
   9.5281712477604674e-01
   9.7626732720752374e-01
   9.9833488557598948e-01
   1.0188374976451076e+00
   1.0375967175693193e+00
   1.0544414610704389e+00
   1.0692116257363196e+00
   1.0817617015931837e+00
   1.0919642340019380e+00
   1.0997129953616320e+00
   1.1049257254260771e+00
   1.1075463128769545e+00
   1.1075463128769545e+00
   1.1049257254260771e+00
   1.0997129953616320e+00
   1.0919642340019382e+00
   1.0817617015931837e+00
   1.0692116257363198e+00
   1.0544414610704391e+00
   1.0375967175693195e+00
   1.0188374976451078e+00
   9.9833488557598971e-01
   9.7626732720752407e-01
   9.5281712477604685e-01
   9.2816715291928520e-01
   9.0249787955998106e-01
   8.7598475144442878e-01
   8.4879598054363670e-01
   8.2109074577824870e-01
   7.9301780568017577e-01
   7.6471450228880156e-01
   7.3630612503566550e-01
   7.0790559551076626e-01
   6.7961342949780534e-01
   6.5151793103297284e-01
   6.2369557392473829e-01
   6.0086474338047791e-01
   5.8306532338134442e-01
   5.6567488641242614e-01
   5.4871985326108741e-01
   5.3222260513594533e-01
   5.1620181344730343e-01
   5.0067276684531548e-01
   4.8564769098716787e-01
   4.7113605749216275e-01
   4.5714487941671683e-01
   4.4367899133903477e-01
   4.3074131278912381e-01
   4.1833309430053489e-01
   4.0645414580437939e-01
   3.9510304744354863e-01
   3.8427734316583406e-01
   3.7397371766891202e-01
   3.6418815742758759e-01
   3.5491609664326240e-01
   3.4615254902547521e-01
   3.3789222635283361e-01
   3.3012964477209528e-01
   3.2285921978507037e-01
   3.1607535084809057e-01
   3.0977249647195088e-01
   3.0394524066473594e-01
   2.9858835150843377e-01
   2.9369683260484925e-01
   2.8926596806872651e-01
   2.8529136168745955e-01
   2.8176897080827995e-01
   2.7869513545604524e-01
   2.7606660312818304e-01
   2.7388054965824887e-01
   2.7213459648607163e-01
   2.7082682462059282e-01
   2.6995578553118077e-01
   2.6952050915425174e-01
   2.6952050915425174e-01
   2.6995578553118066e-01
   2.7082682462059265e-01
   2.7213459648607136e-01
   2.7388054965824860e-01
   2.7606660312818265e-01
   2.7869513545604480e-01
   2.8176897080827940e-01
   2.8529136168745894e-01
   2.8926596806872579e-01
   2.9369683260484847e-01
   2.9858835150843294e-01
   3.0394524066473499e-01
   3.0977249647194993e-01
   3.1607535084808952e-01
   3.2285921978506921e-01
   3.3012964477209406e-01
   3.3789222635283234e-01
   3.4615254902547388e-01
   3.5491609664326096e-01
   3.6418815742758609e-01
   3.7397371766891041e-01
   3.8427734316583234e-01
   3.9510304744354685e-01
   4.0645414580437750e-01
   4.1833309430053295e-01
   4.3074131278912181e-01
   4.4367899133903266e-01
   4.5714487941671456e-01
   4.7113605749216031e-01
   4.8564769098716531e-01
   5.0067276684531281e-01
   5.1620181344730054e-01
   5.3222260513594244e-01
   5.4871985326108430e-01
   5.6567488641242292e-01
   5.8306532338134109e-01
   6.0086474338047446e-01
   6.0086474338047791e-01
   5.8306532338134442e-01
   5.6567488641242614e-01
   5.4871985326108741e-01
   5.3222260513594544e-01
   5.1620181344730343e-01
   5.0067276684531548e-01
   4.8564769098716792e-01
   4.7113605749216270e-01
   4.5714487941671683e-01
   4.4367899133903471e-01
   4.3074131278912381e-01
   4.1833309430053484e-01
   4.0645414580437927e-01
   3.9510304744354857e-01
   3.8427734316583401e-01
   3.7397371766891196e-01
   3.6418815742758748e-01
   3.5491609664326235e-01
   3.4615254902547515e-01
   3.3789222635283356e-01
   3.3012964477209517e-01
   3.2285921978507032e-01
   3.1607535084809046e-01
   3.0977249647195076e-01
   3.0394524066473583e-01
   2.9858835150843360e-01
   2.9369683260484908e-01
   2.8926596806872634e-01
   2.8529136168745944e-01
   2.8176897080827978e-01
   2.7869513545604507e-01
   2.7606660312818287e-01
   2.7388054965824871e-01
   2.7213459648607147e-01
   2.7082682462059265e-01
   2.6995578553118060e-01
   2.6952050915425158e-01
   2.6952050915425158e-01
   2.6995578553118049e-01
   2.7082682462059249e-01
   2.7213459648607113e-01
   2.7388054965824837e-01
   2.7606660312818243e-01
   2.7869513545604457e-01
   2.8176897080827917e-01
   2.8529136168745872e-01
   2.8926596806872551e-01
   2.9369683260484819e-01
   2.9858835150843266e-01
   3.0394524066473477e-01
   3.0977249647194960e-01
   3.1607535084808919e-01
   3.2285921978506893e-01
   3.3012964477209372e-01
   3.3789222635283200e-01
   3.4615254902547349e-01
   3.5491609664326057e-01
   3.6418815742758570e-01
   3.7397371766891008e-01
   3.8427734316583195e-01
   3.9510304744354641e-01
   4.0645414580437705e-01
   4.1833309430053250e-01
   4.3074131278912137e-01
   4.4367899133903227e-01
   4.5714487941671417e-01
   4.7113605749215992e-01
   4.8564769098716509e-01
   5.0067276684531259e-01
   5.1620181344730043e-01
   5.3222260513594222e-01
   5.4871985326108419e-01
   5.6567488641242281e-01
   5.8306532338134098e-01
   6.0086474338047446e-01
   6.0086474338047802e-01
   5.8306532338134442e-01
   5.6567488641242625e-01
   5.4871985326108752e-01
   5.3222260513594544e-01
   5.1620181344730343e-01
   5.0067276684531559e-01
   4.8564769098716803e-01
   4.7113605749216281e-01
   4.5714487941671689e-01
   4.4367899133903482e-01
   4.3074131278912386e-01
   4.1833309430053489e-01
   4.0645414580437933e-01
   3.9510304744354863e-01
   3.8427734316583401e-01
   3.7397371766891202e-01
   3.6418815742758753e-01
   3.5491609664326240e-01
   3.4615254902547515e-01
   3.3789222635283356e-01
   3.3012964477209517e-01
   3.2285921978507032e-01
   3.1607535084809046e-01
   3.0977249647195076e-01
   3.0394524066473583e-01
   2.9858835150843360e-01
   2.9369683260484908e-01
   2.8926596806872634e-01
   2.8529136168745944e-01
   2.8176897080827978e-01
   2.7869513545604507e-01
   2.7606660312818287e-01
   2.7388054965824871e-01
   2.7213459648607141e-01
   2.7082682462059265e-01
   2.6995578553118060e-01
   2.6952050915425158e-01
   2.6952050915425152e-01
   2.6995578553118044e-01
   2.7082682462059243e-01
   2.7213459648607113e-01
   2.7388054965824832e-01
   2.7606660312818238e-01
   2.7869513545604452e-01
   2.8176897080827912e-01
   2.8529136168745867e-01
   2.8926596806872545e-01
   2.9369683260484813e-01
   2.9858835150843255e-01
   3.0394524066473472e-01
   3.0977249647194954e-01
   3.1607535084808913e-01
   3.2285921978506887e-01
   3.3012964477209367e-01
   3.3789222635283189e-01
   3.4615254902547343e-01
   3.5491609664326046e-01
   3.6418815742758559e-01
   3.7397371766890997e-01
   3.8427734316583184e-01
   3.9510304744354630e-01
   4.0645414580437694e-01
   4.1833309430053239e-01
   4.3074131278912120e-01
   4.4367899133903205e-01
   4.5714487941671406e-01
   4.7113605749215987e-01
   4.8564769098716493e-01
   5.0067276684531248e-01
   5.1620181344730010e-01
   5.3222260513594211e-01
   5.4871985326108397e-01
   5.6567488641242269e-01
   5.8306532338134076e-01
   6.0086474338047435e-01
   6.2369557392473496e-01
   6.5151793103296984e-01
   6.7961342949780268e-01
   7.0790559551076393e-01
   7.3630612503566362e-01
   7.6471450228880000e-01
   7.9301780568017455e-01
   8.2109074577824792e-01
   8.4879598054363636e-01
   8.7598475144442878e-01
   9.0249787955998129e-01
   9.2816715291928609e-01
   9.5281712477604819e-01
   9.7626732720752596e-01
   9.9833488557599215e-01
   1.0188374976451104e+00
   1.0375967175693228e+00
   1.0544414610704427e+00
   1.0692116257363238e+00
   1.0817617015931880e+00
   1.0919642340019426e+00
   1.0997129953616369e+00
   1.1049257254260823e+00
   1.1075463128769594e+00
   1.1075463128769596e+00
   1.1049257254260823e+00
   1.0997129953616371e+00
   1.0919642340019431e+00
   1.0817617015931884e+00
   1.0692116257363242e+00
   1.0544414610704433e+00
   1.0375967175693235e+00
   1.0188374976451111e+00
   9.9833488557599281e-01
   9.7626732720752685e-01
   9.5281712477604918e-01
   9.2816715291928698e-01
   9.0249787955998229e-01
   8.7598475144442967e-01
   8.4879598054363703e-01
   8.2109074577824859e-01
   7.9301780568017521e-01
   7.6471450228880045e-01
   7.3630612503566406e-01
   7.0790559551076426e-01
   6.7961342949780279e-01
   6.5151793103296995e-01
   6.2369557392473496e-01
