   6.1230650041277457e-01
   6.4387049268738705e-01
   6.7587799708620466e-01
   7.0825192795301128e-01
   7.4089964033505262e-01
   7.7371204249789682e-01
   8.0656291428546500e-01
   8.3930850215712727e-01
   8.7178746727378076e-01
   9.0382126545053265e-01
   9.3521503593966293e-01
   9.6575906864322836e-01
   9.9523090540933212e-01
   1.0233981097947549e+00
   1.0500217108714629e+00
   1.0748602908549536e+00
   1.0976746449961967e+00
   1.1182328977668212e+00
   1.1363159152950539e+00
   1.1517228144329057e+00
   1.1642763382529884e+00
   1.1738278504823334e+00
   1.1802617008379497e+00
   1.1834987314332199e+00
   1.1834987314332202e+00
   1.1802617008379499e+00
   1.1738278504823336e+00
   1.1642763382529888e+00
   1.1517228144329061e+00
   1.1363159152950548e+00
   1.1182328977668221e+00
   1.0976746449961976e+00
   1.0748602908549545e+00
   1.0500217108714640e+00
   1.0233981097947560e+00
   9.9523090540933334e-01
   9.6575906864322947e-01
   9.3521503593966404e-01
   9.0382126545053376e-01
   8.7178746727378176e-01
   8.3930850215712827e-01
   8.0656291428546589e-01
   7.7371204249789749e-01
   7.4089964033505329e-01
   7.0825192795301184e-01
   6.7587799708620511e-01
   6.4387049268738739e-01
   6.1230650041277490e-01
   5.8650687062787055e-01
   5.6650462663992862e-01
   5.4706773895927974e-01
   5.2821727596258794e-01
   5.0996962091593112e-01
   4.9233696575549535e-01
   4.7532778236234957e-01
   4.5894726760216259e-01
   4.4319775971936276e-01
   4.2807912476513205e-01
   4.1358911261989506e-01
   3.9972368286654192e-01
   3.8647730130439167e-01
   3.7384320828935214e-01
   3.6181366036508633e-01
   3.5038014683360896e-01
   3.3953358301982800e-01
   3.2926448202906067e-01
   3.1956310679319455e-01
   3.1041960416153630e-01
   3.0182412272611625e-01
   2.9376691598621785e-01
   2.8623843235952223e-01
   2.7922939344256587e-01
   2.7273086181511186e-01
   2.6673429957452316e-01
   2.6123161867949973e-01
   2.5621522407916236e-01
   2.5167805050449688e-01
   2.4761359370523406e-01
   2.4401593682667133e-01
   2.4087977253778875e-01
   2.3820042144414963e-01
   2.3597384724623424e-01
   2.3419666903563613e-01
   2.3286617105749857e-01
   2.3198031020715637e-01
   2.3153772147160992e-01
   2.3153772147160992e-01
   2.3198031020715648e-01
   2.3286617105749874e-01
   2.3419666903563630e-01
   2.3597384724623449e-01
   2.3820042144414991e-01
   2.4087977253778911e-01
   2.4401593682667178e-01
   2.4761359370523450e-01
   2.5167805050449743e-01
   2.5621522407916297e-01
   2.6123161867950034e-01
   2.6673429957452394e-01
   2.7273086181511258e-01
   2.7922939344256670e-01
   2.8623843235952318e-01
   2.9376691598621885e-01
   3.0182412272611731e-01
   3.1041960416153735e-01
   3.1956310679319572e-01
   3.2926448202906189e-01
   3.3953358301982933e-01
   3.5038014683361030e-01
   3.6181366036508777e-01
   3.7384320828935369e-01
   3.8647730130439328e-01
   3.9972368286654364e-01
   4.1358911261989678e-01
   4.2807912476513388e-01
   4.4319775971936459e-01
   4.5894726760216448e-01
   4.7532778236235146e-01
   4.9233696575549712e-01
   5.0996962091593290e-01
   5.2821727596258972e-01
   5.4706773895928140e-01
   5.6650462663993029e-01
   5.8650687062787232e-01
   5.8650687062787066e-01
   5.6650462663992851e-01
   5.4706773895927974e-01
   5.2821727596258794e-01
   5.0996962091593112e-01
   4.9233696575549535e-01
   4.7532778236234963e-01
   4.5894726760216259e-01
   4.4319775971936270e-01
   4.2807912476513205e-01
   4.1358911261989501e-01
   3.9972368286654192e-01
   3.8647730130439167e-01
   3.7384320828935214e-01
   3.6181366036508628e-01
   3.5038014683360885e-01
   3.3953358301982800e-01
   3.2926448202906056e-01
   3.1956310679319450e-01
   3.1041960416153619e-01
   3.0182412272611620e-01
   2.9376691598621779e-01
   2.8623843235952212e-01
   2.7922939344256575e-01
   2.7273086181511169e-01
   2.6673429957452310e-01
   2.6123161867949957e-01
   2.5621522407916225e-01
   2.5167805050449676e-01
   2.4761359370523389e-01
   2.4401593682667116e-01
   2.4087977253778858e-01
   2.3820042144414943e-01
   2.3597384724623405e-01
   2.3419666903563593e-01
   2.3286617105749841e-01
   2.3198031020715618e-01
   2.3153772147160967e-01
   2.3153772147160967e-01
   2.3198031020715623e-01
   2.3286617105749846e-01
   2.3419666903563607e-01
   2.3597384724623421e-01
   2.3820042144414960e-01
   2.4087977253778878e-01
   2.4401593682667147e-01
   2.4761359370523423e-01
   2.5167805050449710e-01
   2.5621522407916264e-01
   2.6123161867950001e-01
   2.6673429957452355e-01
   2.7273086181511219e-01
   2.7922939344256631e-01
   2.8623843235952268e-01
   2.9376691598621840e-01
   3.0182412272611681e-01
   3.1041960416153686e-01
   3.1956310679319516e-01
   3.2926448202906133e-01
   3.3953358301982878e-01
   3.5038014683360974e-01
   3.6181366036508722e-01
   3.7384320828935308e-01
   3.8647730130439267e-01
   3.9972368286654297e-01
   4.1358911261989612e-01
   4.2807912476513316e-01
   4.4319775971936387e-01
   4.5894726760216381e-01
   4.7532778236235090e-01
   4.9233696575549668e-01
   5.0996962091593245e-01
   5.2821727596258938e-01
   5.4706773895928118e-01
   5.6650462663993006e-01
   5.8650687062787221e-01
   5.8650687062787066e-01
   5.6650462663992862e-01
   5.4706773895927974e-01
   5.2821727596258805e-01
   5.0996962091593123e-01
   4.9233696575549540e-01
   4.7532778236234974e-01
   4.5894726760216270e-01
   4.4319775971936282e-01
   4.2807912476513210e-01
   4.1358911261989512e-01
   3.9972368286654203e-01
   3.8647730130439178e-01
   3.7384320828935225e-01
   3.6181366036508644e-01
   3.5038014683360902e-01
   3.3953358301982811e-01
   3.2926448202906067e-01
   3.1956310679319461e-01
   3.1041960416153630e-01
   3.0182412272611631e-01
   2.9376691598621790e-01
   2.8623843235952229e-01
   2.7922939344256592e-01
   2.7273086181511186e-01
   2.6673429957452321e-01
   2.6123161867949979e-01
   2.5621522407916242e-01
   2.5167805050449693e-01
   2.4761359370523406e-01
   2.4401593682667139e-01
   2.4087977253778878e-01
   2.3820042144414963e-01
   2.3597384724623430e-01
   2.3419666903563613e-01
   2.3286617105749863e-01
   2.3198031020715637e-01
   2.3153772147160989e-01
   2.3153772147160992e-01
   2.3198031020715645e-01
   2.3286617105749874e-01
   2.3419666903563632e-01
   2.3597384724623449e-01
   2.3820042144414993e-01
   2.4087977253778908e-01
   2.4401593682667175e-01
   2.4761359370523453e-01
   2.5167805050449743e-01
   2.5621522407916297e-01
   2.6123161867950034e-01
   2.6673429957452388e-01
   2.7273086181511258e-01
   2.7922939344256670e-01
   2.8623843235952312e-01
   2.9376691598621879e-01
   3.0182412272611725e-01
   3.1041960416153735e-01
   3.1956310679319572e-01
   3.2926448202906183e-01
   3.3953358301982928e-01
   3.5038014683361030e-01
   3.6181366036508777e-01
   3.7384320828935363e-01
   3.8647730130439323e-01
   3.9972368286654358e-01
   4.1358911261989673e-01
   4.2807912476513382e-01
   4.4319775971936454e-01
   4.5894726760216442e-01
   4.7532778236235140e-01
   4.9233696575549701e-01
   5.0996962091593290e-01
   5.2821727596258961e-01
   5.4706773895928129e-01
   5.6650462663993018e-01
   5.8650687062787221e-01
   6.1230650041277646e-01
   6.4387049268738883e-01
   6.7587799708620622e-01
   7.0825192795301273e-01
   7.4089964033505396e-01
   7.7371204249789804e-01
   8.0656291428546611e-01
   8.3930850215712816e-01
   8.7178746727378142e-01
   9.0382126545053310e-01
   9.3521503593966315e-01
   9.6575906864322858e-01
   9.9523090540933201e-01
   1.0233981097947542e+00
   1.0500217108714620e+00
   1.0748602908549525e+00
   1.0976746449961954e+00
   1.1182328977668199e+00
   1.1363159152950522e+00
   1.1517228144329037e+00
   1.1642763382529864e+00
   1.1738278504823310e+00
   1.1802617008379472e+00
   1.1834987314332175e+00
   1.1834987314332175e+00
   1.1802617008379472e+00
   1.1738278504823310e+00
   1.1642763382529864e+00
   1.1517228144329037e+00
   1.1363159152950522e+00
   1.1182328977668199e+00
   1.0976746449961954e+00
   1.0748602908549525e+00
   1.0500217108714620e+00
   1.0233981097947542e+00
   9.9523090540933201e-01
   9.6575906864322847e-01
   9.3521503593966326e-01
   9.0382126545053310e-01
   8.7178746727378131e-01
   8.3930850215712816e-01
   8.0656291428546611e-01
   7.7371204249789804e-01
   7.4089964033505384e-01
   7.0825192795301273e-01
   6.7587799708620622e-01
   6.4387049268738883e-01
   6.1230650041277646e-01
