   6.4565303927276463e-01
   6.6250533047043181e-01
   6.7932503761681773e-01
   6.9605809798623164e-01
   7.1264675460351667e-01
   7.2902974134173315e-01
   7.4514254212122111e-01
   7.6091772910815414e-01
   7.7628538334441466e-01
   7.9117359938846188e-01
   8.0550907332123112e-01
   8.1921777090875081e-01
   8.3222566987811564e-01
   8.4445956724837778e-01
   8.5584793958311434e-01
   8.6632184104152110e-01
   8.7581582136245295e-01
   8.8426884359236291e-01
   8.9162517963254451e-01
   8.9783526068670061e-01
   9.0285645956054617e-01
   9.0665378258253337e-01
   9.0920045070759914e-01
   9.1047835210293493e-01
   9.1047835210293493e-01
   9.0920045070759914e-01
   9.0665378258253326e-01
   9.0285645956054594e-01
   8.9783526068670028e-01
   8.9162517963254406e-01
   8.8426884359236257e-01
   8.7581582136245262e-01
   8.6632184104152066e-01
   8.5584793958311400e-01
   8.4445956724837745e-01
   8.3222566987811541e-01
   8.1921777090875059e-01
   8.0550907332123090e-01
   7.9117359938846155e-01
   7.7628538334441455e-01
   7.6091772910815403e-01
   7.4514254212122100e-01
   7.2902974134173315e-01
   7.1264675460351667e-01
   6.9605809798623175e-01
   6.7932503761681784e-01
   6.6250533047043192e-01
   6.4565303927276474e-01
   6.3166861894057180e-01
   6.2058997412942529e-01
   6.0959534982273411e-01
   5.9871143450408171e-01
   5.8796315960444534e-01
   5.7737371855377639e-01
   5.6696459986006176e-01
   5.5675563212833590e-01
   5.4676503902999207e-01
   5.3700950235472622e-01
   5.2750423141635316e-01
   5.1826303723330613e-01
   5.0929841005940713e-01
   5.0062159899598424e-01
   4.9224269256891440e-01
   4.8417069930080114e-01
   4.7641362744709992e-01
   4.6897856319401204e-01
   4.6187174673441134e-01
   4.5509864574537823e-01
   4.4866402588693932e-01
   4.4257201802645779e-01
   4.3682618196716372e-01
   4.3142956652304881e-01
   4.2638476583645063e-01
   4.2169397187979885e-01
   4.1735902311997364e-01
   4.1338144935328430e-01
   4.0976251274198311e-01
   4.0650324510021885e-01
   4.0360448148910283e-01
   4.0106689018776842e-01
   3.9889099911055936e-01
   3.9707721874034446e-01
   3.9562586164494185e-01
   3.9453715863820854e-01
   3.9381127163994345e-01
   3.9344830327974756e-01
   3.9344830327974756e-01
   3.9381127163994339e-01
   3.9453715863820848e-01
   3.9562586164494179e-01
   3.9707721874034441e-01
   3.9889099911055925e-01
   4.0106689018776831e-01
   4.0360448148910272e-01
   4.0650324510021868e-01
   4.0976251274198294e-01
   4.1338144935328414e-01
   4.1735902311997347e-01
   4.2169397187979868e-01
   4.2638476583645041e-01
   4.3142956652304865e-01
   4.3682618196716350e-01
   4.4257201802645757e-01
   4.4866402588693904e-01
   4.5509864574537801e-01
   4.6187174673441095e-01
   4.6897856319401177e-01
   4.7641362744709953e-01
   4.8417069930080081e-01
   4.9224269256891406e-01
   5.0062159899598391e-01
   5.0929841005940679e-01
   5.1826303723330580e-01
   5.2750423141635283e-01
   5.3700950235472578e-01
   5.4676503902999163e-01
   5.5675563212833545e-01
   5.6696459986006131e-01
   5.7737371855377595e-01
   5.8796315960444490e-01
   5.9871143450408115e-01
   6.0959534982273367e-01
   6.2058997412942496e-01
   6.3166861894057136e-01
   6.3166861894057191e-01
   6.2058997412942540e-01
   6.0959534982273411e-01
   5.9871143450408171e-01
   5.8796315960444545e-01
   5.7737371855377639e-01
   5.6696459986006187e-01
   5.5675563212833590e-01
   5.4676503902999218e-01
   5.3700950235472622e-01
   5.2750423141635328e-01
   5.1826303723330636e-01
   5.0929841005940724e-01
   5.0062159899598435e-01
   4.9224269256891445e-01
   4.8417069930080114e-01
   4.7641362744709997e-01
   4.6897856319401210e-01
   4.6187174673441128e-01
   4.5509864574537834e-01
   4.4866402588693932e-01
   4.4257201802645790e-01
   4.3682618196716383e-01
   4.3142956652304887e-01
   4.2638476583645069e-01
   4.2169397187979896e-01
   4.1735902311997375e-01
   4.1338144935328436e-01
   4.0976251274198316e-01
   4.0650324510021890e-01
   4.0360448148910288e-01
   4.0106689018776853e-01
   3.9889099911055942e-01
   3.9707721874034452e-01
   3.9562586164494190e-01
   3.9453715863820860e-01
   3.9381127163994351e-01
   3.9344830327974761e-01
   3.9344830327974767e-01
   3.9381127163994345e-01
   3.9453715863820860e-01
   3.9562586164494185e-01
   3.9707721874034441e-01
   3.9889099911055936e-01
   4.0106689018776842e-01
   4.0360448148910277e-01
   4.0650324510021879e-01
   4.0976251274198305e-01
   4.1338144935328419e-01
   4.1735902311997358e-01
   4.2169397187979873e-01
   4.2638476583645052e-01
   4.3142956652304870e-01
   4.3682618196716361e-01
   4.4257201802645768e-01
   4.4866402588693910e-01
   4.5509864574537812e-01
   4.6187174673441106e-01
   4.6897856319401188e-01
   4.7641362744709964e-01
   4.8417069930080087e-01
   4.9224269256891406e-01
   5.0062159899598413e-01
   5.0929841005940690e-01
   5.1826303723330591e-01
   5.2750423141635283e-01
   5.3700950235472589e-01
   5.4676503902999174e-01
   5.5675563212833556e-01
   5.6696459986006142e-01
   5.7737371855377606e-01
   5.8796315960444501e-01
   5.9871143450408115e-01
   6.0959534982273367e-01
   6.2058997412942496e-01
   6.3166861894057147e-01
   6.3166861894057191e-01
   6.2058997412942529e-01
   6.0959534982273389e-01
   5.9871143450408149e-01
   5.8796315960444512e-01
   5.7737371855377617e-01
   5.6696459986006154e-01
   5.5675563212833556e-01
   5.4676503902999174e-01
   5.3700950235472578e-01
   5.2750423141635272e-01
   5.1826303723330569e-01
   5.0929841005940668e-01
   5.0062159899598380e-01
   4.9224269256891373e-01
   4.8417069930080048e-01
   4.7641362744709925e-01
   4.6897856319401132e-01
   4.6187174673441050e-01
   4.5509864574537751e-01
   4.4866402588693838e-01
   4.4257201802645696e-01
   4.3682618196716283e-01
   4.3142956652304787e-01
   4.2638476583644963e-01
   4.2169397187979779e-01
   4.1735902311997258e-01
   4.1338144935328319e-01
   4.0976251274198200e-01
   4.0650324510021768e-01
   4.0360448148910161e-01
   4.0106689018776720e-01
   3.9889099911055809e-01
   3.9707721874034319e-01
   3.9562586164494057e-01
   3.9453715863820726e-01
   3.9381127163994206e-01
   3.9344830327974617e-01
   3.9344830327974617e-01
   3.9381127163994195e-01
   3.9453715863820704e-01
   3.9562586164494029e-01
   3.9707721874034280e-01
   3.9889099911055770e-01
   4.0106689018776676e-01
   4.0360448148910105e-01
   4.0650324510021707e-01
   4.0976251274198128e-01
   4.1338144935328242e-01
   4.1735902311997169e-01
   4.2169397187979690e-01
   4.2638476583644858e-01
   4.3142956652304681e-01
   4.3682618196716161e-01
   4.4257201802645579e-01
   4.4866402588693727e-01
   4.5509864574537628e-01
   4.6187174673440934e-01
   4.6897856319401021e-01
   4.7641362744709809e-01
   4.8417069930079937e-01
   4.9224269256891268e-01
   5.0062159899598280e-01
   5.0929841005940568e-01
   5.1826303723330480e-01
   5.2750423141635183e-01
   5.3700950235472500e-01
   5.4676503902999096e-01
   5.5675563212833468e-01
   5.6696459986006076e-01
   5.7737371855377539e-01
   5.8796315960444456e-01
   5.9871143450408082e-01
   6.0959534982273345e-01
   6.2058997412942485e-01
   6.3166861894057136e-01
   6.4565303927276452e-01
   6.6250533047043203e-01
   6.7932503761681817e-01
   6.9605809798623242e-01
   7.1264675460351756e-01
   7.2902974134173437e-01
   7.4514254212122244e-01
   7.6091772910815569e-01
   7.7628538334441655e-01
   7.9117359938846388e-01
   8.0550907332123345e-01
   8.1921777090875325e-01
   8.3222566987811841e-01
   8.4445956724838067e-01
   8.5584793958311733e-01
   8.6632184104152421e-01
   8.7581582136245628e-01
   8.8426884359236635e-01
   8.9162517963254806e-01
   8.9783526068670427e-01
   9.0285645956055005e-01
   9.0665378258253759e-01
   9.0920045070760347e-01
   9.1047835210293937e-01
   9.1047835210293937e-01
   9.0920045070760347e-01
   9.0665378258253781e-01
   9.0285645956055038e-01
   8.9783526068670472e-01
   8.9162517963254861e-01
   8.8426884359236690e-01
   8.7581582136245673e-01
   8.6632184104152488e-01
   8.5584793958311789e-01
   8.4445956724838134e-01
   8.3222566987811886e-01
   8.1921777090875381e-01
   8.0550907332123389e-01
   7.9117359938846432e-01
   7.7628538334441699e-01
   7.6091772910815614e-01
   7.4514254212122277e-01
   7.2902974134173470e-01
   7.1264675460351778e-01
   6.9605809798623253e-01
   6.7932503761681839e-01
   6.6250533047043214e-01
   6.4565303927276463e-01
