   6.3623912906243085e-01
   6.5885812015435785e-01
   6.8157156128239427e-01
   7.0431065652808589e-01
   7.2699919428242954e-01
   7.4955357086073171e-01
   7.7188294982600059e-01
   7.9388957645600611e-01
   8.1546926513265539e-01
   8.3651207458646992e-01
   8.5690318177242353e-01
   8.7652395962900354e-01
   8.9525325711050907e-01
   9.1296887182242425e-01
   9.2954919659467483e-01
   9.4487501179152866e-01
   9.5883138559715031e-01
   9.7130963555066063e-01
   9.8220929691402414e-01
   9.9144003772745759e-01
   9.9892345726885090e-01
   1.0045947045851544e+00
   1.0084038571080725e+00
   1.0103170061583555e+00
   1.0103170061583553e+00
   1.0084038571080725e+00
   1.0045947045851542e+00
   9.9892345726885057e-01
   9.9144003772745737e-01
   9.8220929691402381e-01
   9.7130963555066008e-01
   9.5883138559714975e-01
   9.4487501179152822e-01
   9.2954919659467428e-01
   9.1296887182242348e-01
   8.9525325711050829e-01
   8.7652395962900265e-01
   8.5690318177242286e-01
   8.3651207458646937e-01
   8.1546926513265472e-01
   7.9388957645600566e-01
   7.7188294982600025e-01
   7.4955357086073138e-01
   7.2699919428242932e-01
   7.0431065652808578e-01
   6.8157156128239427e-01
   6.5885812015435785e-01
   6.3623912906243085e-01
   6.1757919340864431e-01
   6.0292073165066717e-01
   5.8849276580680832e-01
   5.7432435103143431e-01
   5.6044157489279522e-01
   5.4686770562302289e-01
   5.3362335188037757e-01
   5.2072663019468957e-01
   5.0819333675368039e-01
   4.9603712066154626e-01
   4.8426965625124707e-01
   4.7290081245088783e-01
   4.6193881758759370e-01
   4.5139041835673804e-01
   4.4126103198944339e-01
   4.3155489091746668e-01
   4.2227517946345039e-01
   4.1342416227833267e-01
   4.0500330440920129e-01
   3.9701338301303435e-01
   3.8945459083769113e-01
   3.8232663167426301e-01
   3.7562880804742460e-01
   3.6936010145551307e-01
   3.6351924550227005e-01
   3.5810479227982989e-01
   3.5311517236969697e-01
   3.4854874882696035e-01
   3.4440386550442670e-01
   3.4067889005908769e-01
   3.3737225196453041e-01
   3.3448247583052826e-01
   3.3200821030591848e-01
   3.2994825281364160e-01
   3.2830157033801965e-01
   3.2706731645440074e-01
   3.2624484476052773e-01
   3.2583371883764789e-01
   3.2583371883764789e-01
   3.2624484476052773e-01
   3.2706731645440063e-01
   3.2830157033801960e-01
   3.2994825281364148e-01
   3.3200821030591837e-01
   3.3448247583052809e-01
   3.3737225196453019e-01
   3.4067889005908752e-01
   3.4440386550442648e-01
   3.4854874882696008e-01
   3.5311517236969669e-01
   3.5810479227982961e-01
   3.6351924550226977e-01
   3.6936010145551268e-01
   3.7562880804742427e-01
   3.8232663167426262e-01
   3.8945459083769068e-01
   3.9701338301303385e-01
   4.0500330440920079e-01
   4.1342416227833217e-01
   4.2227517946344989e-01
   4.3155489091746618e-01
   4.4126103198944283e-01
   4.5139041835673743e-01
   4.6193881758759303e-01
   4.7290081245088716e-01
   4.8426965625124646e-01
   4.9603712066154559e-01
   5.0819333675367973e-01
   5.2072663019468890e-01
   5.3362335188037691e-01
   5.4686770562302223e-01
   5.6044157489279456e-01
   5.7432435103143353e-01
   5.8849276580680743e-01
   6.0292073165066629e-01
   6.1757919340864342e-01
   6.1757919340864442e-01
   6.0292073165066729e-01
   5.8849276580680843e-01
   5.7432435103143442e-01
   5.6044157489279556e-01
   5.4686770562302323e-01
   5.3362335188037791e-01
   5.2072663019468990e-01
   5.0819333675368061e-01
   4.9603712066154659e-01
   4.8426965625124740e-01
   4.7290081245088811e-01
   4.6193881758759398e-01
   4.5139041835673843e-01
   4.4126103198944372e-01
   4.3155489091746707e-01
   4.2227517946345078e-01
   4.1342416227833306e-01
   4.0500330440920174e-01
   3.9701338301303479e-01
   3.8945459083769157e-01
   3.8232663167426340e-01
   3.7562880804742504e-01
   3.6936010145551351e-01
   3.6351924550227055e-01
   3.5810479227983039e-01
   3.5311517236969753e-01
   3.4854874882696091e-01
   3.4440386550442725e-01
   3.4067889005908825e-01
   3.3737225196453102e-01
   3.3448247583052887e-01
   3.3200821030591909e-01
   3.2994825281364221e-01
   3.2830157033802032e-01
   3.2706731645440140e-01
   3.2624484476052845e-01
   3.2583371883764861e-01
   3.2583371883764861e-01
   3.2624484476052851e-01
   3.2706731645440140e-01
   3.2830157033802038e-01
   3.2994825281364226e-01
   3.3200821030591915e-01
   3.3448247583052898e-01
   3.3737225196453108e-01
   3.4067889005908841e-01
   3.4440386550442736e-01
   3.4854874882696102e-01
   3.5311517236969764e-01
   3.5810479227983055e-01
   3.6351924550227072e-01
   3.6936010145551373e-01
   3.7562880804742527e-01
   3.8232663167426367e-01
   3.8945459083769174e-01
   3.9701338301303496e-01
   4.0500330440920190e-01
   4.1342416227833334e-01
   4.2227517946345106e-01
   4.3155489091746735e-01
   4.4126103198944400e-01
   4.5139041835673854e-01
   4.6193881758759409e-01
   4.7290081245088811e-01
   4.8426965625124729e-01
   4.9603712066154637e-01
   5.0819333675368039e-01
   5.2072663019468957e-01
   5.3362335188037746e-01
   5.4686770562302267e-01
   5.6044157489279489e-01
   5.7432435103143387e-01
   5.8849276580680765e-01
   6.0292073165066651e-01
   6.1757919340864342e-01
   6.1757919340864453e-01
   6.0292073165066740e-01
   5.8849276580680843e-01
   5.7432435103143453e-01
   5.6044157489279556e-01
   5.4686770562302323e-01
   5.3362335188037791e-01
   5.2072663019468990e-01
   5.0819333675368061e-01
   4.9603712066154648e-01
   4.8426965625124729e-01
   4.7290081245088805e-01
   4.6193881758759386e-01
   4.5139041835673832e-01
   4.4126103198944361e-01
   4.3155489091746690e-01
   4.2227517946345061e-01
   4.1342416227833290e-01
   4.0500330440920146e-01
   3.9701338301303452e-01
   3.8945459083769124e-01
   3.8232663167426317e-01
   3.7562880804742477e-01
   3.6936010145551323e-01
   3.6351924550227022e-01
   3.5810479227983005e-01
   3.5311517236969708e-01
   3.4854874882696052e-01
   3.4440386550442681e-01
   3.4067889005908786e-01
   3.3737225196453052e-01
   3.3448247583052837e-01
   3.3200821030591859e-01
   3.2994825281364171e-01
   3.2830157033801977e-01
   3.2706731645440085e-01
   3.2624484476052784e-01
   3.2583371883764800e-01
   3.2583371883764800e-01
   3.2624484476052779e-01
   3.2706731645440074e-01
   3.2830157033801971e-01
   3.2994825281364154e-01
   3.3200821030591843e-01
   3.3448247583052820e-01
   3.3737225196453030e-01
   3.4067889005908758e-01
   3.4440386550442653e-01
   3.4854874882696019e-01
   3.5311517236969675e-01
   3.5810479227982966e-01
   3.6351924550226977e-01
   3.6936010145551279e-01
   3.7562880804742427e-01
   3.8232663167426262e-01
   3.8945459083769074e-01
   3.9701338301303390e-01
   4.0500330440920085e-01
   4.1342416227833223e-01
   4.2227517946344989e-01
   4.3155489091746618e-01
   4.4126103198944283e-01
   4.5139041835673743e-01
   4.6193881758759309e-01
   4.7290081245088711e-01
   4.8426965625124641e-01
   4.9603712066154559e-01
   5.0819333675367961e-01
   5.2072663019468879e-01
   5.3362335188037680e-01
   5.4686770562302212e-01
   5.6044157489279445e-01
   5.7432435103143342e-01
   5.8849276580680743e-01
   6.0292073165066629e-01
   6.1757919340864331e-01
   6.3623912906242996e-01
   6.5885812015435707e-01
   6.8157156128239382e-01
   7.0431065652808544e-01
   7.2699919428242921e-01
   7.4955357086073149e-01
   7.7188294982600059e-01
   7.9388957645600622e-01
   8.1546926513265550e-01
   8.3651207458647037e-01
   8.5690318177242408e-01
   8.7652395962900409e-01
   8.9525325711050974e-01
   9.1296887182242525e-01
   9.2954919659467583e-01
   9.4487501179152977e-01
   9.5883138559715153e-01
   9.7130963555066174e-01
   9.8220929691402570e-01
   9.9144003772745892e-01
   9.9892345726885223e-01
   1.0045947045851560e+00
   1.0084038571080740e+00
   1.0103170061583568e+00
   1.0103170061583568e+00
   1.0084038571080740e+00
   1.0045947045851558e+00
   9.9892345726885212e-01
   9.9144003772745870e-01
   9.8220929691402525e-01
   9.7130963555066130e-01
   9.5883138559715086e-01
   9.4487501179152933e-01
   9.2954919659467516e-01
   9.1296887182242437e-01
   8.9525325711050896e-01
   8.7652395962900342e-01
   8.5690318177242342e-01
   8.3651207458646970e-01
   8.1546926513265505e-01
   7.9388957645600577e-01
   7.7188294982600025e-01
   7.4955357086073127e-01
   7.2699919428242898e-01
   7.0431065652808533e-01
   6.8157156128239371e-01
   6.5885812015435719e-01
   6.3623912906243008e-01
