   5.9677313651612363e-01
   6.3256657834586272e-01
   6.6904505311256623e-01
   7.0613776350420820e-01
   7.4375369559840798e-01
   7.8177987557373574e-01
   8.2007980882378551e-01
   8.5849220943898241e-01
   8.9683014452384791e-01
   9.3488073110029313e-01
   9.7240553101664207e-01
   1.0091417885996967e+00
   1.0448046439000478e+00
   1.0790904286782756e+00
   1.1116811108749691e+00
   1.1422498956048657e+00
   1.1704679179838362e+00
   1.1960118789320446e+00
   1.2185723856206525e+00
   1.2378626718924968e+00
   1.2536273008578271e+00
   1.2656504024128876e+00
   1.2737629819100866e+00
   1.2778488589315729e+00
   1.2778488589315729e+00
   1.2737629819100866e+00
   1.2656504024128874e+00
   1.2536273008578269e+00
   1.2378626718924965e+00
   1.2185723856206523e+00
   1.1960118789320442e+00
   1.1704679179838360e+00
   1.1422498956048650e+00
   1.1116811108749687e+00
   1.0790904286782750e+00
   1.0448046439000473e+00
   1.0091417885996963e+00
   9.7240553101664162e-01
   9.3488073110029268e-01
   8.9683014452384735e-01
   8.5849220943898186e-01
   8.2007980882378495e-01
   7.8177987557373529e-01
   7.4375369559840765e-01
   7.0613776350420798e-01
   6.6904505311256612e-01
   6.3256657834586272e-01
   5.9677313651612374e-01
   5.6765233501373047e-01
   5.4522290482993130e-01
   5.2356628560042573e-01
   5.0269319568718995e-01
   4.8260919815960518e-01
   4.6331540414482986e-01
   4.4480911986198923e-01
   4.2708443673556862e-01
   4.1013276544767113e-01
   3.9394331587464337e-01
   3.7850352562272083e-01
   3.6379944038712680e-01
   3.4981604966093321e-01
   3.3653758145891816e-01
   3.2394775973602957e-01
   3.1203002810199459e-01
   3.0076774328946915e-01
   2.9014434164412800e-01
   2.8014348168807013e-01
   2.7074916557586209e-01
   2.6194584202536370e-01
   2.5371849307045535e-01
   2.4605270675513299e-01
   2.3893473767170220e-01
   2.3235155704224289e-01
   2.2629089385337189e-01
   2.2074126838011032e-01
   2.1569201927528919e-01
   2.1113332525593767e-01
   2.0705622228674397e-01
   2.0345261704201917e-01
   2.0031529732058029e-01
   1.9763793999148233e-01
   1.9541511696142763e-01
   1.9364229957582624e-01
   1.9231586179374530e-01
   1.9143308241127449e-01
   1.9099214654707905e-01
   1.9099214654707902e-01
   1.9143308241127446e-01
   1.9231586179374524e-01
   1.9364229957582613e-01
   1.9541511696142749e-01
   1.9763793999148216e-01
   2.0031529732058009e-01
   2.0345261704201892e-01
   2.0705622228674372e-01
   2.1113332525593737e-01
   2.1569201927528886e-01
   2.2074126838010999e-01
   2.2629089385337153e-01
   2.3235155704224250e-01
   2.3893473767170181e-01
   2.4605270675513258e-01
   2.5371849307045502e-01
   2.6194584202536331e-01
   2.7074916557586165e-01
   2.8014348168806968e-01
   2.9014434164412750e-01
   3.0076774328946865e-01
   3.1203002810199415e-01
   3.2394775973602907e-01
   3.3653758145891766e-01
   3.4981604966093260e-01
   3.6379944038712625e-01
   3.7850352562272022e-01
   3.9394331587464276e-01
   4.1013276544767047e-01
   4.2708443673556795e-01
   4.4480911986198846e-01
   4.6331540414482902e-01
   4.8260919815960435e-01
   5.0269319568718906e-01
   5.2356628560042473e-01
   5.4522290482993019e-01
   5.6765233501372925e-01
   5.6765233501373058e-01
   5.4522290482993141e-01
   5.2356628560042584e-01
   5.0269319568719006e-01
   4.8260919815960529e-01
   4.6331540414482991e-01
   4.4480911986198929e-01
   4.2708443673556867e-01
   4.1013276544767119e-01
   3.9394331587464348e-01
   3.7850352562272094e-01
   3.6379944038712692e-01
   3.4981604966093327e-01
   3.3653758145891827e-01
   3.2394775973602963e-01
   3.1203002810199471e-01
   3.0076774328946920e-01
   2.9014434164412811e-01
   2.8014348168807024e-01
   2.7074916557586221e-01
   2.6194584202536381e-01
   2.5371849307045546e-01
   2.4605270675513308e-01
   2.3893473767170231e-01
   2.3235155704224300e-01
   2.2629089385337200e-01
   2.2074126838011043e-01
   2.1569201927528928e-01
   2.1113332525593778e-01
   2.0705622228674411e-01
   2.0345261704201928e-01
   2.0031529732058040e-01
   1.9763793999148244e-01
   1.9541511696142774e-01
   1.9364229957582638e-01
   1.9231586179374541e-01
   1.9143308241127463e-01
   1.9099214654707916e-01
   1.9099214654707916e-01
   1.9143308241127460e-01
   1.9231586179374538e-01
   1.9364229957582629e-01
   1.9541511696142766e-01
   1.9763793999148233e-01
   2.0031529732058026e-01
   2.0345261704201911e-01
   2.0705622228674392e-01
   2.1113332525593756e-01
   2.1569201927528905e-01
   2.2074126838011018e-01
   2.2629089385337173e-01
   2.3235155704224272e-01
   2.3893473767170198e-01
   2.4605270675513269e-01
   2.5371849307045513e-01
   2.6194584202536336e-01
   2.7074916557586176e-01
   2.8014348168806974e-01
   2.9014434164412761e-01
   3.0076774328946870e-01
   3.1203002810199421e-01
   3.2394775973602907e-01
   3.3653758145891766e-01
   3.4981604966093266e-01
   3.6379944038712625e-01
   3.7850352562272027e-01
   3.9394331587464271e-01
   4.1013276544767047e-01
   4.2708443673556790e-01
   4.4480911986198846e-01
   4.6331540414482891e-01
   4.8260919815960418e-01
   5.0269319568718895e-01
   5.2356628560042462e-01
   5.4522290482993008e-01
   5.6765233501372925e-01
   5.6765233501373058e-01
   5.4522290482993141e-01
   5.2356628560042584e-01
   5.0269319568719006e-01
   4.8260919815960529e-01
   4.6331540414482986e-01
   4.4480911986198934e-01
   4.2708443673556867e-01
   4.1013276544767119e-01
   3.9394331587464348e-01
   3.7850352562272094e-01
   3.6379944038712692e-01
   3.4981604966093333e-01
   3.3653758145891827e-01
   3.2394775973602963e-01
   3.1203002810199476e-01
   3.0076774328946926e-01
   2.9014434164412811e-01
   2.8014348168807024e-01
   2.7074916557586215e-01
   2.6194584202536381e-01
   2.5371849307045552e-01
   2.4605270675513308e-01
   2.3893473767170229e-01
   2.3235155704224300e-01
   2.2629089385337198e-01
   2.2074126838011046e-01
   2.1569201927528928e-01
   2.1113332525593778e-01
   2.0705622228674411e-01
   2.0345261704201928e-01
   2.0031529732058040e-01
   1.9763793999148246e-01
   1.9541511696142777e-01
   1.9364229957582638e-01
   1.9231586179374544e-01
   1.9143308241127463e-01
   1.9099214654707919e-01
   1.9099214654707916e-01
   1.9143308241127460e-01
   1.9231586179374538e-01
   1.9364229957582629e-01
   1.9541511696142766e-01
   1.9763793999148233e-01
   2.0031529732058029e-01
   2.0345261704201914e-01
   2.0705622228674395e-01
   2.1113332525593759e-01
   2.1569201927528908e-01
   2.2074126838011018e-01
   2.2629089385337170e-01
   2.3235155704224270e-01
   2.3893473767170195e-01
   2.4605270675513272e-01
   2.5371849307045513e-01
   2.6194584202536336e-01
   2.7074916557586176e-01
   2.8014348168806974e-01
   2.9014434164412761e-01
   3.0076774328946876e-01
   3.1203002810199421e-01
   3.2394775973602907e-01
   3.3653758145891766e-01
   3.4981604966093266e-01
   3.6379944038712630e-01
   3.7850352562272027e-01
   3.9394331587464276e-01
   4.1013276544767047e-01
   4.2708443673556795e-01
   4.4480911986198840e-01
   4.6331540414482897e-01
   4.8260919815960429e-01
   5.0269319568718895e-01
   5.2356628560042462e-01
   5.4522290482993008e-01
   5.6765233501372925e-01
   5.9677313651612252e-01
   6.3256657834586139e-01
   6.6904505311256490e-01
   7.0613776350420687e-01
   7.4375369559840676e-01
   7.8177987557373441e-01
   8.2007980882378417e-01
   8.5849220943898108e-01
   8.9683014452384680e-01
   9.3488073110029224e-01
   9.7240553101664162e-01
   1.0091417885996963e+00
   1.0448046439000476e+00
   1.0790904286782754e+00
   1.1116811108749693e+00
   1.1422498956048659e+00
   1.1704679179838369e+00
   1.1960118789320455e+00
   1.2185723856206534e+00
   1.2378626718924981e+00
   1.2536273008578285e+00
   1.2656504024128892e+00
   1.2737629819100884e+00
   1.2778488589315748e+00
   1.2778488589315748e+00
   1.2737629819100886e+00
   1.2656504024128894e+00
   1.2536273008578287e+00
   1.2378626718924985e+00
   1.2185723856206538e+00
   1.1960118789320460e+00
   1.1704679179838373e+00
   1.1422498956048666e+00
   1.1116811108749702e+00
   1.0790904286782763e+00
   1.0448046439000485e+00
   1.0091417885996972e+00
   9.7240553101664229e-01
   9.3488073110029324e-01
   8.9683014452384757e-01
   8.5849220943898208e-01
   8.2007980882378506e-01
   7.8177987557373507e-01
   7.4375369559840743e-01
   7.0613776350420743e-01
   6.6904505311256535e-01
   6.3256657834586172e-01
   5.9677313651612263e-01
