   6.2385610441699213e-01
   7.0920645433873497e-01
   7.9713376620665122e-01
   8.8584594880633449e-01
   9.7278519933630103e-01
   1.0546337093047822e+00
   1.1274630083470261e+00
   1.1870667200631282e+00
   1.2294704439191089e+00
   1.2515400906867475e+00
   1.2515400906867475e+00
   1.2294704439191089e+00
   1.1870667200631282e+00
   1.1274630083470261e+00
   1.0546337093047822e+00
   9.7278519933630114e-01
   8.8584594880633460e-01
   7.9713376620665133e-01
   7.0920645433873508e-01
   6.2385610441699224e-01
   5.5629970417256402e-01
   5.0687410675503841e-01
   4.6162778784802100e-01
   4.2057762937598719e-01
   3.8364409162892049e-01
   3.5068533057139117e-01
   3.2152348395740538e-01
   2.9596430870793522e-01
   2.7381145604166934e-01
   2.5487658518187578e-01
   2.3898634692362875e-01
   2.2598707676928972e-01
   2.1574785583689091e-01
   2.0816244009133811e-01
   2.0315042801827773e-01
   2.0065793167048118e-01
   2.0065793167048115e-01
   2.0315042801827762e-01
   2.0816244009133794e-01
   2.1574785583689066e-01
   2.2598707676928939e-01
   2.3898634692362833e-01
   2.5487658518187534e-01
   2.7381145604166879e-01
   2.9596430870793455e-01
   3.2152348395740454e-01
   3.5068533057139023e-01
   3.8364409162891927e-01
   4.2057762937598586e-01
   4.6162778784801950e-01
   5.0687410675503664e-01
   5.5629970417256214e-01
   5.5629970417256402e-01
   5.0687410675503841e-01
   4.6162778784802100e-01
   4.2057762937598725e-01
   3.8364409162892044e-01
   3.5068533057139117e-01
   3.2152348395740538e-01
   2.9596430870793516e-01
   2.7381145604166929e-01
   2.5487658518187578e-01
   2.3898634692362872e-01
   2.2598707676928967e-01
   2.1574785583689085e-01
   2.0816244009133805e-01
   2.0315042801827768e-01
   2.0065793167048113e-01
   2.0065793167048110e-01
   2.0315042801827757e-01
   2.0816244009133786e-01
   2.1574785583689060e-01
   2.2598707676928931e-01
   2.3898634692362822e-01
   2.5487658518187517e-01
   2.7381145604166862e-01
   2.9596430870793444e-01
   3.2152348395740438e-01
   3.5068533057139006e-01
   3.8364409162891916e-01
   4.2057762937598581e-01
   4.6162778784801939e-01
   5.0687410675503664e-01
   5.5629970417256214e-01
   5.5629970417256414e-01
   5.0687410675503841e-01
   4.6162778784802100e-01
   4.2057762937598725e-01
   3.8364409162892049e-01
   3.5068533057139117e-01
   3.2152348395740538e-01
   2.9596430870793522e-01
   2.7381145604166929e-01
   2.5487658518187578e-01
   2.3898634692362869e-01
   2.2598707676928967e-01
   2.1574785583689085e-01
   2.0816244009133802e-01
   2.0315042801827765e-01
   2.0065793167048110e-01
   2.0065793167048104e-01
   2.0315042801827748e-01
   2.0816244009133777e-01
   2.1574785583689049e-01
   2.2598707676928920e-01
   2.3898634692362813e-01
   2.5487658518187506e-01
   2.7381145604166851e-01
   2.9596430870793422e-01
   3.2152348395740427e-01
   3.5068533057138990e-01
   3.8364409162891910e-01
   4.2057762937598570e-01
   4.6162778784801928e-01
   5.0687410675503652e-01
   5.5629970417256203e-01
   6.2385610441699035e-01
   7.0920645433873375e-01
   7.9713376620665044e-01
   8.8584594880633427e-01
   9.7278519933630125e-01
   1.0546337093047828e+00
   1.1274630083470272e+00
   1.1870667200631297e+00
   1.2294704439191109e+00
   1.2515400906867495e+00
   1.2515400906867495e+00
   1.2294704439191106e+00
   1.1870667200631297e+00
   1.1274630083470272e+00
   1.0546337093047828e+00
   9.7278519933630114e-01
   8.8584594880633405e-01
   7.9713376620665033e-01
   7.0920645433873353e-01
   6.2385610441699024e-01
