   6.4980310457447144e-01
   6.5951980221812856e-01
   6.6914350126599398e-01
   6.7864313597753767e-01
   6.8798677492850890e-01
   6.9714176650675030e-01
   7.0607490475852996e-01
   7.1475261513189892e-01
   7.2314115922104361e-01
   7.3120685714218192e-01
   7.3891632567844268e-01
   7.4623672983199985e-01
   7.5313604493220676e-01
   7.5958332598599754e-01
   7.6554898053979170e-01
   7.7100504096922762e-01
   7.7592543184229779e-01
   7.8028622782925727e-01
   7.8406589757283363e-01
   7.8724552899500189e-01
   7.8980903170773920e-01
   7.9174331251553687e-01
   7.9303842044239670e-01
   7.9368765827541077e-01
   7.9368765827541077e-01
   7.9303842044239670e-01
   7.9174331251553687e-01
   7.8980903170773920e-01
   7.8724552899500189e-01
   7.8406589757283363e-01
   7.8028622782925727e-01
   7.7592543184229779e-01
   7.7100504096922773e-01
   7.6554898053979170e-01
   7.5958332598599754e-01
   7.5313604493220676e-01
   7.4623672983199985e-01
   7.3891632567844268e-01
   7.3120685714218192e-01
   7.2314115922104372e-01
   7.1475261513189892e-01
   7.0607490475852996e-01
   6.9714176650675030e-01
   6.8798677492850890e-01
   6.7864313597753756e-01
   6.6914350126599398e-01
   6.5951980221812856e-01
   6.4980310457447144e-01
   6.4167923221365597e-01
   6.3517295957048703e-01
   6.2864695751770805e-01
   6.2211914786733846e-01
   6.1560690818974739e-01
   6.0912703296689119e-01
   6.0269570186482258e-01
   5.9632845476508078e-01
   5.9004017314503809e-01
   5.8384506735968378e-01
   5.7775666935082093e-01
   5.7178783029327429e-01
   5.6595072268038626e-01
   5.6025684635169237e-01
   5.5471703797310046e-01
   5.4934148349303480e-01
   5.4413973311579678e-01
   5.3912071835483100e-01
   5.3429277075277204e-01
   5.2966364188123938e-01
   5.2524052426063150e-01
   5.2103007286799163e-01
   5.1703842692885615e-01
   5.1327123171637856e-01
   5.0973366010759924e-01
   5.0643043367221430e-01
   5.0336584309335719e-01
   5.0054376774262166e-01
   4.9796769425270232e-01
   4.9564073395059099e-01
   4.9356563903222711e-01
   4.9174481737590747e-01
   4.9018034590667192e-01
   4.8887398243740110e-01
   4.8782717592459457e-01
   4.8704107508787853e-01
   4.8651653535236566e-01
   4.8625412408220742e-01
   4.8625412408220742e-01
   4.8651653535236566e-01
   4.8704107508787853e-01
   4.8782717592459451e-01
   4.8887398243740104e-01
   4.9018034590667187e-01
   4.9174481737590736e-01
   4.9356563903222694e-01
   4.9564073395059072e-01
   4.9796769425270210e-01
   5.0054376774262144e-01
   5.0336584309335697e-01
   5.0643043367221408e-01
   5.0973366010759902e-01
   5.1327123171637823e-01
   5.1703842692885593e-01
   5.2103007286799119e-01
   5.2524052426063117e-01
   5.2966364188123904e-01
   5.3429277075277160e-01
   5.3912071835483055e-01
   5.4413973311579633e-01
   5.4934148349303435e-01
   5.5471703797310001e-01
   5.6025684635169193e-01
   5.6595072268038582e-01
   5.7178783029327374e-01
   5.7775666935082037e-01
   5.8384506735968322e-01
   5.9004017314503754e-01
   5.9632845476508034e-01
   6.0269570186482213e-01
   6.0912703296689064e-01
   6.1560690818974684e-01
   6.2211914786733780e-01
   6.2864695751770749e-01
   6.3517295957048647e-01
   6.4167923221365553e-01
   6.4167923221365619e-01
   6.3517295957048714e-01
   6.2864695751770816e-01
   6.2211914786733857e-01
   6.1560690818974761e-01
   6.0912703296689141e-01
   6.0269570186482302e-01
   5.9632845476508112e-01
   5.9004017314503832e-01
   5.8384506735968411e-01
   5.7775666935082137e-01
   5.7178783029327462e-01
   5.6595072268038660e-01
   5.6025684635169282e-01
   5.5471703797310090e-01
   5.4934148349303524e-01
   5.4413973311579722e-01
   5.3912071835483155e-01
   5.3429277075277237e-01
   5.2966364188123993e-01
   5.2524052426063206e-01
   5.2103007286799219e-01
   5.1703842692885671e-01
   5.1327123171637901e-01
   5.0973366010759980e-01
   5.0643043367221474e-01
   5.0336584309335775e-01
   5.0054376774262221e-01
   4.9796769425270287e-01
   4.9564073395059149e-01
   4.9356563903222761e-01
   4.9174481737590808e-01
   4.9018034590667242e-01
   4.8887398243740171e-01
   4.8782717592459512e-01
   4.8704107508787914e-01
   4.8651653535236622e-01
   4.8625412408220803e-01
   4.8625412408220797e-01
   4.8651653535236616e-01
   4.8704107508787903e-01
   4.8782717592459507e-01
   4.8887398243740154e-01
   4.9018034590667237e-01
   4.9174481737590786e-01
   4.9356563903222744e-01
   4.9564073395059127e-01
   4.9796769425270260e-01
   5.0054376774262188e-01
   5.0336584309335741e-01
   5.0643043367221452e-01
   5.0973366010759946e-01
   5.1327123171637867e-01
   5.1703842692885627e-01
   5.2103007286799174e-01
   5.2524052426063150e-01
   5.2966364188123949e-01
   5.3429277075277204e-01
   5.3912071835483100e-01
   5.4413973311579678e-01
   5.4934148349303480e-01
   5.5471703797310035e-01
   5.6025684635169237e-01
   5.6595072268038615e-01
   5.7178783029327407e-01
   5.7775666935082071e-01
   5.8384506735968356e-01
   5.9004017314503776e-01
   5.9632845476508045e-01
   6.0269570186482224e-01
   6.0912703296689086e-01
   6.1560690818974695e-01
   6.2211914786733802e-01
   6.2864695751770761e-01
   6.3517295957048658e-01
   6.4167923221365564e-01
   6.4167923221365619e-01
   6.3517295957048714e-01
   6.2864695751770827e-01
   6.2211914786733857e-01
   6.1560690818974750e-01
   6.0912703296689130e-01
   6.0269570186482291e-01
   5.9632845476508101e-01
   5.9004017314503832e-01
   5.8384506735968411e-01
   5.7775666935082115e-01
   5.7178783029327451e-01
   5.6595072268038649e-01
   5.6025684635169271e-01
   5.5471703797310068e-01
   5.4934148349303502e-01
   5.4413973311579700e-01
   5.3912071835483133e-01
   5.3429277075277226e-01
   5.2966364188123971e-01
   5.2524052426063184e-01
   5.2103007286799197e-01
   5.1703842692885649e-01
   5.1327123171637890e-01
   5.0973366010759957e-01
   5.0643043367221452e-01
   5.0336584309335752e-01
   5.0054376774262199e-01
   4.9796769425270260e-01
   4.9564073395059127e-01
   4.9356563903222744e-01
   4.9174481737590781e-01
   4.9018034590667225e-01
   4.8887398243740143e-01
   4.8782717592459490e-01
   4.8704107508787886e-01
   4.8651653535236600e-01
   4.8625412408220781e-01
   4.8625412408220781e-01
   4.8651653535236594e-01
   4.8704107508787886e-01
   4.8782717592459485e-01
   4.8887398243740132e-01
   4.9018034590667214e-01
   4.9174481737590758e-01
   4.9356563903222722e-01
   4.9564073395059099e-01
   4.9796769425270232e-01
   5.0054376774262166e-01
   5.0336584309335719e-01
   5.0643043367221430e-01
   5.0973366010759913e-01
   5.1327123171637845e-01
   5.1703842692885604e-01
   5.2103007286799152e-01
   5.2524052426063139e-01
   5.2966364188123927e-01
   5.3429277075277182e-01
   5.3912071835483077e-01
   5.4413973311579655e-01
   5.4934148349303458e-01
   5.5471703797310024e-01
   5.6025684635169215e-01
   5.6595072268038593e-01
   5.7178783029327396e-01
   5.7775666935082048e-01
   5.8384506735968345e-01
   5.9004017314503765e-01
   5.9632845476508034e-01
   6.0269570186482213e-01
   6.0912703296689064e-01
   6.1560690818974684e-01
   6.2211914786733791e-01
   6.2864695751770749e-01
   6.3517295957048647e-01
   6.4167923221365553e-01
   6.4980310457447121e-01
   6.5951980221812856e-01
   6.6914350126599431e-01
   6.7864313597753823e-01
   6.8798677492850979e-01
   6.9714176650675153e-01
   7.0607490475853141e-01
   7.1475261513190058e-01
   7.2314115922104560e-01
   7.3120685714218403e-01
   7.3891632567844512e-01
   7.4623672983200251e-01
   7.5313604493220954e-01
   7.5958332598600053e-01
   7.6554898053979492e-01
   7.7100504096923106e-01
   7.7592543184230134e-01
   7.8028622782926094e-01
   7.8406589757283740e-01
   7.8724552899500577e-01
   7.8980903170774308e-01
   7.9174331251554086e-01
   7.9303842044240080e-01
   7.9368765827541488e-01
   7.9368765827541488e-01
   7.9303842044240080e-01
   7.9174331251554086e-01
   7.8980903170774308e-01
   7.8724552899500588e-01
   7.8406589757283740e-01
   7.8028622782926094e-01
   7.7592543184230134e-01
   7.7100504096923106e-01
   7.6554898053979492e-01
   7.5958332598600053e-01
   7.5313604493220954e-01
   7.4623672983200251e-01
   7.3891632567844501e-01
   7.3120685714218403e-01
   7.2314115922104560e-01
   7.1475261513190058e-01
   7.0607490475853130e-01
   6.9714176650675141e-01
   6.8798677492850968e-01
   6.7864313597753823e-01
   6.6914350126599431e-01
   6.5951980221812867e-01
   6.4980310457447121e-01
