   5.8675925130861994e-01
   6.2489024363521173e-01
   6.6386580910343251e-01
   7.0362284066732150e-01
   7.4407531148429995e-01
   7.8511190055733993e-01
   8.2659375379470168e-01
   8.6835251089476140e-01
   9.1018875456557891e-01
   9.5187106226989759e-01
   9.9313585869224952e-01
   1.0336882754605903e+00
   1.0732042188285795e+00
   1.1113338215093822e+00
   1.1477064077848842e+00
   1.1819370291039040e+00
   1.2136345309246794e+00
   1.2424109943738186e+00
   1.2678922663486170e+00
   1.2897291610805452e+00
   1.3076088002803263e+00
   1.3212654746417061e+00
   1.3304903723753476e+00
   1.3351395420718393e+00
   1.3351395420718393e+00
   1.3304903723753476e+00
   1.3212654746417061e+00
   1.3076088002803263e+00
   1.2897291610805452e+00
   1.2678922663486170e+00
   1.2424109943738186e+00
   1.2136345309246797e+00
   1.1819370291039042e+00
   1.1477064077848844e+00
   1.1113338215093824e+00
   1.0732042188285797e+00
   1.0336882754605907e+00
   9.9313585869224963e-01
   9.5187106226989771e-01
   9.1018875456557902e-01
   8.6835251089476162e-01
   8.2659375379470190e-01
   7.8511190055734015e-01
   7.4407531148430017e-01
   7.0362284066732184e-01
   6.6386580910343274e-01
   6.2489024363521195e-01
   5.8675925130862017e-01
   5.5582102946957912e-01
   5.3208269030991973e-01
   5.0924739521373108e-01
   4.8731777182844921e-01
   4.6629121522064654e-01
   4.4616071230961968e-01
   4.2691558556883463e-01
   4.0854215851768988e-01
   3.9102434685900600e-01
   3.7434417999842173e-01
   3.5848225820272483e-01
   3.4341815089547051e-01
   3.2913074161833611e-01
   3.1559852506221886e-01
   3.0279986133917247e-01
   2.9071319236159732e-01
   2.7931722484726779e-01
   2.6859108409965199e-01
   2.5851444233880433e-01
   2.4906762499063959e-01
   2.4023169798976776e-01
   2.3198853881863010e-01
   2.2432089369660668e-01
   2.1721242304864075e-01
   2.1064773712410775e-01
   2.0461242340268021e-01
   1.9909306721372877e-01
   1.9407726680790990e-01
   1.8955364395233504e-01
   1.8551185097229558e-01
   1.8194257503109135e-01
   1.7883754032325314e-01
   1.7618950875360112e-01
   1.7399227958344535e-01
   1.7224068844421714e-01
   1.7093060604641092e-01
   1.7005893684650025e-01
   1.6962361787513111e-01
   1.6962361787513111e-01
   1.7005893684650025e-01
   1.7093060604641089e-01
   1.7224068844421708e-01
   1.7399227958344529e-01
   1.7618950875360104e-01
   1.7883754032325302e-01
   1.8194257503109124e-01
   1.8551185097229544e-01
   1.8955364395233487e-01
   1.9407726680790974e-01
   1.9909306721372858e-01
   2.0461242340267999e-01
   2.1064773712410753e-01
   2.1721242304864052e-01
   2.2432089369660643e-01
   2.3198853881862982e-01
   2.4023169798976748e-01
   2.4906762499063925e-01
   2.5851444233880400e-01
   2.6859108409965160e-01
   2.7931722484726740e-01
   2.9071319236159687e-01
   3.0279986133917203e-01
   3.1559852506221836e-01
   3.2913074161833561e-01
   3.4341815089547001e-01
   3.5848225820272428e-01
   3.7434417999842118e-01
   3.9102434685900539e-01
   4.0854215851768921e-01
   4.2691558556883391e-01
   4.4616071230961901e-01
   4.6629121522064571e-01
   4.8731777182844832e-01
   5.0924739521373019e-01
   5.3208269030991862e-01
   5.5582102946957801e-01
   5.5582102946957923e-01
   5.3208269030991984e-01
   5.0924739521373119e-01
   4.8731777182844932e-01
   4.6629121522064665e-01
   4.4616071230961984e-01
   4.2691558556883474e-01
   4.0854215851768999e-01
   3.9102434685900611e-01
   3.7434417999842184e-01
   3.5848225820272489e-01
   3.4341815089547056e-01
   3.2913074161833616e-01
   3.1559852506221892e-01
   3.0279986133917258e-01
   2.9071319236159737e-01
   2.7931722484726784e-01
   2.6859108409965204e-01
   2.5851444233880444e-01
   2.4906762499063964e-01
   2.4023169798976782e-01
   2.3198853881863013e-01
   2.2432089369660674e-01
   2.1721242304864080e-01
   2.1064773712410778e-01
   2.0461242340268021e-01
   1.9909306721372880e-01
   1.9407726680790993e-01
   1.8955364395233507e-01
   1.8551185097229561e-01
   1.8194257503109137e-01
   1.7883754032325314e-01
   1.7618950875360112e-01
   1.7399227958344535e-01
   1.7224068844421714e-01
   1.7093060604641092e-01
   1.7005893684650025e-01
   1.6962361787513111e-01
   1.6962361787513108e-01
   1.7005893684650022e-01
   1.7093060604641086e-01
   1.7224068844421705e-01
   1.7399227958344526e-01
   1.7618950875360098e-01
   1.7883754032325300e-01
   1.8194257503109121e-01
   1.8551185097229539e-01
   1.8955364395233482e-01
   1.9407726680790971e-01
   1.9909306721372852e-01
   2.0461242340267993e-01
   2.1064773712410745e-01
   2.1721242304864044e-01
   2.2432089369660635e-01
   2.3198853881862969e-01
   2.4023169798976737e-01
   2.4906762499063914e-01
   2.5851444233880388e-01
   2.6859108409965149e-01
   2.7931722484726729e-01
   2.9071319236159676e-01
   3.0279986133917192e-01
   3.1559852506221825e-01
   3.2913074161833544e-01
   3.4341815089546984e-01
   3.5848225820272411e-01
   3.7434417999842096e-01
   3.9102434685900522e-01
   4.0854215851768899e-01
   4.2691558556883374e-01
   4.4616071230961879e-01
   4.6629121522064554e-01
   4.8731777182844821e-01
   5.0924739521373008e-01
   5.3208269030991862e-01
   5.5582102946957801e-01
   5.5582102946957923e-01
   5.3208269030991973e-01
   5.0924739521373119e-01
   4.8731777182844932e-01
   4.6629121522064659e-01
   4.4616071230961973e-01
   4.2691558556883469e-01
   4.0854215851768994e-01
   3.9102434685900606e-01
   3.7434417999842179e-01
   3.5848225820272489e-01
   3.4341815089547056e-01
   3.2913074161833616e-01
   3.1559852506221892e-01
   3.0279986133917258e-01
   2.9071319236159737e-01
   2.7931722484726784e-01
   2.6859108409965204e-01
   2.5851444233880444e-01
   2.4906762499063964e-01
   2.4023169798976782e-01
   2.3198853881863016e-01
   2.2432089369660674e-01
   2.1721242304864083e-01
   2.1064773712410781e-01
   2.0461242340268024e-01
   1.9909306721372882e-01
   1.9407726680790996e-01
   1.8955364395233509e-01
   1.8551185097229564e-01
   1.8194257503109140e-01
   1.7883754032325319e-01
   1.7618950875360115e-01
   1.7399227958344540e-01
   1.7224068844421719e-01
   1.7093060604641097e-01
   1.7005893684650034e-01
   1.6962361787513119e-01
   1.6962361787513119e-01
   1.7005893684650031e-01
   1.7093060604641094e-01
   1.7224068844421717e-01
   1.7399227958344538e-01
   1.7618950875360109e-01
   1.7883754032325311e-01
   1.8194257503109132e-01
   1.8551185097229553e-01
   1.8955364395233498e-01
   1.9407726680790985e-01
   1.9909306721372869e-01
   2.0461242340268010e-01
   2.1064773712410764e-01
   2.1721242304864061e-01
   2.2432089369660652e-01
   2.3198853881862994e-01
   2.4023169798976760e-01
   2.4906762499063939e-01
   2.5851444233880416e-01
   2.6859108409965171e-01
   2.7931722484726756e-01
   2.9071319236159704e-01
   3.0279986133917219e-01
   3.1559852506221858e-01
   3.2913074161833578e-01
   3.4341815089547018e-01
   3.5848225820272445e-01
   3.7434417999842134e-01
   3.9102434685900556e-01
   4.0854215851768944e-01
   4.2691558556883419e-01
   4.4616071230961923e-01
   4.6629121522064587e-01
   4.8731777182844849e-01
   5.0924739521373030e-01
   5.3208269030991873e-01
   5.5582102946957801e-01
   5.8675925130861906e-01
   6.2489024363521084e-01
   6.6386580910343163e-01
   7.0362284066732073e-01
   7.4407531148429906e-01
   7.8511190055733904e-01
   8.2659375379470101e-01
   8.6835251089476073e-01
   9.1018875456557813e-01
   9.5187106226989704e-01
   9.9313585869224907e-01
   1.0336882754605903e+00
   1.0732042188285795e+00
   1.1113338215093820e+00
   1.1477064077848844e+00
   1.1819370291039044e+00
   1.2136345309246799e+00
   1.2424109943738191e+00
   1.2678922663486176e+00
   1.2897291610805461e+00
   1.3076088002803272e+00
   1.3212654746417072e+00
   1.3304903723753487e+00
   1.3351395420718404e+00
   1.3351395420718404e+00
   1.3304903723753487e+00
   1.3212654746417074e+00
   1.3076088002803274e+00
   1.2897291610805466e+00
   1.2678922663486183e+00
   1.2424109943738197e+00
   1.2136345309246805e+00
   1.1819370291039051e+00
   1.1477064077848853e+00
   1.1113338215093829e+00
   1.0732042188285802e+00
   1.0336882754605909e+00
   9.9313585869224996e-01
   9.5187106226989804e-01
   9.1018875456557913e-01
   8.6835251089476151e-01
   8.2659375379470157e-01
   7.8511190055733970e-01
   7.4407531148429962e-01
   7.0362284066732106e-01
   6.6386580910343196e-01
   6.2489024363521106e-01
   5.8675925130861917e-01
