   5.9349607231429169e-01
   6.3008396870558125e-01
   6.6740884906080222e-01
   7.0540214237369669e-01
   7.4397414878448598e-01
   7.8301209569161334e-01
   8.2237836370942463e-01
   8.6190899801010568e-01
   9.0141264002491306e-01
   9.4067003086946233e-01
   9.7943424852814331e-01
   1.0174318426539868e+00
   1.0543650204642627e+00
   1.0899150114663445e+00
   1.1237466951864883e+00
   1.1555145136448026e+00
   1.1848696100675458e+00
   1.2114680409876724e+00
   1.2349798071897526e+00
   1.2550983494781061e+00
   1.2715500696317537e+00
   1.2841033774729658e+00
   1.2925767428016541e+00
   1.2968452537841217e+00
   1.2968452537841217e+00
   1.2925767428016539e+00
   1.2841033774729653e+00
   1.2715500696317532e+00
   1.2550983494781054e+00
   1.2349798071897518e+00
   1.2114680409876715e+00
   1.1848696100675447e+00
   1.1555145136448015e+00
   1.1237466951864872e+00
   1.0899150114663432e+00
   1.0543650204642612e+00
   1.0174318426539855e+00
   9.7943424852814176e-01
   9.4067003086946077e-01
   9.0141264002491150e-01
   8.6190899801010423e-01
   8.2237836370942341e-01
   7.8301209569161223e-01
   7.4397414878448509e-01
   7.0540214237369614e-01
   6.6740884906080189e-01
   6.3008396870558114e-01
   5.9349607231429180e-01
   5.6375602249865209e-01
   5.4087893479389670e-01
   5.1881759150630269e-01
   4.9758017068251620e-01
   4.7716965115139637e-01
   4.5758455690459271e-01
   4.3881963733484258e-01
   4.2086648366149915e-01
   4.0371408331458997e-01
   3.8734931508522197e-01
   3.7175738855302543e-01
   3.5692223173551718e-01
   3.4282683112696827e-01
   3.2945352835466235e-01
   3.1678427761956163e-01
   3.0480086794027705e-01
   2.9348511401127086e-01
   2.8281901924009972e-01
   2.7278491426108842e-01
   2.6336557394690335e-01
   2.5454431566454483e-01
   2.4630508125507869e-01
   2.3863250496163102e-01
   2.3151196929075116e-01
   2.2492965056990646e-01
   2.1887255575933509e-01
   2.1332855188976244e-01
   2.0828638932808916e-01
   2.0373571992023015e-01
   1.9966711092273784e-01
   1.9607205551145029e-01
   1.9294298054486464e-01
   1.9027325216091392e-01
   1.8805717969699867e-01
   1.8629001834319972e-01
   1.8496797086631778e-01
   1.8408818867654361e-01
   1.8364877244800060e-01
   1.8364877244800057e-01
   1.8408818867654356e-01
   1.8496797086631767e-01
   1.8629001834319958e-01
   1.8805717969699848e-01
   1.9027325216091370e-01
   1.9294298054486433e-01
   1.9607205551144993e-01
   1.9966711092273748e-01
   2.0373571992022971e-01
   2.0828638932808866e-01
   2.1332855188976191e-01
   2.1887255575933451e-01
   2.2492965056990580e-01
   2.3151196929075049e-01
   2.3863250496163035e-01
   2.4630508125507797e-01
   2.5454431566454411e-01
   2.6336557394690263e-01
   2.7278491426108764e-01
   2.8281901924009889e-01
   2.9348511401126998e-01
   3.0480086794027617e-01
   3.1678427761956068e-01
   3.2945352835466135e-01
   3.4282683112696721e-01
   3.5692223173551613e-01
   3.7175738855302431e-01
   3.8734931508522080e-01
   4.0371408331458875e-01
   4.2086648366149793e-01
   4.3881963733484125e-01
   4.5758455690459127e-01
   4.7716965115139476e-01
   4.9758017068251464e-01
   5.1881759150630102e-01
   5.4087893479389493e-01
   5.6375602249865020e-01
   5.6375602249865209e-01
   5.4087893479389670e-01
   5.1881759150630280e-01
   4.9758017068251625e-01
   4.7716965115139631e-01
   4.5758455690459277e-01
   4.3881963733484264e-01
   4.2086648366149920e-01
   4.0371408331459002e-01
   3.8734931508522202e-01
   3.7175738855302554e-01
   3.5692223173551729e-01
   3.4282683112696832e-01
   3.2945352835466241e-01
   3.1678427761956168e-01
   3.0480086794027716e-01
   2.9348511401127092e-01
   2.8281901924009978e-01
   2.7278491426108853e-01
   2.6336557394690346e-01
   2.5454431566454494e-01
   2.4630508125507880e-01
   2.3863250496163116e-01
   2.3151196929075127e-01
   2.2492965056990658e-01
   2.1887255575933523e-01
   2.1332855188976257e-01
   2.0828638932808929e-01
   2.0373571992023029e-01
   1.9966711092273801e-01
   1.9607205551145043e-01
   1.9294298054486481e-01
   1.9027325216091409e-01
   1.8805717969699884e-01
   1.8629001834319994e-01
   1.8496797086631800e-01
   1.8408818867654386e-01
   1.8364877244800079e-01
   1.8364877244800079e-01
   1.8408818867654381e-01
   1.8496797086631794e-01
   1.8629001834319986e-01
   1.8805717969699876e-01
   1.9027325216091398e-01
   1.9294298054486467e-01
   1.9607205551145027e-01
   1.9966711092273781e-01
   2.0373571992023007e-01
   2.0828638932808902e-01
   2.1332855188976232e-01
   2.1887255575933495e-01
   2.2492965056990619e-01
   2.3151196929075088e-01
   2.3863250496163066e-01
   2.4630508125507825e-01
   2.5454431566454438e-01
   2.6336557394690285e-01
   2.7278491426108786e-01
   2.8281901924009906e-01
   2.9348511401127014e-01
   3.0480086794027633e-01
   3.1678427761956079e-01
   3.2945352835466141e-01
   3.4282683112696727e-01
   3.5692223173551618e-01
   3.7175738855302431e-01
   3.8734931508522080e-01
   4.0371408331458875e-01
   4.2086648366149781e-01
   4.3881963733484114e-01
   4.5758455690459121e-01
   4.7716965115139470e-01
   4.9758017068251453e-01
   5.1881759150630091e-01
   5.4087893479389493e-01
   5.6375602249865020e-01
   5.6375602249865220e-01
   5.4087893479389682e-01
   5.1881759150630280e-01
   4.9758017068251625e-01
   4.7716965115139637e-01
   4.5758455690459277e-01
   4.3881963733484264e-01
   4.2086648366149920e-01
   4.0371408331458997e-01
   3.8734931508522197e-01
   3.7175738855302548e-01
   3.5692223173551724e-01
   3.4282683112696827e-01
   3.2945352835466235e-01
   3.1678427761956163e-01
   3.0480086794027705e-01
   2.9348511401127086e-01
   2.8281901924009972e-01
   2.7278491426108842e-01
   2.6336557394690335e-01
   2.5454431566454483e-01
   2.4630508125507861e-01
   2.3863250496163096e-01
   2.3151196929075113e-01
   2.2492965056990641e-01
   2.1887255575933506e-01
   2.1332855188976241e-01
   2.0828638932808907e-01
   2.0373571992023007e-01
   1.9966711092273778e-01
   1.9607205551145018e-01
   1.9294298054486456e-01
   1.9027325216091384e-01
   1.8805717969699859e-01
   1.8629001834319964e-01
   1.8496797086631769e-01
   1.8408818867654353e-01
   1.8364877244800046e-01
   1.8364877244800043e-01
   1.8408818867654342e-01
   1.8496797086631753e-01
   1.8629001834319941e-01
   1.8805717969699834e-01
   1.9027325216091354e-01
   1.9294298054486420e-01
   1.9607205551144977e-01
   1.9966711092273728e-01
   2.0373571992022951e-01
   2.0828638932808846e-01
   2.1332855188976171e-01
   2.1887255575933431e-01
   2.2492965056990558e-01
   2.3151196929075027e-01
   2.3863250496163008e-01
   2.4630508125507769e-01
   2.5454431566454377e-01
   2.6336557394690235e-01
   2.7278491426108731e-01
   2.8281901924009856e-01
   2.9348511401126964e-01
   3.0480086794027578e-01
   3.1678427761956029e-01
   3.2945352835466096e-01
   3.4282683112696682e-01
   3.5692223173551568e-01
   3.7175738855302387e-01
   3.8734931508522036e-01
   4.0371408331458825e-01
   4.2086648366149737e-01
   4.3881963733484070e-01
   4.5758455690459082e-01
   4.7716965115139442e-01
   4.9758017068251426e-01
   5.1881759150630069e-01
   5.4087893479389482e-01
   5.6375602249865009e-01
   5.9349607231428991e-01
   6.3008396870557948e-01
   6.6740884906080034e-01
   7.0540214237369459e-01
   7.4397414878448376e-01
   7.8301209569161112e-01
   8.2237836370942230e-01
   8.6190899801010323e-01
   9.0141264002491095e-01
   9.4067003086946044e-01
   9.7943424852814187e-01
   1.0174318426539857e+00
   1.0543650204642618e+00
   1.0899150114663441e+00
   1.1237466951864883e+00
   1.1555145136448028e+00
   1.1848696100675464e+00
   1.2114680409876737e+00
   1.2349798071897542e+00
   1.2550983494781078e+00
   1.2715500696317559e+00
   1.2841033774729680e+00
   1.2925767428016568e+00
   1.2968452537841249e+00
   1.2968452537841249e+00
   1.2925767428016570e+00
   1.2841033774729684e+00
   1.2715500696317565e+00
   1.2550983494781085e+00
   1.2349798071897551e+00
   1.2114680409876748e+00
   1.1848696100675478e+00
   1.1555145136448042e+00
   1.1237466951864896e+00
   1.0899150114663454e+00
   1.0543650204642632e+00
   1.0174318426539872e+00
   9.7943424852814343e-01
   9.4067003086946188e-01
   9.0141264002491261e-01
   8.6190899801010479e-01
   8.2237836370942374e-01
   7.8301209569161223e-01
   7.4397414878448465e-01
   7.0540214237369536e-01
   6.6740884906080078e-01
   6.3008396870557970e-01
   5.9349607231429002e-01
