   6.4835261497160990e-01
   6.5825035488616968e-01
   6.6761237111004712e-01
   6.7626530618473168e-01
   6.8404269086079783e-01
   6.9078971738795536e-01
   6.9636806713869948e-01
   7.0066053203487011e-01
   7.0357515281867000e-01
   7.0504860585647378e-01
   7.0504860585647378e-01
   7.0357515281867011e-01
   7.0066053203487011e-01
   6.9636806713869948e-01
   6.9078971738795536e-01
   6.8404269086079794e-01
   6.7626530618473180e-01
   6.6761237111004723e-01
   6.5825035488616979e-01
   6.4835261497161001e-01
   6.3986692981621640e-01
   6.3294569411478308e-01
   6.2592660955082313e-01
   6.1891737549814574e-01
   6.1202198098207894e-01
   6.0533929424973365e-01
   5.9896192181045571e-01
   5.9297532307709233e-01
   5.8745715655154995e-01
   5.8247682662403266e-01
   5.7809519625267203e-01
   5.7436442965497803e-01
   5.7132793019365713e-01
   5.6902034138732493e-01
   5.6746758297197519e-01
   5.6668689880111545e-01
   5.6668689880111545e-01
   5.6746758297197541e-01
   5.6902034138732516e-01
   5.7132793019365757e-01
   5.7436442965497858e-01
   5.7809519625267269e-01
   5.8247682662403344e-01
   5.8745715655155073e-01
   5.9297532307709322e-01
   5.9896192181045660e-01
   6.0533929424973476e-01
   6.1202198098208005e-01
   6.1891737549814685e-01
   6.2592660955082435e-01
   6.3294569411478419e-01
   6.3986692981621729e-01
   6.3986692981621640e-01
   6.3294569411478319e-01
   6.2592660955082347e-01
   6.1891737549814618e-01
   6.1202198098207961e-01
   6.0533929424973454e-01
   5.9896192181045660e-01
   5.9297532307709344e-01
   5.8745715655155117e-01
   5.8247682662403388e-01
   5.7809519625267336e-01
   5.7436442965497936e-01
   5.7132793019365857e-01
   5.6902034138732638e-01
   5.6746758297197675e-01
   5.6668689880111700e-01
   5.6668689880111700e-01
   5.6746758297197686e-01
   5.6902034138732660e-01
   5.7132793019365891e-01
   5.7436442965497980e-01
   5.7809519625267392e-01
   5.8247682662403444e-01
   5.8745715655155173e-01
   5.9297532307709411e-01
   5.9896192181045738e-01
   6.0533929424973532e-01
   6.1202198098208038e-01
   6.1891737549814707e-01
   6.2592660955082446e-01
   6.3294569411478419e-01
   6.3986692981621729e-01
   6.3986692981621640e-01
   6.3294569411478319e-01
   6.2592660955082335e-01
   6.1891737549814596e-01
   6.1202198098207927e-01
   6.0533929424973409e-01
   5.9896192181045615e-01
   5.9297532307709278e-01
   5.8745715655155040e-01
   5.8247682662403311e-01
   5.7809519625267258e-01
   5.7436442965497847e-01
   5.7132793019365757e-01
   5.6902034138732538e-01
   5.6746758297197575e-01
   5.6668689880111589e-01
   5.6668689880111600e-01
   5.6746758297197586e-01
   5.6902034138732560e-01
   5.7132793019365791e-01
   5.7436442965497891e-01
   5.7809519625267303e-01
   5.8247682662403366e-01
   5.8745715655155095e-01
   5.9297532307709333e-01
   5.9896192181045671e-01
   6.0533929424973476e-01
   6.1202198098208005e-01
   6.1891737549814674e-01
   6.2592660955082413e-01
   6.3294569411478396e-01
   6.3986692981621718e-01
   6.4835261497161112e-01
   6.5825035488617190e-01
   6.6761237111005012e-01
   6.7626530618473557e-01
   6.8404269086080238e-01
   6.9078971738796058e-01
   6.9636806713870525e-01
   7.0066053203487633e-01
   7.0357515281867666e-01
   7.0504860585648033e-01
   7.0504860585648033e-01
   7.0357515281867666e-01
   7.0066053203487633e-01
   6.9636806713870525e-01
   6.9078971738796058e-01
   6.8404269086080249e-01
   6.7626530618473568e-01
   6.6761237111005023e-01
   6.5825035488617201e-01
   6.4835261497161112e-01
