   5.3743154923059644e-01
   5.1729038560783636e-01
   4.9685506428088977e-01
   4.7633569700019168e-01
   4.5591911484527359e-01
   4.3576818889140390e-01
   4.1602211356318297e-01
   3.9679742752616870e-01
   3.7818956014834254e-01
   3.6027471652592546e-01
   3.4311194496288278e-01
   3.2674526313920288e-01
   3.1120574991860617e-01
   2.9651353698171729e-01
   2.8267965734605632e-01
   2.6970772616351163e-01
   2.5759544323025008e-01
   2.4633591691405773e-01
   2.3591881631652245e-01
   2.2633136306888096e-01
   2.1755917678981931e-01
   2.0958698941326706e-01
   2.0239924373953669e-01
   1.9598059100411161e-01
   1.9031630124821078e-01
   1.8539259900161553e-01
   1.8119693538507442e-01
   1.7771820629831445e-01
   1.7494692493889594e-01
   1.7287535553084063e-01
   1.7149761384604204e-01
   1.7080973887886078e-01
   1.7080973887886078e-01
   1.7149761384604201e-01
   1.7287535553084055e-01
   1.7494692493889588e-01
   1.7771820629831434e-01
   1.8119693538507425e-01
   1.8539259900161537e-01
   1.9031630124821056e-01
   1.9598059100411139e-01
   2.0239924373953644e-01
   2.0958698941326676e-01
   2.1755917678981898e-01
   2.2633136306888060e-01
   2.3591881631652209e-01
   2.4633591691405735e-01
   2.5759544323024963e-01
   2.6970772616351113e-01
   2.8267965734605582e-01
   2.9651353698171679e-01
   3.1120574991860561e-01
   3.2674526313920232e-01
   3.4311194496288239e-01
   3.6027471652592508e-01
   3.7818956014834221e-01
   3.9679742752616837e-01
   4.1602211356318269e-01
   4.3576818889140362e-01
   4.5591911484527337e-01
   4.7633569700019152e-01
   4.9685506428088966e-01
   5.1729038560783625e-01
   5.3743154923059644e-01
   5.6721944581605743e-01
   6.0623082662595873e-01
   6.4367296601711710e-01
   6.7884647826349875e-01
   7.1099582731401156e-01
   7.3934241067102680e-01
   7.6312669757198404e-01
   7.8165651211504794e-01
   7.9435677688713824e-01
   8.0081478053061184e-01
   8.0081478053061173e-01
   7.9435677688713802e-01
   7.8165651211504772e-01
   7.6312669757198359e-01
   7.3934241067102624e-01
   7.1099582731401090e-01
   6.7884647826349798e-01
   6.4367296601711632e-01
   6.0623082662595784e-01
   5.6721944581605654e-01
   5.3743154923059544e-01
   5.1729038560783536e-01
   4.9685506428088866e-01
   4.7633569700019057e-01
   4.5591911484527253e-01
   4.3576818889140279e-01
   4.1602211356318192e-01
   3.9679742752616765e-01
   3.7818956014834149e-01
   3.6027471652592452e-01
   3.4311194496288189e-01
   3.2674526313920194e-01
   3.1120574991860528e-01
   2.9651353698171645e-01
   2.8267965734605555e-01
   2.6970772616351085e-01
   2.5759544323024930e-01
   2.4633591691405704e-01
   2.3591881631652178e-01
   2.2633136306888033e-01
   2.1755917678981870e-01
   2.0958698941326648e-01
   2.0239924373953616e-01
   1.9598059100411111e-01
   1.9031630124821028e-01
   1.8539259900161512e-01
   1.8119693538507398e-01
   1.7771820629831406e-01
   1.7494692493889558e-01
   1.7287535553084027e-01
   1.7149761384604170e-01
   1.7080973887886050e-01
   1.7080973887886050e-01
   1.7149761384604173e-01
   1.7287535553084027e-01
   1.7494692493889563e-01
   1.7771820629831411e-01
   1.8119693538507409e-01
   1.8539259900161517e-01
   1.9031630124821042e-01
   1.9598059100411122e-01
   2.0239924373953630e-01
   2.0958698941326664e-01
   2.1755917678981887e-01
   2.2633136306888052e-01
   2.3591881631652198e-01
   2.4633591691405726e-01
   2.5759544323024958e-01
   2.6970772616351113e-01
   2.8267965734605577e-01
   2.9651353698171673e-01
   3.1120574991860561e-01
   3.2674526313920221e-01
   3.4311194496288211e-01
   3.6027471652592474e-01
   3.7818956014834176e-01
   3.9679742752616787e-01
   4.1602211356318208e-01
   4.3576818889140295e-01
   4.5591911484527270e-01
   4.7633569700019068e-01
   4.9685506428088877e-01
   5.1729038560783536e-01
   5.3743154923059544e-01
