   5.3339820131473670e-01
   5.1741662702594449e-01
   5.0091522426127222e-01
   4.8407282862822115e-01
   4.6705570696851484e-01
   4.5001572316031346e-01
   4.3308927075744802e-01
   4.1639687114096197e-01
   4.0004332165820988e-01
   3.8411827543610827e-01
   3.6869714026407313e-01
   3.5384219529020650e-01
   3.3960383876053890e-01
   3.2602189566240108e-01
   3.1312692945748116e-01
   3.0094151615474446e-01
   2.8948145124019597e-01
   2.7875687022896639e-01
   2.6877327183825839e-01
   2.5953243914267232e-01
   2.5103325879045957e-01
   2.4327244168660894e-01
   2.3624515074327576e-01
   2.2994554259802460e-01
   2.2436723081466736e-01
   2.1950367818594912e-01
   2.1534852549472913e-01
   2.1189586357283358e-01
   2.0914045480986948e-01
   2.0707790947084237e-01
   2.0570482132583681e-01
   2.0501886620709583e-01
   2.0501886620709583e-01
   2.0570482132583687e-01
   2.0707790947084243e-01
   2.0914045480986959e-01
   2.1189586357283366e-01
   2.1534852549472927e-01
   2.1950367818594926e-01
   2.2436723081466756e-01
   2.2994554259802483e-01
   2.3624515074327596e-01
   2.4327244168660922e-01
   2.5103325879045985e-01
   2.5953243914267266e-01
   2.6877327183825872e-01
   2.7875687022896672e-01
   2.8948145124019636e-01
   3.0094151615474485e-01
   3.1312692945748155e-01
   3.2602189566240147e-01
   3.3960383876053929e-01
   3.5384219529020694e-01
   3.6869714026407352e-01
   3.8411827543610855e-01
   4.0004332165821016e-01
   4.1639687114096230e-01
   4.3308927075744830e-01
   4.5001572316031374e-01
   4.6705570696851506e-01
   4.8407282862822132e-01
   5.0091522426127244e-01
   5.1741662702594471e-01
   5.3339820131473681e-01
   5.5659167519587405e-01
   5.8665707108109177e-01
   6.1521399784167707e-01
   6.4176672281114833e-01
   6.6580034884762096e-01
   6.8680207459065290e-01
   7.0428606352805134e-01
   7.1782017461533543e-01
   7.2705218702338315e-01
   7.3173280655958606e-01
   7.3173280655958628e-01
   7.2705218702338348e-01
   7.1782017461533609e-01
   7.0428606352805234e-01
   6.8680207459065412e-01
   6.6580034884762251e-01
   6.4176672281114988e-01
   6.1521399784167874e-01
   5.8665707108109366e-01
   5.5659167519587593e-01
   5.3339820131473858e-01
   5.1741662702594660e-01
   5.0091522426127455e-01
   4.8407282862822343e-01
   4.6705570696851723e-01
   4.5001572316031591e-01
   4.3308927075745057e-01
   4.1639687114096452e-01
   4.0004332165821244e-01
   3.8411827543611082e-01
   3.6869714026407568e-01
   3.5384219529020905e-01
   3.3960383876054140e-01
   3.2602189566240358e-01
   3.1312692945748366e-01
   3.0094151615474690e-01
   2.8948145124019836e-01
   2.7875687022896872e-01
   2.6877327183826066e-01
   2.5953243914267460e-01
   2.5103325879046173e-01
   2.4327244168661108e-01
   2.3624515074327787e-01
   2.2994554259802669e-01
   2.2436723081466936e-01
   2.1950367818595112e-01
   2.1534852549473113e-01
   2.1189586357283549e-01
   2.0914045480987142e-01
   2.0707790947084426e-01
   2.0570482132583867e-01
   2.0501886620709764e-01
   2.0501886620709767e-01
   2.0570482132583867e-01
   2.0707790947084423e-01
   2.0914045480987137e-01
   2.1189586357283549e-01
   2.1534852549473107e-01
   2.1950367818595110e-01
   2.2436723081466933e-01
   2.2994554259802663e-01
   2.3624515074327782e-01
   2.4327244168661102e-01
   2.5103325879046168e-01
   2.5953243914267449e-01
   2.6877327183826061e-01
   2.7875687022896867e-01
   2.8948145124019825e-01
   3.0094151615474679e-01
   3.1312692945748355e-01
   3.2602189566240353e-01
   3.3960383876054134e-01
   3.5384219529020899e-01
   3.6869714026407563e-01
   3.8411827543611071e-01
   4.0004332165821233e-01
   4.1639687114096446e-01
   4.3308927075745041e-01
   4.5001572316031579e-01
   4.6705570696851717e-01
   4.8407282862822332e-01
   5.0091522426127444e-01
   5.1741662702594649e-01
   5.3339820131473847e-01
