   5.3506562114533707e-01
   5.1801612149696774e-01
   5.0049250232093512e-01
   4.8268299544063520e-01
   4.6476069399506015e-01
   4.4688191313336378e-01
   4.2918538448091959e-01
   4.1179215351376808e-01
   3.9480603951640969e-01
   3.7831452053777187e-01
   3.6238991699726475e-01
   3.4709076393829852e-01
   3.3246328058685337e-01
   3.1854286475028964e-01
   3.0535555726222080e-01
   2.9291943729653036e-01
   2.8124592254344449e-01
   2.7034095889383780e-01
   2.6020609255771504e-01
   2.5083942371377299e-01
   2.4223644516832882e-01
   2.3439077242146411e-01
   2.2729477330358358e-01
   2.2094010622849183e-01
   2.1531817633897204e-01
   2.1042051858424279e-01
   2.0623911621223093e-01
   2.0276666239494426e-01
   1.9999677181439979e-01
   1.9792414807747197e-01
   1.9654471183940869e-01
   1.9585569352153145e-01
   1.9585569352153145e-01
   1.9654471183940866e-01
   1.9792414807747194e-01
   1.9999677181439970e-01
   2.0276666239494417e-01
   2.0623911621223084e-01
   2.1042051858424271e-01
   2.1531817633897193e-01
   2.2094010622849170e-01
   2.2729477330358344e-01
   2.3439077242146394e-01
   2.4223644516832865e-01
   2.5083942371377282e-01
   2.6020609255771482e-01
   2.7034095889383752e-01
   2.8124592254344422e-01
   2.9291943729653008e-01
   3.0535555726222052e-01
   3.1854286475028937e-01
   3.3246328058685315e-01
   3.4709076393829830e-01
   3.6238991699726458e-01
   3.7831452053777170e-01
   3.9480603951640958e-01
   4.1179215351376791e-01
   4.2918538448091953e-01
   4.4688191313336362e-01
   4.6476069399506004e-01
   4.8268299544063514e-01
   5.0049250232093512e-01
   5.1801612149696774e-01
   5.3506562114533707e-01
   5.5993193408053665e-01
   5.9225226637169548e-01
   6.2303389777918983e-01
   6.5173072093546269e-01
   6.7776988168102337e-01
   7.0057592073892405e-01
   7.1959960134914847e-01
   7.3434938809086903e-01
   7.4442270917000675e-01
   7.4953363532240236e-01
   7.4953363532240214e-01
   7.4442270917000608e-01
   7.3434938809086792e-01
   7.1959960134914702e-01
   7.0057592073892228e-01
   6.7776988168102115e-01
   6.5173072093546036e-01
   6.2303389777918716e-01
   5.9225226637169259e-01
   5.5993193408053377e-01
   5.3506562114533418e-01
   5.1801612149696485e-01
   5.0049250232093190e-01
   4.8268299544063192e-01
   4.6476069399505671e-01
   4.4688191313336023e-01
   4.2918538448091609e-01
   4.1179215351376453e-01
   3.9480603951640614e-01
   3.7831452053776832e-01
   3.6238991699726125e-01
   3.4709076393829502e-01
   3.3246328058684987e-01
   3.1854286475028620e-01
   3.0535555726221747e-01
   2.9291943729652714e-01
   2.8124592254344127e-01
   2.7034095889383469e-01
   2.6020609255771199e-01
   2.5083942371377005e-01
   2.4223644516832593e-01
   2.3439077242146128e-01
   2.2729477330358080e-01
   2.2094010622848911e-01
   2.1531817633896941e-01
   2.1042051858424018e-01
   2.0623911621222837e-01
   2.0276666239494173e-01
   1.9999677181439729e-01
   1.9792414807746950e-01
   1.9654471183940625e-01
   1.9585569352152904e-01
   1.9585569352152904e-01
   1.9654471183940625e-01
   1.9792414807746952e-01
   1.9999677181439734e-01
   2.0276666239494179e-01
   2.0623911621222843e-01
   2.1042051858424027e-01
   2.1531817633896949e-01
   2.2094010622848925e-01
   2.2729477330358097e-01
   2.3439077242146145e-01
   2.4223644516832610e-01
   2.5083942371377022e-01
   2.6020609255771221e-01
   2.7034095889383492e-01
   2.8124592254344155e-01
   2.9291943729652736e-01
   3.0535555726221775e-01
   3.1854286475028654e-01
   3.3246328058685021e-01
   3.4709076393829524e-01
   3.6238991699726142e-01
   3.7831452053776854e-01
   3.9480603951640630e-01
   4.1179215351376469e-01
   4.2918538448091625e-01
   4.4688191313336040e-01
   4.6476069399505682e-01
   4.8268299544063198e-01
   5.0049250232093201e-01
   5.1801612149696485e-01
   5.3506562114533418e-01
