   5.3134485605157189e-01
   5.1638761335594807e-01
   5.0087489465317370e-01
   4.8497575008182192e-01
   4.6884897860702052e-01
   4.5264116992153736e-01
   4.3648544175818049e-01
   4.2050079722900213e-01
   4.0479200949899174e-01
   3.8944993413877793e-01
   3.7455215069002501e-01
   3.6016384199063584e-01
   3.4633883048030872e-01
   3.3312070321648540e-01
   3.2054397026617576e-01
   3.0863521350332190e-01
   2.9741419400301533e-01
   2.8689489584836009e-01
   2.7708649214053799e-01
   2.6799422536832673e-01
   2.5962019918589513e-01
   2.5196408225364303e-01
   2.4502372732074681e-01
   2.3879571037097308e-01
   2.3327579559962988e-01
   2.2845933240011473e-01
   2.2434159054838046e-01
   2.2091803949224539e-01
   2.1818457716591894e-01
   2.1613771312403421e-01
   2.1477471007232385e-01
   2.1409368709829524e-01
   2.1409368709829524e-01
   2.1477471007232385e-01
   2.1613771312403418e-01
   2.1818457716591891e-01
   2.2091803949224537e-01
   2.2434159054838043e-01
   2.2845933240011471e-01
   2.3327579559962985e-01
   2.3879571037097305e-01
   2.4502372732074679e-01
   2.5196408225364297e-01
   2.5962019918589507e-01
   2.6799422536832673e-01
   2.7708649214053793e-01
   2.8689489584836003e-01
   2.9741419400301533e-01
   3.0863521350332185e-01
   3.2054397026617570e-01
   3.3312070321648535e-01
   3.4633883048030867e-01
   3.6016384199063578e-01
   3.7455215069002490e-01
   3.8944993413877788e-01
   4.0479200949899163e-01
   4.2050079722900208e-01
   4.3648544175818038e-01
   4.5264116992153725e-01
   4.6884897860702046e-01
   4.8497575008182181e-01
   5.0087489465317359e-01
   5.1638761335594796e-01
   5.3134485605157189e-01
   5.5294707261574072e-01
   5.8087687403266008e-01
   6.0733630120603954e-01
   6.3187649109623589e-01
   6.5403558067968248e-01
   6.7335733767593464e-01
   6.8941254107349526e-01
   7.0182162407420390e-01
   7.1027663419218612e-01
   7.1456033159346966e-01
   7.1456033159346977e-01
   7.1027663419218656e-01
   7.0182162407420456e-01
   6.8941254107349603e-01
   6.7335733767593564e-01
   6.5403558067968370e-01
   6.3187649109623745e-01
   6.0733630120604110e-01
   5.8087687403266175e-01
   5.5294707261574239e-01
   5.3134485605157344e-01
   5.1638761335594974e-01
   5.0087489465317547e-01
   4.8497575008182386e-01
   4.6884897860702263e-01
   4.5264116992153952e-01
   4.3648544175818271e-01
   4.2050079722900435e-01
   4.0479200949899402e-01
   3.8944993413878026e-01
   3.7455215069002729e-01
   3.6016384199063822e-01
   3.4633883048031100e-01
   3.3312070321648762e-01
   3.2054397026617809e-01
   3.0863521350332412e-01
   2.9741419400301755e-01
   2.8689489584836225e-01
   2.7708649214054015e-01
   2.6799422536832890e-01
   2.5962019918589718e-01
   2.5196408225364508e-01
   2.4502372732074881e-01
   2.3879571037097508e-01
   2.3327579559963185e-01
   2.2845933240011665e-01
   2.2434159054838235e-01
   2.2091803949224728e-01
   2.1818457716592080e-01
   2.1613771312403604e-01
   2.1477471007232568e-01
   2.1409368709829707e-01
   2.1409368709829704e-01
   2.1477471007232565e-01
   2.1613771312403596e-01
   2.1818457716592071e-01
   2.2091803949224714e-01
   2.2434159054838221e-01
   2.2845933240011648e-01
   2.3327579559963163e-01
   2.3879571037097488e-01
   2.4502372732074859e-01
   2.5196408225364481e-01
   2.5962019918589685e-01
   2.6799422536832856e-01
   2.7708649214053976e-01
   2.8689489584836186e-01
   2.9741419400301716e-01
   3.0863521350332368e-01
   3.2054397026617765e-01
   3.3312070321648729e-01
   3.4633883048031067e-01
   3.6016384199063783e-01
   3.7455215069002690e-01
   3.8944993413877993e-01
   4.0479200949899369e-01
   4.2050079722900402e-01
   4.3648544175818244e-01
   4.5264116992153924e-01
   4.6884897860702235e-01
   4.8497575008182364e-01
   5.0087489465317525e-01
   5.1638761335594963e-01
   5.3134485605157333e-01
