   5.3692147293211478e-01
   5.1798369264206823e-01
   4.9867342795003200e-01
   4.7919328096394781e-01
   4.5972584732348543e-01
   4.4043259211057412e-01
   4.2145365184112238e-01
   4.0290837500372573e-01
   3.8489641641028655e-01
   3.6749921592631862e-01
   3.5078171487424348e-01
   3.3479418938497013e-01
   3.1957410612249343e-01
   3.0514793006911256e-01
   2.9153283525822765e-01
   2.7873828697432834e-01
   2.6676747797420242e-01
   2.5561861198492991e-01
   2.4528603552832715e-01
   2.3576122449524331e-01
   2.2703363533035986e-01
   2.1909143263119760e-01
   2.1192210579556328e-01
   2.0551298738474863e-01
   1.9985168535595885e-01
   1.9492644044924404e-01
   1.9072641893463455e-01
   1.8724194973655739e-01
   1.8446471372481840e-01
   1.8238789173922870e-01
   1.8100627672402864e-01
   1.8031635420022465e-01
   1.8031635420022465e-01
   1.8100627672402861e-01
   1.8238789173922867e-01
   1.8446471372481835e-01
   1.8724194973655733e-01
   1.9072641893463446e-01
   1.9492644044924395e-01
   1.9985168535595879e-01
   2.0551298738474852e-01
   2.1192210579556314e-01
   2.1909143263119743e-01
   2.2703363533035970e-01
   2.3576122449524312e-01
   2.4528603552832698e-01
   2.5561861198492969e-01
   2.6676747797420219e-01
   2.7873828697432812e-01
   2.9153283525822737e-01
   3.0514793006911234e-01
   3.1957410612249310e-01
   3.3479418938496980e-01
   3.5078171487424320e-01
   3.6749921592631840e-01
   3.8489641641028638e-01
   4.0290837500372545e-01
   4.2145365184112216e-01
   4.4043259211057395e-01
   4.5972584732348526e-01
   4.7919328096394775e-01
   4.9867342795003194e-01
   5.1798369264206823e-01
   5.3692147293211467e-01
   5.6477989947874752e-01
   6.0115812595213114e-01
   6.3596866943248553e-01
   6.6857299145008231e-01
   6.9828924763319022e-01
   7.2442180863768180e-01
   7.4629789258488255e-01
   7.6330874080171884e-01
   7.7495142621250979e-01
   7.8086648914267576e-01
   7.8086648914267565e-01
   7.7495142621250956e-01
   7.6330874080171862e-01
   7.4629789258488222e-01
   7.2442180863768124e-01
   6.9828924763318967e-01
   6.6857299145008153e-01
   6.3596866943248487e-01
   6.0115812595213036e-01
   5.6477989947874674e-01
   5.3692147293211412e-01
   5.1798369264206756e-01
   4.9867342795003133e-01
   4.7919328096394714e-01
   4.5972584732348470e-01
   4.4043259211057340e-01
   4.2145365184112166e-01
   4.0290837500372501e-01
   3.8489641641028582e-01
   3.6749921592631790e-01
   3.5078171487424276e-01
   3.3479418938496941e-01
   3.1957410612249276e-01
   3.0514793006911195e-01
   2.9153283525822704e-01
   2.7873828697432773e-01
   2.6676747797420181e-01
   2.5561861198492924e-01
   2.4528603552832656e-01
   2.3576122449524270e-01
   2.2703363533035928e-01
   2.1909143263119704e-01
   2.1192210579556275e-01
   2.0551298738474810e-01
   1.9985168535595835e-01
   1.9492644044924354e-01
   1.9072641893463405e-01
   1.8724194973655686e-01
   1.8446471372481790e-01
   1.8238789173922823e-01
   1.8100627672402816e-01
   1.8031635420022415e-01
   1.8031635420022415e-01
   1.8100627672402814e-01
   1.8238789173922818e-01
   1.8446471372481785e-01
   1.8724194973655681e-01
   1.9072641893463396e-01
   1.9492644044924343e-01
   1.9985168535595824e-01
   2.0551298738474796e-01
   2.1192210579556259e-01
   2.1909143263119685e-01
   2.2703363533035908e-01
   2.3576122449524248e-01
   2.4528603552832634e-01
   2.5561861198492902e-01
   2.6676747797420153e-01
   2.7873828697432745e-01
   2.9153283525822671e-01
   3.0514793006911162e-01
   3.1957410612249237e-01
   3.3479418938496908e-01
   3.5078171487424242e-01
   3.6749921592631768e-01
   3.8489641641028560e-01
   4.0290837500372467e-01
   4.2145365184112138e-01
   4.4043259211057317e-01
   4.5972584732348454e-01
   4.7919328096394698e-01
   4.9867342795003117e-01
   5.1798369264206745e-01
   5.3692147293211401e-01
