   5.0786880797377476e-01
   4.7207818698152082e-01
   4.3794382513633145e-01
   4.0560819973190337e-01
   3.7515177082671453e-01
   3.4660539507950749e-01
   3.1996139087563424e-01
   2.9518305990031746e-01
   2.7221265158703872e-01
   2.5097786795016519e-01
   2.3139706557089185e-01
   2.1338333517125041e-01
   1.9684764018094059e-01
   1.8170118347885478e-01
   1.6785715264431916e-01
   1.5523197285160237e-01
   1.4374617557235192e-01
   1.3332497193860188e-01
   1.2389860262537478e-01
   1.1540252162527816e-01
   1.0777745922332523e-01
   1.0096939961229502e-01
   9.4929500632086050e-02
   8.9613976775561974e-02
   8.4983961600226463e-02
   8.1005361771567475e-02
   7.7648711926397940e-02
   7.4889037203373421e-02
   7.2705728494600705e-02
   7.1082434105451453e-02
   7.0006970470656890e-02
   6.9471253783246978e-02
   6.9471253783246978e-02
   7.0006970470656904e-02
   7.1082434105451453e-02
   7.2705728494600719e-02
   7.4889037203373435e-02
   7.7648711926397954e-02
   8.1005361771567488e-02
   8.4983961600226476e-02
   8.9613976775562001e-02
   9.4929500632086078e-02
   1.0096939961229504e-01
   1.0777745922332525e-01
   1.1540252162527818e-01
   1.2389860262537480e-01
   1.3332497193860190e-01
   1.4374617557235195e-01
   1.5523197285160242e-01
   1.6785715264431916e-01
   1.8170118347885478e-01
   1.9684764018094059e-01
   2.1338333517125038e-01
   2.3139706557089185e-01
   2.5097786795016519e-01
   2.7221265158703867e-01
   2.9518305990031735e-01
   3.1996139087563419e-01
   3.4660539507950749e-01
   3.7515177082671453e-01
   4.0560819973190337e-01
   4.3794382513633151e-01
   4.7207818698152088e-01
   5.0786880797377476e-01
   5.6440458772088242e-01
   6.4122134470524894e-01
   7.1795728890573329e-01
   7.9310512121664412e-01
   8.6469742529984039e-01
   9.3036070151617889e-01
   9.8745149103995866e-01
   1.0332814408826312e+00
   1.0654140632250937e+00
   1.0819864455725319e+00
   1.0819864455725317e+00
   1.0654140632250939e+00
   1.0332814408826314e+00
   9.8745149103995888e-01
   9.3036070151617911e-01
   8.6469742529984062e-01
   7.9310512121664445e-01
   7.1795728890573374e-01
   6.4122134470524950e-01
   5.6440458772088287e-01
   5.0786880797377509e-01
   4.7207818698152115e-01
   4.3794382513633179e-01
   4.0560819973190360e-01
   3.7515177082671480e-01
   3.4660539507950783e-01
   3.1996139087563441e-01
   2.9518305990031768e-01
   2.7221265158703895e-01
   2.5097786795016541e-01
   2.3139706557089204e-01
   2.1338333517125055e-01
   1.9684764018094073e-01
   1.8170118347885494e-01
   1.6785715264431930e-01
   1.5523197285160251e-01
   1.4374617557235203e-01
   1.3332497193860199e-01
   1.2389860262537486e-01
   1.1540252162527825e-01
   1.0777745922332531e-01
   1.0096939961229510e-01
   9.4929500632086133e-02
   8.9613976775562057e-02
   8.4983961600226532e-02
   8.1005361771567530e-02
   7.7648711926397995e-02
   7.4889037203373490e-02
   7.2705728494600760e-02
   7.1082434105451509e-02
   7.0006970470656946e-02
   6.9471253783247033e-02
   6.9471253783247033e-02
   7.0006970470656960e-02
   7.1082434105451509e-02
   7.2705728494600760e-02
   7.4889037203373490e-02
   7.7648711926398009e-02
   8.1005361771567544e-02
   8.4983961600226546e-02
   8.9613976775562071e-02
   9.4929500632086147e-02
   1.0096939961229512e-01
   1.0777745922332534e-01
   1.1540252162527827e-01
   1.2389860262537489e-01
   1.3332497193860202e-01
   1.4374617557235206e-01
   1.5523197285160253e-01
   1.6785715264431933e-01
   1.8170118347885497e-01
   1.9684764018094081e-01
   2.1338333517125060e-01
   2.3139706557089210e-01
   2.5097786795016547e-01
   2.7221265158703900e-01
   2.9518305990031773e-01
   3.1996139087563447e-01
   3.4660539507950783e-01
   3.7515177082671486e-01
   4.0560819973190371e-01
   4.3794382513633184e-01
   4.7207818698152121e-01
   5.0786880797377520e-01
