   5.1567702277773109e-01
   5.0533877879197009e-01
   4.9438924098928599e-01
   4.8294597684163487e-01
   4.7112453130858600e-01
   4.5903658892792770e-01
   4.4678847926244114e-01
   4.3448002911047390e-01
   4.2220374790799059e-01
   4.1004431991304463e-01
   3.9807836807513419e-01
   3.8637444960244377e-01
   3.7499324157528391e-01
   3.6398787583208375e-01
   3.5340438507920152e-01
   3.4328222610440473e-01
   3.3365485055581495e-01
   3.2455029854392875e-01
   3.1599179500688818e-01
   3.0799833312417035e-01
   3.0058523293429151e-01
   2.9376466664034512e-01
   2.8754614485739621e-01
   2.8193696028813064e-01
   2.7694258705079827e-01
   2.7256703518209008e-01
   2.6881316075781775e-01
   2.6568293267649595e-01
   2.6317765749188199e-01
   2.6129816381137760e-01
   2.6004494774281151e-01
   2.5941828071106376e-01
   2.5941828071106382e-01
   2.6004494774281156e-01
   2.6129816381137766e-01
   2.6317765749188210e-01
   2.6568293267649606e-01
   2.6881316075781791e-01
   2.7256703518209030e-01
   2.7694258705079849e-01
   2.8193696028813092e-01
   2.8754614485739649e-01
   2.9376466664034545e-01
   3.0058523293429190e-01
   3.0799833312417074e-01
   3.1599179500688862e-01
   3.2455029854392914e-01
   3.3365485055581534e-01
   3.4328222610440512e-01
   3.5340438507920191e-01
   3.6398787583208408e-01
   3.7499324157528424e-01
   3.8637444960244410e-01
   3.9807836807513453e-01
   4.1004431991304496e-01
   4.2220374790799087e-01
   4.3448002911047418e-01
   4.4678847926244136e-01
   4.5903658892792798e-01
   4.7112453130858617e-01
   4.8294597684163504e-01
   4.9438924098928616e-01
   5.0533877879197020e-01
   5.1567702277773109e-01
   5.3026995552610345e-01
   5.4890695805259226e-01
   5.6635080135867433e-01
   5.8234320766469572e-01
   5.9662923448913818e-01
   6.0896604246116171e-01
   6.1913218114167778e-01
   6.2693681565087023e-01
   6.3222823679444951e-01
   6.3490098489405267e-01
   6.3490098489405267e-01
   6.3222823679444973e-01
   6.2693681565087034e-01
   6.1913218114167801e-01
   6.0896604246116215e-01
   5.9662923448913863e-01
   5.8234320766469627e-01
   5.6635080135867488e-01
   5.4890695805259293e-01
   5.3026995552610412e-01
   5.1567702277773175e-01
   5.0533877879197087e-01
   4.9438924098928683e-01
   4.8294597684163570e-01
   4.7112453130858689e-01
   4.5903658892792859e-01
   4.4678847926244208e-01
   4.3448002911047479e-01
   4.2220374790799153e-01
   4.1004431991304552e-01
   3.9807836807513514e-01
   3.8637444960244471e-01
   3.7499324157528474e-01
   3.6398787583208458e-01
   3.5340438507920230e-01
   3.4328222610440551e-01
   3.3365485055581567e-01
   3.2455029854392947e-01
   3.1599179500688884e-01
   3.0799833312417096e-01
   3.0058523293429212e-01
   2.9376466664034567e-01
   2.8754614485739671e-01
   2.8193696028813109e-01
   2.7694258705079866e-01
   2.7256703518209047e-01
   2.6881316075781808e-01
   2.6568293267649623e-01
   2.6317765749188221e-01
   2.6129816381137777e-01
   2.6004494774281162e-01
   2.5941828071106393e-01
   2.5941828071106388e-01
   2.6004494774281156e-01
   2.6129816381137766e-01
   2.6317765749188204e-01
   2.6568293267649595e-01
   2.6881316075781780e-01
   2.7256703518209008e-01
   2.7694258705079822e-01
   2.8193696028813059e-01
   2.8754614485739616e-01
   2.9376466664034506e-01
   3.0058523293429146e-01
   3.0799833312417030e-01
   3.1599179500688807e-01
   3.2455029854392881e-01
   3.3365485055581501e-01
   3.4328222610440484e-01
   3.5340438507920169e-01
   3.6398787583208397e-01
   3.7499324157528413e-01
   3.8637444960244410e-01
   3.9807836807513458e-01
   4.1004431991304507e-01
   4.2220374790799109e-01
   4.3448002911047440e-01
   4.4678847926244170e-01
   4.5903658892792831e-01
   4.7112453130858661e-01
   4.8294597684163548e-01
   4.9438924098928666e-01
   5.0533877879197076e-01
   5.1567702277773175e-01
