   5.3486985037106938e-01
   5.0988538915033410e-01
   4.8502540334256017e-01
   4.6051507271492170e-01
   4.3654246026306270e-01
   4.1326053837931598e-01
   3.9079008333026122e-01
   3.6922307603473498e-01
   3.4862631887731232e-01
   3.2904504979516824e-01
   3.1050639957740833e-01
   2.9302259286839766e-01
   2.7659383675265348e-01
   2.6121087349941174e-01
   2.4685719736826142e-01
   2.3351095097448282e-01
   2.2114652626409201e-01
   2.0973590018367652e-01
   1.9924973694429690e-01
   1.8965828841153573e-01
   1.8093212240311787e-01
   1.7304270612970202e-01
   1.6596286909014474e-01
   1.5966716671205664e-01
   1.5413216309265426e-01
   1.4933664845056002e-01
   1.4526180440075975e-01
   1.4189132793105458e-01
   1.3921152298416425e-01
   1.3721136681548077e-01
   1.3588255677393496e-01
   1.3521954180941986e-01
   1.3521954180941986e-01
   1.3588255677393496e-01
   1.3721136681548080e-01
   1.3921152298416431e-01
   1.4189132793105461e-01
   1.4526180440075984e-01
   1.4933664845056013e-01
   1.5413216309265435e-01
   1.5966716671205672e-01
   1.6596286909014482e-01
   1.7304270612970210e-01
   1.8093212240311790e-01
   1.8965828841153573e-01
   1.9924973694429690e-01
   2.0973590018367652e-01
   2.2114652626409195e-01
   2.3351095097448274e-01
   2.4685719736826134e-01
   2.6121087349941163e-01
   2.7659383675265337e-01
   2.9302259286839755e-01
   3.1050639957740822e-01
   3.2904504979516813e-01
   3.4862631887731221e-01
   3.6922307603473492e-01
   3.9079008333026116e-01
   4.1326053837931587e-01
   4.3654246026306265e-01
   4.6051507271492170e-01
   4.8502540334256022e-01
   5.0988538915033399e-01
   5.3486985037106938e-01
   5.7260063500925695e-01
   6.2258387172565510e-01
   6.7113562293367324e-01
   7.1730114320213323e-01
   7.5999674043719145e-01
   7.9805715350914219e-01
   8.3030375518542510e-01
   8.5562966023439124e-01
   8.7309310383085459e-01
   8.8200644869305700e-01
   8.8200644869305755e-01
   8.7309310383085592e-01
   8.5562966023439335e-01
   8.3030375518542821e-01
   7.9805715350914586e-01
   7.5999674043719567e-01
   7.1730114320213789e-01
   6.7113562293367812e-01
   6.2258387172566010e-01
   5.7260063500926195e-01
   5.3486985037107426e-01
   5.0988538915033899e-01
   4.8502540334256511e-01
   4.6051507271492670e-01
   4.3654246026306748e-01
   4.1326053837932070e-01
   3.9079008333026583e-01
   3.6922307603473942e-01
   3.4862631887731665e-01
   3.2904504979517241e-01
   3.1050639957741238e-01
   2.9302259286840149e-01
   2.7659383675265714e-01
   2.6121087349941530e-01
   2.4685719736826481e-01
   2.3351095097448604e-01
   2.2114652626409509e-01
   2.0973590018367949e-01
   1.9924973694429976e-01
   1.8965828841153845e-01
   1.8093212240312051e-01
   1.7304270612970454e-01
   1.6596286909014718e-01
   1.5966716671205899e-01
   1.5413216309265654e-01
   1.4933664845056227e-01
   1.4526180440076195e-01
   1.4189132793105669e-01
   1.3921152298416634e-01
   1.3721136681548282e-01
   1.3588255677393699e-01
   1.3521954180942189e-01
   1.3521954180942189e-01
   1.3588255677393701e-01
   1.3721136681548285e-01
   1.3921152298416639e-01
   1.4189132793105672e-01
   1.4526180440076200e-01
   1.4933664845056233e-01
   1.5413216309265662e-01
   1.5966716671205911e-01
   1.6596286909014726e-01
   1.7304270612970463e-01
   1.8093212240312057e-01
   1.8965828841153851e-01
   1.9924973694429979e-01
   2.0973590018367955e-01
   2.2114652626409512e-01
   2.3351095097448607e-01
   2.4685719736826481e-01
   2.6121087349941530e-01
   2.7659383675265720e-01
   2.9302259286840149e-01
   3.1050639957741233e-01
   3.2904504979517241e-01
   3.4862631887731660e-01
   3.6922307603473936e-01
   3.9079008333026577e-01
   4.1326053837932064e-01
   4.3654246026306748e-01
   4.6051507271492659e-01
   4.8502540334256511e-01
   5.0988538915033887e-01
   5.3486985037107415e-01
