   5.3664761880157574e-01
   5.1809897957195961e-01
   4.9915476781247453e-01
   4.8001487366593493e-01
   4.6086021361627477e-01
   4.4185148207988034e-01
   4.2312881325311663e-01
   4.0481217768938649e-01
   3.8700233794397548e-01
   3.6978220006439050e-01
   3.5321841790942660e-01
   3.3736313122185146e-01
   3.2225574300118870e-01
   3.0792466493519954e-01
   2.9438898020169985e-01
   2.8165999025646810e-01
   2.6974262616156142e-01
   2.5863671577192127e-01
   2.4833810605148601e-01
   2.3883964537413621e-01
   2.3013203433073737e-01
   2.2220455573175607e-01
   2.1504569553379682e-01
   2.0864366663596473e-01
   2.0298684713605600e-01
   1.9806414389989024e-01
   1.9386529132446562e-01
   1.9038109407208403e-01
   1.8760362139114350e-01
   1.8552635946779594e-01
   1.8414432709976913e-01
   1.8345415886364991e-01
   1.8345415886364994e-01
   1.8414432709976913e-01
   1.8552635946779597e-01
   1.8760362139114353e-01
   1.9038109407208409e-01
   1.9386529132446570e-01
   1.9806414389989033e-01
   2.0298684713605611e-01
   2.0864366663596487e-01
   2.1504569553379696e-01
   2.2220455573175624e-01
   2.3013203433073753e-01
   2.3883964537413641e-01
   2.4833810605148623e-01
   2.5863671577192149e-01
   2.6974262616156169e-01
   2.8165999025646837e-01
   2.9438898020170012e-01
   3.0792466493519988e-01
   3.2225574300118898e-01
   3.3736313122185174e-01
   3.5321841790942682e-01
   3.6978220006439072e-01
   3.8700233794397570e-01
   4.0481217768938665e-01
   4.2312881325311680e-01
   4.4185148207988045e-01
   4.6086021361627488e-01
   4.8001487366593504e-01
   4.9915476781247459e-01
   5.1809897957195961e-01
   5.3664761880157574e-01
   5.6388586694360820e-01
   5.9942044919935034e-01
   6.3339070730211411e-01
   6.6517747383941528e-01
   6.9412203571653153e-01
   7.1955452180325907e-01
   7.4082884305106056e-01
   7.5736172805793223e-01
   7.6867217532190657e-01
   7.7441684533618615e-01
   7.7441684533618593e-01
   7.6867217532190601e-01
   7.5736172805793145e-01
   7.4082884305105956e-01
   7.1955452180325774e-01
   6.9412203571652997e-01
   6.6517747383941361e-01
   6.3339070730211222e-01
   5.9942044919934834e-01
   5.6388586694360610e-01
   5.3664761880157352e-01
   5.1809897957195716e-01
   4.9915476781247209e-01
   4.8001487366593237e-01
   4.6086021361627216e-01
   4.4185148207987768e-01
   4.2312881325311397e-01
   4.0481217768938377e-01
   3.8700233794397282e-01
   3.6978220006438783e-01
   3.5321841790942399e-01
   3.3736313122184891e-01
   3.2225574300118615e-01
   3.0792466493519710e-01
   2.9438898020169740e-01
   2.8165999025646576e-01
   2.6974262616155908e-01
   2.5863671577191899e-01
   2.4833810605148379e-01
   2.3883964537413407e-01
   2.3013203433073529e-01
   2.2220455573175399e-01
   2.1504569553379477e-01
   2.0864366663596273e-01
   2.0298684713605403e-01
   1.9806414389988830e-01
   1.9386529132446373e-01
   1.9038109407208215e-01
   1.8760362139114162e-01
   1.8552635946779406e-01
   1.8414432709976727e-01
   1.8345415886364808e-01
   1.8345415886364808e-01
   1.8414432709976730e-01
   1.8552635946779408e-01
   1.8760362139114167e-01
   1.9038109407208217e-01
   1.9386529132446378e-01
   1.9806414389988836e-01
   2.0298684713605411e-01
   2.0864366663596282e-01
   2.1504569553379491e-01
   2.2220455573175413e-01
   2.3013203433073542e-01
   2.3883964537413424e-01
   2.4833810605148399e-01
   2.5863671577191921e-01
   2.6974262616155931e-01
   2.8165999025646599e-01
   2.9438898020169763e-01
   3.0792466493519732e-01
   3.2225574300118642e-01
   3.3736313122184919e-01
   3.5321841790942421e-01
   3.6978220006438806e-01
   3.8700233794397298e-01
   4.0481217768938393e-01
   4.2312881325311413e-01
   4.4185148207987784e-01
   4.6086021361627227e-01
   4.8001487366593237e-01
   4.9915476781247203e-01
   5.1809897957195716e-01
   5.3664761880157352e-01
