   5.2544445814188911e-01
   4.9537542213076774e-01
   4.6604591014611157e-01
   4.3766546188990552e-01
   4.1039266490403786e-01
   3.8434146874177288e-01
   3.5958771759074809e-01
   3.3617549471097774e-01
   3.1412301532469583e-01
   2.9342791880249819e-01
   2.7407189615631616e-01
   2.5602464829852034e-01
   2.3924720898586302e-01
   2.2369468875775175e-01
   2.0931850694658891e-01
   1.9606818166537876e-01
   1.8389274542566694e-01
   1.7274184881732993e-01
   1.6256660797399236e-01
   1.5332024434579367e-01
   1.4495855823027495e-01
   1.3744027093584460e-01
   1.3072726455449174e-01
   1.2478474316707373e-01
   1.1958133488803503e-01
   1.1508915042668512e-01
   1.1128381072718745e-01
   1.0814445366868025e-01
   1.0565372767952246e-01
   1.0379777836869351e-01
   1.0256623283229704e-01
   1.0195218509022784e-01
   1.0195218509022784e-01
   1.0256623283229704e-01
   1.0379777836869351e-01
   1.0565372767952246e-01
   1.0814445366868025e-01
   1.1128381072718743e-01
   1.1508915042668512e-01
   1.1958133488803500e-01
   1.2478474316707371e-01
   1.3072726455449171e-01
   1.3744027093584457e-01
   1.4495855823027493e-01
   1.5332024434579364e-01
   1.6256660797399233e-01
   1.7274184881732990e-01
   1.8389274542566689e-01
   1.9606818166537873e-01
   2.0931850694658885e-01
   2.2369468875775173e-01
   2.3924720898586296e-01
   2.5602464829852029e-01
   2.7407189615631611e-01
   2.9342791880249813e-01
   3.1412301532469583e-01
   3.3617549471097768e-01
   3.5958771759074803e-01
   3.8434146874177283e-01
   4.1039266490403775e-01
   4.3766546188990541e-01
   4.6604591014611146e-01
   4.9537542213076763e-01
   5.2544445814188900e-01
   5.7182611234406844e-01
   6.3399947944799862e-01
   6.9516967573702382e-01
   7.5410948935115674e-01
   8.0934149343841499e-01
   8.5919634925970156e-01
   9.0191338829198420e-01
   9.3578072864781414e-01
   9.5930124040452402e-01
   9.7135967535379242e-01
   9.7135967535379653e-01
   9.5930124040453635e-01
   9.3578072864783401e-01
   9.0191338829201084e-01
   8.5919634925973365e-01
   8.0934149343845152e-01
   7.5410948935119637e-01
   6.9516967573706545e-01
   6.3399947944804136e-01
   5.7182611234411163e-01
   5.2544445814193186e-01
   4.9537542213080993e-01
   4.6604591014615282e-01
   4.3766546188994548e-01
   4.1039266490407644e-01
   3.8434146874180991e-01
   3.5958771759078351e-01
   3.3617549471101149e-01
   3.1412301532472786e-01
   2.9342791880252850e-01
   2.7407189615634486e-01
   2.5602464829854743e-01
   2.3924720898588858e-01
   2.2369468875777587e-01
   2.0931850694661164e-01
   1.9606818166540022e-01
   1.8389274542568720e-01
   1.7274184881734908e-01
   1.6256660797401046e-01
   1.5332024434581085e-01
   1.4495855823029127e-01
   1.3744027093586014e-01
   1.3072726455450659e-01
   1.2478474316708794e-01
   1.1958133488804870e-01
   1.1508915042669833e-01
   1.1128381072720026e-01
   1.0814445366869274e-01
   1.0565372767953467e-01
   1.0379777836870556e-01
   1.0256623283230895e-01
   1.0195218509023969e-01
   1.0195218509023972e-01
   1.0256623283230898e-01
   1.0379777836870560e-01
   1.0565372767953475e-01
   1.0814445366869284e-01
   1.1128381072720037e-01
   1.1508915042669847e-01
   1.1958133488804885e-01
   1.2478474316708812e-01
   1.3072726455450678e-01
   1.3744027093586036e-01
   1.4495855823029152e-01
   1.5332024434581112e-01
   1.6256660797401079e-01
   1.7274184881734941e-01
   1.8389274542568754e-01
   1.9606818166540055e-01
   2.0931850694661203e-01
   2.2369468875777626e-01
   2.3924720898588900e-01
   2.5602464829854782e-01
   2.7407189615634531e-01
   2.9342791880252900e-01
   3.1412301532472836e-01
   3.3617549471101194e-01
   3.5958771759078390e-01
   3.8434146874181024e-01
   4.1039266490407672e-01
   4.3766546188994571e-01
   4.6604591014615299e-01
   4.9537542213081009e-01
   5.2544445814193197e-01
