   5.3399790717736684e-01
   5.1766542261553083e-01
   5.0082717586284220e-01
   4.8366518446712298e-01
   4.6634806914994814e-01
   4.4902927612736326e-01
   4.3184608922374579e-01
   4.1491932100370360e-01
   3.9835355933157773e-01
   3.8223784466481620e-01
   3.6664666082525993e-01
   3.5164113493431109e-01
   3.3727035803920286e-01
   3.2357275466176300e-01
   3.1057744561698025e-01
   2.9830556305133915e-01
   2.8677148924445856e-01
   2.7598400112781935e-01
   2.6594731074821526e-01
   2.5666199822465618e-01
   2.4812583837099023e-01
   2.4033452536254513e-01
   2.3328230188773469e-01
   2.2696250039463076e-01
   2.2136800453429112e-01
   2.1649163889706929e-01
   2.1232649477972196e-01
   2.0886619912228799e-01
   2.0610513299905658e-01
   2.0403860519893144e-01
   2.0266298552983877e-01
   2.0197580155749073e-01
   2.0197580155749076e-01
   2.0266298552983877e-01
   2.0403860519893147e-01
   2.0610513299905661e-01
   2.0886619912228802e-01
   2.1232649477972199e-01
   2.1649163889706932e-01
   2.2136800453429112e-01
   2.2696250039463076e-01
   2.3328230188773472e-01
   2.4033452536254513e-01
   2.4812583837099028e-01
   2.5666199822465618e-01
   2.6594731074821526e-01
   2.7598400112781940e-01
   2.8677148924445856e-01
   2.9830556305133921e-01
   3.1057744561698036e-01
   3.2357275466176300e-01
   3.3727035803920280e-01
   3.5164113493431115e-01
   3.6664666082525998e-01
   3.8223784466481620e-01
   3.9835355933157773e-01
   4.1491932100370371e-01
   4.3184608922374579e-01
   4.4902927612736337e-01
   4.6634806914994820e-01
   4.8366518446712303e-01
   5.0082717586284231e-01
   5.1766542261553083e-01
   5.3399790717736695e-01
   5.5773950639124925e-01
   5.8854265569559827e-01
   6.1782632248011504e-01
   6.4507838515230198e-01
   6.6976520036135656e-01
   6.9135379521768781e-01
   7.0933800080056375e-01
   7.2326668687581397e-01
   7.3277157292424577e-01
   7.3759169959009674e-01
   7.3759169959009663e-01
   7.3277157292424566e-01
   7.2326668687581386e-01
   7.0933800080056353e-01
   6.9135379521768758e-01
   6.6976520036135634e-01
   6.4507838515230154e-01
   6.1782632248011471e-01
   5.8854265569559794e-01
   5.5773950639124903e-01
   5.3399790717736673e-01
   5.1766542261553072e-01
   5.0082717586284198e-01
   4.8366518446712270e-01
   4.6634806914994786e-01
   4.4902927612736304e-01
   4.3184608922374546e-01
   4.1491932100370332e-01
   3.9835355933157740e-01
   3.8223784466481592e-01
   3.6664666082525960e-01
   3.5164113493431076e-01
   3.3727035803920247e-01
   3.2357275466176266e-01
   3.1057744561697992e-01
   2.9830556305133882e-01
   2.8677148924445817e-01
   2.7598400112781901e-01
   2.6594731074821487e-01
   2.5666199822465585e-01
   2.4812583837098989e-01
   2.4033452536254474e-01
   2.3328230188773433e-01
   2.2696250039463037e-01
   2.2136800453429073e-01
   2.1649163889706891e-01
   2.1232649477972157e-01
   2.0886619912228760e-01
   2.0610513299905617e-01
   2.0403860519893102e-01
   2.0266298552983836e-01
   2.0197580155749031e-01
   2.0197580155749031e-01
   2.0266298552983833e-01
   2.0403860519893097e-01
   2.0610513299905614e-01
   2.0886619912228749e-01
   2.1232649477972149e-01
   2.1649163889706879e-01
   2.2136800453429059e-01
   2.2696250039463020e-01
   2.3328230188773416e-01
   2.4033452536254454e-01
   2.4812583837098964e-01
   2.5666199822465557e-01
   2.6594731074821459e-01
   2.7598400112781873e-01
   2.8677148924445789e-01
   2.9830556305133848e-01
   3.1057744561697953e-01
   3.2357275466176233e-01
   3.3727035803920213e-01
   3.5164113493431048e-01
   3.6664666082525937e-01
   3.8223784466481564e-01
   3.9835355933157712e-01
   4.1491932100370316e-01
   4.3184608922374523e-01
   4.4902927612736282e-01
   4.6634806914994775e-01
   4.8366518446712259e-01
   5.0082717586284198e-01
   5.1766542261553061e-01
   5.3399790717736662e-01
