   5.3455400041240653e-01
   5.1786559494715090e-01
   5.0068664978546851e-01
   4.8320231638249533e-01
   4.6558349284949557e-01
   4.4798511109243189e-01
   4.3054523609535650e-01
   4.1338485672546693e-01
   3.9660823619728747e-01
   3.8030369107133627e-01
   3.6454467694283815e-01
   3.4939107358442412e-01
   3.3489057954045104e-01
   3.2108014395816992e-01
   3.0798738034018242e-01
   2.9563192202391991e-01
   2.8402669208930920e-01
   2.7317907094159505e-01
   2.6309195310613592e-01
   2.5376469102934224e-01
   2.4519392819171823e-01
   2.3737432690912660e-01
   2.3029919811794594e-01
   2.2396104146978812e-01
   2.1835200442503322e-01
   2.1346426891511638e-01
   2.0929037368708722e-01
   2.0582347976266813e-01
   2.0305758562135451e-01
   2.0098769781283030e-01
   1.9960996175893916e-01
   1.9892175654564914e-01
   1.9892175654564914e-01
   1.9960996175893914e-01
   2.0098769781283032e-01
   2.0305758562135451e-01
   2.0582347976266815e-01
   2.0929037368708719e-01
   2.1346426891511644e-01
   2.1835200442503322e-01
   2.2396104146978812e-01
   2.3029919811794594e-01
   2.3737432690912663e-01
   2.4519392819171823e-01
   2.5376469102934224e-01
   2.6309195310613598e-01
   2.7317907094159505e-01
   2.8402669208930920e-01
   2.9563192202391991e-01
   3.0798738034018247e-01
   3.2108014395816997e-01
   3.3489057954045104e-01
   3.4939107358442412e-01
   3.6454467694283815e-01
   3.8030369107133621e-01
   3.9660823619728758e-01
   4.1338485672546693e-01
   4.3054523609535655e-01
   4.4798511109243189e-01
   4.6558349284949557e-01
   4.8320231638249544e-01
   5.0068664978546862e-01
   5.1786559494715090e-01
   5.3455400041240653e-01
   5.5885310699817636e-01
   5.9040774268955076e-01
   6.2043280146839175e-01
   6.4839937340946185e-01
   6.7375450278839022e-01
   6.9594434067142008e-01
   7.1444159720708245e-01
   7.2877535767911128e-01
   7.3856057081488036e-01
   7.4352407567281287e-01
   7.4352407567281276e-01
   7.3856057081487991e-01
   7.2877535767911084e-01
   7.1444159720708178e-01
   6.9594434067141930e-01
   6.7375450278838933e-01
   6.4839937340946086e-01
   6.2043280146839075e-01
   5.9040774268954976e-01
   5.5885310699817525e-01
   5.3455400041240542e-01
   5.1786559494714968e-01
   5.0068664978546740e-01
   4.8320231638249406e-01
   4.6558349284949424e-01
   4.4798511109243050e-01
   4.3054523609535511e-01
   4.1338485672546549e-01
   3.9660823619728613e-01
   3.8030369107133483e-01
   3.6454467694283682e-01
   3.4939107358442273e-01
   3.3489057954044971e-01
   3.2108014395816864e-01
   3.0798738034018114e-01
   2.9563192202391864e-01
   2.8402669208930792e-01
   2.7317907094159383e-01
   2.6309195310613470e-01
   2.5376469102934107e-01
   2.4519392819171706e-01
   2.3737432690912547e-01
   2.3029919811794483e-01
   2.2396104146978701e-01
   2.1835200442503216e-01
   2.1346426891511536e-01
   2.0929037368708617e-01
   2.0582347976266710e-01
   2.0305758562135348e-01
   2.0098769781282932e-01
   1.9960996175893816e-01
   1.9892175654564814e-01
   1.9892175654564817e-01
   1.9960996175893819e-01
   2.0098769781282932e-01
   2.0305758562135356e-01
   2.0582347976266718e-01
   2.0929037368708625e-01
   2.1346426891511541e-01
   2.1835200442503228e-01
   2.2396104146978713e-01
   2.3029919811794497e-01
   2.3737432690912560e-01
   2.4519392819171720e-01
   2.5376469102934124e-01
   2.6309195310613492e-01
   2.7317907094159399e-01
   2.8402669208930814e-01
   2.9563192202391886e-01
   3.0798738034018136e-01
   3.2108014395816881e-01
   3.3489057954044987e-01
   3.4939107358442290e-01
   3.6454467694283688e-01
   3.8030369107133494e-01
   3.9660823619728625e-01
   4.1338485672546560e-01
   4.3054523609535517e-01
   4.4798511109243050e-01
   4.6558349284949430e-01
   4.8320231638249411e-01
   5.0068664978546729e-01
   5.1786559494714957e-01
   5.3455400041240531e-01
