   5.1190630586260166e-01
   4.7724904148374803e-01
   4.4404627833322685e-01
   4.1245866214967397e-01
   3.8258640624222606e-01
   3.5448042951192194e-01
   3.2815253142369827e-01
   3.0358433740709379e-01
   2.8073492932049371e-01
   2.5954719424167205e-01
   2.3995299491765251e-01
   2.2187730020839366e-01
   2.0524142519898908e-01
   1.8996552718206616e-01
   1.7597049184654157e-01
   1.6317932814361419e-01
   1.5151817326660580e-01
   1.4091699267661351e-01
   1.3131004505050720e-01
   1.2263616883130062e-01
   1.1483893581738233e-01
   1.0786670784866659e-01
   1.0167262495296586e-01
   9.6214547085415089e-02
   9.1454966603479029e-02
   8.7360904659422201e-02
   8.3903801572967868e-02
   8.1059408806445327e-02
   7.8807688265223344e-02
   7.7132723172656056e-02
   7.6022643625901526e-02
   7.5469569048102592e-02
   7.5469569048102592e-02
   7.6022643625901526e-02
   7.7132723172656042e-02
   7.8807688265223344e-02
   8.1059408806445313e-02
   8.3903801572967868e-02
   8.7360904659422187e-02
   9.1454966603479029e-02
   9.6214547085415075e-02
   1.0167262495296586e-01
   1.0786670784866657e-01
   1.1483893581738233e-01
   1.2263616883130060e-01
   1.3131004505050717e-01
   1.4091699267661348e-01
   1.5151817326660580e-01
   1.6317932814361416e-01
   1.7597049184654157e-01
   1.8996552718206616e-01
   2.0524142519898905e-01
   2.2187730020839364e-01
   2.3995299491765246e-01
   2.5954719424167205e-01
   2.8073492932049365e-01
   3.0358433740709373e-01
   3.2815253142369821e-01
   3.5448042951192194e-01
   3.8258640624222606e-01
   4.1245866214967392e-01
   4.4404627833322680e-01
   4.7724904148374797e-01
   5.1190630586260166e-01
   5.6639201864636002e-01
   6.4022143248245145e-01
   7.1374335883718854e-01
   7.8550147902712764e-01
   8.5362833205087940e-01
   9.1590250440134435e-01
   9.6987845231173819e-01
   1.0130927282208366e+00
   1.0433295386584114e+00
   1.0589040802987499e+00
   1.0589040802987497e+00
   1.0433295386584109e+00
   1.0130927282208357e+00
   9.6987845231173708e-01
   9.1590250440134302e-01
   8.5362833205087796e-01
   7.8550147902712597e-01
   7.1374335883718687e-01
   6.4022143248244989e-01
   5.6639201864635846e-01
   5.1190630586260033e-01
   4.7724904148374675e-01
   4.4404627833322563e-01
   4.1245866214967275e-01
   3.8258640624222490e-01
   3.5448042951192082e-01
   3.2815253142369727e-01
   3.0358433740709284e-01
   2.8073492932049282e-01
   2.5954719424167128e-01
   2.3995299491765176e-01
   2.2187730020839294e-01
   2.0524142519898844e-01
   1.8996552718206558e-01
   1.7597049184654101e-01
   1.6317932814361366e-01
   1.5151817326660533e-01
   1.4091699267661306e-01
   1.3131004505050678e-01
   1.2263616883130021e-01
   1.1483893581738196e-01
   1.0786670784866624e-01
   1.0167262495296554e-01
   9.6214547085414770e-02
   9.1454966603478738e-02
   8.7360904659421909e-02
   8.3903801572967604e-02
   8.1059408806445063e-02
   7.8807688265223094e-02
   7.7132723172655807e-02
   7.6022643625901290e-02
   7.5469569048102356e-02
   7.5469569048102356e-02
   7.6022643625901290e-02
   7.7132723172655820e-02
   7.8807688265223108e-02
   8.1059408806445091e-02
   8.3903801572967646e-02
   8.7360904659421965e-02
   9.1454966603478807e-02
   9.6214547085414853e-02
   1.0167262495296563e-01
   1.0786670784866634e-01
   1.1483893581738208e-01
   1.2263616883130035e-01
   1.3131004505050692e-01
   1.4091699267661323e-01
   1.5151817326660549e-01
   1.6317932814361386e-01
   1.7597049184654120e-01
   1.8996552718206580e-01
   2.0524142519898864e-01
   2.2187730020839319e-01
   2.3995299491765196e-01
   2.5954719424167150e-01
   2.8073492932049310e-01
   3.0358433740709312e-01
   3.2815253142369749e-01
   3.5448042951192099e-01
   3.8258640624222512e-01
   4.1245866214967292e-01
   4.4404627833322574e-01
   4.7724904148374686e-01
   5.1190630586260033e-01
