   4.7228608419713508e-01
   4.6812571385725604e-01
   4.6357993442925316e-01
   4.5869033633992196e-01
   4.5350041917666556e-01
   4.4805496695353930e-01
   4.4239945014136495e-01
   4.3657946681077076e-01
   4.3064023259589457e-01
   4.2462612646742376e-01
   4.1858029665467328e-01
   4.1254432859779272e-01
   4.0655797463175491e-01
   4.0065894326046692e-01
   3.9488274439951893e-01
   3.8926258585165696e-01
   3.8382931551164606e-01
   3.7861140334369181e-01
   3.7363495699248622e-01
   3.6892376493111351e-01
   3.6449936126756455e-01
   3.6038110668082357e-01
   3.5658628039607110e-01
   3.5313017860076479e-01
   3.5002621521970051e-01
   3.4728602148437793e-01
   3.4491954123284158e-01
   3.4293511934881676e-01
   3.4133958118632918e-01
   3.4013830122504041e-01
   3.3933525956247534e-01
   3.3893308517503179e-01
   3.3893308517503179e-01
   3.3933525956247534e-01
   3.4013830122504041e-01
   3.4133958118632912e-01
   3.4293511934881671e-01
   3.4491954123284152e-01
   3.4728602148437787e-01
   3.5002621521970045e-01
   3.5313017860076473e-01
   3.5658628039607104e-01
   3.6038110668082352e-01
   3.6449936126756444e-01
   3.6892376493111340e-01
   3.7363495699248611e-01
   3.7861140334369170e-01
   3.8382931551164601e-01
   3.8926258585165685e-01
   3.9488274439951893e-01
   4.0065894326046675e-01
   4.0655797463175475e-01
   4.1254432859779261e-01
   4.1858029665467317e-01
   4.2462612646742365e-01
   4.3064023259589446e-01
   4.3657946681077064e-01
   4.4239945014136484e-01
   4.4805496695353919e-01
   4.5350041917666545e-01
   4.5869033633992184e-01
   4.6357993442925316e-01
   4.6812571385725599e-01
   4.7228608419713503e-01
   4.7795941611043563e-01
   4.8507295607685114e-01
   4.9161542839895628e-01
   4.9751630271582636e-01
   5.0270980042162816e-01
   5.0713630906831886e-01
   5.1074373616553204e-01
   5.1348874703214664e-01
   5.1533783280751644e-01
   5.1626815978675433e-01
   5.1626815978675433e-01
   5.1533783280751655e-01
   5.1348874703214697e-01
   5.1074373616553248e-01
   5.0713630906831930e-01
   5.0270980042162872e-01
   4.9751630271582697e-01
   4.9161542839895689e-01
   4.8507295607685191e-01
   4.7795941611043641e-01
   4.7228608419713591e-01
   4.6812571385725676e-01
   4.6357993442925371e-01
   4.5869033633992234e-01
   4.5350041917666578e-01
   4.4805496695353941e-01
   4.4239945014136489e-01
   4.3657946681077059e-01
   4.3064023259589423e-01
   4.2462612646742331e-01
   4.1858029665467272e-01
   4.1254432859779200e-01
   4.0655797463175403e-01
   4.0065894326046586e-01
   3.9488274439951793e-01
   3.8926258585165574e-01
   3.8382931551164479e-01
   3.7861140334369042e-01
   3.7363495699248472e-01
   3.6892376493111195e-01
   3.6449936126756288e-01
   3.6038110668082185e-01
   3.5658628039606938e-01
   3.5313017860076296e-01
   3.5002621521969862e-01
   3.4728602148437604e-01
   3.4491954123283969e-01
   3.4293511934881477e-01
   3.4133958118632718e-01
   3.4013830122503841e-01
   3.3933525956247335e-01
   3.3893308517502985e-01
   3.3893308517502985e-01
   3.3933525956247335e-01
   3.4013830122503841e-01
   3.4133958118632718e-01
   3.4293511934881477e-01
   3.4491954123283963e-01
   3.4728602148437604e-01
   3.5002621521969868e-01
   3.5313017860076301e-01
   3.5658628039606938e-01
   3.6038110668082191e-01
   3.6449936126756294e-01
   3.6892376493111201e-01
   3.7363495699248478e-01
   3.7861140334369048e-01
   3.8382931551164484e-01
   3.8926258585165580e-01
   3.9488274439951793e-01
   4.0065894326046597e-01
   4.0655797463175408e-01
   4.1254432859779205e-01
   4.1858029665467278e-01
   4.2462612646742331e-01
   4.3064023259589429e-01
   4.3657946681077064e-01
   4.4239945014136500e-01
   4.4805496695353947e-01
   4.5350041917666584e-01
   4.5869033633992234e-01
   4.6357993442925377e-01
   4.6812571385725671e-01
   4.7228608419713591e-01
