   5.0512272862979313e-01
   4.6860223074568008e-01
   4.3387356234925528e-01
   4.0106605878947699e-01
   3.7024622514355898e-01
   3.4143097993704319e-01
   3.1459928182595082e-01
   2.8970199971008997e-01
   2.6667006533818388e-01
   2.4542105137589340e-01
   2.2586436846222571e-01
   2.0790528993381732e-01
   1.9144800640950688e-01
   1.7639789411129744e-01
   1.6266315721657260e-01
   1.5015597980138817e-01
   1.3879329941916943e-01
   1.2849729327210033e-01
   1.1919564974446026e-01
   1.1082168280946922e-01
   1.0331433428604779e-01
   9.6618098789970186e-02
   9.0682898141687507e-02
   8.5463925616644287e-02
   8.0921475441000507e-02
   7.7020769074950021e-02
   7.3731786858225040e-02
   7.1029111328416314e-02
   6.8891786807921754e-02
   6.7303198564847164e-02
   6.6250973886674960e-02
   6.5726906682256975e-02
   6.5726906682256975e-02
   6.6250973886674960e-02
   6.7303198564847150e-02
   6.8891786807921740e-02
   7.1029111328416300e-02
   7.3731786858224999e-02
   7.7020769074949980e-02
   8.0921475441000451e-02
   8.5463925616644232e-02
   9.0682898141687437e-02
   9.6618098789970117e-02
   1.0331433428604771e-01
   1.1082168280946912e-01
   1.1919564974446016e-01
   1.2849729327210022e-01
   1.3879329941916929e-01
   1.5015597980138803e-01
   1.6266315721657243e-01
   1.7639789411129728e-01
   1.9144800640950668e-01
   2.0790528993381713e-01
   2.2586436846222549e-01
   2.4542105137589318e-01
   2.6667006533818360e-01
   2.8970199971008970e-01
   3.1459928182595048e-01
   3.4143097993704302e-01
   3.7024622514355882e-01
   4.0106605878947688e-01
   4.3387356234925523e-01
   4.6860223074568003e-01
   5.0512272862979313e-01
   5.6298974967801019e-01
   6.4175525292486102e-01
   7.2059907729974981e-01
   7.9798280764039964e-01
   8.7187417174503656e-01
   9.3979820818834758e-01
   9.9897706960100985e-01
   1.0465677315068702e+00
   1.0799804962020809e+00
   1.0972279839903385e+00
   1.0972279839903383e+00
   1.0799804962020805e+00
   1.0465677315068693e+00
   9.9897706960100896e-01
   9.3979820818834636e-01
   8.7187417174503534e-01
   7.9798280764039820e-01
   7.2059907729974837e-01
   6.4175525292485958e-01
   5.6298974967800874e-01
   5.0512272862979180e-01
   4.6860223074567875e-01
   4.3387356234925406e-01
   4.0106605878947582e-01
   3.7024622514355793e-01
   3.4143097993704219e-01
   3.1459928182594982e-01
   2.8970199971008909e-01
   2.6667006533818305e-01
   2.4542105137589262e-01
   2.2586436846222499e-01
   2.0790528993381666e-01
   1.9144800640950624e-01
   1.7639789411129686e-01
   1.6266315721657204e-01
   1.5015597980138770e-01
   1.3879329941916896e-01
   1.2849729327209991e-01
   1.1919564974445987e-01
   1.1082168280946886e-01
   1.0331433428604746e-01
   9.6618098789969881e-02
   9.0682898141687188e-02
   8.5463925616643996e-02
   8.0921475441000229e-02
   7.7020769074949771e-02
   7.3731786858224790e-02
   7.1029111328416092e-02
   6.8891786807921532e-02
   6.7303198564846942e-02
   6.6250973886674752e-02
   6.5726906682256767e-02
   6.5726906682256767e-02
   6.6250973886674752e-02
   6.7303198564846928e-02
   6.8891786807921518e-02
   7.1029111328416064e-02
   7.3731786858224763e-02
   7.7020769074949744e-02
   8.0921475441000201e-02
   8.5463925616643968e-02
   9.0682898141687160e-02
   9.6618098789969839e-02
   1.0331433428604743e-01
   1.1082168280946883e-01
   1.1919564974445984e-01
   1.2849729327209988e-01
   1.3879329941916893e-01
   1.5015597980138767e-01
   1.6266315721657201e-01
   1.7639789411129686e-01
   1.9144800640950624e-01
   2.0790528993381668e-01
   2.2586436846222502e-01
   2.4542105137589268e-01
   2.6667006533818310e-01
   2.8970199971008914e-01
   3.1459928182594987e-01
   3.4143097993704224e-01
   3.7024622514355798e-01
   4.0106605878947588e-01
   4.3387356234925406e-01
   4.6860223074567875e-01
   5.0512272862979180e-01
