   4.9828280253234353e-01
   4.9098337559365635e-01
   4.8313719484584455e-01
   4.7482417989083930e-01
   4.6612525343409811e-01
   4.5712103239237079e-01
   4.4789066707345232e-01
   4.3851084705263843e-01
   4.2905498278636844e-01
   4.1959256352196933e-01
   4.1018868501421257e-01
   4.0090373509879723e-01
   3.9179322130420818e-01
   3.8290772229619352e-01
   3.7429294385547873e-01
   3.6598986005877870e-01
   3.5803492112178703e-01
   3.5046031073550432e-01
   3.4329423747270327e-01
   3.3656124678061738e-01
   3.3028254206589935e-01
   3.2447630531055494e-01
   3.1915800945706624e-01
   3.1434071641899719e-01
   3.1003535598421006e-01
   3.0625098207302087e-01
   3.0299500379757827e-01
   3.0027338955471655e-01
   2.9809084299142191e-01
   2.9645095013198397e-01
   2.9535629727244161e-01
   2.9480855945488293e-01
   2.9480855945488299e-01
   2.9535629727244167e-01
   2.9645095013198403e-01
   2.9809084299142202e-01
   3.0027338955471666e-01
   3.0299500379757843e-01
   3.0625098207302109e-01
   3.1003535598421034e-01
   3.1434071641899747e-01
   3.1915800945706641e-01
   3.2447630531055516e-01
   3.3028254206589963e-01
   3.3656124678061761e-01
   3.4329423747270355e-01
   3.5046031073550460e-01
   3.5803492112178725e-01
   3.6598986005877887e-01
   3.7429294385547901e-01
   3.8290772229619374e-01
   3.9179322130420841e-01
   4.0090373509879745e-01
   4.1018868501421274e-01
   4.1959256352196944e-01
   4.2905498278636861e-01
   4.3851084705263854e-01
   4.4789066707345243e-01
   4.5712103239237095e-01
   4.6612525343409827e-01
   4.7482417989083942e-01
   4.8313719484584455e-01
   4.9098337559365629e-01
   4.9828280253234353e-01
   5.0841968233947399e-01
   5.2125364529091112e-01
   5.3316593025460057e-01
   5.4400153688144670e-01
   5.5361159454568842e-01
   5.6185766202407761e-01
   5.6861606065313919e-01
   5.7378200904170573e-01
   5.7727331529145609e-01
   5.7903339205271565e-01
   5.7903339205271576e-01
   5.7727331529145620e-01
   5.7378200904170573e-01
   5.6861606065313930e-01
   5.6185766202407772e-01
   5.5361159454568853e-01
   5.4400153688144681e-01
   5.3316593025460068e-01
   5.2125364529091123e-01
   5.0841968233947410e-01
   4.9828280253234369e-01
   4.9098337559365646e-01
   4.8313719484584450e-01
   4.7482417989083919e-01
   4.6612525343409783e-01
   4.5712103239237040e-01
   4.4789066707345176e-01
   4.3851084705263771e-01
   4.2905498278636761e-01
   4.1959256352196839e-01
   4.1018868501421152e-01
   4.0090373509879618e-01
   3.9179322130420702e-01
   3.8290772229619224e-01
   3.7429294385547740e-01
   3.6598986005877726e-01
   3.5803492112178559e-01
   3.5046031073550282e-01
   3.4329423747270171e-01
   3.3656124678061566e-01
   3.3028254206589763e-01
   3.2447630531055316e-01
   3.1915800945706441e-01
   3.1434071641899536e-01
   3.1003535598420823e-01
   3.0625098207301898e-01
   3.0299500379757632e-01
   3.0027338955471466e-01
   2.9809084299142002e-01
   2.9645095013198203e-01
   2.9535629727243973e-01
   2.9480855945488105e-01
   2.9480855945488105e-01
   2.9535629727243978e-01
   2.9645095013198214e-01
   2.9809084299142014e-01
   3.0027338955471478e-01
   3.0299500379757655e-01
   3.0625098207301921e-01
   3.1003535598420850e-01
   3.1434071641899564e-01
   3.1915800945706463e-01
   3.2447630531055338e-01
   3.3028254206589786e-01
   3.3656124678061594e-01
   3.4329423747270194e-01
   3.5046031073550304e-01
   3.5803492112178570e-01
   3.6598986005877743e-01
   3.7429294385547762e-01
   3.8290772229619241e-01
   3.9179322130420718e-01
   4.0090373509879634e-01
   4.1018868501421168e-01
   4.1959256352196855e-01
   4.2905498278636772e-01
   4.3851084705263782e-01
   4.4789066707345188e-01
   4.5712103239237051e-01
   4.6612525343409789e-01
   4.7482417989083919e-01
   4.8313719484584450e-01
   4.9098337559365635e-01
   4.9828280253234369e-01
