   5.3132148576284821e-01
   5.0400385523510416e-01
   4.7707051567739606e-01
   4.5074393006454183e-01
   4.2520284956617405e-01
   4.0058614028665263e-01
   3.7699725958353214e-01
   3.5450898042082918e-01
   3.3316806758747752e-01
   3.1299970336058996e-01
   2.9401153764027110e-01
   2.7619729770881790e-01
   2.5953993679406889e-01
   2.4401433090507837e-01
   2.2958955269756853e-01
   2.1623076206963138e-01
   2.0390075810795269e-01
   1.9256123780100370e-01
   1.8217380508140196e-01
   1.7270077034676221e-01
   1.6410577641179802e-01
   1.5635428238971422e-01
   1.4941393262550320e-01
   1.4325483370850928e-01
   1.3784975888180995e-01
   1.3317429588239185e-01
   1.2920695138800842e-01
   1.2592922278793781e-01
   1.2332564589541020e-01
   1.2138382543226577e-01
   1.2009445359229291e-01
   1.1945132068005530e-01
   1.1945132068005530e-01
   1.2009445359229291e-01
   1.2138382543226575e-01
   1.2332564589541017e-01
   1.2592922278793778e-01
   1.2920695138800842e-01
   1.3317429588239180e-01
   1.3784975888180989e-01
   1.4325483370850922e-01
   1.4941393262550312e-01
   1.5635428238971413e-01
   1.6410577641179794e-01
   1.7270077034676209e-01
   1.8217380508140182e-01
   1.9256123780100357e-01
   2.0390075810795250e-01
   2.1623076206963115e-01
   2.2958955269756828e-01
   2.4401433090507807e-01
   2.5953993679406862e-01
   2.7619729770881757e-01
   2.9401153764027077e-01
   3.1299970336058958e-01
   3.3316806758747719e-01
   3.5450898042082896e-01
   3.7699725958353192e-01
   4.0058614028665246e-01
   4.2520284956617393e-01
   4.5074393006454178e-01
   4.7707051567739600e-01
   5.0400385523510405e-01
   5.3132148576284821e-01
   5.7298112885851427e-01
   6.2846931058453448e-01
   6.8268296622493219e-01
   7.3454161702028686e-01
   7.8278666178698142e-01
   8.2603470157716141e-01
   8.6286017479212385e-01
   8.9190345622786926e-01
   9.1199350161738124e-01
   9.2226762045055832e-01
   9.2226762045055577e-01
   9.1199350161737402e-01
   8.9190345622785761e-01
   8.6286017479210830e-01
   8.2603470157714243e-01
   7.8278666178695988e-01
   7.3454161702026322e-01
   6.8268296622490710e-01
   6.2846931058450850e-01
   5.7298112885848784e-01
   5.3132148576282168e-01
   5.0400385523507762e-01
   4.7707051567736980e-01
   4.5074393006451619e-01
   4.2520284956614895e-01
   4.0058614028662826e-01
   3.7699725958350860e-01
   3.5450898042080664e-01
   3.3316806758745576e-01
   3.1299970336056920e-01
   2.9401153764025129e-01
   2.7619729770879908e-01
   2.5953993679405096e-01
   2.4401433090506131e-01
   2.2958955269755232e-01
   2.1623076206961597e-01
   2.0390075810793801e-01
   1.9256123780098977e-01
   1.8217380508138870e-01
   1.7270077034674952e-01
   1.6410577641178592e-01
   1.5635428238970261e-01
   1.4941393262549205e-01
   1.4325483370849854e-01
   1.3784975888179957e-01
   1.3317429588238178e-01
   1.2920695138799865e-01
   1.2592922278792826e-01
   1.2332564589540083e-01
   1.2138382543225654e-01
   1.2009445359228378e-01
   1.1945132068004621e-01
   1.1945132068004621e-01
   1.2009445359228378e-01
   1.2138382543225654e-01
   1.2332564589540083e-01
   1.2592922278792826e-01
   1.2920695138799868e-01
   1.3317429588238180e-01
   1.3784975888179959e-01
   1.4325483370849856e-01
   1.4941393262549207e-01
   1.5635428238970261e-01
   1.6410577641178595e-01
   1.7270077034674958e-01
   1.8217380508138872e-01
   1.9256123780098985e-01
   2.0390075810793812e-01
   2.1623076206961611e-01
   2.2958955269755246e-01
   2.4401433090506147e-01
   2.5953993679405113e-01
   2.7619729770879931e-01
   2.9401153764025156e-01
   3.1299970336056937e-01
   3.3316806758745604e-01
   3.5450898042080681e-01
   3.7699725958350877e-01
   4.0058614028662842e-01
   4.2520284956614907e-01
   4.5074393006451624e-01
   4.7707051567736997e-01
   5.0400385523507774e-01
   5.3132148576282179e-01
