   5.2513701091403420e-01
   5.1242539721875613e-01
   4.9910913877750085e-01
   4.8533354332491818e-01
   4.7123816222741266e-01
   4.5695476274797492e-01
   4.4260582496382150e-01
   4.2830353468774879e-01
   4.1414922406772803e-01
   4.0023319924902118e-01
   3.8663488871214263e-01
   3.7342324542332217e-01
   3.6065733940300787e-01
   3.4838708343460617e-01
   3.3665404226492518e-01
   3.2549228387321816e-01
   3.1492923952286145e-01
   3.0498654689052079e-01
   2.9568085730863819e-01
   2.8702459392059038e-01
   2.7902665230376922e-01
   2.7169303890706115e-01
   2.6502744556351837e-01
   2.5903176048723026e-01
   2.5370651766366153e-01
   2.4905128750997799e-01
   2.4506501222142948e-01
   2.4174628942403109e-01
   2.3909360770070276e-01
   2.3710553731191644e-01
   2.3578087904421099e-01
   2.3511877363099756e-01
   2.3511877363099754e-01
   2.3578087904421094e-01
   2.3710553731191639e-01
   2.3909360770070265e-01
   2.4174628942403101e-01
   2.4506501222142935e-01
   2.4905128750997788e-01
   2.5370651766366137e-01
   2.5903176048723009e-01
   2.6502744556351820e-01
   2.7169303890706092e-01
   2.7902665230376894e-01
   2.8702459392059010e-01
   2.9568085730863791e-01
   3.0498654689052046e-01
   3.1492923952286112e-01
   3.2549228387321782e-01
   3.3665404226492485e-01
   3.4838708343460589e-01
   3.6065733940300759e-01
   3.7342324542332189e-01
   3.8663488871214241e-01
   4.0023319924902101e-01
   4.1414922406772786e-01
   4.2830353468774862e-01
   4.4260582496382134e-01
   4.5695476274797475e-01
   4.7123816222741255e-01
   4.8533354332491818e-01
   4.9910913877750079e-01
   5.1242539721875613e-01
   5.2513701091403420e-01
   5.4329702610098018e-01
   5.6663932557855701e-01
   5.8862494544755395e-01
   6.0890223443818348e-01
   6.2711662834546600e-01
   6.4292404903998801e-01
   6.5600567740135396e-01
   6.6608311301870926e-01
   6.7293271801705978e-01
   6.7639786015674008e-01
   6.7639786015674019e-01
   6.7293271801706001e-01
   6.6608311301870959e-01
   6.5600567740135440e-01
   6.4292404903998857e-01
   6.2711662834546644e-01
   6.0890223443818392e-01
   5.8862494544755439e-01
   5.6663932557855734e-01
   5.4329702610098063e-01
   5.2513701091403475e-01
   5.1242539721875668e-01
   4.9910913877750152e-01
   4.8533354332491896e-01
   4.7123816222741349e-01
   4.5695476274797581e-01
   4.4260582496382250e-01
   4.2830353468774984e-01
   4.1414922406772919e-01
   4.0023319924902240e-01
   3.8663488871214380e-01
   3.7342324542332328e-01
   3.6065733940300904e-01
   3.4838708343460745e-01
   3.3665404226492646e-01
   3.2549228387321943e-01
   3.1492923952286273e-01
   3.0498654689052213e-01
   2.9568085730863952e-01
   2.8702459392059171e-01
   2.7902665230377061e-01
   2.7169303890706248e-01
   2.6502744556351976e-01
   2.5903176048723164e-01
   2.5370651766366292e-01
   2.4905128750997940e-01
   2.4506501222143087e-01
   2.4174628942403251e-01
   2.3909360770070417e-01
   2.3710553731191789e-01
   2.3578087904421241e-01
   2.3511877363099901e-01
   2.3511877363099901e-01
   2.3578087904421241e-01
   2.3710553731191789e-01
   2.3909360770070415e-01
   2.4174628942403251e-01
   2.4506501222143087e-01
   2.4905128750997943e-01
   2.5370651766366298e-01
   2.5903176048723164e-01
   2.6502744556351976e-01
   2.7169303890706253e-01
   2.7902665230377061e-01
   2.8702459392059176e-01
   2.9568085730863952e-01
   3.0498654689052218e-01
   3.1492923952286278e-01
   3.2549228387321949e-01
   3.3665404226492646e-01
   3.4838708343460750e-01
   3.6065733940300915e-01
   3.7342324542332334e-01
   3.8663488871214385e-01
   4.0023319924902245e-01
   4.1414922406772925e-01
   4.2830353468774990e-01
   4.4260582496382250e-01
   4.5695476274797586e-01
   4.7123816222741355e-01
   4.8533354332491901e-01
   4.9910913877750157e-01
   5.1242539721875680e-01
   5.2513701091403475e-01
