   6.3059577601573047e-01
   6.2701587366480793e-01
   6.2368579340879904e-01
   6.2065616068282059e-01
   6.1797231224705718e-01
   6.1567383925416885e-01
   6.1379422323948918e-01
   6.1236055414071633e-01
   6.1139331971288324e-01
   6.1090625681226074e-01
   6.1090625681226074e-01
   6.1139331971288324e-01
   6.1236055414071622e-01
   6.1379422323948918e-01
   6.1567383925416874e-01
   6.1797231224705718e-01
   6.2065616068282048e-01
   6.2368579340879904e-01
   6.2701587366480793e-01
   6.3059577601573058e-01
   6.3371812099372360e-01
   6.3632857864325676e-01
   6.3903908408873344e-01
   6.4180747984311937e-01
   6.4459014748160781e-01
   6.4734267039445159e-01
   6.5002054521281949e-01
   6.5257993112858648e-01
   6.5497842333492318e-01
   6.5717583404056856e-01
   6.5913496217708756e-01
   6.6082233124238710e-01
   6.6220887389887950e-01
   6.6327054212019831e-01
   6.6398882294195083e-01
   6.6435114222712266e-01
   6.6435114222712266e-01
   6.6398882294195105e-01
   6.6327054212019909e-01
   6.6220887389888039e-01
   6.6082233124238832e-01
   6.5913496217708889e-01
   6.5717583404057012e-01
   6.5497842333492495e-01
   6.5257993112858825e-01
   6.5002054521282160e-01
   6.4734267039445359e-01
   6.4459014748160992e-01
   6.4180747984312136e-01
   6.3903908408873533e-01
   6.3632857864325865e-01
   6.3371812099372538e-01
   6.3371812099372338e-01
   6.3632857864325654e-01
   6.3903908408873333e-01
   6.4180747984311937e-01
   6.4459014748160792e-01
   6.4734267039445159e-01
   6.5002054521281971e-01
   6.5257993112858659e-01
   6.5497842333492340e-01
   6.5717583404056878e-01
   6.5913496217708778e-01
   6.6082233124238732e-01
   6.6220887389887995e-01
   6.6327054212019876e-01
   6.6398882294195116e-01
   6.6435114222712288e-01
   6.6435114222712299e-01
   6.6398882294195150e-01
   6.6327054212019942e-01
   6.6220887389888072e-01
   6.6082233124238854e-01
   6.5913496217708911e-01
   6.5717583404057034e-01
   6.5497842333492517e-01
   6.5257993112858848e-01
   6.5002054521282171e-01
   6.4734267039445370e-01
   6.4459014748160992e-01
   6.4180747984312136e-01
   6.3903908408873533e-01
   6.3632857864325854e-01
   6.3371812099372526e-01
   6.3371812099372360e-01
   6.3632857864325676e-01
   6.3903908408873344e-01
   6.4180747984311948e-01
   6.4459014748160792e-01
   6.4734267039445170e-01
   6.5002054521281971e-01
   6.5257993112858659e-01
   6.5497842333492340e-01
   6.5717583404056878e-01
   6.5913496217708767e-01
   6.6082233124238721e-01
   6.6220887389887972e-01
   6.6327054212019865e-01
   6.6398882294195094e-01
   6.6435114222712277e-01
   6.6435114222712288e-01
   6.6398882294195138e-01
   6.6327054212019920e-01
   6.6220887389888050e-01
   6.6082233124238832e-01
   6.5913496217708889e-01
   6.5717583404057012e-01
   6.5497842333492495e-01
   6.5257993112858814e-01
   6.5002054521282138e-01
   6.4734267039445348e-01
   6.4459014748160981e-01
   6.4180747984312125e-01
   6.3903908408873522e-01
   6.3632857864325854e-01
   6.3371812099372526e-01
   6.3059577601573258e-01
   6.2701587366481049e-01
   6.2368579340880215e-01
   6.2065616068282414e-01
   6.1797231224706117e-01
   6.1567383925417307e-01
   6.1379422323949373e-01
   6.1236055414072110e-01
   6.1139331971288813e-01
   6.1090625681226562e-01
   6.1090625681226562e-01
   6.1139331971288813e-01
   6.1236055414072099e-01
   6.1379422323949373e-01
   6.1567383925417307e-01
   6.1797231224706117e-01
   6.2065616068282403e-01
   6.2368579340880215e-01
   6.2701587366481049e-01
   6.3059577601573258e-01
