   5.8188201153947761e-01
   5.7183150234332591e-01
   5.6213286475867574e-01
   5.5280159708405019e-01
   5.4385157055053679e-01
   5.3529514727525240e-01
   5.2714329691770012e-01
   5.1940571079955800e-01
   5.1209091246271232e-01
   5.0520636383306672e-01
   4.9875856632845522e-01
   4.9275315639812250e-01
   4.8719499510948039e-01
   4.8208825150635071e-01
   4.7743647955302709e-01
   4.7324268855176449e-01
   4.6950940697934829e-01
   4.6623873973280711e-01
   4.6343241880672775e-01
   4.6109184744652959e-01
   4.5921813783492554e-01
   4.5781214237402296e-01
   4.5687447862437247e-01
   4.5640554795598071e-01
   4.5640554795598076e-01
   4.5687447862437247e-01
   4.5781214237402296e-01
   4.5921813783492554e-01
   4.6109184744652959e-01
   4.6343241880672786e-01
   4.6623873973280705e-01
   4.6950940697934840e-01
   4.7324268855176455e-01
   4.7743647955302715e-01
   4.8208825150635082e-01
   4.8719499510948039e-01
   4.9275315639812267e-01
   4.9875856632845528e-01
   5.0520636383306672e-01
   5.1209091246271243e-01
   5.1940571079955811e-01
   5.2714329691770023e-01
   5.3529514727525251e-01
   5.4385157055053690e-01
   5.5280159708405030e-01
   5.6213286475867585e-01
   5.7183150234332591e-01
   5.8188201153947772e-01
   5.9050888270842028e-01
   5.9769130991191310e-01
   6.0517394498124677e-01
   6.1294193166141431e-01
   6.2097911201445177e-01
   6.2926796978157418e-01
   6.3778957853928553e-01
   6.4652355610748335e-01
   6.5544802677894731e-01
   6.6453959303852062e-01
   6.7377331852131139e-01
   6.8312272401636909e-01
   6.9255979834904502e-01
   7.0205502596485347e-01
   7.1157743298328480e-01
   7.2109465338502565e-01
   7.3057301683439402e-01
   7.3997765941535654e-01
   7.4927265827062617e-01
   7.5842119077719339e-01
   7.6738571846881232e-01
   7.7612819542975098e-01
   7.8461030034105139e-01
   7.9279369077052375e-01
   8.0064027767420065e-01
   8.0811251743688672e-01
   8.1517371814283157e-01
   8.2178835615709422e-01
   8.2792239853833272e-01
   8.3354362631982515e-01
   8.3862195331232925e-01
   8.4312973482295539e-01
   8.4704206056836151e-01
   8.5033702610347939e-01
   8.5299597729799359e-01
   8.5500372277443581e-01
   8.5634870976907163e-01
   8.5702315957711050e-01
   8.5702315957711073e-01
   8.5634870976907207e-01
   8.5500372277443670e-01
   8.5299597729799492e-01
   8.5033702610348094e-01
   8.4704206056836340e-01
   8.4312973482295761e-01
   8.3862195331233191e-01
   8.3354362631982815e-01
   8.2792239853833594e-01
   8.2178835615709767e-01
   8.1517371814283524e-01
   8.0811251743689061e-01
   8.0064027767420487e-01
   7.9279369077052808e-01
   7.8461030034105594e-01
   7.7612819542975575e-01
   7.6738571846881698e-01
   7.5842119077719827e-01
   7.4927265827063116e-01
   7.3997765941536164e-01
   7.3057301683439912e-01
   7.2109465338503087e-01
   7.1157743298328990e-01
   7.0205502596485869e-01
   6.9255979834905013e-01
   6.8312272401637419e-01
   6.7377331852131639e-01
   6.6453959303852561e-01
   6.5544802677895220e-01
   6.4652355610748813e-01
   6.3778957853929008e-01
   6.2926796978157862e-01
   6.2097911201445621e-01
   6.1294193166141864e-01
   6.0517394498125099e-01
   5.9769130991191710e-01
   5.9050888270842405e-01
   5.9050888270842050e-01
   5.9769130991191344e-01
   6.0517394498124710e-01
   6.1294193166141464e-01
   6.2097911201445211e-01
   6.2926796978157440e-01
   6.3778957853928586e-01
   6.4652355610748358e-01
   6.5544802677894765e-01
   6.6453959303852095e-01
   6.7377331852131161e-01
   6.8312272401636942e-01
   6.9255979834904524e-01
   7.0205502596485370e-01
   7.1157743298328491e-01
   7.2109465338502587e-01
   7.3057301683439413e-01
   7.3997765941535665e-01
   7.4927265827062628e-01
   7.5842119077719350e-01
   7.6738571846881243e-01
   7.7612819542975109e-01
   7.8461030034105150e-01
   7.9279369077052386e-01
   8.0064027767420065e-01
   8.0811251743688661e-01
   8.1517371814283146e-01
   8.2178835615709422e-01
   8.2792239853833272e-01
   8.3354362631982504e-01
   8.3862195331232914e-01
   8.4312973482295528e-01
   8.4704206056836129e-01
   8.5033702610347928e-01
   8.5299597729799348e-01
   8.5500372277443559e-01
   8.5634870976907140e-01
   8.5702315957711028e-01
   8.5702315957711050e-01
   8.5634870976907185e-01
   8.5500372277443637e-01
   8.5299597729799470e-01
   8.5033702610348083e-01
   8.4704206056836318e-01
   8.4312973482295739e-01
   8.3862195331233169e-01
   8.3354362631982781e-01
   8.2792239853833571e-01
   8.2178835615709744e-01
   8.1517371814283501e-01
   8.0811251743689039e-01
   8.0064027767420465e-01
   7.9279369077052786e-01
   7.8461030034105572e-01
   7.7612819542975553e-01
   7.6738571846881687e-01
   7.5842119077719816e-01
   7.4927265827063094e-01
   7.3997765941536142e-01
   7.3057301683439901e-01
   7.2109465338503076e-01
   7.1157743298328979e-01
   7.0205502596485858e-01
   6.9255979834905013e-01
   6.8312272401637419e-01
   6.7377331852131639e-01
   6.6453959303852561e-01
   6.5544802677895231e-01
   6.4652355610748813e-01
   6.3778957853929019e-01
   6.2926796978157862e-01
   6.2097911201445632e-01
   6.1294193166141864e-01
   6.0517394498125110e-01
   5.9769130991191721e-01
   5.9050888270842417e-01
   5.9050888270842039e-01
   5.9769130991191333e-01
   6.0517394498124699e-01
   6.1294193166141442e-01
   6.2097911201445188e-01
   6.2926796978157429e-01
   6.3778957853928564e-01
   6.4652355610748347e-01
   6.5544802677894753e-01
   6.6453959303852073e-01
   6.7377331852131150e-01
   6.8312272401636920e-01
   6.9255979834904513e-01
   7.0205502596485359e-01
   7.1157743298328480e-01
   7.2109465338502576e-01
   7.3057301683439402e-01
   7.3997765941535665e-01
   7.4927265827062617e-01
   7.5842119077719339e-01
   7.6738571846881232e-01
   7.7612819542975098e-01
   7.8461030034105139e-01
   7.9279369077052375e-01
   8.0064027767420065e-01
   8.0811251743688661e-01
   8.1517371814283146e-01
   8.2178835615709422e-01
   8.2792239853833272e-01
   8.3354362631982515e-01
   8.3862195331232914e-01
   8.4312973482295528e-01
   8.4704206056836140e-01
   8.5033702610347928e-01
   8.5299597729799348e-01
   8.5500372277443570e-01
   8.5634870976907151e-01
   8.5702315957711039e-01
   8.5702315957711062e-01
   8.5634870976907196e-01
   8.5500372277443648e-01
   8.5299597729799481e-01
   8.5033702610348094e-01
   8.4704206056836329e-01
   8.4312973482295750e-01
   8.3862195331233180e-01
   8.3354362631982803e-01
   8.2792239853833582e-01
   8.2178835615709755e-01
   8.1517371814283512e-01
   8.0811251743689050e-01
   8.0064027767420476e-01
   7.9279369077052797e-01
   7.8461030034105594e-01
   7.7612819542975564e-01
   7.6738571846881709e-01
   7.5842119077719827e-01
   7.4927265827063116e-01
   7.3997765941536164e-01
   7.3057301683439912e-01
   7.2109465338503087e-01
   7.1157743298328990e-01
   7.0205502596485869e-01
   6.9255979834905013e-01
   6.8312272401637419e-01
   6.7377331852131639e-01
   6.6453959303852561e-01
   6.5544802677895220e-01
   6.4652355610748813e-01
   6.3778957853929019e-01
   6.2926796978157873e-01
   6.2097911201445632e-01
   6.1294193166141864e-01
   6.0517394498125110e-01
   5.9769130991191721e-01
   5.9050888270842417e-01
   5.8188201153948138e-01
   5.7183150234332969e-01
   5.6213286475867974e-01
   5.5280159708405430e-01
   5.4385157055054079e-01
   5.3529514727525662e-01
   5.2714329691770423e-01
   5.1940571079956221e-01
   5.1209091246271665e-01
   5.0520636383307094e-01
   4.9875856632845955e-01
   4.9275315639812683e-01
   4.8719499510948477e-01
   4.8208825150635509e-01
   4.7743647955303148e-01
   4.7324268855176893e-01
   4.6950940697935273e-01
   4.6623873973281149e-01
   4.6343241880673230e-01
   4.6109184744653409e-01
   4.5921813783493004e-01
   4.5781214237402745e-01
   4.5687447862437691e-01
   4.5640554795598520e-01
   4.5640554795598520e-01
   4.5687447862437691e-01
   4.5781214237402745e-01
   4.5921813783493010e-01
   4.6109184744653409e-01
   4.6343241880673225e-01
   4.6623873973281155e-01
   4.6950940697935278e-01
   4.7324268855176899e-01
   4.7743647955303153e-01
   4.8208825150635515e-01
   4.8719499510948477e-01
   4.9275315639812689e-01
   4.9875856632845950e-01
   5.0520636383307105e-01
   5.1209091246271665e-01
   5.1940571079956233e-01
   5.2714329691770423e-01
   5.3529514727525651e-01
   5.4385157055054090e-01
   5.5280159708405430e-01
   5.6213286475867974e-01
   5.7183150234332980e-01
   5.8188201153948138e-01
