   4.9186597519196312e-01
   4.7572373938717727e-01
   4.6035855433072748e-01
   4.4576831329124117e-01
   4.3194891875114483e-01
   4.1889466560120381e-01
   4.0659858519353559e-01
   3.9505275264786155e-01
   3.8424856000585489e-01
   3.7417695791710964e-01
   3.6482866854270823e-01
   3.5619437229978052e-01
   3.4826487096028691e-01
   3.4103122947366177e-01
   3.3448489871715920e-01
   3.2861782119848787e-01
   3.2342252154925089e-01
   3.1889218345969872e-01
   3.1502071451882263e-01
   3.1180280024113394e-01
   3.0923394838396207e-01
   3.0731052448736446e-01
   3.0602977940282888e-01
   3.0538986941644897e-01
   3.0538986941644897e-01
   3.0602977940282883e-01
   3.0731052448736446e-01
   3.0923394838396207e-01
   3.1180280024113394e-01
   3.1502071451882263e-01
   3.1889218345969872e-01
   3.2342252154925089e-01
   3.2861782119848787e-01
   3.3448489871715914e-01
   3.4103122947366171e-01
   3.4826487096028685e-01
   3.5619437229978046e-01
   3.6482866854270818e-01
   3.7417695791710964e-01
   3.8424856000585483e-01
   3.9505275264786155e-01
   4.0659858519353559e-01
   4.1889466560120375e-01
   4.3194891875114477e-01
   4.4576831329124111e-01
   4.6035855433072742e-01
   4.7572373938717727e-01
   4.9186597519196312e-01
   5.0592046817581870e-01
   5.1787256493122102e-01
   5.3058309834577388e-01
   5.4404651924230796e-01
   5.5825503192945103e-01
   5.7319821523884495e-01
   5.8886261483152080e-01
   6.0523130827926752e-01
   6.2228344547423475e-01
   6.3999376818468368e-01
   6.5833211406928671e-01
   6.7726291219104384e-01
   6.9674467902742221e-01
   7.1672952613270413e-01
   7.3716269292846148e-01
   7.5798212051056757e-01
   7.7911808476908972e-01
   8.0049290939128559e-01
   8.2202078129410316e-01
   8.4360769251420575e-01
   8.6515153334509021e-01
   8.8654236130735742e-01
   9.0766286911986838e-01
   9.2838907197247411e-01
   9.4859122989347144e-01
   9.6813501473809183e-01
   9.8688292328533656e-01
   1.0046959282440560e+00
   1.0214353479232705e+00
   1.0369649033814741e+00
   1.0511529196746172e+00
   1.0638746161622183e+00
   1.0750144205971814e+00
   1.0844682338397222e+00
   1.0921455673631562e+00
   1.0979714749657892e+00
   1.1018882037227353e+00
   1.1038564973271729e+00
   1.1038564973271727e+00
   1.1018882037227347e+00
   1.0979714749657881e+00
   1.0921455673631546e+00
   1.0844682338397202e+00
   1.0750144205971792e+00
   1.0638746161622155e+00
   1.0511529196746141e+00
   1.0369649033814707e+00
   1.0214353479232667e+00
   1.0046959282440520e+00
   9.8688292328533234e-01
   9.6813501473808727e-01
   9.4859122989346667e-01
   9.2838907197246934e-01
   9.0766286911986360e-01
   8.8654236130735264e-01
   8.6515153334508532e-01
   8.4360769251420076e-01
   8.2202078129409817e-01
   8.0049290939128059e-01
   7.7911808476908473e-01
   7.5798212051056268e-01
   7.3716269292845660e-01
   7.1672952613269947e-01
   6.9674467902741766e-01
   6.7726291219103940e-01
   6.5833211406928249e-01
   6.3999376818467946e-01
   6.2228344547423076e-01
   6.0523130827926375e-01
   5.8886261483151714e-01
   5.7319821523884140e-01
   5.5825503192944759e-01
   5.4404651924230474e-01
   5.3058309834577078e-01
   5.1787256493121803e-01
   5.0592046817581593e-01
   5.0592046817581882e-01
   5.1787256493122102e-01
   5.3058309834577377e-01
   5.4404651924230796e-01
   5.5825503192945081e-01
   5.7319821523884473e-01
   5.8886261483152047e-01
   6.0523130827926719e-01
   6.2228344547423431e-01
   6.3999376818468301e-01
   6.5833211406928616e-01
   6.7726291219104306e-01
   6.9674467902742143e-01
   7.1672952613270324e-01
   7.3716269292846037e-01
   7.5798212051056657e-01
   7.7911808476908861e-01
   8.0049290939128437e-01
   8.2202078129410194e-01
   8.4360769251420442e-01
   8.6515153334508887e-01
   8.8654236130735597e-01
   9.0766286911986716e-01
   9.2838907197247289e-01
   9.4859122989347022e-01
   9.6813501473809060e-01
   9.8688292328533544e-01
   1.0046959282440551e+00
   1.0214353479232696e+00
   1.0369649033814734e+00
   1.0511529196746165e+00
   1.0638746161622181e+00
   1.0750144205971812e+00
   1.0844682338397220e+00
   1.0921455673631562e+00
   1.0979714749657894e+00
   1.1018882037227358e+00
   1.1038564973271734e+00
   1.1038564973271734e+00
   1.1018882037227353e+00
   1.0979714749657887e+00
   1.0921455673631555e+00
   1.0844682338397211e+00
   1.0750144205971801e+00
   1.0638746161622168e+00
   1.0511529196746154e+00
   1.0369649033814721e+00
   1.0214353479232681e+00
   1.0046959282440533e+00
   9.8688292328533367e-01
   9.6813501473808872e-01
   9.4859122989346811e-01
   9.2838907197247067e-01
   9.0766286911986493e-01
   8.8654236130735375e-01
   8.6515153334508654e-01
   8.4360769251420209e-01
   8.2202078129409950e-01
   8.0049290939128181e-01
   7.7911808476908595e-01
   7.5798212051056379e-01
   7.3716269292845771e-01
   7.1672952613270047e-01
   6.9674467902741855e-01
   6.7726291219104018e-01
   6.5833211406928327e-01
   6.3999376818468012e-01
   6.2228344547423142e-01
   6.0523130827926430e-01
   5.8886261483151758e-01
   5.7319821523884185e-01
   5.5825503192944792e-01
   5.4404651924230507e-01
   5.3058309834577089e-01
   5.1787256493121814e-01
   5.0592046817581593e-01
   5.0592046817581882e-01
   5.1787256493122125e-01
   5.3058309834577400e-01
   5.4404651924230818e-01
   5.5825503192945125e-01
   5.7319821523884518e-01
   5.8886261483152103e-01
   6.0523130827926774e-01
   6.2228344547423498e-01
   6.3999376818468379e-01
   6.5833211406928693e-01
   6.7726291219104406e-01
   6.9674467902742243e-01
   7.1672952613270435e-01
   7.3716269292846170e-01
   7.5798212051056768e-01
   7.7911808476908995e-01
   8.0049290939128570e-01
   8.2202078129410339e-01
   8.4360769251420586e-01
   8.6515153334509032e-01
   8.8654236130735775e-01
   9.0766286911986860e-01
   9.2838907197247444e-01
   9.4859122989347155e-01
   9.6813501473809194e-01
   9.8688292328533667e-01
   1.0046959282440562e+00
   1.0214353479232705e+00
   1.0369649033814743e+00
   1.0511529196746174e+00
   1.0638746161622183e+00
   1.0750144205971814e+00
   1.0844682338397222e+00
   1.0921455673631562e+00
   1.0979714749657892e+00
   1.1018882037227351e+00
   1.1038564973271729e+00
   1.1038564973271727e+00
   1.1018882037227344e+00
   1.0979714749657878e+00
   1.0921455673631544e+00
   1.0844682338397200e+00
   1.0750144205971790e+00
   1.0638746161622155e+00
   1.0511529196746139e+00
   1.0369649033814705e+00
   1.0214353479232665e+00
   1.0046959282440517e+00
   9.8688292328533211e-01
   9.6813501473808727e-01
   9.4859122989346645e-01
   9.2838907197246923e-01
   9.0766286911986327e-01
   8.8654236130735231e-01
   8.6515153334508499e-01
   8.4360769251420054e-01
   8.2202078129409795e-01
   8.0049290939128037e-01
   7.7911808476908451e-01
   7.5798212051056246e-01
   7.3716269292845638e-01
   7.1672952613269925e-01
   6.9674467902741744e-01
   6.7726291219103918e-01
   6.5833211406928227e-01
   6.3999376818467935e-01
   6.2228344547423065e-01
   6.0523130827926352e-01
   5.8886261483151703e-01
   5.7319821523884129e-01
   5.5825503192944759e-01
   5.4404651924230474e-01
   5.3058309834577078e-01
   5.1787256493121803e-01
   5.0592046817581593e-01
   4.9186597519196057e-01
   4.7572373938717488e-01
   4.6035855433072514e-01
   4.4576831329123884e-01
   4.3194891875114255e-01
   4.1889466560120164e-01
   4.0659858519353348e-01
   3.9505275264785944e-01
   3.8424856000585283e-01
   3.7417695791710759e-01
   3.6482866854270624e-01
   3.5619437229977857e-01
   3.4826487096028497e-01
   3.4103122947365988e-01
   3.3448489871715731e-01
   3.2861782119848609e-01
   3.2342252154924916e-01
   3.1889218345969700e-01
   3.1502071451882091e-01
   3.1180280024113227e-01
   3.0923394838396040e-01
   3.0731052448736285e-01
   3.0602977940282722e-01
   3.0538986941644730e-01
   3.0538986941644730e-01
   3.0602977940282727e-01
   3.0731052448736285e-01
   3.0923394838396046e-01
   3.1180280024113233e-01
   3.1502071451882102e-01
   3.1889218345969711e-01
   3.2342252154924928e-01
   3.2861782119848626e-01
   3.3448489871715748e-01
   3.4103122947366005e-01
   3.4826487096028519e-01
   3.5619437229977879e-01
   3.6482866854270646e-01
   3.7417695791710787e-01
   3.8424856000585311e-01
   3.9505275264785972e-01
   4.0659858519353381e-01
   4.1889466560120198e-01
   4.3194891875114294e-01
   4.4576831329123917e-01
   4.6035855433072537e-01
   4.7572373938717510e-01
   4.9186597519196068e-01
