   6.3150562523174225e-01
   6.2843769203415978e-01
   6.2558194760151697e-01
   6.2298223389694241e-01
   6.2067792983293102e-01
   6.1870351717191796e-01
   6.1708822649621708e-01
   6.1585575640438839e-01
   6.1502405899824819e-01
   6.1460518529297536e-01
   6.1460518529297536e-01
   6.1502405899824819e-01
   6.1585575640438850e-01
   6.1708822649621708e-01
   6.1870351717191796e-01
   6.2067792983293113e-01
   6.2298223389694252e-01
   6.2558194760151720e-01
   6.2843769203415989e-01
   6.3150562523174236e-01
   6.3417957362954680e-01
   6.3641288807984864e-01
   6.3872956029331640e-01
   6.4109352145888188e-01
   6.4346755779625375e-01
   6.4581387990219608e-01
   6.4809472739469742e-01
   6.5027299946065997e-01
   6.5231289978322149e-01
   6.5418058240337729e-01
   6.5584478351073616e-01
   6.5727742310728388e-01
   6.5845416007339097e-01
   6.5935488448123436e-01
   6.5996413209640337e-01
   6.6027140787905336e-01
   6.6027140787905336e-01
   6.5996413209640359e-01
   6.5935488448123480e-01
   6.5845416007339153e-01
   6.5727742310728454e-01
   6.5584478351073694e-01
   6.5418058240337806e-01
   6.5231289978322249e-01
   6.5027299946066097e-01
   6.4809472739469864e-01
   6.4581387990219741e-01
   6.4346755779625497e-01
   6.4109352145888310e-01
   6.3872956029331751e-01
   6.3641288807984975e-01
   6.3417957362954780e-01
   6.3417957362954680e-01
   6.3641288807984864e-01
   6.3872956029331640e-01
   6.4109352145888199e-01
   6.4346755779625386e-01
   6.4581387990219619e-01
   6.4809472739469765e-01
   6.5027299946066019e-01
   6.5231289978322171e-01
   6.5418058240337751e-01
   6.5584478351073638e-01
   6.5727742310728410e-01
   6.5845416007339130e-01
   6.5935488448123469e-01
   6.5996413209640359e-01
   6.6027140787905358e-01
   6.6027140787905370e-01
   6.5996413209640381e-01
   6.5935488448123503e-01
   6.5845416007339175e-01
   6.5727742310728465e-01
   6.5584478351073705e-01
   6.5418058240337817e-01
   6.5231289978322249e-01
   6.5027299946066108e-01
   6.4809472739469876e-01
   6.4581387990219741e-01
   6.4346755779625497e-01
   6.4109352145888288e-01
   6.3872956029331740e-01
   6.3641288807984964e-01
   6.3417957362954769e-01
   6.3417957362954680e-01
   6.3641288807984864e-01
   6.3872956029331640e-01
   6.4109352145888188e-01
   6.4346755779625397e-01
   6.4581387990219630e-01
   6.4809472739469765e-01
   6.5027299946066008e-01
   6.5231289978322171e-01
   6.5418058240337751e-01
   6.5584478351073638e-01
   6.5727742310728410e-01
   6.5845416007339130e-01
   6.5935488448123458e-01
   6.5996413209640359e-01
   6.6027140787905358e-01
   6.6027140787905358e-01
   6.5996413209640381e-01
   6.5935488448123492e-01
   6.5845416007339175e-01
   6.5727742310728465e-01
   6.5584478351073705e-01
   6.5418058240337817e-01
   6.5231289978322249e-01
   6.5027299946066097e-01
   6.4809472739469853e-01
   6.4581387990219730e-01
   6.4346755779625497e-01
   6.4109352145888288e-01
   6.3872956029331740e-01
   6.3641288807984964e-01
   6.3417957362954769e-01
   6.3150562523174336e-01
   6.2843769203416122e-01
   6.2558194760151886e-01
   6.2298223389694440e-01
   6.2067792983293335e-01
   6.1870351717192040e-01
   6.1708822649621975e-01
   6.1585575640439116e-01
   6.1502405899825108e-01
   6.1460518529297825e-01
   6.1460518529297825e-01
   6.1502405899825108e-01
   6.1585575640439116e-01
   6.1708822649621975e-01
   6.1870351717192040e-01
   6.2067792983293324e-01
   6.2298223389694440e-01
   6.2558194760151886e-01
   6.2843769203416133e-01
   6.3150562523174336e-01
