   4.0699729061968942e-01
   3.8874843088481065e-01
   3.7155590868526567e-01
   3.5538987108806813e-01
   3.4022015841751446e-01
   3.2601670836550711e-01
   3.1274989355696592e-01
   3.0039080153447434e-01
   2.8891146525765127e-01
   2.7828505135647763e-01
   2.6848601255778354e-01
   2.5949020993536637e-01
   2.5127500992521767e-01
   2.4381936040171381e-01
   2.3710384952857685e-01
   2.3111075057778507e-01
   2.2582405544669848e-01
   2.2122949919381465e-01
   2.1731457755160793e-01
   2.1406855905544780e-01
   2.1148249314523682e-01
   2.0954921534587151e-01
   2.0826335040881250e-01
   2.0762131409506623e-01
   2.0762131409506621e-01
   2.0826335040881244e-01
   2.0954921534587151e-01
   2.1148249314523679e-01
   2.1406855905544778e-01
   2.1731457755160788e-01
   2.2122949919381463e-01
   2.2582405544669845e-01
   2.3111075057778507e-01
   2.3710384952857685e-01
   2.4381936040171381e-01
   2.5127500992521767e-01
   2.5949020993536642e-01
   2.6848601255778365e-01
   2.7828505135647774e-01
   2.8891146525765127e-01
   3.0039080153447445e-01
   3.1274989355696609e-01
   3.2601670836550722e-01
   3.4022015841751463e-01
   3.5538987108806830e-01
   3.7155590868526578e-01
   3.8874843088481081e-01
   4.0699729061968964e-01
   4.2305814617941045e-01
   4.3693675902254936e-01
   4.5192451046194648e-01
   4.6803887107838577e-01
   4.8529630060030754e-01
   5.0371166056197603e-01
   5.2329753857304551e-01
   5.4406347568563551e-01
   5.6601508883153895e-01
   5.8915308131817090e-01
   6.1347213607292250e-01
   6.3895968888998012e-01
   6.6559458255782755e-01
   6.9334560763556186e-01
   7.2216994200270190e-01
   7.5201150930397687e-01
   7.8279928616276528e-01
   8.1444559955961426e-01
   8.4684446892939413e-01
   8.7987006197453677e-01
   9.1337534829975442e-01
   9.4719104978799396e-01
   9.8112499982252510e-01
   1.0149620332925093e+00
   1.0484645337319296e+00
   1.0813737606427387e+00
   1.1134120667387686e+00
   1.1442860895145532e+00
   1.1736909628933268e+00
   1.2013155425997948e+00
   1.2268485747914013e+00
   1.2499856647449104e+00
   1.2704368264334807e+00
   1.2879343218328425e+00
   1.3022404391132585e+00
   1.3131548199986911e+00
   1.3205209358454750e+00
   1.3242313342337548e+00
   1.3242313342337546e+00
   1.3205209358454748e+00
   1.3131548199986902e+00
   1.3022404391132574e+00
   1.2879343218328412e+00
   1.2704368264334791e+00
   1.2499856647449084e+00
   1.2268485747913991e+00
   1.2013155425997926e+00
   1.1736909628933241e+00
   1.1442860895145504e+00
   1.1134120667387657e+00
   1.0813737606427356e+00
   1.0484645337319267e+00
   1.0149620332925064e+00
   9.8112499982252221e-01
   9.4719104978799096e-01
   9.1337534829975142e-01
   8.7987006197453388e-01
   8.4684446892939136e-01
   8.1444559955961171e-01
   7.8279928616276306e-01
   7.5201150930397487e-01
   7.2216994200270002e-01
   6.9334560763556041e-01
   6.6559458255782644e-01
   6.3895968888997934e-01
   6.1347213607292195e-01
   5.8915308131817068e-01
   5.6601508883153895e-01
   5.4406347568563573e-01
   5.2329753857304617e-01
   5.0371166056197680e-01
   4.8529630060030865e-01
   4.6803887107838710e-01
   4.5192451046194831e-01
   4.3693675902255130e-01
   4.2305814617941268e-01
   4.2305814617941040e-01
   4.3693675902254886e-01
   4.5192451046194571e-01
   4.6803887107838449e-01
   4.8529630060030587e-01
   5.0371166056197392e-01
   5.2329753857304306e-01
   5.4406347568563251e-01
   5.6601508883153562e-01
   5.8915308131816724e-01
   6.1347213607291839e-01
   6.3895968888997556e-01
   6.6559458255782256e-01
   6.9334560763555642e-01
   7.2216994200269602e-01
   7.5201150930397065e-01
   7.8279928616275862e-01
   8.1444559955960738e-01
   8.4684446892938692e-01
   8.7987006197452944e-01
   9.1337534829974709e-01
   9.4719104978798663e-01
   9.8112499982251788e-01
   1.0149620332925022e+00
   1.0484645337319227e+00
   1.0813737606427321e+00
   1.1134120667387621e+00
   1.1442860895145472e+00
   1.1736909628933214e+00
   1.2013155425997899e+00
   1.2268485747913971e+00
   1.2499856647449066e+00
   1.2704368264334776e+00
   1.2879343218328403e+00
   1.3022404391132569e+00
   1.3131548199986902e+00
   1.3205209358454750e+00
   1.3242313342337555e+00
   1.3242313342337559e+00
   1.3205209358454770e+00
   1.3131548199986933e+00
   1.3022404391132609e+00
   1.2879343218328454e+00
   1.2704368264334838e+00
   1.2499856647449137e+00
   1.2268485747914049e+00
   1.2013155425997986e+00
   1.1736909628933305e+00
   1.1442860895145570e+00
   1.1134120667387724e+00
   1.0813737606427425e+00
   1.0484645337319336e+00
   1.0149620332925131e+00
   9.8112499982252876e-01
   9.4719104978799751e-01
   9.1337534829975797e-01
   8.7987006197454010e-01
   8.4684446892939735e-01
   8.1444559955961748e-01
   7.8279928616276839e-01
   7.5201150930398009e-01
   7.2216994200270501e-01
   6.9334560763556496e-01
   6.6559458255783066e-01
   6.3895968888998311e-01
   6.1347213607292550e-01
   5.8915308131817390e-01
   5.6601508883154183e-01
   5.4406347568563818e-01
   5.2329753857304839e-01
   5.0371166056197869e-01
   4.8529630060031015e-01
   4.6803887107838826e-01
   4.5192451046194909e-01
   4.3693675902255186e-01
   4.2305814617941284e-01
   4.2305814617941034e-01
   4.3693675902254903e-01
   4.5192451046194587e-01
   4.6803887107838477e-01
   4.8529630060030637e-01
   5.0371166056197458e-01
   5.2329753857304384e-01
   5.4406347568563340e-01
   5.6601508883153662e-01
   5.8915308131816846e-01
   6.1347213607291973e-01
   6.3895968888997712e-01
   6.6559458255782422e-01
   6.9334560763555830e-01
   7.2216994200269791e-01
   7.5201150930397276e-01
   7.8279928616276084e-01
   8.1444559955960971e-01
   8.4684446892938936e-01
   8.7987006197453188e-01
   9.1337534829974953e-01
   9.4719104978798918e-01
   9.8112499982252033e-01
   1.0149620332925049e+00
   1.0484645337319252e+00
   1.0813737606427343e+00
   1.1134120667387644e+00
   1.1442860895145492e+00
   1.1736909628933232e+00
   1.2013155425997917e+00
   1.2268485747913986e+00
   1.2499856647449079e+00
   1.2704368264334787e+00
   1.2879343218328412e+00
   1.3022404391132574e+00
   1.3131548199986907e+00
   1.3205209358454750e+00
   1.3242313342337553e+00
   1.3242313342337555e+00
   1.3205209358454761e+00
   1.3131548199986922e+00
   1.3022404391132598e+00
   1.2879343218328438e+00
   1.2704368264334822e+00
   1.2499856647449119e+00
   1.2268485747914031e+00
   1.2013155425997966e+00
   1.1736909628933285e+00
   1.1442860895145548e+00
   1.1134120667387699e+00
   1.0813737606427403e+00
   1.0484645337319312e+00
   1.0149620332925109e+00
   9.8112499982252654e-01
   9.4719104978799529e-01
   9.1337534829975564e-01
   8.7987006197453799e-01
   8.4684446892939536e-01
   8.1444559955961549e-01
   7.8279928616276651e-01
   7.5201150930397820e-01
   7.2216994200270324e-01
   6.9334560763556341e-01
   6.6559458255782922e-01
   6.3895968888998178e-01
   6.1347213607292428e-01
   5.8915308131817268e-01
   5.6601508883154084e-01
   5.4406347568563729e-01
   5.2329753857304750e-01
   5.0371166056197803e-01
   4.8529630060030965e-01
   4.6803887107838787e-01
   4.5192451046194876e-01
   4.3693675902255158e-01
   4.2305814617941273e-01
   4.0699729061969192e-01
   3.8874843088481303e-01
   3.7155590868526794e-01
   3.5538987108807035e-01
   3.4022015841751663e-01
   3.2601670836550917e-01
   3.1274989355696792e-01
   3.0039080153447628e-01
   2.8891146525765310e-01
   2.7828505135647946e-01
   2.6848601255778531e-01
   2.5949020993536809e-01
   2.5127500992521934e-01
   2.4381936040171542e-01
   2.3710384952857844e-01
   2.3111075057778666e-01
   2.2582405544670003e-01
   2.2122949919381618e-01
   2.1731457755160943e-01
   2.1406855905544925e-01
   2.1148249314523823e-01
   2.0954921534587295e-01
   2.0826335040881391e-01
   2.0762131409506765e-01
   2.0762131409506765e-01
   2.0826335040881391e-01
   2.0954921534587295e-01
   2.1148249314523823e-01
   2.1406855905544925e-01
   2.1731457755160941e-01
   2.2122949919381615e-01
   2.2582405544670001e-01
   2.3111075057778666e-01
   2.3710384952857846e-01
   2.4381936040171542e-01
   2.5127500992521934e-01
   2.5949020993536803e-01
   2.6848601255778531e-01
   2.7828505135647946e-01
   2.8891146525765310e-01
   3.0039080153447623e-01
   3.1274989355696792e-01
   3.2601670836550911e-01
   3.4022015841751663e-01
   3.5538987108807030e-01
   3.7155590868526794e-01
   3.8874843088481298e-01
   4.0699729061969186e-01
