   4.4175563373544219e-01
   4.2408163336808941e-01
   4.0736241581449684e-01
   3.9158000165611395e-01
   3.7671524057163036e-01
   3.6274823604267753e-01
   3.4965871172885377e-01
   3.3742632584866300e-01
   3.2603093954900558e-01
   3.1545284482602920e-01
   3.0567295710519171e-01
   2.9667297712116475e-01
   2.8843552627518354e-01
   2.8094425920001154e-01
   2.7418395683824848e-01
   2.6814060294261893e-01
   2.6280144653919951e-01
   2.5815505255661447e-01
   2.5419134251518249e-01
   2.5090162688807405e-01
   2.4827863048940729e-01
   2.4631651200913218e-01
   2.4501087859857509e-01
   2.4435879621051937e-01
   2.4435879621051937e-01
   2.4501087859857509e-01
   2.4631651200913221e-01
   2.4827863048940729e-01
   2.5090162688807405e-01
   2.5419134251518244e-01
   2.5815505255661453e-01
   2.6280144653919951e-01
   2.6814060294261893e-01
   2.7418395683824848e-01
   2.8094425920001159e-01
   2.8843552627518354e-01
   2.9667297712116475e-01
   3.0567295710519177e-01
   3.1545284482602926e-01
   3.2603093954900564e-01
   3.3742632584866306e-01
   3.4965871172885382e-01
   3.6274823604267759e-01
   3.7671524057163042e-01
   3.9158000165611401e-01
   4.0736241581449695e-01
   4.2408163336808941e-01
   4.4175563373544230e-01
   4.5724400747962995e-01
   4.7054318975813553e-01
   4.8481820868188558e-01
   5.0007607281544364e-01
   5.1632203199018856e-01
   5.3355905025860262e-01
   5.5178721539883835e-01
   5.7100308172741743e-01
   5.9119894401761752e-01
   6.1236204179951970e-01
   6.3447369532034015e-01
   6.5750837705791709e-01
   6.8143272598912163e-01
   7.0620451588824917e-01
   7.3177159381256007e-01
   7.5807081062664539e-01
   7.8502697186795489e-01
   8.1255184432488792e-01
   8.4054326114380040e-01
   8.6888437573253141e-01
   8.9744312167118345e-01
   9.2607194160823270e-01
   9.5460785189790986e-01
   9.8287291059282733e-01
   1.0106751533550147e+00
   1.0378100539323110e+00
   1.0640625522659004e+00
   1.0892096735589840e+00
   1.1130237357331518e+00
   1.1352761112502348e+00
   1.1557414736598264e+00
   1.1742024216212545e+00
   1.1904543364520959e+00
   1.2043102969189465e+00
   1.2156058506605354e+00
   1.2242034287312473e+00
   1.2299961909510957e+00
   1.2329111065115934e+00
   1.2329111065115930e+00
   1.2299961909510950e+00
   1.2242034287312464e+00
   1.2156058506605341e+00
   1.2043102969189448e+00
   1.1904543364520939e+00
   1.1742024216212523e+00
   1.1557414736598237e+00
   1.1352761112502321e+00
   1.1130237357331489e+00
   1.0892096735589807e+00
   1.0640625522658973e+00
   1.0378100539323076e+00
   1.0106751533550111e+00
   9.8287291059282389e-01
   9.5460785189790642e-01
   9.2607194160822903e-01
   8.9744312167118001e-01
   8.6888437573252786e-01
   8.4054326114379685e-01
   8.1255184432488448e-01
   7.8502697186795145e-01
   7.5807081062664217e-01
   7.3177159381255685e-01
   7.0620451588824595e-01
   6.8143272598911853e-01
   6.5750837705791410e-01
   6.3447369532033737e-01
   6.1236204179951703e-01
   5.9119894401761497e-01
   5.7100308172741510e-01
   5.5178721539883602e-01
   5.3355905025860040e-01
   5.1632203199018656e-01
   5.0007607281544175e-01
   4.8481820868188380e-01
   4.7054318975813381e-01
   4.5724400747962829e-01
   4.5724400747963001e-01
   4.7054318975813558e-01
   4.8481820868188547e-01
   5.0007607281544342e-01
   5.1632203199018833e-01
   5.3355905025860217e-01
   5.5178721539883779e-01
   5.7100308172741676e-01
   5.9119894401761663e-01
   6.1236204179951881e-01
   6.3447369532033915e-01
   6.5750837705791587e-01
   6.8143272598912030e-01
   7.0620451588824773e-01
   7.3177159381255852e-01
   7.5807081062664383e-01
   7.8502697186795312e-01
   8.1255184432488614e-01
   8.4054326114379840e-01
   8.6888437573252930e-01
   8.9744312167118134e-01
   9.2607194160823070e-01
   9.5460785189790798e-01
   9.8287291059282544e-01
   1.0106751533550127e+00
   1.0378100539323092e+00
   1.0640625522658989e+00
   1.0892096735589825e+00
   1.1130237357331505e+00
   1.1352761112502334e+00
   1.1557414736598253e+00
   1.1742024216212537e+00
   1.1904543364520952e+00
   1.2043102969189459e+00
   1.2156058506605352e+00
   1.2242034287312471e+00
   1.2299961909510957e+00
   1.2329111065115936e+00
   1.2329111065115934e+00
   1.2299961909510957e+00
   1.2242034287312471e+00
   1.2156058506605352e+00
   1.2043102969189459e+00
   1.1904543364520952e+00
   1.1742024216212537e+00
   1.1557414736598255e+00
   1.1352761112502336e+00
   1.1130237357331507e+00
   1.0892096735589827e+00
   1.0640625522658991e+00
   1.0378100539323094e+00
   1.0106751533550131e+00
   9.8287291059282578e-01
   9.5460785189790831e-01
   9.2607194160823092e-01
   8.9744312167118179e-01
   8.6888437573252963e-01
   8.4054326114379851e-01
   8.1255184432488614e-01
   7.8502697186795312e-01
   7.5807081062664361e-01
   7.3177159381255830e-01
   7.0620451588824729e-01
   6.8143272598911975e-01
   6.5750837705791532e-01
   6.3447369532033848e-01
   6.1236204179951803e-01
   5.9119894401761575e-01
   5.7100308172741587e-01
   5.5178721539883668e-01
   5.3355905025860106e-01
   5.1632203199018700e-01
   5.0007607281544209e-01
   4.8481820868188408e-01
   4.7054318975813403e-01
   4.5724400747962840e-01
   4.5724400747962990e-01
   4.7054318975813525e-01
   4.8481820868188513e-01
   5.0007607281544297e-01
   5.1632203199018767e-01
   5.3355905025860140e-01
   5.5178721539883691e-01
   5.7100308172741576e-01
   5.9119894401761552e-01
   6.1236204179951759e-01
   6.3447369532033782e-01
   6.5750837705791432e-01
   6.8143272598911875e-01
   7.0620451588824595e-01
   7.3177159381255674e-01
   7.5807081062664194e-01
   7.8502697186795112e-01
   8.1255184432488403e-01
   8.4054326114379629e-01
   8.6888437573252708e-01
   8.9744312167117923e-01
   9.2607194160822859e-01
   9.5460785189790598e-01
   9.8287291059282333e-01
   1.0106751533550109e+00
   1.0378100539323074e+00
   1.0640625522658971e+00
   1.0892096735589809e+00
   1.1130237357331492e+00
   1.1352761112502323e+00
   1.1557414736598242e+00
   1.1742024216212528e+00
   1.1904543364520945e+00
   1.2043102969189454e+00
   1.2156058506605347e+00
   1.2242034287312471e+00
   1.2299961909510959e+00
   1.2329111065115941e+00
   1.2329111065115941e+00
   1.2299961909510964e+00
   1.2242034287312482e+00
   1.2156058506605363e+00
   1.2043102969189472e+00
   1.1904543364520968e+00
   1.1742024216212552e+00
   1.1557414736598273e+00
   1.1352761112502354e+00
   1.1130237357331525e+00
   1.0892096735589847e+00
   1.0640625522659011e+00
   1.0378100539323116e+00
   1.0106751533550151e+00
   9.8287291059282766e-01
   9.5460785189791020e-01
   9.2607194160823281e-01
   8.9744312167118356e-01
   8.6888437573253130e-01
   8.4054326114380029e-01
   8.1255184432488781e-01
   7.8502697186795467e-01
   7.5807081062664516e-01
   7.3177159381255963e-01
   7.0620451588824862e-01
   6.8143272598912097e-01
   6.5750837705791632e-01
   6.3447369532033948e-01
   6.1236204179951892e-01
   5.9119894401761663e-01
   5.7100308172741654e-01
   5.5178721539883735e-01
   5.3355905025860151e-01
   5.1632203199018745e-01
   5.0007607281544242e-01
   4.8481820868188424e-01
   4.7054318975813408e-01
   4.5724400747962840e-01
   4.4175563373544074e-01
   4.2408163336808796e-01
   4.0736241581449550e-01
   3.9158000165611262e-01
   3.7671524057162908e-01
   3.6274823604267631e-01
   3.4965871172885254e-01
   3.3742632584866183e-01
   3.2603093954900447e-01
   3.1545284482602809e-01
   3.0567295710519060e-01
   2.9667297712116369e-01
   2.8843552627518249e-01
   2.8094425920001054e-01
   2.7418395683824753e-01
   2.6814060294261793e-01
   2.6280144653919857e-01
   2.5815505255661353e-01
   2.5419134251518150e-01
   2.5090162688807310e-01
   2.4827863048940640e-01
   2.4631651200913132e-01
   2.4501087859857421e-01
   2.4435879621051851e-01
   2.4435879621051851e-01
   2.4501087859857421e-01
   2.4631651200913132e-01
   2.4827863048940640e-01
   2.5090162688807310e-01
   2.5419134251518155e-01
   2.5815505255661353e-01
   2.6280144653919857e-01
   2.6814060294261799e-01
   2.7418395683824753e-01
   2.8094425920001059e-01
   2.8843552627518254e-01
   2.9667297712116375e-01
   3.0567295710519066e-01
   3.1545284482602814e-01
   3.2603093954900447e-01
   3.3742632584866189e-01
   3.4965871172885260e-01
   3.6274823604267636e-01
   3.7671524057162914e-01
   3.9158000165611268e-01
   4.0736241581449562e-01
   4.2408163336808807e-01
   4.4175563373544080e-01
