   8.4377033123589196e-01
   8.0848790137070015e-01
   7.7419491263014140e-01
   7.4165938604929549e-01
   7.1151256247426509e-01
   6.8425820309823959e-01
   6.6028727703813173e-01
   6.3989498494240737e-01
   6.2329785033567964e-01
   6.1064933716944159e-01
   6.0205303705752589e-01
   5.9757289040680284e-01
   5.9724017677990660e-01
   6.0105716365734685e-01
   6.0899737744501259e-01
   6.2100249462406698e-01
   6.3697588199709965e-01
   6.5677288058577876e-01
   6.8018806627033535e-01
   7.0693997016607135e-01
   7.3665413685624737e-01
   7.6884595755060248e-01
   8.0290542307981838e-01
   8.3808672458252276e-01
   8.7350632846176279e-01
   9.0815350738630773e-01
   9.4091698182925765e-01
   9.7062997851868948e-01
   9.9613345678068055e-01
   1.0163536498389296e+00
   1.0303860667156000e+00
   1.0375748155333517e+00
   1.0375748155333517e+00
   1.0303860667156002e+00
   1.0163536498389301e+00
   9.9613345678068088e-01
   9.7062997851869004e-01
   9.4091698182925831e-01
   9.0815350738630840e-01
   8.7350632846176346e-01
   8.3808672458252342e-01
   8.0290542307981894e-01
   7.6884595755060303e-01
   7.3665413685624792e-01
   7.0693997016607180e-01
   6.8018806627033590e-01
   6.5677288058577932e-01
   6.3697588199709998e-01
   6.2100249462406720e-01
   6.0899737744501292e-01
   6.0105716365734718e-01
   5.9724017677990693e-01
   5.9757289040680317e-01
   6.0205303705752611e-01
   6.1064933716944192e-01
   6.2329785033567975e-01
   6.3989498494240771e-01
   6.6028727703813195e-01
   6.8425820309823981e-01
   7.1151256247426520e-01
   7.4165938604929571e-01
   7.7419491263014151e-01
   8.0848790137070015e-01
   8.4377033123589196e-01
   8.9747816568038108e-01
   9.6794153068720912e-01
   1.0341503890177204e+00
   1.0930720637939617e+00
   1.1415512586665002e+00
   1.1766514883073342e+00
   1.1960465088422505e+00
   1.1983766416953399e+00
   1.1834749184908291e+00
   1.1523957339604907e+00
   1.1072371321544545e+00
   1.0508105299147867e+00
   9.8624933406456650e-01
   9.1664746140081421e-01
   8.4478875479118953e-01
   7.7298870888859228e-01
   7.0303809121866934e-01
   6.3622129956128892e-01
   5.7337914032225545e-01
   5.1499071866280854e-01
   4.6125703562502435e-01
   4.1217634661544222e-01
   3.6760693279118778e-01
   3.2731650115242672e-01
   2.9101935612279251e-01
   2.5840330148538321e-01
   2.2914839001201184e-01
   2.0293946087909981e-01
   1.7947409276759285e-01
   1.5846726489518073e-01
   1.3965371297012594e-01
   1.2278871242347356e-01
   1.0764781983806454e-01
   9.4025949735074874e-02
   8.1736049499768662e-02
   7.0607551788973946e-02
   6.0484723834738602e-02
   5.1224990575741737e-02
   4.2697278779272443e-02
   3.4780408683264041e-02
   2.9250114147753543e-02
   2.6012259371922020e-02
   2.3133658768148775e-02
   2.0574619197336760e-02
   1.8299835258714030e-02
   1.6277910097719440e-02
   1.4480927612268350e-02
   1.2884070925216384e-02
   1.1465282398511927e-02
   1.0204960875652805e-02
   9.0856922389536774e-03
   8.0920097479716298e-03
   7.2101809803819996e-03
   6.4280185244452890e-03
   5.7347118724921826e-03
   5.1206782382116640e-03
   4.5774302682626711e-03
   4.0974588425281193e-03
   3.6741293590622053e-03
   3.3015900813764933e-03
   2.9746912890733388e-03
   2.6889141197997757e-03
   2.4403081227941216e-03
   2.2254366635499540e-03
   2.0413294268286559e-03
   1.8854413627975644e-03
   1.7556175097312987e-03
   1.6500632076633835e-03
   1.5673192916967689e-03
   1.5062419223771462e-03
   1.4659867745337772e-03
   1.4459973661708539e-03
   1.4459973661708537e-03
   1.4659867745337770e-03
   1.5062419223771458e-03
   1.5673192916967687e-03
   1.6500632076633826e-03
   1.7556175097312979e-03
   1.8854413627975635e-03
   2.0413294268286546e-03
   2.2254366635499527e-03
   2.4403081227941199e-03
   2.6889141197997735e-03
   2.9746912890733367e-03
   3.3015900813764907e-03
   3.6741293590622022e-03
   4.0974588425281167e-03
   4.5774302682626677e-03
   5.1206782382116614e-03
   5.7347118724921783e-03
   6.4280185244452838e-03
   7.2101809803819953e-03
   8.0920097479716263e-03
   9.0856922389536739e-03
   1.0204960875652799e-02
   1.1465282398511920e-02
   1.2884070925216378e-02
   1.4480927612268343e-02
   1.6277910097719433e-02
   1.8299835258714019e-02
   2.0574619197336753e-02
   2.3133658768148765e-02
   2.6012259371922017e-02
   2.9250114147753543e-02
