   7.4183184626750276e-02
   7.3198618622571640e-02
   7.2248789207086439e-02
   7.1333438039407823e-02
   7.0452309021840256e-02
   6.9605149100451000e-02
   6.8791709010787960e-02
   6.8011743971793215e-02
   6.7265014330832471e-02
   6.6551286162629605e-02
   6.5870331824764816e-02
   6.5221930472264114e-02
   6.4605868533678015e-02
   6.4021940150919013e-02
   6.3469947585001060e-02
   6.2949701589699161e-02
   6.2461021755025672e-02
   6.2003736822299482e-02
   6.1577684972467579e-02
   6.1182714089223697e-02
   6.0818681998356869e-02
   6.0485456684653695e-02
   6.0182916487571132e-02
   5.9910950276792801e-02
   5.9669457608679706e-02
   5.9458348864527021e-02
   5.9277545371440955e-02
   5.9126979506554274e-02
   5.9006594785205334e-02
   5.8916345933613314e-02
   5.8856198946491176e-02
   5.8826131129948736e-02
   5.8826131129948736e-02
   5.8856198946491176e-02
   5.8916345933613314e-02
   5.9006594785205334e-02
   5.9126979506554274e-02
   5.9277545371440955e-02
   5.9458348864527021e-02
   5.9669457608679706e-02
   5.9910950276792801e-02
   6.0182916487571132e-02
   6.0485456684653695e-02
   6.0818681998356869e-02
   6.1182714089223704e-02
   6.1577684972467579e-02
   6.2003736822299482e-02
   6.2461021755025679e-02
   6.2949701589699161e-02
   6.3469947585001060e-02
   6.4021940150919027e-02
   6.4605868533678015e-02
   6.5221930472264128e-02
   6.5870331824764816e-02
   6.6551286162629605e-02
   6.7265014330832471e-02
   6.8011743971793229e-02
   6.8791709010787960e-02
   6.9605149100451000e-02
   7.0452309021840256e-02
   7.1333438039407823e-02
   7.2248789207086453e-02
   7.3198618622571640e-02
   7.4183184626750290e-02
   7.5731483435558508e-02
   7.7845234688157045e-02
   7.9996221270777629e-02
   8.2184928856194661e-02
   8.4411806037278728e-02
   8.6677260735261899e-02
   8.8981656385765939e-02
   9.1325307896755442e-02
   9.3708477373384030e-02
   9.6131369605677849e-02
   9.8594127316166388e-02
   1.0109682616594493e-01
   1.0363946951925337e-01
   1.0622198296850488e-01
   1.0884420862381232e-01
   1.1150589917346108e-01
   1.1420671172448142e-01
   1.1694620143549934e-01
   1.1972381495740694e-01
   1.2253888370110344e-01
   1.2539061695562576e-01
   1.2827809488441588e-01
   1.3120026143226185e-01
   1.3415591718059083e-01
   1.3714371219427032e-01
   1.4016213890886545e-01
   1.4320952511336690e-01
   1.4628402708970287e-01
   1.4938362297681707e-01
   1.5250610643365894e-01
   1.5564908068200567e-01
   1.5880995301650480e-01
   1.6198592987557869e-01
   1.6517401257271555e-01
   1.6837099379303710e-01
   1.7157345496470069e-01
   1.7477776461847419e-01
   1.7798007785151290e-01
   1.8117633701275257e-01
   1.8436227372719255e-01
   1.8672615757252081e-01
   1.8826518347468904e-01
   1.8978436671243512e-01
   1.9128144605624192e-01
   1.9275414361974358e-01
   1.9420017023732453e-01
   1.9561723115678759e-01
   1.9700303203071542e-01
   1.9835528518675846e-01
   1.9967171615365761e-01
   2.0095007041639965e-01
   2.0218812037054232e-01
   2.0338367244249453e-01
   2.0453457433943281e-01
   2.0563872238963934e-01
   2.0669406893140235e-01
   2.0769862970628516e-01
   2.0865049121058757e-01
   2.0954781795724389e-01
   2.1038885959926668e-01
   2.1117195786518911e-01
   2.1189555325681961e-01
   2.1255819146001531e-01
   2.1315852942013250e-01
   2.1369534103532284e-01
   2.1416752242291662e-01
   2.1457409671675753e-01
   2.1491421835650634e-01
   2.1518717683358488e-01
   2.1539239986254646e-01
   2.1552945595118930e-01
   2.1559805634761425e-01
   2.1559805634761425e-01
   2.1552945595118930e-01
   2.1539239986254646e-01
   2.1518717683358488e-01
   2.1491421835650634e-01
   2.1457409671675753e-01
   2.1416752242291659e-01
   2.1369534103532284e-01
   2.1315852942013250e-01
   2.1255819146001528e-01
   2.1189555325681958e-01
   2.1117195786518908e-01
   2.1038885959926665e-01
   2.0954781795724389e-01
   2.0865049121058757e-01
   2.0769862970628516e-01
   2.0669406893140232e-01
   2.0563872238963932e-01
   2.0453457433943278e-01
   2.0338367244249450e-01
   2.0218812037054229e-01
   2.0095007041639962e-01
   1.9967171615365761e-01
   1.9835528518675843e-01
   1.9700303203071542e-01
   1.9561723115678756e-01
   1.9420017023732450e-01
   1.9275414361974358e-01
   1.9128144605624189e-01
   1.8978436671243509e-01
   1.8826518347468896e-01
   1.8672615757252076e-01
