   1.3412411425075796e+00
   1.2795829652609831e+00
   1.2060551972831508e+00
   1.1255888878320788e+00
   1.0427178243621340e+00
   9.6123082700760187e-01
   8.8404547824173241e-01
   8.1324353497357227e-01
   7.5019763130636985e-01
   6.9573191133282242e-01
   6.5027962811524898e-01
   6.1401882468496072e-01
   5.8697959038320824e-01
   5.6912328235350440e-01
   5.6039702699008265e-01
   5.6076730997142465e-01
   5.7023565423166922e-01
   5.8883796477521122e-01
   6.1662747200118273e-01
   6.5363956664047496e-01
   6.9983543124263548e-01
   7.5502063890829763e-01
   8.1873553323229853e-01
   8.9011739023198133e-01
   9.6774165600802065e-01
   1.0494624184777730e+00
   1.1322907354338392e+00
   1.2123696996662476e+00
   1.2851169027180591e+00
   1.3455915860343424e+00
   1.3890896611865600e+00
   1.4118771354711903e+00
   1.4118771354711903e+00
   1.3890896611865595e+00
   1.3455915860343419e+00
   1.2851169027180589e+00
   1.2123696996662470e+00
   1.1322907354338385e+00
   1.0494624184777726e+00
   9.6774165600802031e-01
   8.9011739023198111e-01
   8.1873553323229842e-01
   7.5502063890829774e-01
   6.9983543124263570e-01
   6.5363956664047529e-01
   6.1662747200118317e-01
   5.8883796477521178e-01
   5.7023565423166978e-01
   5.6076730997142532e-01
   5.6039702699008342e-01
   5.6912328235350518e-01
   5.8697959038320924e-01
   6.1401882468496172e-01
   6.5027962811524997e-01
   6.9573191133282353e-01
   7.5019763130637118e-01
   8.1324353497357360e-01
   8.8404547824173374e-01
   9.6123082700760332e-01
   1.0427178243621353e+00
   1.1255888878320801e+00
   1.2060551972831519e+00
   1.2795829652609840e+00
   1.3412411425075801e+00
   1.4096364865329403e+00
   1.4779615992580091e+00
   1.5158923991767903e+00
   1.5192059656571892e+00
   1.4875210563131518e+00
   1.4244018667581191e+00
   1.3364182814895063e+00
   1.2315986474727807e+00
   1.1178938706511992e+00
   1.0020971272209196e+00
   8.8934517046119488e-01
   7.8308871613585895e-01
   6.8533490520503881e-01
   5.9698985784452441e-01
   5.1819333489707986e-01
   4.4859572879662835e-01
   3.8756523579918256e-01
   3.3433187770215644e-01
   2.8808165326231094e-01
   2.4801440060623764e-01
   2.1337672011023701e-01
   1.8347851963933523e-01
   1.5769924688304665e-01
   1.3548792064827594e-01
   1.1635965568180853e-01
   9.9890394602665564e-02
   8.5710903653808540e-02
   7.3500660194489018e-02
   6.2981985980485003e-02
   5.3914609017856947e-02
   4.6090732188125476e-02
   3.9330624878833202e-02
   3.3478718720120766e-02
   2.8400170002463716e-02
   2.3977842894201105e-02
   2.0109665052413250e-02
   1.6706308037593588e-02
   1.3689147500669810e-02
   1.0988461435637038e-02
   8.5418283006629108e-03
   6.8652376842059286e-03
   5.9141871552171911e-03
   5.0949363175899626e-03
   4.3892287709270282e-03
   3.7813380238493756e-03
   3.2577172002617987e-03
   2.8066972530603998e-03
   2.4182269840174360e-03
   2.0836490914885042e-03
   1.7955072648884831e-03
   1.5473800332018184e-03
   1.3337376687388226e-03
   1.1498189596923041e-03
   9.9152510690745559e-04
   8.5532838130896415e-04
   7.3819350700231995e-04
   6.3751001842590012e-04
   5.5103408434168744e-04
   4.7683850233048693e-04
   4.1326974948151013e-04
   3.5891113217975288e-04
   3.1255121379303709e-04
   2.7315681666722959e-04
   2.3984999677057617e-04
   2.1188847785578077e-04
   1.8864910910296642e-04
   1.6961397758520738e-04
   1.5435886606195937e-04
   1.4254379887258960e-04
   1.3390546523691255e-04
   1.2825135110909226e-04
   1.2545544880781915e-04
   1.2545544880781913e-04
   1.2825135110909223e-04
   1.3390546523691244e-04
   1.4254379887258947e-04
   1.5435886606195918e-04
   1.6961397758520722e-04
   1.8864910910296621e-04
   2.1188847785578053e-04
   2.3984999677057587e-04
   2.7315681666722922e-04
   3.1255121379303671e-04
   3.5891113217975245e-04
   4.1326974948150959e-04
   4.7683850233048633e-04
   5.5103408434168679e-04
   6.3751001842589936e-04
   7.3819350700231930e-04
   8.5532838130896339e-04
   9.9152510690745472e-04
   1.1498189596923034e-03
   1.3337376687388217e-03
   1.5473800332018173e-03
   1.7955072648884825e-03
   2.0836490914885033e-03
   2.4182269840174351e-03
   2.8066972530603989e-03
   3.2577172002617978e-03
   3.7813380238493747e-03
   4.3892287709270273e-03
   5.0949363175899626e-03
   5.9141871552171911e-03
   6.8652376842059295e-03
