  -1.9999999702590239e-03
  -2.3557991570230257e-03
  -2.7407616529270184e-03
  -1.8279081257772070e-02
  -6.4586041677181030e-02
  -1.2385489169063858e-01
  -1.8229470814181900e-01
  -2.3347200730402970e-01
  -2.4938806514186143e-01
  -3.3824668459912821e-01
  -4.5005434822072055e-01
  -5.7560216543819787e-01
  -7.1037581622397905e-01
  -8.1098323456337751e-01
  -8.5828779593484006e-01
  -1.0245443656090627e+00
  -1.2100507841882526e+00
  -1.4126379882248961e+00
  -1.6048183087252588e+00
  -1.6313107589976881e+00
