   1.3632113442469555e-02
   1.6067084783140888e-02
   1.8702000800630343e-02
   1.2431797411324128e-01
   4.3806429289759163e-01
   8.3910989778736023e-01
   1.2346096183653288e+00
   1.5914943806165953e+00
   1.6888806929572655e+00
   2.2905000994842926e+00
   3.0472504716841349e+00
   3.8968355147538567e+00
   4.8088707621722868e+00
   5.5293190763086502e+00
   5.8098879335304794e+00
   6.9350518514253814e+00
   8.1904173629421493e+00
   9.5613116821737787e+00
   1.0944725535364025e+01
   1.1041046251913798e+01
