   3.7018655114193312e-02
   3.7018655114193312e-02
   3.7018655114193312e-02
   3.7018655114193312e-02
   3.7018655114193312e-02
   3.7018655114193312e-02
   3.7018655114193312e-02
   3.7018655114193312e-02
   3.7018655114193312e-02
   3.7018655114193312e-02
   3.7018655114193312e-02
   3.7018655114193312e-02
   3.7018655114193312e-02
   3.7018655114193312e-02
   3.7018655114193312e-02
   3.7018655114193312e-02
   3.7018655114193312e-02
   3.7018655114193312e-02
   3.7018655114193312e-02
   3.7018655114193312e-02
   3.7018655114193312e-02
   3.7018655114193312e-02
   3.7018655114193312e-02
   3.7018655114193312e-02
   3.7018655114193312e-02
   3.7018655114193312e-02
   3.7018655114193312e-02
   3.7018655114193312e-02
   3.7018655114193312e-02
   3.7018655114193312e-02
   3.7018655114193312e-02
   3.7018655114193312e-02
   3.7018655114193319e-02
   3.7018655114193326e-02
   3.7018655114193333e-02
   3.7018655114193340e-02
   3.7018655114193340e-02
   3.7018655114193347e-02
   3.7018655114193354e-02
   3.7018655114193361e-02
   3.7018655114193361e-02
   3.7018655114193368e-02
   3.7018655114193375e-02
   3.7018655114193381e-02
   3.7018655114193381e-02
   3.7018655114193388e-02
   3.7018655114193395e-02
   3.7018655114193402e-02
   3.7018655114193402e-02
   3.7018655114193409e-02
   3.7018655114193416e-02
   3.7018655114193423e-02
   3.7018655114193423e-02
   3.7018655114193430e-02
   3.7018655114193437e-02
   3.7018655114193437e-02
   3.7018655114193444e-02
   3.7018655114193451e-02
   3.7018655114193458e-02
   3.7018655114193458e-02
   3.7018655114193465e-02
   3.7018655114193472e-02
   3.7018655114193472e-02
   3.7018655114193479e-02
   3.7018655114193486e-02
   3.7018655114193479e-02
   3.7018655114193486e-02
   3.7018655114193492e-02
   3.7018655114193499e-02
   3.7018655114193499e-02
   3.7018655114193506e-02
   3.7018655114193513e-02
   3.7018655114193513e-02
   3.7018655114193520e-02
   3.7018655114193520e-02
   3.7018655114193527e-02
   3.7018655114193534e-02
   3.7018655114193534e-02
   3.7018655114193541e-02
   3.7018655114193548e-02
   3.7018655114193548e-02
   3.7018655114193555e-02
   3.7018655114193562e-02
   3.7018655114193319e-02
   3.7018655114193319e-02
   3.7018655114193326e-02
   3.7018655114193333e-02
   3.7018655114193340e-02
   3.7018655114193347e-02
   3.7018655114193347e-02
   3.7018655114193354e-02
   3.7018655114193361e-02
   3.7018655114193368e-02
   3.7018655114193368e-02
   3.7018655114193375e-02
   3.7018655114193381e-02
   3.7018655114193388e-02
   3.7018655114193388e-02
   3.7018655114193395e-02
   3.7018655114193402e-02
   3.7018655114193409e-02
   3.7018655114193409e-02
   3.7018655114193416e-02
   3.7018655114193423e-02
   3.7018655114193423e-02
   3.7018655114193430e-02
   3.7018655114193437e-02
   3.7018655114193444e-02
   3.7018655114193444e-02
   3.7018655114193451e-02
   3.7018655114193458e-02
   3.7018655114193458e-02
   3.7018655114193465e-02
   3.7018655114193472e-02
   3.7018655114193472e-02
   3.7018655114193479e-02
   3.7018655114193486e-02
   3.7018655114193479e-02
   3.7018655114193486e-02
   3.7018655114193492e-02
   3.7018655114193492e-02
   3.7018655114193499e-02
   3.7018655114193506e-02
   3.7018655114193506e-02
   3.7018655114193513e-02
   3.7018655114193520e-02
   3.7018655114193520e-02
   3.7018655114193527e-02
   3.7018655114193534e-02
   3.7018655114193534e-02
   3.7018655114193541e-02
   3.7018655114193548e-02
   3.7018655114193548e-02
   3.7018655114193555e-02
   3.7018655114193319e-02
   3.7018655114193326e-02
   3.7018655114193333e-02
   3.7018655114193340e-02
   3.7018655114193340e-02
   3.7018655114193347e-02
   3.7018655114193354e-02
   3.7018655114193361e-02
   3.7018655114193361e-02
   3.7018655114193368e-02
   3.7018655114193375e-02
   3.7018655114193381e-02
   3.7018655114193388e-02
   3.7018655114193388e-02
   3.7018655114193395e-02
   3.7018655114193402e-02
   3.7018655114193409e-02
   3.7018655114193409e-02
   3.7018655114193416e-02
   3.7018655114193423e-02
   3.7018655114193430e-02
   3.7018655114193430e-02
   3.7018655114193437e-02
   3.7018655114193444e-02
   3.7018655114193444e-02
   3.7018655114193451e-02
   3.7018655114193458e-02
   3.7018655114193465e-02
   3.7018655114193465e-02
   3.7018655114193472e-02
   3.7018655114193479e-02
   3.7018655114193479e-02
   3.7018655114193479e-02
   3.7018655114193486e-02
   3.7018655114193492e-02
   3.7018655114193492e-02
   3.7018655114193499e-02
   3.7018655114193506e-02
   3.7018655114193506e-02
   3.7018655114193513e-02
   3.7018655114193520e-02
   3.7018655114193520e-02
   3.7018655114193527e-02
   3.7018655114193534e-02
   3.7018655114193534e-02
   3.7018655114193541e-02
   3.7018655114193548e-02
   3.7018655114193548e-02
   3.7018655114193555e-02
   3.7018655114193562e-02
   3.7018655114193562e-02
   3.7018655114193555e-02
   3.7018655114193555e-02
   3.7018655114193555e-02
   3.7018655114193555e-02
   3.7018655114193562e-02
   3.7018655114193562e-02
   3.7018655114193562e-02
   3.7018655114193562e-02
   3.7018655114193562e-02
   3.7018655114193562e-02
   3.7018655114193562e-02
   3.7018655114193562e-02
   3.7018655114193562e-02
   3.7018655114193562e-02
   3.7018655114193562e-02
   3.7018655114193562e-02
   3.7018655114193562e-02
   3.7018655114193562e-02
   3.7018655114193562e-02
   3.7018655114193555e-02
   3.7018655114193555e-02
   3.7018655114193555e-02
   3.7018655114193555e-02
   3.7018655114193555e-02
   3.7018655114193555e-02
   3.7018655114193555e-02
   3.7018655114193555e-02
   3.7018655114193555e-02
   3.7018655114193555e-02
   3.7018655114193555e-02
   3.7018655114193555e-02
   3.7018655114193555e-02
