   6.5509075551975648e-01
   6.5509075551975726e-01
   6.5509075551975815e-01
   6.5509075551975893e-01
   6.5509075551975970e-01
   6.5509075551976037e-01
   6.5509075551976104e-01
   6.5509075551976170e-01
   6.5509075551976226e-01
   6.5509075551976270e-01
   6.5509075551976315e-01
   6.5509075551976348e-01
   6.5509075551976381e-01
   6.5509075551976403e-01
   6.5509075551976415e-01
   6.5509075551976426e-01
   6.5509075551976426e-01
   6.5509075551976415e-01
   6.5509075551976403e-01
   6.5509075551976381e-01
   6.5509075551976348e-01
   6.5509075551976315e-01
   6.5509075551976270e-01
   6.5509075551976226e-01
   6.5509075551976170e-01
   6.5509075551976115e-01
   6.5509075551976048e-01
   6.5509075551975970e-01
   6.5509075551975893e-01
   6.5509075551975815e-01
   6.5509075551975737e-01
   6.5509075551975648e-01
   6.5509075551975604e-01
   6.5509075551975560e-01
   6.5509075551975526e-01
   6.5509075551975482e-01
   6.5509075551975438e-01
   6.5509075551975404e-01
   6.5509075551975360e-01
   6.5509075551975315e-01
   6.5509075551975271e-01
   6.5509075551975227e-01
   6.5509075551975193e-01
   6.5509075551975160e-01
   6.5509075551975116e-01
   6.5509075551975071e-01
   6.5509075551975038e-01
   6.5509075551975005e-01
   6.5509075551974982e-01
   6.5509075551974949e-01
   6.5509075551974916e-01
   6.5509075551974894e-01
   6.5509075551974871e-01
   6.5509075551974849e-01
   6.5509075551974827e-01
   6.5509075551974816e-01
   6.5509075551974805e-01
   6.5509075551974805e-01
   6.5509075551974794e-01
   6.5509075551974794e-01
   6.5509075551974805e-01
   6.5509075551974816e-01
   6.5509075551974827e-01
   6.5509075551974838e-01
   6.5509075551974849e-01
   6.5509075551974871e-01
   6.5509075551974894e-01
   6.5509075551974927e-01
   6.5509075551974949e-01
   6.5509075551974982e-01
   6.5509075551975016e-01
   6.5509075551975049e-01
   6.5509075551975082e-01
   6.5509075551975127e-01
   6.5509075551975160e-01
   6.5509075551975204e-01
   6.5509075551975238e-01
   6.5509075551975282e-01
   6.5509075551975327e-01
   6.5509075551975360e-01
   6.5509075551975404e-01
   6.5509075551975449e-01
   6.5509075551975493e-01
   6.5509075551975604e-01
   6.5509075551975560e-01
   6.5509075551975526e-01
   6.5509075551975482e-01
   6.5509075551975438e-01
   6.5509075551975404e-01
   6.5509075551975371e-01
   6.5509075551975327e-01
   6.5509075551975282e-01
   6.5509075551975238e-01
   6.5509075551975204e-01
   6.5509075551975160e-01
   6.5509075551975116e-01
   6.5509075551975082e-01
   6.5509075551975049e-01
   6.5509075551975005e-01
   6.5509075551974982e-01
   6.5509075551974949e-01
   6.5509075551974927e-01
   6.5509075551974894e-01
   6.5509075551974871e-01
   6.5509075551974849e-01
   6.5509075551974838e-01
   6.5509075551974827e-01
   6.5509075551974816e-01
   6.5509075551974805e-01
   6.5509075551974805e-01
   6.5509075551974805e-01
   6.5509075551974805e-01
   6.5509075551974816e-01
   6.5509075551974827e-01
   6.5509075551974838e-01
   6.5509075551974860e-01
   6.5509075551974871e-01
   6.5509075551974905e-01
   6.5509075551974927e-01
   6.5509075551974949e-01
   6.5509075551974971e-01
   6.5509075551975005e-01
   6.5509075551975049e-01
   6.5509075551975082e-01
   6.5509075551975127e-01
   6.5509075551975149e-01
   6.5509075551975193e-01
   6.5509075551975238e-01
   6.5509075551975282e-01
   6.5509075551975327e-01
   6.5509075551975360e-01
   6.5509075551975404e-01
   6.5509075551975449e-01
   6.5509075551975482e-01
   6.5509075551975604e-01
   6.5509075551975571e-01
   6.5509075551975526e-01
   6.5509075551975482e-01
   6.5509075551975449e-01
   6.5509075551975415e-01
   6.5509075551975371e-01
   6.5509075551975315e-01
   6.5509075551975271e-01
   6.5509075551975227e-01
   6.5509075551975193e-01
   6.5509075551975160e-01
   6.5509075551975116e-01
   6.5509075551975071e-01
   6.5509075551975038e-01
   6.5509075551974993e-01
   6.5509075551974971e-01
   6.5509075551974938e-01
   6.5509075551974905e-01
   6.5509075551974882e-01
   6.5509075551974860e-01
   6.5509075551974838e-01
   6.5509075551974816e-01
   6.5509075551974805e-01
   6.5509075551974794e-01
   6.5509075551974782e-01
   6.5509075551974782e-01
   6.5509075551974782e-01
   6.5509075551974794e-01
   6.5509075551974794e-01
   6.5509075551974805e-01
   6.5509075551974827e-01
   6.5509075551974838e-01
   6.5509075551974860e-01
   6.5509075551974882e-01
   6.5509075551974916e-01
   6.5509075551974938e-01
   6.5509075551974960e-01
   6.5509075551975005e-01
   6.5509075551975038e-01
   6.5509075551975082e-01
   6.5509075551975116e-01
   6.5509075551975149e-01
   6.5509075551975193e-01
   6.5509075551975238e-01
   6.5509075551975282e-01
   6.5509075551975327e-01
   6.5509075551975360e-01
   6.5509075551975404e-01
   6.5509075551975449e-01
   6.5509075551975493e-01
   6.5509075551975537e-01
   6.5509075551975604e-01
   6.5509075551975660e-01
   6.5509075551975704e-01
   6.5509075551975759e-01
   6.5509075551975804e-01
   6.5509075551975848e-01
   6.5509075551975893e-01
   6.5509075551975926e-01
   6.5509075551975959e-01
   6.5509075551975993e-01
   6.5509075551976015e-01
   6.5509075551976037e-01
   6.5509075551976048e-01
   6.5509075551976059e-01
   6.5509075551976059e-01
   6.5509075551976059e-01
   6.5509075551976059e-01
   6.5509075551976048e-01
   6.5509075551976037e-01
   6.5509075551976015e-01
   6.5509075551975993e-01
   6.5509075551975959e-01
   6.5509075551975926e-01
   6.5509075551975893e-01
   6.5509075551975848e-01
   6.5509075551975804e-01
   6.5509075551975759e-01
   6.5509075551975704e-01
   6.5509075551975648e-01
   6.5509075551975593e-01
   6.5509075551975537e-01
