  -4.0000000000000000e+00
  -3.9761214678248749e+00
  -3.9522874578887586e+00
  -3.7019965338734755e+00
  -3.2686735598590340e+00
  -3.0607652435455903e+00
  -2.9303083119233571e+00
  -2.7892742328579021e+00
  -2.6121485481715352e+00
  -2.4349451862955434e+00
  -2.2869749846983969e+00
  -2.1621117357286379e+00
  -2.0453765194199423e+00
  -1.9302801299431174e+00
  -1.8195251376372830e+00
  -1.7169288303121621e+00
  -1.6224501106009601e+00
  -1.5338295284939116e+00
  -1.4494671668359476e+00
  -1.3691660657407474e+00
  -1.2932086151005404e+00
  -1.2215234873668173e+00
  -1.1537065401975057e+00
  -1.0894111090728673e+00
  -1.0285288440305826e+00
  -9.7109696780179344e-01
  -9.1716280958432295e-01
  -8.6674975278124888e-01
  -8.1988598545366964e-01
  -7.7661218046329195e-01
  -7.3694888920331769e-01
  -7.0085704482333289e-01
  -6.6822089203391355e-01
  -6.3885540097402793e-01
  -6.1252599446097977e-01
  -5.8897044149255451e-01
  -5.6791849655786142e-01
  -5.4910756087679802e-01
  -5.3229338899900591e-01
  -5.1725578076408052e-01
  -5.0380032084175674e-01
  -4.9175773092312985e-01
  -4.8098211330770485e-01
  -4.7134878886905618e-01
  -4.6275203312277574e-01
  -4.5510287094104118e-01
  -4.4832705389350003e-01
  -4.4236329775751593e-01
  -4.3716179611539757e-01
  -4.3268298510395387e-01
  -4.2889652437202336e-01
  -4.2578046267892988e-01
  -4.2332055659811996e-01
  -4.2150970467743321e-01
  -4.2034745115770616e-01
  -4.1983950446606116e-01
  -4.1981588161050237e-01
  -4.1999720424737097e-01
  -4.2083685545105093e-01
  -4.2237883131157533e-01
  -4.2464633552994491e-01
  -4.2766371897502847e-01
  -4.3145428501057159e-01
  -4.3603761141102410e-01
  -4.4142658137067303e-01
  -4.4762454033392385e-01
  -4.5462321535099315e-01
  -4.6240212433693867e-01
  -4.7093002390390737e-01
  -4.8016845200965941e-01
  -4.9007677194386945e-01
  -5.0061764229110051e-01
  -5.1176180387800574e-01
  -5.2349149521104354e-01
  -5.3580240444843108e-01
  -5.4870450796683501e-01
  -5.6222228842484190e-01
  -5.7639474541006064e-01
  -5.9127546729108793e-01
  -6.0693292333660342e-01
  -6.2345107151356005e-01
  -6.4093033247834486e-01
  -6.5948893702706735e-01
  -6.7926461183456222e-01
  -7.0041652513223029e-01
  -7.2312735801565264e-01
  -7.4760528092655465e-01
  -7.7408548510053321e-01
  -8.0283074174211089e-01
  -8.3413024973430561e-01
  -8.6829583020278334e-01
  -9.0565443651677524e-01
  -9.4653615792406720e-01
  -9.9125765332556204e-01
  -1.0401024437326438e+00
  -1.0933015612112937e+00
  -1.1510198907847466e+00
  -1.2133537423396521e+00
  -1.2803426002244049e+00
  -1.3519930983364850e+00
  -1.4283086283059852e+00
  -1.5093165941579327e+00
  -1.5950879419780803e+00
  -1.6857480343654649e+00
  -1.7814811873481933e+00
  -1.8825319398373230e+00
  -1.9892052318949884e+00
  -2.1018666311337406e+00
  -2.2209433032066683e+00
  -2.3469264103986638e+00
  -2.4803756486333843e+00
