   3.3204095745171427e-02
   3.7385709626161848e-02
   4.2366597941151531e-02
   4.8252923397050541e-02
   5.5169989356633149e-02
   6.3264791870186202e-02
   7.2708964861736336e-02
   8.3702142607999894e-02
   9.6475751404124829e-02
   1.1129721891598016e-01
   1.2847454866064761e-01
   1.4836113841465953e-01
   1.7136061021248250e-01
   1.9793124392426209e-01
   2.2858933433989187e-01
   2.6391037868822231e-01
   3.0452638835367718e-01
   3.5111673296717194e-01
   4.0438869312526571e-01
   4.6504227710891927e-01
   5.3371191164719334e-01
   6.1087567011271182e-01
   6.9672160005234174e-01
   7.9096221258578203e-01
   8.9259535869014339e-01
   9.9962686012688096e-01
   1.1088014592667661e+00
   1.2154332275451216e+00
   1.3134709502835002e+00
   1.3959440827656757e+00
   1.4558623952781866e+00
   1.4874623098842783e+00
   1.4874623098843698e+00
   1.4558623952784517e+00
   1.3959440827660874e+00
   1.3134709502840212e+00
   1.2154332275457105e+00
   1.1088014592673854e+00
   9.9962686012749979e-01
   8.9259535869073914e-01
   7.9096221258634014e-01
   6.9672160005285388e-01
   6.1087567011317467e-01
   5.3371191164760667e-01
   4.6504227710928520e-01
   4.0438869312558756e-01
   3.5111673296745349e-01
   3.0452638835392248e-01
   2.6391037868843531e-01
   2.2858933434007633e-01
   1.9793124392442130e-01
   1.7136061021261956e-01
   1.4836113841477716e-01
   1.2847454866074814e-01
   1.1129721891606570e-01
   9.6475751404197119e-02
   8.3702142608060470e-02
   7.2708964861786435e-02
   6.3264791870226933e-02
   5.5169989356665353e-02
   4.8252923397074904e-02
   4.2366597941168573e-02
   3.7385709626171937e-02
   3.3204095745174758e-02
   2.7932229201723658e-02
   2.1479969064470025e-02
   1.5504568649225165e-02
   9.8734413697098584e-03
   4.4615783748732313e-03
  -8.5119727004450232e-04
  -6.1828775113938923e-03
  -1.1651871229600401e-02
  -1.7379614762995960e-02
  -2.3493244695989783e-02
  -3.0128386940037805e-02
  -3.7432116613587932e-02
  -4.5566143404114696e-02
  -5.4710276249652350e-02
  -6.5066218120068089e-02
  -7.6861734501071199e-02
  -9.0355224865503653e-02
  -1.0584070022410531e-01
  -1.2365312443862504e-01
  -1.4417400107872230e-01
  -1.6783696411386720e-01
  -1.9513293414744862e-01
  -2.2661409501826771e-01
  -2.6289547588720846e-01
  -3.0465222089962268e-01
  -3.5260960542667702e-01
  -4.0752142540575198e-01
  -4.7013049327343237e-01
  -5.4110270280970763e-01
  -6.2092388427543688e-01
  -7.0974753293177950e-01
  -8.0718368529440454e-01
  -9.1202859167446604e-01
  -1.0219566985226973e+00
  -1.1332353448154788e+00
  -1.2405759825299794e+00
  -1.3372834669189253e+00
  -1.4158612544042759e+00
  -1.4691180216079118e+00
  -1.4915868905592853e+00
  -1.4835552397033989e+00
  -1.4470814095202829e+00
  -1.3831710402918298e+00
  -1.2978586995608929e+00
  -1.1981867362547580e+00
  -1.0910041172058360e+00
  -9.8214285330584283e-01
  -8.7604319527253172e-01
  -7.7573615286744224e-01
  -6.8303604860689138e-01
  -5.9881435341645550e-01
  -5.2327182513423698e-01
  -4.5616857367836761e-01
  -3.9700029634806278e-01
  -3.4512408874569905e-01
  -2.9984321665929820e-01
  -2.6046116233812927e-01
  -2.2631395096064466e-01
  -1.9678779396019341e-01
  -1.7132719251807410e-01
  -1.4943709438467817e-01
  -1.3068153076918940e-01
  -1.1468032700640529e-01
  -1.0110490670765652e-01
  -8.9673824089398377e-02
  -8.0148406652570905e-02
  -7.2328728247471552e-02
  -6.6050030859428135e-02
  -6.1179651545504102e-02
  -5.7614474910682577e-02
  -5.5278912077752713e-02
  -5.4123398197674935e-02
  -5.4123398197674963e-02
  -5.5278912077752783e-02
  -5.7614474910682688e-02
  -6.1179651545504268e-02
  -6.6050030859428344e-02
  -7.2328728247471830e-02
  -8.0148406652571252e-02
  -8.9673824089398793e-02
  -1.0110490670765700e-01
  -1.1468032700640587e-01
  -1.3068153076919009e-01
  -1.4943709438467895e-01
  -1.7132719251807504e-01
  -1.9678779396019447e-01
  -2.2631395096064588e-01
  -2.6046116233813060e-01
  -2.9984321665929980e-01
  -3.4512408874570083e-01
  -3.9700029634806483e-01
  -4.5616857367836983e-01
  -5.2327182513423942e-01
  -5.9881435341645828e-01
  -6.8303604860689437e-01
  -7.7573615286744557e-01
  -8.7604319527253538e-01
  -9.8214285330584683e-01
  -1.0910041172058398e+00
  -1.1981867362547618e+00
  -1.2978586995608967e+00
  -1.3831710402918325e+00
  -1.4470814095202846e+00
  -1.4835552397033995e+00
