   1.0920258825253852e-01
   1.2208186754904728e-01
   1.3562180314073849e-01
   1.4988654539284418e-01
   1.6494056243373034e-01
   1.8084805702120071e-01
   1.9767216585723343e-01
   2.1547389471987069e-01
   2.3431073644588057e-01
   2.5423491324486402e-01
   2.7529118109891043e-01
   2.9751413362056789e-01
   3.2092494781391723e-01
   3.4552752749839721e-01
   3.7130402520839167e-01
   3.9820976426180221e-01
   4.2616764372504068e-01
   4.5506219403231751e-01
   4.8473356217043312e-01
   5.1497184119471506e-01
   5.4551231202772121e-01
   5.7603232002681526e-01
   6.0615063787883516e-01
   6.3543023182594238e-01
   6.6338530337384272e-01
   6.8949327620321110e-01
   7.1321200385987071e-01
   7.3400188513379705e-01
   7.5135183729247179e-01
   7.6480729781131496e-01
   7.7399775930740422e-01
   7.7866096669176821e-01
   7.7866096669176821e-01
   7.7399775930740400e-01
   7.6480729781131462e-01
   7.5135183729247146e-01
   7.3400188513379661e-01
   7.1321200385987016e-01
   6.8949327620321044e-01
   6.6338530337384194e-01
   6.3543023182594160e-01
   6.0615063787883439e-01
   5.7603232002681437e-01
   5.4551231202772044e-01
   5.1497184119471429e-01
   4.8473356217043234e-01
   4.5506219403231674e-01
   4.2616764372503990e-01
   3.9820976426180155e-01
   3.7130402520839101e-01
   3.4552752749839655e-01
   3.2092494781391667e-01
   2.9751413362056733e-01
   2.7529118109890993e-01
   2.5423491324486358e-01
   2.3431073644588021e-01
   2.1547389471987041e-01
   1.9767216585723324e-01
   1.8084805702120055e-01
   1.6494056243373026e-01
   1.4988654539284410e-01
   1.3562180314073846e-01
   1.2208186754904728e-01
   1.0920258825253852e-01
   9.0551170117195975e-02
   6.6050941013778675e-02
   4.1935491676268602e-02
   1.8066521670208023e-02
  -5.6957433633900816e-03
  -2.9491682234607457e-02
  -5.3461485174459172e-02
  -7.7744336762679944e-02
  -1.0247747352312687e-01
  -1.2779501082852307e-01
  -1.5382642683137981e-01
  -1.8069458218770212e-01
  -2.0851314479434990e-01
  -2.3738328090155500e-01
  -2.6738947125177953e-01
  -2.9859431835545014e-01
  -3.3103223557977696e-01
  -3.6470195945553308e-01
  -3.9955791448856448e-01
  -4.3550059677967401e-01
  -4.7236633969081593e-01
  -5.0991708724532747e-01
  -5.4783112316634630e-01
  -5.8569606020653131e-01
  -6.2300573229866918e-01
  -6.5916286361219734e-01
  -6.9348939488454864e-01
  -7.2524599583182348e-01
  -7.5366147520376270e-01
  -7.7797149092710516e-01
  -7.9746427750602000e-01
  -8.1152933815344441e-01
  -8.1970363502061894e-01
  -8.2170923061406831e-01
  -8.1747693026455281e-01
  -8.0715228829975438e-01
  -7.9108302916016127e-01
  -7.6978985916462483e-01
  -7.4392508126613288e-01
  -7.1422482215062133e-01
  -6.8980133504479169e-01
  -6.7132238703241531e-01
  -6.5083714994747366e-01
  -6.2874664802381408e-01
  -6.0544796066030493e-01
  -5.8132145789951095e-01
  -5.5672098092406552e-01
  -5.3196703549738167e-01
  -5.0734279726473452e-01
  -4.8309254968480470e-01
  -4.5942208381607880e-01
  -4.3650056871610493e-01
  -4.1446343159851090e-01
  -3.9341584815548641e-01
  -3.7343651882437684e-01
  -3.5458148390750011e-01
  -3.3688780139457036e-01
  -3.2037697183175157e-01
  -3.0505804310984941e-01
  -2.9093036488344176e-01
  -2.7798598878174802e-01
  -2.6621172838236723e-01
  -2.5559090391953654e-01
  -2.4610480257643230e-01
  -2.3773388740548901e-01
  -2.3045878759085858e-01
  -2.2426110080318537e-01
  -2.1912403545337514e-01
  -2.1503291718906536e-01
  -2.1197558030178235e-01
  -2.0994266101436029e-01
  -2.0892780600121735e-01
  -2.0892780600121733e-01
  -2.0994266101436027e-01
  -2.1197558030178235e-01
  -2.1503291718906536e-01
  -2.1912403545337511e-01
  -2.2426110080318537e-01
  -2.3045878759085858e-01
  -2.3773388740548898e-01
  -2.4610480257643225e-01
  -2.5559090391953654e-01
  -2.6621172838236717e-01
  -2.7798598878174791e-01
  -2.9093036488344171e-01
  -3.0505804310984935e-01
  -3.2037697183175151e-01
  -3.3688780139457036e-01
  -3.5458148390750011e-01
  -3.7343651882437690e-01
  -3.9341584815548647e-01
  -4.1446343159851096e-01
  -4.3650056871610504e-01
  -4.5942208381607896e-01
  -4.8309254968480486e-01
  -5.0734279726473475e-01
  -5.3196703549738189e-01
  -5.5672098092406574e-01
  -5.8132145789951128e-01
  -6.0544796066030526e-01
  -6.2874664802381430e-01
  -6.5083714994747388e-01
  -6.7132238703241554e-01
  -6.8980133504479169e-01
