  -4.0977424368094956e-04
   1.7986247052727701e-02
   3.6532412962881206e-02
   5.5382830115648499e-02
   7.4692639835949801e-02
   9.4618397765518655e-02
   1.1531826716469253e-01
   1.3695194190832707e-01
   1.5968019593224980e-01
   1.8366393104746045e-01
   2.0906256457196207e-01
   2.3603156266878778e-01
   2.6471888624235451e-01
   2.9526007718369934e-01
   3.2777167999315288e-01
   3.6234267790274410e-01
   3.9902363993705953e-01
   4.3781334955998935e-01
   4.7864284833360399e-01
   5.2135711767606430e-01
   5.6569507779469774e-01
   6.1126923345976047e-01
   6.5754713689261868e-01
   7.0383779973258631e-01
   7.4928709936625626e-01
   7.9288679428308118e-01
   8.3350157957362558e-01
   8.6991724059585573e-01
   9.0091011649999131e-01
   9.2533388376182135e-01
   9.4221484412844059e-01
   9.5084279673359684e-01
   9.5084279673359728e-01
   9.4221484412844159e-01
   9.2533388376182302e-01
   9.0091011649999353e-01
   8.6991724059585851e-01
   8.3350157957362880e-01
   7.9288679428308473e-01
   7.4928709936625992e-01
   7.0383779973259009e-01
   6.5754713689262256e-01
   6.1126923345976425e-01
   5.6569507779470130e-01
   5.2135711767606774e-01
   4.7864284833360721e-01
   4.3781334955999229e-01
   3.9902363993706219e-01
   3.6234267790274655e-01
   3.2777167999315515e-01
   2.9526007718370134e-01
   2.6471888624235640e-01
   2.3603156266878944e-01
   2.0906256457196357e-01
   1.8366393104746179e-01
   1.5968019593225097e-01
   1.3695194190832807e-01
   1.1531826716469337e-01
   9.4618397765519377e-02
   7.4692639835950383e-02
   5.5382830115648950e-02
   3.6532412962881532e-02
   1.7986247052727895e-02
  -4.0977424368088679e-04
  -2.8351016827672989e-02
  -6.6079334062647127e-02
  -1.0437462308256434e-01
  -1.4355183761783194e-01
  -1.8391412352293485e-01
  -2.2574606892363822e-01
  -2.6930458161163523e-01
  -3.1480666502730748e-01
  -3.6241336724729523e-01
  -4.1220927400132895e-01
  -4.6417718059553492e-01
  -5.1816810522451862e-01
  -5.7386770670615517e-01
  -6.3076153528216972e-01
  -6.8810339077425897e-01
  -7.4489323045931355e-01
  -7.9987311295417374e-01
  -8.5155076536791319e-01
  -8.9825938353346424e-01
  -9.3825809314460518e-01
  -9.6986965036697259e-01
  -9.9164144815554556e-01
  -1.0025056286112837e+00
  -1.0019083094028514e+00
  -9.8988031078741778e-01
  -9.6703315491149866e-01
  -9.3448127502372613e-01
  -8.9370819562520221e-01
  -8.4640497878958521e-01
  -7.9431066098082770e-01
  -7.3907794947212246e-01
  -6.8217697142328304e-01
  -6.2483952912672891e-01
  -5.6803882947467632e-01
  -5.1249584464218634e-01
  -4.5870275519895753e-01
  -4.0695517416957544e-01
  -3.5738693871841093e-01
  -3.1000340570970270e-01
  -2.6471098681605887e-01
  -2.3238212297434763e-01
  -2.1279282326656723e-01
  -1.9479545291388611e-01
  -1.7828291615085307e-01
  -1.6315051730637178e-01
  -1.4929736145155140e-01
  -1.3662728455743267e-01
  -1.2504942606576364e-01
  -1.1447853394908232e-01
  -1.0483507315584017e-01
  -9.6045192583584335e-02
  -8.8040593010945259e-02
  -8.0758328303026691e-02
  -7.4140564246809815e-02
  -6.8134313174196548e-02
  -6.2691157743502895e-02
  -5.7766973583734067e-02
  -5.3321657719823772e-02
  -4.9318867597145849e-02
  -4.5725773955145717e-02
  -4.2512829640572236e-02
  -3.9653555604704759e-02
  -3.7124344721626498e-02
  -3.4904283638347439e-02
  -3.2974992578068303e-02
  -3.1320482831123882e-02
  -2.9927031558232609e-02
  -2.8783073477917916e-02
  -2.7879108999449401e-02
  -2.7207628383127194e-02
  -2.6763051552728897e-02
  -2.6541683244070788e-02
  -2.6541683244070788e-02
  -2.6763051552728897e-02
  -2.7207628383127198e-02
  -2.7879108999449401e-02
  -2.8783073477917920e-02
  -2.9927031558232616e-02
  -3.1320482831123896e-02
  -3.2974992578068310e-02
  -3.4904283638347453e-02
  -3.7124344721626512e-02
  -3.9653555604704772e-02
  -4.2512829640572250e-02
  -4.5725773955145738e-02
  -4.9318867597145870e-02
  -5.3321657719823792e-02
  -5.7766973583734102e-02
  -6.2691157743502923e-02
  -6.8134313174196576e-02
  -7.4140564246809842e-02
  -8.0758328303026719e-02
  -8.8040593010945287e-02
  -9.6045192583584377e-02
  -1.0483507315584020e-01
  -1.1447853394908233e-01
  -1.2504942606576366e-01
  -1.3662728455743267e-01
  -1.4929736145155140e-01
  -1.6315051730637181e-01
  -1.7828291615085309e-01
  -1.9479545291388611e-01
  -2.1279282326656723e-01
  -2.3238212297434763e-01
