   1.0139833199656283e-01
   1.1233133394256606e-01
   1.2410622259707546e-01
   1.3680458656663855e-01
   1.5051217731101657e-01
   1.6531869089407952e-01
   1.8131733046052698e-01
   1.9860408023250314e-01
   2.1727660485932462e-01
   2.3743266848795641e-01
   2.5916794648274155e-01
   2.8257308054937241e-01
   3.0772980744635753e-01
   3.3470597644510375e-01
   3.6354926741563431e-01
   3.9427943897542317e-01
   4.2687898712840883e-01
   4.6128219541648929e-01
   4.9736272668453313e-01
   5.3492016297930822e-01
   5.7366625711705188e-01
   6.1321211534003472e-01
   6.5305805521925198e-01
   6.9258840277815548e-01
   7.3107387785123712e-01
   7.6768428146243395e-01
   8.0151372864707293e-01
   8.3161948336762592e-01
   8.5707349926904930e-01
   8.7702323921113845e-01
   8.9075572311202844e-01
   8.9775676455769993e-01
   8.9775676455770081e-01
   8.9075572311203088e-01
   8.7702323921114245e-01
   8.5707349926905474e-01
   8.3161948336763258e-01
   8.0151372864708059e-01
   7.6768428146244228e-01
   7.3107387785124611e-01
   6.9258840277816480e-01
   6.5305805521926130e-01
   6.1321211534004405e-01
   5.7366625711706098e-01
   5.3492016297931699e-01
   4.9736272668454157e-01
   4.6128219541649729e-01
   4.2687898712841638e-01
   3.9427943897543022e-01
   3.6354926741564086e-01
   3.3470597644510974e-01
   3.0772980744636302e-01
   2.8257308054937735e-01
   2.5916794648274599e-01
   2.3743266848796035e-01
   2.1727660485932809e-01
   1.9860408023250617e-01
   1.8131733046052956e-01
   1.6531869089408169e-01
   1.5051217731101832e-01
   1.3680458656663988e-01
   1.2410622259707640e-01
   1.1233133394256663e-01
   1.0139833199656302e-01
   8.5956552438541209e-02
   6.5918864265984436e-02
   4.6404664259939658e-02
   2.7261016614717425e-02
   8.3358236037971052e-03
  -1.0522458437107836e-02
  -2.9465194707752364e-02
  -4.8643974987339890e-02
  -6.8210981989340794e-02
  -8.8319260367350674e-02
  -1.0912281459850547e-01
  -1.3077645210321395e-01
  -1.5343527113412456e-01
  -1.7725367105375558e-01
  -2.0238373575613317e-01
  -2.2897280988238142e-01
  -2.5716005387905599e-01
  -2.8707173130473285e-01
  -3.1881495618541422e-01
  -3.5246961952299061e-01
  -3.8807823723722745e-01
  -4.2563353807070925e-01
  -4.6506376708611286e-01
  -5.0621595109664275e-01
  -5.4883778917084358e-01
  -5.9255941532252931e-01
  -6.3687702244829025e-01
  -6.8114117048806666e-01
  -7.2455337544282084e-01
  -7.6617503188261682e-01
  -8.0495251162533477e-01
  -8.3976104139812435e-01
  -8.6946746464217239e-01
  -8.9300834974197252e-01
  -9.0947574174648649e-01
  -9.1819929788626331e-01
  -9.1881194824530066e-01
  -9.1128759952452265e-01
  -8.9594386156371686e-01
  -8.7340927759296516e-01
  -8.5190485184236098e-01
  -8.3241805613217723e-01
  -8.0825373168521364e-01
  -7.8016535751900473e-01
  -7.4896027971191215e-01
  -7.1545206158029762e-01
  -6.8042048978042236e-01
  -6.4458152996248663e-01
  -6.0856774614300868e-01
  -5.7291833812242754e-01
  -5.3807712221626103e-01
  -5.0439644414366624e-01
  -4.7214504814813124e-01
  -4.4151819016649141e-01
  -4.1264864950744679e-01
  -3.8561767252399715e-01
  -3.6046521920741187e-01
  -3.3719915511139076e-01
  -3.1580323218140938e-01
  -2.9624383992216691e-01
  -2.7847559482780693e-01
  -2.6244588393778845e-01
  -2.4809849927471081e-01
  -2.3537650308834138e-01
  -2.2422445627944040e-01
  -2.1459012906174077e-01
  -2.0642579714346831e-01
  -1.9968921053328537e-01
  -1.9434430667797958e-01
  -1.9036172559810655e-01
  -1.8771917218967030e-01
  -1.8640165984839294e-01
  -1.8640165984839294e-01
  -1.8771917218967032e-01
  -1.9036172559810657e-01
  -1.9434430667797961e-01
  -1.9968921053328542e-01
  -2.0642579714346837e-01
  -2.1459012906174088e-01
  -2.2422445627944049e-01
  -2.3537650308834149e-01
  -2.4809849927471089e-01
  -2.6244588393778856e-01
  -2.7847559482780709e-01
  -2.9624383992216702e-01
  -3.1580323218140954e-01
  -3.3719915511139092e-01
  -3.6046521920741198e-01
  -3.8561767252399720e-01
  -4.1264864950744690e-01
  -4.4151819016649146e-01
  -4.7214504814813135e-01
  -5.0439644414366624e-01
  -5.3807712221626103e-01
  -5.7291833812242754e-01
  -6.0856774614300868e-01
  -6.4458152996248674e-01
  -6.8042048978042236e-01
  -7.1545206158029762e-01
  -7.4896027971191204e-01
  -7.8016535751900473e-01
  -8.0825373168521353e-01
  -8.3241805613217712e-01
  -8.5190485184236098e-01
