   1.0909095751258122e-01
   1.2212839019769579e-01
   1.3580918797102948e-01
   1.5019618231138954e-01
   1.6535227107815642e-01
   1.8133981872828328e-01
   1.9821984187981395e-01
   2.1605093559739744e-01
   2.3488789014341135e-01
   2.5477994323519559e-01
   2.7576861011139336e-01
   2.9788503442165354e-01
   3.2114680914113564e-01
   3.4555423101574129e-01
   3.7108597772063007e-01
   3.9769423769309170e-01
   4.2529938231598785e-01
   4.5378435200395073e-01
   4.8298903321923864e-01
   5.1270503046647065e-01
   5.4267137817873312e-01
   5.7257187643008856e-01
   6.0203484614752911e-01
   6.3063614861843720e-01
   6.5790625839209671e-01
   6.8334197662087914e-01
   7.0642299519883378e-01
   7.2663297184308828e-01
   7.4348409834197005e-01
   7.5654343649022748e-01
   7.6545870055001775e-01
   7.6998083886359037e-01
   7.6998083886359059e-01
   7.6545870055001841e-01
   7.5654343649022848e-01
   7.4348409834197138e-01
   7.2663297184308984e-01
   7.0642299519883567e-01
   6.8334197662088114e-01
   6.5790625839209904e-01
   6.3063614861843964e-01
   6.0203484614753155e-01
   5.7257187643009100e-01
   5.4267137817873567e-01
   5.1270503046647320e-01
   4.8298903321924108e-01
   4.5378435200395317e-01
   4.2529938231599018e-01
   3.9769423769309392e-01
   3.7108597772063218e-01
   3.4555423101574334e-01
   3.2114680914113769e-01
   2.9788503442165537e-01
   2.7576861011139503e-01
   2.5477994323519715e-01
   2.3488789014341266e-01
   2.1605093559739860e-01
   1.9821984187981498e-01
   1.8133981872828417e-01
   1.6535227107815711e-01
   1.5019618231139012e-01
   1.3580918797102987e-01
   1.2212839019769606e-01
   1.0909095751258131e-01
   9.0174759279993091e-02
   6.5303869102117634e-02
   4.0803817102805617e-02
   1.6537597433679115e-02
  -7.6333908508771546e-03
  -3.1848368703445984e-02
  -5.6246272791872144e-02
  -8.0964818578387429e-02
  -1.0613942634832323e-01
  -1.3190190175518141e-01
  -1.5837875591248407e-01
  -1.8568904197990613e-01
  -2.1394157720380880e-01
  -2.4323141404496229e-01
  -2.7363542516873834e-01
  -3.0520688008981905e-01
  -3.3796892344574048e-01
  -3.7190692547652909e-01
  -4.0695977513173281e-01
  -4.4301033643976945e-01
  -4.7987549819487041e-01
  -5.1729651777264951e-01
  -5.5493068095283715e-01
  -5.9234563887867131e-01
  -6.2901807989836300e-01
  -6.6433855509698758e-01
  -6.9762418331642295e-01
  -7.2814049288070137e-01
  -7.5513273054419228e-01
  -7.7786559570558955e-01
  -7.9566869856992040e-01
  -8.0798341711545574e-01
  -8.1440567694979815e-01
  -8.1471892939782797e-01
  -8.0891250922932234e-01
  -7.9718255097026169e-01
  -7.7991532051144707e-01
  -7.5765553178318601e-01
  -7.3106430923485899e-01
  -7.0087248308831107e-01
  -6.7624494890639264e-01
  -6.5782313486693067e-01
  -6.3756854789968476e-01
  -6.1586008362198941e-01
  -5.9307027314400240e-01
  -5.6955410786406113e-01
  -5.4564056125004323e-01
  -5.2162681679182921e-01
  -4.9777498919757351e-01
  -4.7431098283499762e-01
  -4.5142506168653490e-01
  -4.2927369446806413e-01
  -4.0798226959138262e-01
  -3.8764833051128189e-01
  -3.6834504876737728e-01
  -3.5012471954766961e-01
  -3.3302212637133888e-01
  -3.1705767406999941e-01
  -3.0224023144704160e-01
  -2.8856965709824067e-01
  -2.7603900500845224e-01
  -2.6463642219663902e-01
  -2.5434676042577598e-01
  -2.4515292926809507e-01
  -2.3703701985485962e-01
  -2.2998122844297084e-01
  -2.2396860727034168e-01
  -2.1898366761970289e-01
  -2.1501285697136135e-01
  -2.1204492887216111e-01
  -2.1007122085191607e-01
  -2.0908585247604802e-01
  -2.0908585247604800e-01
  -2.1007122085191604e-01
  -2.1204492887216109e-01
  -2.1501285697136130e-01
  -2.1898366761970287e-01
  -2.2396860727034160e-01
  -2.2998122844297075e-01
  -2.3703701985485953e-01
  -2.4515292926809498e-01
  -2.5434676042577586e-01
  -2.6463642219663891e-01
  -2.7603900500845213e-01
  -2.8856965709824056e-01
  -3.0224023144704149e-01
  -3.1705767406999924e-01
  -3.3302212637133877e-01
  -3.5012471954766949e-01
  -3.6834504876737706e-01
  -3.8764833051128172e-01
  -4.0798226959138240e-01
  -4.2927369446806396e-01
  -4.5142506168653468e-01
  -4.7431098283499740e-01
  -4.9777498919757335e-01
  -5.2162681679182887e-01
  -5.4564056125004301e-01
  -5.6955410786406091e-01
  -5.9307027314400218e-01
  -6.1586008362198918e-01
  -6.3756854789968453e-01
  -6.5782313486693056e-01
  -6.7624494890639253e-01
