  -3.9797278009092905e-02
  -2.5028978310731951e-02
  -1.0753795717218852e-02
   3.3094113487344271e-03
   1.7437859196331312e-02
   3.1909973442747992e-02
   4.7010532108355929e-02
   6.3035850084480344e-02
   8.0299023670095254e-02
   9.9135225330794705e-02
   1.1990699039839316e-01
   1.4300936011421531e-01
   1.6887462558230618e-01
   1.9797623500414882e-01
   2.3083115423946987e-01
   2.6799957116298528e-01
   3.1008026128493271e-01
   3.5769913529338276e-01
   4.1148742917499581e-01
   4.7204468189267257e-01
   5.3988020189931663e-01
   6.1532553234042264e-01
   6.9841032701302930e-01
   7.8869660881524539e-01
   8.8507405726104038e-01
   9.8553479809692346e-01
   1.0869722013233787e+00
   1.1850818272701593e+00
   1.2744710777167121e+00
   1.3490808490875277e+00
   1.4029555104061275e+00
   1.4312573137815290e+00
   1.4312573137815512e+00
   1.4029555104061919e+00
   1.3490808490876283e+00
   1.2744710777168398e+00
   1.1850818272703054e+00
   1.0869722013235332e+00
   9.8553479809707933e-01
   8.8507405726119182e-01
   7.8869660881538861e-01
   6.9841032701316175e-01
   6.1532553234054344e-01
   5.3988020189942532e-01
   4.7204468189276949e-01
   4.1148742917508163e-01
   3.5769913529345837e-01
   3.1008026128499894e-01
   2.6799957116304307e-01
   2.3083115423952025e-01
   1.9797623500419251e-01
   1.6887462558234398e-01
   1.4300936011424789e-01
   1.1990699039842112e-01
   9.9135225330818588e-02
   8.0299023670115502e-02
   6.3035850084497372e-02
   4.7010532108370064e-02
   3.1909973442759518e-02
   1.7437859196340444e-02
   3.3094113487413548e-03
  -1.0753795717213998e-02
  -2.5028978310729075e-02
  -3.9797278009091948e-02
  -6.3413876229986468e-02
  -9.6387379924387104e-02
  -1.3131445866431554e-01
  -1.6888212612500689e-01
  -2.0980773461384600e-01
  -2.5483998951098619e-01
  -3.0475367810494980e-01
  -3.6033464810855392e-01
  -4.2235009375249305e-01
  -4.9149741621382470e-01
  -5.6832309365251499e-01
  -6.5310185173895297e-01
  -7.4566749397240129e-01
  -8.4519272306803339e-01
  -9.4993004473657427e-01
  -1.0569533002896507e+00
  -1.1619797169820587e+00
  -1.2593949665987541e+00
  -1.3426196705405700e+00
  -1.4049011370248494e+00
  -1.4404597276420508e+00
  -1.4457042475632893e+00
  -1.4200866680062247e+00
  -1.3662389616299282e+00
  -1.2893313100603414e+00
  -1.1959282897768355e+00
  -1.0927771093595520e+00
  -9.8587828151373913e-01
  -8.7997977060515520e-01
  -7.7845165921716941e-01
  -6.8341118379161203e-01
  -5.9596528481750677e-01
  -5.1647568496315366e-01
  -4.4479458933135391e-01
  -3.8045123474985326e-01
  -3.2278818624968725e-01
  -2.7105473120824441e-01
  -2.2446707455412174e-01
  -1.8224441716669823e-01
  -1.4362828651885223e-01
  -1.1698812270587738e-01
  -1.0172087551317668e-01
  -8.8438656849993719e-02
  -7.6886577184050217e-02
  -6.6841472017848957e-02
  -5.8108317857518736e-02
  -5.0516924396242308e-02
  -4.3918932609383905e-02
  -3.8185122279935986e-02
  -3.3203017230562758e-02
  -2.8874768298209095e-02
  -2.5115290251266568e-02
  -2.1850627718463689e-02
  -1.9016525672467161e-02
  -1.6557181385001511e-02
  -1.4424156599420744e-02
  -1.2575430675924952e-02
  -1.0974577488544763e-02
  -9.5900507965164423e-03
  -8.3945646252443617e-03
  -7.3645568510335045e-03
  -6.4797256834981335e-03
  -5.7226300843600192e-03
  -5.0783463611859684e-03
  -4.5341742422514422e-03
  -4.0793866880558874e-03
  -3.7050185400780023e-03
  -3.4036898617225628e-03
  -3.1694605029216074e-03
  -2.9977130305175411e-03
  -2.8850617225369369e-03
  -2.8292858361439435e-03
  -2.8292858361439435e-03
  -2.8850617225369369e-03
  -2.9977130305175407e-03
  -3.1694605029216074e-03
  -3.4036898617225623e-03
  -3.7050185400780019e-03
  -4.0793866880558865e-03
  -4.5341742422514413e-03
  -5.0783463611859684e-03
  -5.7226300843600175e-03
  -6.4797256834981318e-03
  -7.3645568510335010e-03
  -8.3945646252443565e-03
  -9.5900507965164371e-03
  -1.0974577488544758e-02
  -1.2575430675924945e-02
  -1.4424156599420736e-02
  -1.6557181385001504e-02
  -1.9016525672467151e-02
  -2.1850627718463678e-02
  -2.5115290251266562e-02
  -2.8874768298209088e-02
  -3.3203017230562758e-02
  -3.8185122279935979e-02
  -4.3918932609383905e-02
  -5.0516924396242301e-02
  -5.8108317857518722e-02
  -6.6841472017848944e-02
  -7.6886577184050203e-02
  -8.8438656849993719e-02
  -1.0172087551317667e-01
  -1.1698812270587738e-01
