   1.0846233423447470e-01
   1.2180650969600103e-01
   1.3576003045661744e-01
   1.5038329459728295e-01
   1.6573631299410549e-01
   1.8187808239531625e-01
   1.9886575016274563e-01
   2.1675352982876103e-01
   2.3559132224263793e-01
   2.5542299386752437e-01
   2.7628426275086654e-01
   2.9820014523036592e-01
   3.2118192441845117e-01
   3.4522361729022660e-01
   3.7029794359637896e-01
   3.9635183992647077e-01
   4.2330161904573099e-01
   4.5102795031400505e-01
   4.7937093190833191e-01
   5.0812563673289779e-01
   5.3703863325557422e-01
   5.6580609517877378e-01
   5.9407419701522146e-01
   6.2144251599187250e-01
   6.4747108960871014e-01
   6.7169158045820498e-01
   6.9362265640426912e-01
   7.1278921154351060e-01
   7.2874447518067476e-01
   7.4109346723075020e-01
   7.4951577663147895e-01
   7.5378539103655584e-01
   7.5378539103655551e-01
   7.4951577663147817e-01
   7.4109346723074876e-01
   7.2874447518067276e-01
   7.1278921154350816e-01
   6.9362265640426624e-01
   6.7169158045820176e-01
   6.4747108960870658e-01
   6.2144251599186873e-01
   5.9407419701521746e-01
   5.6580609517876990e-01
   5.3703863325557022e-01
   5.0812563673289390e-01
   4.7937093190832808e-01
   4.5102795031400145e-01
   4.2330161904572755e-01
   3.9635183992646744e-01
   3.7029794359637586e-01
   3.4522361729022366e-01
   3.2118192441844839e-01
   2.9820014523036337e-01
   2.7628426275086426e-01
   2.5542299386752232e-01
   2.3559132224263607e-01
   2.1675352982875939e-01
   1.9886575016274427e-01
   1.8187808239531511e-01
   1.6573631299410452e-01
   1.5038329459728222e-01
   1.3576003045661691e-01
   1.2180650969600069e-01
   1.0846233423447459e-01
   8.9031709978958040e-02
   6.3440028874923768e-02
   3.8191339607097322e-02
   1.3151093840071565e-02
  -1.1817036772174175e-02
  -3.6849974994719314e-02
  -6.2084109904399935e-02
  -8.7654117138419751e-02
  -1.1369161710476447e-01
  -1.4032355703409224e-01
  -1.6767019726346702e-01
  -1.9584257618920689e-01
  -2.2493932400324088e-01
  -2.5504269578191413e-01
  -2.8621370422409731e-01
  -3.1848625745085035e-01
  -3.5186025563788836e-01
  -3.8629368123009455e-01
  -4.2169384110746216e-01
  -4.5790809408806554e-01
  -4.9471462766427826e-01
  -5.3181412818722484e-01
  -5.6882349671392129e-01
  -6.0527305285881861e-01
  -6.4060886767304437e-01
  -6.7420187445053870e-01
  -7.0536511277463898e-01
  -7.3337977491967665e-01
  -7.5752961893272053e-01
  -7.7714187765493703e-01
  -7.9163125995537664e-01
  -8.0054236828673264e-01
  -8.0358524761582040e-01
  -8.0065914400176719e-01
  -7.9186096121430594e-01
  -7.7747712538075664e-01
  -7.5796009904169126e-01
  -7.3389301916150340e-01
  -7.0594736297121707e-01
  -6.7483892951946933e-01
  -6.4982795738661847e-01
  -6.3150514542245717e-01
  -6.1166741468952568e-01
  -5.9065313663464536e-01
  -5.6879040403168768e-01
  -5.4638855243095663e-01
  -5.2373193870705637e-01
  -5.0107590155542892e-01
  -4.7864468009847494e-01
  -4.5663097763102123e-01
  -4.3519682080450073e-01
  -4.1447536840813604e-01
  -3.9457335530071996e-01
  -3.7557390403150165e-01
  -3.5753948968087840e-01
  -3.4051489561989623e-01
  -3.2453004496664567e-01
  -3.0960263232802571e-01
  -2.9574051229457898e-01
  -2.8294382542833724e-01
  -2.7120686002889538e-01
  -2.6051965990247233e-01
  -2.5086939584662521e-01
  -2.4224152266380197e-01
  -2.3462074514366726e-01
  -2.2799181635072729e-01
  -2.2234019029922697e-01
  -2.1765254912449350e-01
  -2.1391722247935901e-01
  -2.1112451430830320e-01
  -2.0926694951672964e-01
  -2.0833945043735166e-01
  -2.0833945043735166e-01
  -2.0926694951672964e-01
  -2.1112451430830317e-01
  -2.1391722247935893e-01
  -2.1765254912449342e-01
  -2.2234019029922686e-01
  -2.2799181635072716e-01
  -2.3462074514366713e-01
  -2.4224152266380181e-01
  -2.5086939584662504e-01
  -2.6051965990247211e-01
  -2.7120686002889510e-01
  -2.8294382542833696e-01
  -2.9574051229457871e-01
  -3.0960263232802537e-01
  -3.2453004496664534e-01
  -3.4051489561989590e-01
  -3.5753948968087801e-01
  -3.7557390403150120e-01
  -3.9457335530071957e-01
  -4.1447536840813554e-01
  -4.3519682080450028e-01
  -4.5663097763102073e-01
  -4.7864468009847444e-01
  -5.0107590155542847e-01
  -5.2373193870705592e-01
  -5.4638855243095608e-01
  -5.6879040403168724e-01
  -5.9065313663464492e-01
  -6.1166741468952524e-01
  -6.3150514542245673e-01
  -6.4982795738661836e-01
