   8.1498306987140834e-02
   9.7378136961715975e-02
   1.1363418885142114e-01
   1.3032175432446755e-01
   1.4749397554528201e-01
   1.6520115058679868e-01
   1.8348987007939596e-01
   2.0240195814530776e-01
   2.2197319058968709e-01
   2.4223176485158074e-01
   2.6319650014656143e-01
   2.8487475353271119e-01
   3.0726004945424656e-01
   3.3032943793585695e-01
   3.5404062129360525e-01
   3.7832892206830704e-01
   4.0310420641819728e-01
   4.2824792698632541e-01
   4.5361050527634339e-01
   4.7900933161249759e-01
   5.0422771382457143e-01
   5.2901514380521364e-01
   5.5308926116941226e-01
   5.7613986098372483e-01
   5.9783520439730220e-01
   6.1783073804985811e-01
   6.3578011049338956e-01
   6.5134810505478191e-01
   6.6422481791261101e-01
   6.7414014161099500e-01
   6.8087742023653763e-01
   6.8428507309609521e-01
   6.8428507309609532e-01
   6.8087742023653808e-01
   6.7414014161099578e-01
   6.6422481791261212e-01
   6.5134810505478324e-01
   6.3578011049339112e-01
   6.1783073804985988e-01
   5.9783520439730409e-01
   5.7613986098372683e-01
   5.5308926116941437e-01
   5.2901514380521564e-01
   5.0422771382457343e-01
   4.7900933161249959e-01
   4.5361050527634533e-01
   4.2824792698632730e-01
   4.0310420641819911e-01
   3.7832892206830876e-01
   3.5404062129360686e-01
   3.3032943793585851e-01
   3.0726004945424801e-01
   2.8487475353271252e-01
   2.6319650014656265e-01
   2.4223176485158185e-01
   2.2197319058968809e-01
   2.0240195814530865e-01
   1.8348987007939674e-01
   1.6520115058679941e-01
   1.4749397554528260e-01
   1.3032175432446799e-01
   1.1363418885142144e-01
   9.7378136961716169e-02
   8.1498306987140903e-02
   5.7868265584531321e-02
   2.6407744770770566e-02
  -4.9422804553100712e-03
  -3.6313051745239536e-02
  -6.7835313318292637e-02
  -9.9636115250101950e-02
  -1.3183542295489187e-01
  -1.6454236918383197e-01
  -1.9785099337912199e-01
  -2.3183532986217045e-01
  -2.6654373593412534e-01
  -3.0199239994441496e-01
  -3.3815804543920946e-01
  -3.7496995882247192e-01
  -4.1230162159626987e-01
  -4.4996242734082703e-01
  -4.8769020328633506e-01
  -5.2514551848248825e-01
  -5.6190900828779866e-01
  -5.9748311886211292e-01
  -6.3129969536193986e-01
  -6.6273461340213291e-01
  -6.9113010820427068e-01
  -7.1582456138962813e-01
  -7.3618832090539688e-01
  -7.5166282846376065e-01
  -7.6179919097463900e-01
  -7.6629168698508932e-01
  -7.6500182242081383e-01
  -7.5796955050994508e-01
  -7.4541001457856981e-01
  -7.2769629415503922e-01
  -7.0533064483021235e-01
  -6.7890816812023158e-01
  -6.4907745889372237e-01
  -6.1650253316414860e-01
  -5.8182943436946777e-01
  -5.4565966604869720e-01
  -5.0853132069160489e-01
  -4.7090770484960703e-01
  -4.4277850492712195e-01
  -4.2437354663248189e-01
  -4.0621248923263858e-01
  -3.8840301101587327e-01
  -3.7103565257043758e-01
  -3.5418497939681887e-01
  -3.3791096092879686e-01
  -3.2226046687239873e-01
  -3.0726880165504905e-01
  -2.9296121662670987e-01
  -2.7935435646914986e-01
  -2.6645761055443273e-01
  -2.5427435162464712e-01
  -2.4280305326262425e-01
  -2.3203828445293176e-01
  -2.2197158442714876e-01
  -2.1259222429640839e-01
  -2.0388786402896619e-01
  -1.9584511442649871e-01
  -1.8845001414103268e-01
  -1.8168843166034443e-01
  -1.7554640173610894e-01
  -1.7001040506105136e-01
  -1.6506759921200118e-01
  -1.6070600803216464e-01
  -1.5691467577452525e-01
  -1.5368379149942782e-01
  -1.5100478843135651e-01
  -1.4887042224192473e-01
  -1.4727483154090051e-01
  -1.4621358322279623e-01
  -1.4568370472807132e-01
  -1.4568370472807135e-01
  -1.4621358322279626e-01
  -1.4727483154090049e-01
  -1.4887042224192470e-01
  -1.5100478843135648e-01
  -1.5368379149942779e-01
  -1.5691467577452520e-01
  -1.6070600803216459e-01
  -1.6506759921200109e-01
  -1.7001040506105128e-01
  -1.7554640173610886e-01
  -1.8168843166034435e-01
  -1.8845001414103257e-01
  -1.9584511442649857e-01
  -2.0388786402896605e-01
  -2.1259222429640826e-01
  -2.2197158442714862e-01
  -2.3203828445293159e-01
  -2.4280305326262408e-01
  -2.5427435162464690e-01
  -2.6645761055443257e-01
  -2.7935435646914969e-01
  -2.9296121662670965e-01
  -3.0726880165504888e-01
  -3.2226046687239851e-01
  -3.3791096092879669e-01
  -3.5418497939681870e-01
  -3.7103565257043741e-01
  -3.8840301101587316e-01
  -4.0621248923263853e-01
  -4.2437354663248184e-01
  -4.4277850492712195e-01
