   6.2355385822504932e-02
   7.9265512387066389e-02
   9.6508553236055769e-02
   1.1415129044373908e-01
   1.3225861432562480e-01
   1.5089284486285204e-01
   1.7011287200252084e-01
   1.8997308002215391e-01
   2.1052201969942827e-01
   2.3180079201387396e-01
   2.5384110944202765e-01
   2.7666300678167466e-01
   3.0027218433478242e-01
   3.2465698393799663e-01
   3.4978502466619910e-01
   3.7559956191548649e-01
   4.0201568244779667e-01
   4.2891650931326347e-01
   4.5614966304327326e-01
   4.8352430506318855e-01
   5.1080916807838705e-01
   5.3773204385507589e-01
   5.6398123428616631e-01
   5.8920945627879551e-01
   6.1304060355641055e-01
   6.3507959204184572e-01
   6.5492524434011956e-01
   6.7218581559568269e-01
   6.8649636386002721e-01
   6.9753678298971189e-01
   7.0504902109998935e-01
   7.0885187925608006e-01
   7.0885187925607984e-01
   7.0504902109998879e-01
   6.9753678298971100e-01
   6.8649636386002599e-01
   6.7218581559568114e-01
   6.5492524434011767e-01
   6.3507959204184372e-01
   6.1304060355640833e-01
   5.8920945627879306e-01
   5.6398123428616398e-01
   5.3773204385507345e-01
   5.1080916807838461e-01
   4.8352430506318622e-01
   4.5614966304327098e-01
   4.2891650931326125e-01
   4.0201568244779451e-01
   3.7559956191548444e-01
   3.4978502466619715e-01
   3.2465698393799486e-01
   3.0027218433478076e-01
   2.7666300678167316e-01
   2.5384110944202626e-01
   2.3180079201387271e-01
   2.1052201969942719e-01
   1.8997308002215299e-01
   1.7011287200252007e-01
   1.5089284486285140e-01
   1.3225861432562425e-01
   1.1415129044373867e-01
   9.6508553236055478e-02
   7.9265512387066209e-02
   6.2355385822504883e-02
   3.7077887351918061e-02
   3.3334571885190070e-03
  -3.0396028925297278e-02
  -6.4261226990980719e-02
  -9.8409218180886965e-02
  -1.3297934388550617e-01
  -1.6809862114460999e-01
  -2.0387653025247734e-01
  -2.4039898783446825e-01
  -2.7772135792062647e-01
  -3.1586041972862489e-01
  -3.5478531523712642e-01
  -3.9440765415440227e-01
  -4.3457116872196511e-01
  -4.7504158984512956e-01
  -5.1549775036098877e-01
  -5.5552528064545004e-01
  -5.9461458638898712e-01
  -6.3216499415105809e-01
  -6.6749689405733625e-01
  -6.9987327021801582e-01
  -7.2853109277314454e-01
  -7.5272164970950795e-01
  -7.7175717202915950e-01
  -7.8505937814551174e-01
  -7.9220428975928736e-01
  -7.9295731516608003e-01
  -7.8729344805480839e-01
  -7.7539945318029924e-01
  -7.5765769361520752e-01
  -7.3461412351378275e-01
  -7.0693522081190907e-01
  -6.7535977770917666e-01
  -6.4065137703465336e-01
  -6.0355628526417249e-01
  -5.6476982764682493e-01
  -5.2491255026945771e-01
  -4.8451598132326812e-01
  -4.4401677048427451e-01
  -4.0375744089972226e-01
  -3.7411470390436669e-01
  -3.5520205018228695e-01
  -3.3696037603583417e-01
  -3.1943723553546638e-01
  -3.0266608862238270e-01
  -2.8666832618111049e-01
  -2.7145516922887913e-01
  -2.5702940978537114e-01
  -2.4338697689972730e-01
  -2.3051832321846710e-01
  -2.1840963595685889e-01
  -2.0704388181499692e-01
  -1.9640169886170158e-01
  -1.8646215023230761e-01
  -1.7720335510509025e-01
  -1.6860301220390814e-01
  -1.6063883030956710e-01
  -1.5328887916713665e-01
  -1.4653187291024444e-01
  -1.4034739679859032e-01
  -1.3471608675751121e-01
  -1.2961976996682575e-01
  -1.2504157359862167e-01
  -1.2096600776392966e-01
  -1.1737902780018307e-01
  -1.1426808021218786e-01
  -1.1162213586202308e-01
  -1.0943171337840060e-01
  -1.0768889521281660e-01
  -1.0638733829714599e-01
  -1.0552228084400658e-01
  -1.0509054646640037e-01
  -1.0509054646640037e-01
  -1.0552228084400660e-01
  -1.0638733829714600e-01
  -1.0768889521281660e-01
  -1.0943171337840062e-01
  -1.1162213586202308e-01
  -1.1426808021218786e-01
  -1.1737902780018307e-01
  -1.2096600776392967e-01
  -1.2504157359862167e-01
  -1.2961976996682575e-01
  -1.3471608675751121e-01
  -1.4034739679859032e-01
  -1.4653187291024447e-01
  -1.5328887916713665e-01
  -1.6063883030956713e-01
  -1.6860301220390814e-01
  -1.7720335510509025e-01
  -1.8646215023230767e-01
  -1.9640169886170158e-01
  -2.0704388181499692e-01
  -2.1840963595685892e-01
  -2.3051832321846710e-01
  -2.4338697689972735e-01
  -2.5702940978537114e-01
  -2.7145516922887913e-01
  -2.8666832618111049e-01
  -3.0266608862238276e-01
  -3.1943723553546649e-01
  -3.3696037603583417e-01
  -3.5520205018228701e-01
  -3.7411470390436669e-01
