   5.7758413239443598e-02
   7.4884203577166589e-02
   9.2335892970660582e-02
   1.1018423758066005e-01
   1.2849823265052140e-01
   1.4734444753773804e-01
   1.6678617481713856e-01
   1.8688235566002040e-01
   2.0768624161347732e-01
   2.2924375215390994e-01
   2.5159148892769945e-01
   2.7475437268854125e-01
   2.9874287920313775e-01
   3.2354986776313405e-01
   3.4914702259498603e-01
   3.7548096562416233e-01
   4.0246915060693333e-01
   4.2999571451898200e-01
   4.5790754138229206e-01
   4.8601088257172170e-01
   5.1406896805075908e-01
   5.4180112170881389e-01
   5.6888394219682104e-01
   5.9495510497483239e-01
   6.1962025673857901e-01
   6.4246328904936378e-01
   6.6305998478516481e-01
   6.8099464044162028e-01
   6.9587881810050256e-01
   7.0737094013781066e-01
   7.1519509489353950e-01
   7.1915726233050525e-01
   7.1915726233050492e-01
   7.1519509489353850e-01
   7.0737094013780888e-01
   6.9587881810050012e-01
   6.8099464044161706e-01
   6.6305998478516093e-01
   6.4246328904935968e-01
   6.1962025673857435e-01
   5.9495510497482762e-01
   5.6888394219681615e-01
   5.4180112170880901e-01
   5.1406896805075419e-01
   4.8601088257171682e-01
   4.5790754138228740e-01
   4.2999571451897750e-01
   4.0246915060692906e-01
   3.7548096562415822e-01
   3.4914702259498215e-01
   3.2354986776313044e-01
   2.9874287920313436e-01
   2.7475437268853820e-01
   2.5159148892769667e-01
   2.2924375215390741e-01
   2.0768624161347510e-01
   1.8688235566001846e-01
   1.6678617481713690e-01
   1.4734444753773662e-01
   1.2849823265052027e-01
   1.1018423758065915e-01
   9.2335892970659930e-02
   7.4884203577166214e-02
   5.7758413239443473e-02
   3.2136895776077951e-02
  -2.0861945851665072e-03
  -3.6318938672677679e-02
  -7.0718791246265997e-02
  -1.0543882296211683e-01
  -1.4062333097868290e-01
  -1.7640296001257441e-01
  -2.1288911116904458e-01
  -2.5016744077354891e-01
  -2.8829029697290320e-01
  -3.2726801878255285e-01
  -3.6705914339428602e-01
  -4.0755974635993253e-01
  -4.4859238653787903e-01
  -4.8989544616716579e-01
  -5.3111403281491953e-01
  -5.7179400504501232e-01
  -6.1138102313776888e-01
  -6.4922669676553835e-01
  -6.8460376005649071e-01
  -7.1673160775548295e-01
  -7.4481238483289958e-01
  -7.6807617015728447e-01
  -7.8583185104843267e-01
  -7.9751846325890485e-01
  -8.0275060410394183e-01
  -8.0135150291707113e-01
  -7.9336868666613514e-01
  -7.7906973763988241e-01
  -7.5891882747713624e-01
  -7.3353772545512919e-01
  -7.0365707987319670e-01
  -6.7006454089031076e-01
  -6.3355574068183040e-01
  -5.9489263732016895e-01
  -5.5477179436548796e-01
  -5.1380330751690573e-01
  -4.7249963776916221e-01
  -4.3127270299140741e-01
  -3.9043719021669154e-01
  -3.6045636482692278e-01
  -3.4141873718137494e-01
  -3.2313671321361170e-01
  -3.0564551078586288e-01
  -2.8896712210190295e-01
  -2.7311243536653607e-01
  -2.5808317335102515e-01
  -2.4387363075429089e-01
  -2.3047220604749452e-01
  -2.1786273320038133e-01
  -2.0602562508750269e-01
  -1.9493884419902929e-01
  -1.8457871818560417e-01
  -1.7492061829445613e-01
  -1.6593951834168119e-01
  -1.5761045085088418e-01
  -1.4990887562345254e-01
  -1.4281097447256544e-01
  -1.3629388427791847e-01
  -1.3033587898468643e-01
  -1.2491650973026394e-01
  -1.2001671096461790e-01
  -1.1561887924731393e-01
  -1.1170693035816856e-01
  -1.0826633944369633e-01
  -1.0528416812844962e-01
  -1.0274908183704765e-01
  -1.0065135998621411e-01
  -9.8982901203392745e-02
  -9.7737225296767274e-02
  -9.6909473328696968e-02
  -9.6496406819377323e-02
  -9.6496406819377323e-02
  -9.6909473328696968e-02
  -9.7737225296767274e-02
  -9.8982901203392745e-02
  -1.0065135998621411e-01
  -1.0274908183704766e-01
  -1.0528416812844964e-01
  -1.0826633944369635e-01
  -1.1170693035816857e-01
  -1.1561887924731395e-01
  -1.2001671096461794e-01
  -1.2491650973026396e-01
  -1.3033587898468643e-01
  -1.3629388427791847e-01
  -1.4281097447256547e-01
  -1.4990887562345256e-01
  -1.5761045085088421e-01
  -1.6593951834168125e-01
  -1.7492061829445618e-01
  -1.8457871818560423e-01
  -1.9493884419902938e-01
  -2.0602562508750277e-01
  -2.1786273320038138e-01
  -2.3047220604749460e-01
  -2.4387363075429097e-01
  -2.5808317335102521e-01
  -2.7311243536653618e-01
  -2.8896712210190306e-01
  -3.0564551078586299e-01
  -3.2313671321361181e-01
  -3.4141873718137494e-01
  -3.6045636482692278e-01
