   4.3242428203302874e-02
   4.8419034197809185e-02
   5.4471985411532343e-02
   6.1510181393853766e-02
   6.9659955386011246e-02
   7.9067150132327527e-02
   8.9899440969491304e-02
   1.0234889589137765e-01
   1.1663474102561033e-01
   1.3300626590930914e-01
   1.5174574989141656e-01
   1.7317121000050195e-01
   1.9763864916529836e-01
   2.2554330460344604e-01
   2.5731913692361202e-01
   2.9343543310873615e-01
   3.3438889025125695e-01
   3.8068887553219055e-01
   4.3283271760558434e-01
   4.9126692939848138e-01
   5.5632936918974984e-01
   6.2816691933663915e-01
   7.0662407193262022e-01
   7.9110113135492444e-01
   8.8038833236665115e-01
   9.7249579222128113e-01
   1.0645192289824916e+00
   1.1526041011936483e+00
   1.2320853931340547e+00
   1.2978682143414233e+00
   1.3450574260993085e+00
   1.3697432938401217e+00
   1.3697432938401195e+00
   1.3450574260993022e+00
   1.2978682143414135e+00
   1.2320853931340421e+00
   1.1526041011936339e+00
   1.0645192289824761e+00
   9.7249579222126514e-01
   8.8038833236663561e-01
   7.9110113135490956e-01
   7.0662407193260623e-01
   6.2816691933662616e-01
   5.5632936918973808e-01
   4.9126692939847083e-01
   4.3283271760557479e-01
   3.8068887553218211e-01
   3.3438889025124952e-01
   2.9343543310872960e-01
   2.5731913692360625e-01
   2.2554330460344099e-01
   1.9763864916529403e-01
   1.7317121000049818e-01
   1.5174574989141335e-01
   1.3300626590930636e-01
   1.1663474102560796e-01
   1.0234889589137565e-01
   8.9899440969489652e-02
   7.9067150132326181e-02
   6.9659955386010178e-02
   6.1510181393852954e-02
   5.4471985411531781e-02
   4.8419034197808859e-02
   4.3242428203302763e-02
   3.6570408351519548e-02
   2.8307397703386843e-02
   2.0576829199039436e-02
   1.3233451829552047e-02
   6.1391520675331364e-03
  -8.3958082357242080e-04
  -7.8341190800061342e-03
  -1.4976127514191967e-02
  -2.2399999153949156e-02
  -3.0245333143848193e-02
  -3.8659491833866258e-02
  -4.7800272229687302e-02
  -5.7838723673201121e-02
  -6.8962137785039901e-02
  -8.1377226796863211e-02
  -9.5313490083138608e-02
  -1.1102674244753319e-01
  -1.2880273630587841e-01
  -1.4896074569344145e-01
  -1.7185688199182050e-01
  -1.9788676385336990e-01
  -2.2748694561546157e-01
  -2.6113419138665794e-01
  -2.9934123133941393e-01
  -3.4264701512615098e-01
  -3.9159865540922867e-01
  -4.4672123624202092e-01
  -5.0847053445584012e-01
  -5.7716273021478626e-01
  -6.5287494648153943e-01
  -7.3531203942707601e-01
  -8.2364019028776392e-01
  -9.1629875804978567e-01
  -1.0108203912863107e+00
  -1.1037147675767391e+00
  -1.1904963229733132e+00
  -1.2659439837238275e+00
  -1.3246470489754103e+00
  -1.3618001245898328e+00
  -1.3740803673426571e+00
  -1.3638379209441009e+00
  -1.3329381770020077e+00
  -1.2805717707539110e+00
  -1.2109604477492175e+00
  -1.1290902459582739e+00
  -1.0399597051588934e+00
  -9.4801758825920102e-01
  -8.5685266187670273e-01
  -7.6910793972284841e-01
  -6.8654836461663438e-01
  -6.1020781543528091e-01
  -5.4055922020291436e-01
  -4.7767393111353235e-01
  -4.2135474749814394e-01
  -3.7123875747734997e-01
  -3.2687240855708832e-01
  -2.8776372523052113e-01
  -2.5341699252642369e-01
  -2.2335463790567206e-01
  -1.9713012447473485e-01
  -1.7433474619922312e-01
  -1.5460042721519746e-01
  -1.3760000736982206e-01
  -1.2304603342288575e-01
  -1.1068874208675875e-01
  -1.0031368731180490e-01
  -9.1739303692479721e-02
  -8.4814589703364279e-02
  -7.9417022967374545e-02
  -7.5450773498301232e-02
  -7.2845251744663428e-02
  -7.1554010622824890e-02
  -7.1554010622824876e-02
  -7.2845251744663386e-02
  -7.5450773498301163e-02
  -7.9417022967374462e-02
  -8.4814589703364168e-02
  -9.1739303692479582e-02
  -1.0031368731180475e-01
  -1.1068874208675857e-01
  -1.2304603342288552e-01
  -1.3760000736982181e-01
  -1.5460042721519715e-01
  -1.7433474619922276e-01
  -1.9713012447473441e-01
  -2.2335463790567156e-01
  -2.5341699252642313e-01
  -2.8776372523052046e-01
  -3.2687240855708755e-01
  -3.7123875747734919e-01
  -4.2135474749814295e-01
  -4.7767393111353124e-01
  -5.4055922020291314e-01
  -6.1020781543527958e-01
  -6.8654836461663271e-01
  -7.6910793972284675e-01
  -8.5685266187670106e-01
  -9.4801758825919913e-01
  -1.0399597051588916e+00
  -1.1290902459582721e+00
  -1.2109604477492162e+00
  -1.2805717707539097e+00
  -1.3329381770020066e+00
  -1.3638379209441007e+00
