   3.5512779205272002e-02
   5.3473539927762916e-02
   7.1724054557299910e-02
   9.0360056960672508e-02
   1.0947644673297063e-01
   1.2916679186404026e-01
   1.4952262357417764e-01
   1.7063246708072599e-01
   1.9258054510910383e-01
   2.1544508416159214e-01
   2.3929614798893972e-01
   2.6419291998904193e-01
   2.9018035868969205e-01
   3.1728516120680922e-01
   3.4551099269320756e-01
   3.7483298029693402e-01
   4.0519153363511429e-01
   4.3648564575817700e-01
   4.6856595308970944e-01
   5.0122799036432386e-01
   5.3420626107533897e-01
   5.6716993916001934e-01
   5.9972119378647115e-01
   6.3139724100568029e-01
   6.6167721530480228e-01
   6.8999475765919016e-01
   7.1575678339903148e-01
   7.3836820769912082e-01
   7.5726151458508273e-01
   7.7192908056719745e-01
   7.8195530204494035e-01
   7.8704505715043060e-01
   7.8704505715043083e-01
   7.8195530204494101e-01
   7.7192908056719833e-01
   7.5726151458508417e-01
   7.3836820769912237e-01
   7.1575678339903337e-01
   6.8999475765919227e-01
   6.6167721530480472e-01
   6.3139724100568284e-01
   5.9972119378647371e-01
   5.6716993916002190e-01
   5.3420626107534153e-01
   5.0122799036432619e-01
   4.6856595308971177e-01
   4.3648564575817922e-01
   4.0519153363511634e-01
   3.7483298029693596e-01
   3.4551099269320934e-01
   3.1728516120681077e-01
   2.9018035868969350e-01
   2.6419291998904326e-01
   2.3929614798894089e-01
   2.1544508416159311e-01
   1.9258054510910472e-01
   1.7063246708072674e-01
   1.4952262357417825e-01
   1.2916679186404076e-01
   1.0947644673297105e-01
   9.0360056960672827e-02
   7.1724054557300132e-02
   5.3473539927763047e-02
   3.5512779205272044e-02
   8.5316038117980355e-03
  -2.7615071225736150e-02
  -6.3918156179863295e-02
  -1.0057902137382091e-01
  -1.3779074400551602e-01
  -1.7573268306085074e-01
  -2.1456410107813775e-01
  -2.5441650732863536e-01
  -2.9538443577408469e-01
  -3.3751444961781912e-01
  -3.8079230450365381e-01
  -4.2512843047144816e-01
  -4.7034223464413238e-01
  -5.1614620008279699e-01
  -5.6213135708024164e-01
  -6.0775638558688438e-01
  -6.5234326194526593e-01
  -6.9508280025745450e-01
  -7.3505339489713450e-01
  -7.7125545538478069e-01
  -8.0266222383086250e-01
  -8.2828488954157542e-01
  -8.4724654432890756e-01
  -8.5885634501635544e-01
  -8.6267331311943218e-01
  -8.5854944244277598e-01
  -8.4664457428260009e-01
  -8.2741034151732573e-01
  -8.0154609243973907e-01
  -7.6993448711666501e-01
  -7.3356715251433424e-01
  -6.9347092707702651e-01
  -6.5064322120399010e-01
  -6.0600181673232023e-01
  -5.6035106831705916e-01
  -5.1436372742094605e-01
  -4.6857584859163715e-01
  -4.2339145724197508e-01
  -3.7909363847726529e-01
  -3.3585915660586679e-01
  -3.0448760527336699e-01
  -2.8495180288804417e-01
  -2.6652974906524518e-01
  -2.4920163714995633e-01
  -2.3293927528690284e-01
  -2.1770832201251722e-01
  -2.0347014277930542e-01
  -1.9018333066002444e-01
  -1.7780493546877260e-01
  -1.6629144387475123e-01
  -1.5559954985066696e-01
  -1.4568675076051171e-01
  -1.3651180007512415e-01
  -1.2803504344769684e-01
  -1.2021866088959546e-01
  -1.1302683416915413e-01
  -1.0642585535819914e-01
  -1.0038418967735356e-01
  -9.4872503421065069e-02
  -8.9863665742345694e-02
  -8.5332731404699325e-02
  -8.1256910222468684e-02
  -7.7615527770174775e-02
  -7.4389981008791448e-02
  -7.1563691718642269e-02
  -6.9122060015204961e-02
  -6.7052419730052548e-02
  -6.5343997042649218e-02
  -6.3987873431259348e-02
  -6.2976953757181695e-02
  -6.2305940092674789e-02
  -6.1971311738071300e-02
  -6.1971311738071300e-02
  -6.2305940092674782e-02
  -6.2976953757181681e-02
  -6.3987873431259334e-02
  -6.5343997042649204e-02
  -6.7052419730052520e-02
  -6.9122060015204947e-02
  -7.1563691718642242e-02
  -7.4389981008791434e-02
  -7.7615527770174733e-02
  -8.1256910222468628e-02
  -8.5332731404699269e-02
  -8.9863665742345639e-02
  -9.4872503421065013e-02
  -1.0038418967735351e-01
  -1.0642585535819907e-01
  -1.1302683416915406e-01
  -1.2021866088959539e-01
  -1.2803504344769676e-01
  -1.3651180007512406e-01
  -1.4568675076051163e-01
  -1.5559954985066687e-01
  -1.6629144387475114e-01
  -1.7780493546877252e-01
  -1.9018333066002438e-01
  -2.0347014277930536e-01
  -2.1770832201251716e-01
  -2.3293927528690278e-01
  -2.4920163714995627e-01
  -2.6652974906524513e-01
  -2.8495180288804411e-01
  -3.0448760527336699e-01
