   7.4663559038273430e-02
   8.2780004992945008e-02
   9.1853599438419850e-02
   1.0198645067602904e-01
   1.1329154944219895e-01
   1.2589352325814929e-01
   1.3992931502965311e-01
   1.5554871630990913e-01
   1.7291465675327630e-01
   1.9220311256759334e-01
   2.1360244560956254e-01
   2.3731191834608242e-01
   2.6353904561545960e-01
   2.9249534040340863e-01
   3.2438988872367142e-01
   3.5942005439057956e-01
   3.9775848357567872e-01
   4.3953548259037439e-01
   4.8481583490428709e-01
   5.3356929214308546e-01
   5.8563444510426022e-01
   6.4067661719516944e-01
   6.9814199651533593e-01
   7.5721254794006931e-01
   8.1676924952673691e-01
   8.7537442948274191e-01
   9.3128642492989921e-01
   9.8251981206454209e-01
   1.0269601602100362e+00
   1.0625323671125522e+00
   1.0874068731739450e+00
   1.1002122469494835e+00
   1.1002122469494839e+00
   1.0874068731739464e+00
   1.0625323671125544e+00
   1.0269601602100393e+00
   9.8251981206454564e-01
   9.3128642492990310e-01
   8.7537442948274624e-01
   8.1676924952674135e-01
   7.5721254794007375e-01
   6.9814199651534026e-01
   6.4067661719517344e-01
   5.8563444510426399e-01
   5.3356929214308901e-01
   4.8481583490429042e-01
   4.3953548259037745e-01
   3.9775848357568155e-01
   3.5942005439058217e-01
   3.2438988872367375e-01
   2.9249534040341074e-01
   2.6353904561546149e-01
   2.3731191834608412e-01
   2.1360244560956404e-01
   1.9220311256759467e-01
   1.7291465675327750e-01
   1.5554871630991013e-01
   1.3992931502965403e-01
   1.2589352325815004e-01
   1.1329154944219955e-01
   1.0198645067602949e-01
   9.1853599438420183e-02
   8.2780004992945203e-02
   7.4663559038273514e-02
   6.3651787722344796e-02
   4.9646713798769740e-02
   3.6241582754399350e-02
   2.3275238278843213e-02
   1.0591052596958465e-02
  -1.9646499119390136e-03
  -1.4544190422401826e-02
  -2.7300141879985019e-02
  -4.0386933696048517e-02
  -5.3962444377413363e-02
  -6.8189567683252517e-02
  -8.3237730280048855e-02
  -9.9284326707085979e-02
  -1.1651601956595761e-01
  -1.3512982751907085e-01
  -1.5533388868844100e-01
  -1.7734773957126582e-01
  -2.0140188628411043e-01
  -2.2773636215572010e-01
  -2.5659786000673546e-01
  -2.8823489689920206e-01
  -3.2289031530890944e-01
  -3.6079025646758878e-01
  -4.0212858117163791e-01
  -4.4704560475162952e-01
  -4.9560003365666883e-01
  -5.4773326452479409e-01
  -6.0322590938091847e-01
  -6.6164776343555476e-01
  -7.2230465183538983e-01
  -7.8418877717050806e-01
  -8.4594311664271060e-01
  -9.0585426643425770e-01
  -9.6189026079470785e-01
  -1.0117979368259795e+00
  -1.0532660404568785e+00
  -1.0841447657111760e+00
  -1.1026925801404477e+00
  -1.1078039960495394e+00
  -1.0991663940282688e+00
  -1.0828708808012559e+00
  -1.0603269101675947e+00
  -1.0272031385172171e+00
  -9.8519924443035534e-01
  -9.3628365707065431e-01
  -8.8249591685158235e-01
  -8.2578012111390175e-01
  -7.6786670398653556e-01
  -7.1020577061784074e-01
  -6.5394514785771729e-01
  -5.9994137803768377e-01
  -5.4879119351483818e-01
  -5.0087289011925229e-01
  -4.5638990661018303e-01
  -4.1541176901121024e-01
  -3.7790985981975606e-01
  -3.4378708822016485e-01
  -3.1290153972491314e-01
  -2.8508472032282534e-01
  -2.6015523307741395e-01
  -2.3792875795983570e-01
  -2.1822513695328324e-01
  -2.0087325337787126e-01
  -1.8571427076164024e-01
  -1.7260368032709472e-01
  -1.6141250523922221e-01
  -1.5202792639926158e-01
  -1.4435352798849926e-01
  -1.3830930903059113e-01
  -1.3383156738564320e-01
  -1.3087273230294860e-01
  -1.2940119869185943e-01
  -1.2940119869185948e-01
  -1.3087273230294869e-01
  -1.3383156738564336e-01
  -1.3830930903059138e-01
  -1.4435352798849957e-01
  -1.5202792639926196e-01
  -1.6141250523922268e-01
  -1.7260368032709528e-01
  -1.8571427076164088e-01
  -2.0087325337787201e-01
  -2.1822513695328405e-01
  -2.3792875795983656e-01
  -2.6015523307741495e-01
  -2.8508472032282650e-01
  -3.1290153972491436e-01
  -3.4378708822016613e-01
  -3.7790985981975739e-01
  -4.1541176901121174e-01
  -4.5638990661018458e-01
  -5.0087289011925396e-01
  -5.4879119351484007e-01
  -5.9994137803768566e-01
  -6.5394514785771918e-01
  -7.1020577061784262e-01
  -7.6786670398653745e-01
  -8.2578012111390353e-01
  -8.8249591685158402e-01
  -9.3628365707065575e-01
  -9.8519924443035656e-01
  -1.0272031385172182e+00
  -1.0603269101675954e+00
  -1.0828708808012562e+00
