   4.6955984967551190e-01
   4.6955984967551262e-01
   4.6955984967551517e-01
   4.6955984967552050e-01
   4.6955984967552949e-01
   4.6955984967554382e-01
   4.6955984967556508e-01
   4.6955984967559489e-01
   4.6955984967563402e-01
   4.6955984967568287e-01
   4.6955984967574016e-01
   4.6955984967580344e-01
   4.6955984967586850e-01
   4.6955984967593029e-01
   4.6955984967598302e-01
   4.6955984967602155e-01
   4.6955984967604175e-01
   4.6955984967604114e-01
   4.6955984967601971e-01
   4.6955984967597997e-01
   4.6955984967592634e-01
   4.6955984967586384e-01
   4.6955984967579839e-01
   4.6955984967573516e-01
   4.6955984967567815e-01
   4.6955984967562980e-01
   4.6955984967559122e-01
   4.6955984967556214e-01
   4.6955984967554171e-01
   4.6955984967552811e-01
   4.6955984967551967e-01
   4.6955984967551484e-01
   4.6955984967551262e-01
   4.6955984967551190e-01
   4.6955984967551190e-01
   4.6955984967551156e-01
   4.6955984967551062e-01
   4.6955984967550951e-01
   4.6955984967550879e-01
   4.6955984967550918e-01
   4.6955984967551156e-01
   4.6955984967551700e-01
   4.6955984967552650e-01
   4.6955984967554093e-01
   4.6955984967556108e-01
   4.6955984967558728e-01
   4.6955984967561959e-01
   4.6955984967565761e-01
   4.6955984967570019e-01
   4.6955984967574615e-01
   4.6955984967579362e-01
   4.6955984967584086e-01
   4.6955984967588577e-01
   4.6955984967592651e-01
   4.6955984967596198e-01
   4.6955984967599107e-01
   4.6955984967601333e-01
   4.6955984967602893e-01
   4.6955984967603831e-01
   4.6955984967604247e-01
   4.6955984967604242e-01
   4.6955984967603948e-01
   4.6955984967603459e-01
   4.6955984967602893e-01
   4.6955984967602343e-01
   4.6955984967601894e-01
   4.6955984967601599e-01
   4.6955984967601494e-01
   4.6955984967601494e-01
   4.6955984967601427e-01
   4.6955984967601211e-01
   4.6955984967600772e-01
   4.6955984967599984e-01
   4.6955984967598702e-01
   4.6955984967596764e-01
   4.6955984967594050e-01
   4.6955984967590442e-01
   4.6955984967585979e-01
   4.6955984967580738e-01
   4.6955984967574987e-01
   4.6955984967569081e-01
   4.6955984967563480e-01
   4.6955984967558684e-01
   4.6955984967555187e-01
   4.6955984967553371e-01
   4.6955984967553432e-01
   4.6955984967555359e-01
   4.6955984967558939e-01
   4.6955984967563807e-01
   4.6955984967569447e-01
   4.6955984967575376e-01
   4.6955984967581110e-01
   4.6955984967586301e-01
   4.6955984967590703e-01
   4.6955984967594233e-01
   4.6955984967596892e-01
   4.6955984967598785e-01
   4.6955984967600034e-01
   4.6955984967600795e-01
   4.6955984967601222e-01
   4.6955984967601433e-01
   4.6955984967601494e-01
