   5.0061315952889340e-01
   4.9296676081511603e-01
   4.8476186755944600e-01
   4.7608273873239171e-01
   4.6701439672760764e-01
   4.5764124699233821e-01
   4.4804586470508184e-01
   4.3830796668827088e-01
   4.2850357625033531e-01
   4.1870437951461226e-01
   4.0897726434153187e-01
   3.9938402731579054e-01
   3.8998123041787919e-01
   3.8082018677376639e-01
   3.7194705404405093e-01
   3.6340301430209815e-01
   3.5522452038039720e-01
   3.4744359037315686e-01
   3.4008813404028199e-01
   3.3318229707221336e-01
   3.2674681139728684e-01
   3.2079934183372605e-01
   3.1535482133299997e-01
   3.1042576878561706e-01
   3.0602258484369527e-01
   3.0215382245385802e-01
   2.9882642979890206e-01
   2.9604596413540463e-01
   2.9381677561018743e-01
   2.9214216056703957e-01
   2.9102448414278426e-01
   2.9046527212471657e-01
   2.9046527212471651e-01
   2.9102448414278426e-01
   2.9214216056703957e-01
   2.9381677561018743e-01
   2.9604596413540468e-01
   2.9882642979890212e-01
   3.0215382245385808e-01
   3.0602258484369538e-01
   3.1042576878561717e-01
   3.1535482133300002e-01
   3.2079934183372610e-01
   3.2674681139728690e-01
   3.3318229707221342e-01
   3.4008813404028204e-01
   3.4744359037315692e-01
   3.5522452038039726e-01
   3.6340301430209826e-01
   3.7194705404405104e-01
   3.8082018677376650e-01
   3.8998123041787935e-01
   3.9938402731579065e-01
   4.0897726434153192e-01
   4.1870437951461237e-01
   4.2850357625033542e-01
   4.3830796668827093e-01
   4.4804586470508190e-01
   4.5764124699233827e-01
   4.6701439672760769e-01
   4.7608273873239182e-01
   4.8476186755944611e-01
   4.9296676081511615e-01
   5.0061315952889351e-01
   5.1125230098806795e-01
   5.2473595018094965e-01
   5.3726349131566364e-01
   5.4866914061065386e-01
   5.5879316749143848e-01
   5.6748661996285832e-01
   5.7461611361384846e-01
   5.8006842244449475e-01
   5.8375459360333071e-01
   5.8561331704612307e-01
   5.8561331704612307e-01
   5.8375459360333060e-01
   5.8006842244449464e-01
   5.7461611361384823e-01
   5.6748661996285799e-01
   5.5879316749143826e-01
   5.4866914061065364e-01
   5.3726349131566331e-01
   5.2473595018094921e-01
   5.1125230098806740e-01
   5.0061315952889307e-01
   4.9296676081511587e-01
   4.8476186755944595e-01
   4.7608273873239182e-01
   4.6701439672760786e-01
   4.5764124699233855e-01
   4.4804586470508234e-01
   4.3830796668827154e-01
   4.2850357625033619e-01
   4.1870437951461326e-01
   4.0897726434153298e-01
   3.9938402731579176e-01
   3.8998123041788063e-01
   3.8082018677376789e-01
   3.7194705404405248e-01
   3.6340301430209987e-01
   3.5522452038039898e-01
   3.4744359037315869e-01
   3.4008813404028387e-01
   3.3318229707221531e-01
   3.2674681139728889e-01
   3.2079934183372816e-01
   3.1535482133300213e-01
   3.1042576878561923e-01
   3.0602258484369754e-01
   3.0215382245386035e-01
   2.9882642979890434e-01
   2.9604596413540696e-01
   2.9381677561018976e-01
   2.9214216056704195e-01
   2.9102448414278664e-01
   2.9046527212471895e-01
   2.9046527212471895e-01
   2.9102448414278670e-01
   2.9214216056704206e-01
   2.9381677561018987e-01
   2.9604596413540712e-01
   2.9882642979890456e-01
   3.0215382245386058e-01
   3.0602258484369776e-01
   3.1042576878561950e-01
   3.1535482133300241e-01
   3.2079934183372844e-01
   3.2674681139728917e-01
   3.3318229707221558e-01
   3.4008813404028415e-01
   3.4744359037315897e-01
   3.5522452038039926e-01
   3.6340301430210009e-01
   3.7194705404405271e-01
   3.8082018677376811e-01
   3.8998123041788080e-01
   3.9938402731579198e-01
   4.0897726434153320e-01
   4.1870437951461342e-01
   4.2850357625033636e-01
   4.3830796668827171e-01
   4.4804586470508245e-01
   4.5764124699233866e-01
   4.6701439672760797e-01
   4.7608273873239193e-01
   4.8476186755944600e-01
   4.9296676081511587e-01
   5.0061315952889307e-01
