   5.2174390523970626e-01
   5.0998012942289306e-01
   4.9760331113858591e-01
   4.8474794825006012e-01
   4.7154440779633355e-01
   4.5811694476472065e-01
   4.4458217182729937e-01
   4.3104796641154125e-01
   4.1761278235434546e-01
   4.0436532032066363e-01
   3.9138450370458139e-01
   3.7873970404330143e-01
   3.6649116104690865e-01
   3.5469054613176915e-01
   3.4338162387447663e-01
   3.3260097225267299e-01
   3.2237872925839128e-01
   3.1273933998289327e-01
   3.0370228426137447e-01
   2.9528277024550642e-01
   2.8749238375863390e-01
   2.8033968697450196e-01
   2.7383076288794611e-01
   2.6796970428767658e-01
   2.6275904758481033e-01
   2.5820015298796228e-01
   2.5429353323506221e-01
   2.5103913347455448e-01
   2.4843656500527750e-01
   2.4648529549548806e-01
   2.4518479805724580e-01
   2.4453466119340089e-01
   2.4453466119340089e-01
   2.4518479805724580e-01
   2.4648529549548809e-01
   2.4843656500527761e-01
   2.5103913347455459e-01
   2.5429353323506237e-01
   2.5820015298796245e-01
   2.6275904758481056e-01
   2.6796970428767686e-01
   2.7383076288794639e-01
   2.8033968697450218e-01
   2.8749238375863423e-01
   2.9528277024550670e-01
   3.0370228426137480e-01
   3.1273933998289360e-01
   3.2237872925839162e-01
   3.3260097225267327e-01
   3.4338162387447690e-01
   3.5469054613176948e-01
   3.6649116104690888e-01
   3.7873970404330165e-01
   3.9138450370458167e-01
   4.0436532032066380e-01
   4.1761278235434568e-01
   4.3104796641154142e-01
   4.4458217182729948e-01
   4.5811694476472076e-01
   4.7154440779633366e-01
   4.8474794825006023e-01
   4.9760331113858602e-01
   5.0998012942289306e-01
   5.2174390523970626e-01
   5.3847047146119198e-01
   5.5991580592065771e-01
   5.8006453012909087e-01
   5.9860351343312801e-01
   6.1521970279286742e-01
   6.2961155604637031e-01
   6.4150144401121412e-01
   6.5064821312438847e-01
   6.5685895081052181e-01
   6.5999894972772233e-01
   6.5999894972772233e-01
   6.5685895081052192e-01
   6.5064821312438870e-01
   6.4150144401121467e-01
   6.2961155604637087e-01
   6.1521970279286797e-01
   5.9860351343312868e-01
   5.8006453012909165e-01
   5.5991580592065848e-01
   5.3847047146119276e-01
   5.2174390523970726e-01
   5.0998012942289417e-01
   4.9760331113858719e-01
   4.8474794825006146e-01
   4.7154440779633500e-01
   4.5811694476472220e-01
   4.4458217182730098e-01
   4.3104796641154292e-01
   4.1761278235434718e-01
   4.0436532032066547e-01
   3.9138450370458328e-01
   3.7873970404330326e-01
   3.6649116104691054e-01
   3.5469054613177103e-01
   3.4338162387447851e-01
   3.3260097225267482e-01
   3.2237872925839312e-01
   3.1273933998289510e-01
   3.0370228426137630e-01
   2.9528277024550820e-01
   2.8749238375863573e-01
   2.8033968697450373e-01
   2.7383076288794789e-01
   2.6796970428767830e-01
   2.6275904758481206e-01
   2.5820015298796395e-01
   2.5429353323506382e-01
   2.5103913347455609e-01
   2.4843656500527905e-01
   2.4648529549548959e-01
   2.4518479805724730e-01
   2.4453466119340236e-01
   2.4453466119340234e-01
   2.4518479805724727e-01
   2.4648529549548950e-01
   2.4843656500527900e-01
   2.5103913347455592e-01
   2.5429353323506371e-01
   2.5820015298796378e-01
   2.6275904758481183e-01
   2.6796970428767808e-01
   2.7383076288794761e-01
   2.8033968697450340e-01
   2.8749238375863539e-01
   2.9528277024550786e-01
   3.0370228426137591e-01
   3.1273933998289472e-01
   3.2237872925839273e-01
   3.3260097225267443e-01
   3.4338162387447818e-01
   3.5469054613177070e-01
   3.6649116104691021e-01
   3.7873970404330293e-01
   3.9138450370458300e-01
   4.0436532032066519e-01
   4.1761278235434701e-01
   4.3104796641154275e-01
   4.4458217182730081e-01
   4.5811694476472203e-01
   4.7154440779633489e-01
   4.8474794825006134e-01
   4.9760331113858708e-01
   5.0998012942289406e-01
   5.2174390523970726e-01
