   5.3189277732587625e-01
   5.1668355655874532e-01
   5.0092687509874756e-01
   4.8479425652847863e-01
   4.6844641747070515e-01
   4.5203133437894311e-01
   4.3568302384702823e-01
   4.1952095491414215e-01
   4.0364999517214128e-01
   3.8816078644258817e-01
   3.7313044801683981e-01
   3.5862351348498472e-01
   3.4469301876748759e-01
   3.3138167223610610e-01
   3.1872305134191459e-01
   3.0674278296663654e-01
   2.9545967616652963e-01
   2.8488678577623761e-01
   2.7503239339722851e-01
   2.6590089867696709e-01
   2.5749361864801307e-01
   2.4980949644440023e-01
   2.4284572316362410e-01
   2.3659827820688084e-01
   2.3106239429870626e-01
   2.2623295372482272e-01
   2.2210482227106151e-01
   2.1867312700714861e-01
   2.1593348352309422e-01
   2.1388217755806285e-01
   2.1251630520951045e-01
   2.1183387510747359e-01
   2.1183387510747359e-01
   2.1251630520951048e-01
   2.1388217755806282e-01
   2.1593348352309422e-01
   2.1867312700714858e-01
   2.2210482227106149e-01
   2.2623295372482269e-01
   2.3106239429870623e-01
   2.3659827820688081e-01
   2.4284572316362407e-01
   2.4980949644440018e-01
   2.5749361864801307e-01
   2.6590089867696709e-01
   2.7503239339722846e-01
   2.8488678577623755e-01
   2.9545967616652957e-01
   3.0674278296663654e-01
   3.1872305134191453e-01
   3.3138167223610604e-01
   3.4469301876748754e-01
   3.5862351348498472e-01
   3.7313044801683981e-01
   3.8816078644258811e-01
   4.0364999517214123e-01
   4.1952095491414210e-01
   4.3568302384702806e-01
   4.5203133437894299e-01
   4.6844641747070509e-01
   4.8479425652847852e-01
   5.0092687509874745e-01
   5.1668355655874521e-01
   5.3189277732587614e-01
   5.5388521676228830e-01
   5.8233787272279203e-01
   6.0930996893807976e-01
   6.3434125088017190e-01
   6.5695704405874866e-01
   6.7668751849188979e-01
   6.9308989950728161e-01
   7.0577207521313456e-01
   7.1441555661290967e-01
   7.1879548820254446e-01
   7.1879548820254424e-01
   7.1441555661290956e-01
   7.0577207521313434e-01
   6.9308989950728117e-01
   6.7668751849188946e-01
   6.5695704405874822e-01
   6.3434125088017135e-01
   6.0930996893807921e-01
   5.8233787272279158e-01
   5.5388521676228786e-01
   5.3189277732587581e-01
   5.1668355655874487e-01
   5.0092687509874712e-01
   4.8479425652847813e-01
   4.6844641747070476e-01
   4.5203133437894266e-01
   4.3568302384702773e-01
   4.1952095491414171e-01
   4.0364999517214084e-01
   3.8816078644258772e-01
   3.7313044801683942e-01
   3.5862351348498434e-01
   3.4469301876748715e-01
   3.3138167223610565e-01
   3.1872305134191414e-01
   3.0674278296663621e-01
   2.9545967616652929e-01
   2.8488678577623722e-01
   2.7503239339722818e-01
   2.6590089867696681e-01
   2.5749361864801273e-01
   2.4980949644439990e-01
   2.4284572316362385e-01
   2.3659827820688059e-01
   2.3106239429870601e-01
   2.2623295372482247e-01
   2.2210482227106129e-01
   2.1867312700714839e-01
   2.1593348352309405e-01
   2.1388217755806266e-01
   2.1251630520951029e-01
   2.1183387510747342e-01
   2.1183387510747342e-01
   2.1251630520951031e-01
   2.1388217755806271e-01
   2.1593348352309411e-01
   2.1867312700714847e-01
   2.2210482227106140e-01
   2.2623295372482258e-01
   2.3106239429870615e-01
   2.3659827820688076e-01
   2.4284572316362402e-01
   2.4980949644440015e-01
   2.5749361864801301e-01
   2.6590089867696703e-01
   2.7503239339722846e-01
   2.8488678577623755e-01
   2.9545967616652957e-01
   3.0674278296663654e-01
   3.1872305134191453e-01
   3.3138167223610598e-01
   3.4469301876748754e-01
   3.5862351348498461e-01
   3.7313044801683970e-01
   3.8816078644258800e-01
   4.0364999517214112e-01
   4.1952095491414193e-01
   4.3568302384702795e-01
   4.5203133437894277e-01
   4.6844641747070492e-01
   4.8479425652847824e-01
   5.0092687509874723e-01
   5.1668355655874498e-01
   5.3189277732587592e-01
