   5.1298244018721573e-01
   4.7864094473436308e-01
   4.4569958658829956e-01
   4.1432360921343969e-01
   3.8461832897404225e-01
   3.5663992167611708e-01
   3.3040534679761635e-01
   3.0590112583601575e-01
   2.8309087149955081e-01
   2.6192158447999442e-01
   2.4232880706890308e-01
   2.2424076064125203e-01
   2.0758160799721403e-01
   1.9227398035795934e-01
   1.7824089880378724e-01
   1.6540720552508134e-01
   1.5370060430868768e-01
   1.4305239396657726e-01
   1.3339796391313855e-01
   1.2467710827826305e-01
   1.1683420394634141e-01
   1.0981828868551886e-01
   1.0358306792387625e-01
   9.8086872541188558e-02
   9.3292585067645498e-02
   8.9167547714613327e-02
   8.5683462526453036e-02
   8.2816291478813725e-02
   8.0546162423140014e-02
   7.8857285276399472e-02
   7.7737881685191190e-02
   7.7180130476315112e-02
   7.7180130476315112e-02
   7.7737881685191190e-02
   7.8857285276399472e-02
   8.0546162423140027e-02
   8.2816291478813739e-02
   8.5683462526453050e-02
   8.9167547714613327e-02
   9.3292585067645525e-02
   9.8086872541188572e-02
   1.0358306792387628e-01
   1.0981828868551889e-01
   1.1683420394634143e-01
   1.2467710827826309e-01
   1.3339796391313857e-01
   1.4305239396657732e-01
   1.5370060430868773e-01
   1.6540720552508137e-01
   1.7824089880378727e-01
   1.9227398035795937e-01
   2.0758160799721403e-01
   2.2424076064125201e-01
   2.4232880706890303e-01
   2.6192158447999436e-01
   2.8309087149955076e-01
   3.0590112583601570e-01
   3.3040534679761629e-01
   3.5663992167611697e-01
   3.8461832897404225e-01
   4.1432360921343969e-01
   4.4569958658829961e-01
   4.7864094473436308e-01
   5.1298244018721584e-01
   5.6690056311313808e-01
   6.3990575289468177e-01
   7.1254451451723011e-01
   7.8337524105175593e-01
   8.5055812105303985e-01
   9.1191295706032072e-01
   9.6504712966131612e-01
   1.0075567508772594e+00
   1.0372840507310648e+00
   1.0525908151611356e+00
   1.0525908151611352e+00
   1.0372840507310637e+00
   1.0075567508772576e+00
   9.6504712966131379e-01
   9.1191295706031783e-01
   8.5055812105303663e-01
   7.8337524105175260e-01
   7.1254451451722678e-01
   6.3990575289467833e-01
   5.6690056311313464e-01
   5.1298244018721273e-01
   4.7864094473436014e-01
   4.4569958658829673e-01
   4.1432360921343708e-01
   3.8461832897403969e-01
   3.5663992167611469e-01
   3.3040534679761413e-01
   3.0590112583601364e-01
   2.8309087149954887e-01
   2.6192158447999259e-01
   2.4232880706890136e-01
   2.2424076064125043e-01
   2.0758160799721256e-01
   1.9227398035795798e-01
   1.7824089880378596e-01
   1.6540720552508012e-01
   1.5370060430868654e-01
   1.4305239396657621e-01
   1.3339796391313755e-01
   1.2467710827826212e-01
   1.1683420394634052e-01
   1.0981828868551802e-01
   1.0358306792387546e-01
   9.8086872541187795e-02
   9.3292585067644790e-02
   8.9167547714612619e-02
   8.5683462526452356e-02
   8.2816291478813073e-02
   8.0546162423139375e-02
   7.8857285276398847e-02
   7.7737881685190552e-02
   7.7180130476314487e-02
   7.7180130476314487e-02
   7.7737881685190552e-02
   7.8857285276398834e-02
   8.0546162423139347e-02
   8.2816291478813045e-02
   8.5683462526452328e-02
   8.9167547714612563e-02
   9.3292585067644734e-02
   9.8086872541187739e-02
   1.0358306792387541e-01
   1.0981828868551795e-01
   1.1683420394634043e-01
   1.2467710827826201e-01
   1.3339796391313744e-01
   1.4305239396657607e-01
   1.5370060430868640e-01
   1.6540720552507998e-01
   1.7824089880378585e-01
   1.9227398035795787e-01
   2.0758160799721248e-01
   2.2424076064125037e-01
   2.4232880706890131e-01
   2.6192158447999259e-01
   2.8309087149954881e-01
   3.0590112583601364e-01
   3.3040534679761413e-01
   3.5663992167611469e-01
   3.8461832897403975e-01
   4.1432360921343703e-01
   4.4569958658829673e-01
   4.7864094473436014e-01
   5.1298244018721273e-01
