   5.3744894338381266e-01
   5.1605725908057420e-01
   4.9446376914891588e-01
   4.7288490299333336e-01
   4.5151030406233017e-01
   4.3050270955613423e-01
   4.0999880854092469e-01
   3.9011081442001216e-01
   3.7092851367368185e-01
   3.5252158888553453e-01
   3.3494205385212256e-01
   3.1822667742556637e-01
   3.0239930778884783e-01
   2.8747303863099805e-01
   2.7345218271684046e-01
   2.6033403684884171e-01
   2.4811043580032607e-01
   2.3676910223985684e-01
   2.2629480578012245e-01
   2.1667034783295411e-01
   2.0787739059946259e-01
   1.9989714882090215e-01
   1.9271096229870693e-01
   1.8630076599562334e-01
   1.8064947300098413e-01
   1.7574128395758806e-01
   1.7156193482483709e-01
   1.6809889316925644e-01
   1.6534151157382068e-01
   1.6328114526297335e-01
   1.6191123965576493e-01
   1.6122739227870814e-01
   1.6122739227870814e-01
   1.6191123965576498e-01
   1.6328114526297341e-01
   1.6534151157382077e-01
   1.6809889316925655e-01
   1.7156193482483723e-01
   1.7574128395758823e-01
   1.8064947300098433e-01
   1.8630076599562356e-01
   1.9271096229870718e-01
   1.9989714882090243e-01
   2.0787739059946289e-01
   2.1667034783295444e-01
   2.2629480578012282e-01
   2.3676910223985723e-01
   2.4811043580032652e-01
   2.6033403684884215e-01
   2.7345218271684102e-01
   2.8747303863099860e-01
   3.0239930778884844e-01
   3.1822667742556693e-01
   3.3494205385212311e-01
   3.5252158888553503e-01
   3.7092851367368229e-01
   3.9011081442001255e-01
   4.0999880854092502e-01
   4.3050270955613457e-01
   4.5151030406233045e-01
   4.7288490299333363e-01
   4.9446376914891610e-01
   5.1605725908057432e-01
   5.3744894338381277e-01
   5.6926045218428600e-01
   6.1104706190134850e-01
   6.5127733663492005e-01
   6.8918732509709102e-01
   7.2394151786273131e-01
   7.5466968861311323e-01
   7.8051518160111011e-01
   8.0069139815361379e-01
   8.1454090279544245e-01
   8.2158983449654710e-01
   8.2158983449654743e-01
   8.1454090279544344e-01
   8.0069139815361556e-01
   7.8051518160111255e-01
   7.5466968861311634e-01
   7.2394151786273486e-01
   6.8918732509709502e-01
   6.5127733663492426e-01
   6.1104706190135294e-01
   5.6926045218429067e-01
   5.3744894338381755e-01
   5.1605725908057909e-01
   4.9446376914892093e-01
   4.7288490299333852e-01
   4.5151030406233528e-01
   4.3050270955613934e-01
   4.0999880854092974e-01
   3.9011081442001710e-01
   3.7092851367368668e-01
   3.5252158888553931e-01
   3.3494205385212722e-01
   3.1822667742557087e-01
   3.0239930778885227e-01
   2.8747303863100226e-01
   2.7345218271684457e-01
   2.6033403684884565e-01
   2.4811043580032990e-01
   2.3676910223986056e-01
   2.2629480578012606e-01
   2.1667034783295760e-01
   2.0787739059946594e-01
   1.9989714882090540e-01
   1.9271096229871010e-01
   1.8630076599562639e-01
   1.8064947300098716e-01
   1.7574128395759098e-01
   1.7156193482483995e-01
   1.6809889316925927e-01
   1.6534151157382349e-01
   1.6328114526297610e-01
   1.6191123965576767e-01
   1.6122739227871086e-01
   1.6122739227871086e-01
   1.6191123965576767e-01
   1.6328114526297613e-01
   1.6534151157382351e-01
   1.6809889316925933e-01
   1.7156193482483997e-01
   1.7574128395759106e-01
   1.8064947300098724e-01
   1.8630076599562648e-01
   1.9271096229871018e-01
   1.9989714882090551e-01
   2.0787739059946606e-01
   2.1667034783295772e-01
   2.2629480578012620e-01
   2.3676910223986070e-01
   2.4811043580033007e-01
   2.6033403684884582e-01
   2.7345218271684479e-01
   2.8747303863100249e-01
   3.0239930778885243e-01
   3.1822667742557109e-01
   3.3494205385212739e-01
   3.5252158888553947e-01
   3.7092851367368684e-01
   3.9011081442001722e-01
   4.0999880854092979e-01
   4.3050270955613940e-01
   4.5151030406233533e-01
   4.7288490299333852e-01
   4.9446376914892093e-01
   5.1605725908057909e-01
   5.3744894338381743e-01
