   5.0300997616745080e-01
   4.6594781902010451e-01
   4.3078104766566128e-01
   3.9762847701242970e-01
   3.6654560421986021e-01
   3.3753847032171030e-01
   3.1057569559133008e-01
   2.8559859506722718e-01
   2.6252945569076958e-01
   2.4127815382812215e-01
   2.2174733511260783e-01
   2.0383638675295870e-01
   1.8744442004017436e-01
   1.7247245772548944e-01
   1.5882499373885625e-01
   1.4641106532237572e-01
   1.3514495225085688e-01
   1.2494659543138387e-01
   1.1574180813191222e-01
   1.0746233729296624e-01
   1.0004581952340186e-01
   9.3435666080837421e-02
   8.7580902985076037e-02
   8.2435986028617528e-02
   7.7960605495178442e-02
   7.4119491587024258e-02
   7.0882228654977258e-02
   6.8223084124952482e-02
   6.6120856363293345e-02
   6.4558744493081799e-02
   6.3524242263726327e-02
   6.3009057405636990e-02
   6.3009057405636990e-02
   6.3524242263726355e-02
   6.4558744493081827e-02
   6.6120856363293387e-02
   6.8223084124952510e-02
   7.0882228654977286e-02
   7.4119491587024300e-02
   7.7960605495178498e-02
   8.2435986028617611e-02
   8.7580902985076134e-02
   9.3435666080837546e-02
   1.0004581952340200e-01
   1.0746233729296639e-01
   1.1574180813191241e-01
   1.2494659543138409e-01
   1.3514495225085710e-01
   1.4641106532237597e-01
   1.5882499373885656e-01
   1.7247245772548972e-01
   1.8744442004017461e-01
   2.0383638675295895e-01
   2.2174733511260811e-01
   2.4127815382812243e-01
   2.6252945569076985e-01
   2.8559859506722746e-01
   3.1057569559133036e-01
   3.3753847032171053e-01
   3.6654560421986038e-01
   3.9762847701242987e-01
   4.3078104766566139e-01
   4.6594781902010463e-01
   5.0300997616745091e-01
   5.6187073084343087e-01
   6.4209559135331862e-01
   7.2252391900011337e-01
   8.0159520115326177e-01
   8.7722885628275671e-01
   9.4687279757572618e-01
   1.0076457270878507e+00
   1.0565844788140826e+00
   1.0909795560558289e+00
   1.1087457995759173e+00
   1.1087457995759178e+00
   1.0909795560558297e+00
   1.0565844788140843e+00
   1.0076457270878527e+00
   9.4687279757572862e-01
   8.7722885628275948e-01
   8.0159520115326466e-01
   7.2252391900011637e-01
   6.4209559135332173e-01
   5.6187073084343375e-01
   5.0300997616745391e-01
   4.6594781902010735e-01
   4.3078104766566400e-01
   3.9762847701243226e-01
   3.6654560421986260e-01
   3.3753847032171252e-01
   3.1057569559133219e-01
   2.8559859506722912e-01
   2.6252945569077141e-01
   2.4127815382812384e-01
   2.2174733511260938e-01
   2.0383638675296012e-01
   1.8744442004017570e-01
   1.7247245772549066e-01
   1.5882499373885739e-01
   1.4641106532237677e-01
   1.3514495225085785e-01
   1.2494659543138475e-01
   1.1574180813191305e-01
   1.0746233729296699e-01
   1.0004581952340257e-01
   9.3435666080838073e-02
   8.7580902985076647e-02
   8.2435986028618111e-02
   7.7960605495178970e-02
   7.4119491587024772e-02
   7.0882228654977730e-02
   6.8223084124952940e-02
   6.6120856363293803e-02
   6.4558744493082229e-02
   6.3524242263726757e-02
   6.3009057405637406e-02
   6.3009057405637406e-02
   6.3524242263726757e-02
   6.4558744493082229e-02
   6.6120856363293790e-02
   6.8223084124952940e-02
   7.0882228654977730e-02
   7.4119491587024758e-02
   7.7960605495178956e-02
   8.2435986028618097e-02
   8.7580902985076661e-02
   9.3435666080838073e-02
   1.0004581952340257e-01
   1.0746233729296702e-01
   1.1574180813191308e-01
   1.2494659543138480e-01
   1.3514495225085787e-01
   1.4641106532237680e-01
   1.5882499373885745e-01
   1.7247245772549072e-01
   1.8744442004017572e-01
   2.0383638675296015e-01
   2.2174733511260938e-01
   2.4127815382812384e-01
   2.6252945569077141e-01
   2.8559859506722912e-01
   3.1057569559133219e-01
   3.3753847032171252e-01
   3.6654560421986254e-01
   3.9762847701243220e-01
   4.3078104766566389e-01
   4.6594781902010735e-01
   5.0300997616745380e-01
