   5.3311834539720548e-01
   5.1729091112333259e-01
   5.0093776698170389e-01
   4.8423632267785266e-01
   4.6735177755789625e-01
   4.5043526388041899e-01
   4.3362274657530503e-01
   4.1703458222967010e-01
   4.0077562528519667e-01
   3.8493576594326701e-01
   3.6959078925219280e-01
   3.5480345551525616e-01
   3.4062471605607864e-01
   3.2709499353734023e-01
   3.1424547100051936e-01
   3.0209934761480306e-01
   2.9067303123781429e-01
   2.7997724805962743e-01
   2.7001805780889532e-01
   2.6079776937468813e-01
   2.5231575645042742e-01
   2.4456917618287410e-01
   2.3755359605871493e-01
   2.3126353561670857e-01
   2.2569293024015755e-01
   2.2083552443653687e-01
   2.1668520179025585e-01
   2.1323625829278259e-01
   2.1048362509741692e-01
   2.0842304597727659e-01
   2.0705121392967385e-01
   2.0636587049857658e-01
   2.0636587049857660e-01
   2.0705121392967391e-01
   2.0842304597727665e-01
   2.1048362509741697e-01
   2.1323625829278264e-01
   2.1668520179025597e-01
   2.2083552443653701e-01
   2.2569293024015771e-01
   2.3126353561670870e-01
   2.3755359605871515e-01
   2.4456917618287435e-01
   2.5231575645042770e-01
   2.6079776937468835e-01
   2.7001805780889560e-01
   2.7997724805962776e-01
   2.9067303123781457e-01
   3.0209934761480339e-01
   3.1424547100051969e-01
   3.2709499353734056e-01
   3.4062471605607891e-01
   3.5480345551525644e-01
   3.6959078925219302e-01
   3.8493576594326728e-01
   4.0077562528519689e-01
   4.1703458222967033e-01
   4.3362274657530525e-01
   4.5043526388041921e-01
   4.6735177755789642e-01
   4.8423632267785283e-01
   5.0093776698170400e-01
   5.1729091112333259e-01
   5.3311834539720560e-01
   5.5607153365144613e-01
   5.8581385673858521e-01
   6.1405287921061713e-01
   6.4030001494984701e-01
   6.6404850842331054e-01
   6.8479429042198503e-01
   7.0206030292494759e-01
   7.1542258602960829e-01
   7.2453582659277804e-01
   7.2915574205252853e-01
   7.2915574205252842e-01
   7.2453582659277782e-01
   7.1542258602960784e-01
   7.0206030292494703e-01
   6.8479429042198436e-01
   6.6404850842330954e-01
   6.4030001494984601e-01
   6.1405287921061602e-01
   5.8581385673858410e-01
   5.5607153365144513e-01
   5.3311834539720437e-01
   5.1729091112333114e-01
   5.0093776698170245e-01
   4.8423632267785111e-01
   4.6735177755789470e-01
   4.5043526388041738e-01
   4.3362274657530336e-01
   4.1703458222966838e-01
   4.0077562528519489e-01
   3.8493576594326528e-01
   3.6959078925219097e-01
   3.5480345551525438e-01
   3.4062471605607686e-01
   3.2709499353733845e-01
   3.1424547100051770e-01
   3.0209934761480134e-01
   2.9067303123781257e-01
   2.7997724805962576e-01
   2.7001805780889365e-01
   2.6079776937468646e-01
   2.5231575645042587e-01
   2.4456917618287252e-01
   2.3755359605871337e-01
   2.3126353561670701e-01
   2.2569293024015602e-01
   2.2083552443653534e-01
   2.1668520179025436e-01
   2.1323625829278109e-01
   2.1048362509741544e-01
   2.0842304597727512e-01
   2.0705121392967238e-01
   2.0636587049857510e-01
   2.0636587049857510e-01
   2.0705121392967241e-01
   2.0842304597727515e-01
   2.1048362509741547e-01
   2.1323625829278114e-01
   2.1668520179025444e-01
   2.2083552443653545e-01
   2.2569293024015613e-01
   2.3126353561670715e-01
   2.3755359605871357e-01
   2.4456917618287272e-01
   2.5231575645042603e-01
   2.6079776937468668e-01
   2.7001805780889387e-01
   2.7997724805962604e-01
   2.9067303123781285e-01
   3.0209934761480162e-01
   3.1424547100051792e-01
   3.2709499353733873e-01
   3.4062471605607708e-01
   3.5480345551525466e-01
   3.6959078925219124e-01
   3.8493576594326551e-01
   4.0077562528519511e-01
   4.1703458222966855e-01
   4.3362274657530353e-01
   4.5043526388041755e-01
   4.6735177755789481e-01
   4.8423632267785122e-01
   5.0093776698170245e-01
   5.1729091112333125e-01
   5.3311834539720437e-01
