   5.0806533670461829e-01
   4.7232815006156192e-01
   4.3823747334546503e-01
   4.0593670062446230e-01
   3.7550727492670910e-01
   3.4698104151773390e-01
   3.2035127149874021e-01
   2.9558215712133912e-01
   2.7261676159318210e-01
   2.5138351768104139e-01
   2.3180142926023414e-01
   2.1378415421039107e-01
   1.9724314854959590e-01
   1.8209003990828854e-01
   1.6823837993706892e-01
   1.5560490429707990e-01
   1.4411040809905856e-01
   1.3368032547629072e-01
   1.2424508507232528e-01
   1.1574029879607375e-01
   1.0810682916906618e-01
   1.0129077074266864e-01
   9.5243373116745397e-02
   8.9920926754003136e-02
   8.5284627780496738e-02
   8.1300434046106804e-02
   7.7938921676701689e-02
   7.5175149003305408e-02
   7.2988532954890703e-02
   7.1362741629259541e-02
   7.0285605712298263e-02
   6.9749050619515182e-02
   6.9749050619515182e-02
   7.0285605712298277e-02
   7.1362741629259555e-02
   7.2988532954890717e-02
   7.5175149003305436e-02
   7.7938921676701717e-02
   8.1300434046106845e-02
   8.5284627780496766e-02
   8.9920926754003150e-02
   9.5243373116745439e-02
   1.0129077074266866e-01
   1.0810682916906621e-01
   1.1574029879607380e-01
   1.2424508507232529e-01
   1.3368032547629075e-01
   1.4411040809905862e-01
   1.5560490429707993e-01
   1.6823837993706894e-01
   1.8209003990828856e-01
   1.9724314854959593e-01
   2.1378415421039110e-01
   2.3180142926023420e-01
   2.5138351768104139e-01
   2.7261676159318216e-01
   2.9558215712133917e-01
   3.2035127149874021e-01
   3.4698104151773396e-01
   3.7550727492670916e-01
   4.0593670062446230e-01
   4.3823747334546509e-01
   4.7232815006156198e-01
   5.0806533670461840e-01
   5.6450400046350535e-01
   6.4117887003978014e-01
   7.1776169162772074e-01
   7.9274750020080409e-01
   8.6417361433241813e-01
   9.2967385286828119e-01
   9.8661437680088282e-01
   1.0323178442048817e+00
   1.0643586300458432e+00
   1.0808826215087965e+00
   1.0808826215087963e+00
   1.0643586300458421e+00
   1.0323178442048802e+00
   9.8661437680088071e-01
   9.2967385286827875e-01
   8.6417361433241535e-01
   7.9274750020080120e-01
   7.1776169162771764e-01
   6.4117887003977703e-01
   5.6450400046350224e-01
   5.0806533670461540e-01
   4.7232815006155915e-01
   4.3823747334546237e-01
   4.0593670062445980e-01
   3.7550727492670677e-01
   3.4698104151773174e-01
   3.2035127149873810e-01
   2.9558215712133723e-01
   2.7261676159318032e-01
   2.5138351768103973e-01
   2.3180142926023262e-01
   2.1378415421038960e-01
   1.9724314854959454e-01
   1.8209003990828729e-01
   1.6823837993706775e-01
   1.5560490429707885e-01
   1.4411040809905756e-01
   1.3368032547628980e-01
   1.2424508507232442e-01
   1.1574029879607295e-01
   1.0810682916906542e-01
   1.0129077074266793e-01
   9.5243373116744731e-02
   8.9920926754002484e-02
   8.5284627780496100e-02
   8.1300434046106235e-02
   7.7938921676701120e-02
   7.5175149003304853e-02
   7.2988532954890162e-02
   7.1362741629259013e-02
   7.0285605712297750e-02
   6.9749050619514655e-02
   6.9749050619514655e-02
   7.0285605712297736e-02
   7.1362741629259013e-02
   7.2988532954890162e-02
   7.5175149003304853e-02
   7.7938921676701120e-02
   8.1300434046106221e-02
   8.5284627780496114e-02
   8.9920926754002484e-02
   9.5243373116744731e-02
   1.0129077074266793e-01
   1.0810682916906540e-01
   1.1574029879607295e-01
   1.2424508507232440e-01
   1.3368032547628977e-01
   1.4411040809905756e-01
   1.5560490429707885e-01
   1.6823837993706775e-01
   1.8209003990828726e-01
   1.9724314854959454e-01
   2.1378415421038960e-01
   2.3180142926023256e-01
   2.5138351768103967e-01
   2.7261676159318027e-01
   2.9558215712133717e-01
   3.2035127149873810e-01
   3.4698104151773168e-01
   3.7550727492670671e-01
   4.0593670062445975e-01
   4.3823747334546237e-01
   4.7232815006155915e-01
   5.0806533670461540e-01
