   5.1488951282707240e-01
   5.0471744546920871e-01
   4.9393543931532846e-01
   4.8265904545929894e-01
   4.7100201071109510e-01
   4.5907446154326897e-01
   4.4698141930660001e-01
   4.3482165167622394e-01
   4.2268684864002021e-01
   4.1066109862656003e-01
   3.9882063163464426e-01
   3.8723379116703982e-01
   3.7596119485858143e-01
   3.6505604428130289e-01
   3.5456454684276634e-01
   3.4452641634811854e-01
   3.3497542313594120e-01
   3.2593996929075114e-01
   3.1744366895595894e-01
   3.0950591799414173e-01
   3.0214244102543714e-01
   2.9536580714672117e-01
   2.8918590837243818e-01
   2.8361039705720231e-01
   2.7864508029877111e-01
   2.7429427062924211e-01
   2.7056109323965255e-01
   2.6744775060637344e-01
   2.6495574575158265e-01
   2.6308606552455632e-01
   2.6183932527954584e-01
   2.6121587618772651e-01
   2.6121587618772651e-01
   2.6183932527954584e-01
   2.6308606552455632e-01
   2.6495574575158271e-01
   2.6744775060637344e-01
   2.7056109323965261e-01
   2.7429427062924211e-01
   2.7864508029877116e-01
   2.8361039705720231e-01
   2.8918590837243824e-01
   2.9536580714672123e-01
   3.0214244102543719e-01
   3.0950591799414179e-01
   3.1744366895595899e-01
   3.2593996929075120e-01
   3.3497542313594125e-01
   3.4452641634811859e-01
   3.5456454684276645e-01
   3.6505604428130295e-01
   3.7596119485858154e-01
   3.8723379116703993e-01
   3.9882063163464432e-01
   4.1066109862656014e-01
   4.2268684864002032e-01
   4.3482165167622400e-01
   4.4698141930660013e-01
   4.5907446154326903e-01
   4.7100201071109521e-01
   4.8265904545929905e-01
   4.9393543931532846e-01
   5.0471744546920883e-01
   5.1488951282707252e-01
   5.2923548926548858e-01
   5.4754864839206485e-01
   5.6468171698426928e-01
   5.8038255884161027e-01
   5.9440266339321013e-01
   6.0650562612969661e-01
   6.1647610535579189e-01
   6.2412870204091531e-01
   6.2931613559732258e-01
   6.3193607856277190e-01
   6.3193607856277190e-01
   6.2931613559732269e-01
   6.2412870204091553e-01
   6.1647610535579200e-01
   6.0650562612969683e-01
   5.9440266339321035e-01
   5.8038255884161050e-01
   5.6468171698426961e-01
   5.4754864839206518e-01
   5.2923548926548891e-01
   5.1488951282707274e-01
   5.0471744546920905e-01
   4.9393543931532863e-01
   4.8265904545929911e-01
   4.7100201071109526e-01
   4.5907446154326903e-01
   4.4698141930660007e-01
   4.3482165167622389e-01
   4.2268684864002015e-01
   4.1066109862655992e-01
   3.9882063163464410e-01
   3.8723379116703965e-01
   3.7596119485858126e-01
   3.6505604428130267e-01
   3.5456454684276606e-01
   3.4452641634811815e-01
   3.3497542313594081e-01
   3.2593996929075075e-01
   3.1744366895595849e-01
   3.0950591799414123e-01
   3.0214244102543664e-01
   2.9536580714672062e-01
   2.8918590837243757e-01
   2.8361039705720165e-01
   2.7864508029877050e-01
   2.7429427062924144e-01
   2.7056109323965188e-01
   2.6744775060637271e-01
   2.6495574575158187e-01
   2.6308606552455549e-01
   2.6183932527954501e-01
   2.6121587618772563e-01
   2.6121587618772563e-01
   2.6183932527954495e-01
   2.6308606552455538e-01
   2.6495574575158171e-01
   2.6744775060637244e-01
   2.7056109323965155e-01
   2.7429427062924105e-01
   2.7864508029877011e-01
   2.8361039705720120e-01
   2.8918590837243707e-01
   2.9536580714672006e-01
   3.0214244102543603e-01
   3.0950591799414062e-01
   3.1744366895595788e-01
   3.2593996929075020e-01
   3.3497542313594031e-01
   3.4452641634811765e-01
   3.5456454684276556e-01
   3.6505604428130217e-01
   3.7596119485858076e-01
   3.8723379116703927e-01
   3.9882063163464371e-01
   4.1066109862655958e-01
   4.2268684864001982e-01
   4.3482165167622361e-01
   4.4698141930659985e-01
   4.5907446154326886e-01
   4.7100201071109510e-01
   4.8265904545929900e-01
   4.9393543931532863e-01
   5.0471744546920905e-01
   5.1488951282707274e-01
