   4.9004751280132230e-01
   4.8387144782732139e-01
   4.7719474802642003e-01
   4.7008334703247490e-01
   4.6260476618874430e-01
   4.5482704771466342e-01
   4.4681778174503145e-01
   4.3864324543209732e-01
   4.3036766555340683e-01
   4.2205260977924325e-01
   4.1375650621668736e-01
   4.0553428624699200e-01
   3.9743714209171388e-01
   3.8951238797750282e-01
   3.8180341215018621e-01
   3.7434970620125191e-01
   3.6718695807389751e-01
   3.6034719556233263e-01
   3.5385896796167660e-01
   3.4774755463408391e-01
   3.4203519051535802e-01
   3.3674129990175550e-01
   3.3188273115632083e-01
   3.2747398620498425e-01
   3.2352743981913751e-01
   3.2005354468244307e-01
   3.1706101910586526e-01
   3.1455701498605565e-01
   3.1254726420461770e-01
   3.1103620215044087e-01
   3.1002706742832559e-01
   3.0952197711051266e-01
   3.0952197711051266e-01
   3.1002706742832559e-01
   3.1103620215044081e-01
   3.1254726420461770e-01
   3.1455701498605565e-01
   3.1706101910586526e-01
   3.2005354468244307e-01
   3.2352743981913751e-01
   3.2747398620498425e-01
   3.3188273115632083e-01
   3.3674129990175544e-01
   3.4203519051535802e-01
   3.4774755463408391e-01
   3.5385896796167660e-01
   3.6034719556233263e-01
   3.6718695807389751e-01
   3.7434970620125191e-01
   3.8180341215018621e-01
   3.8951238797750282e-01
   3.9743714209171388e-01
   4.0553428624699200e-01
   4.1375650621668736e-01
   4.2205260977924325e-01
   4.3036766555340683e-01
   4.3864324543209737e-01
   4.4681778174503145e-01
   4.5482704771466342e-01
   4.6260476618874430e-01
   4.7008334703247484e-01
   4.7719474802642003e-01
   4.8387144782732139e-01
   4.9004751280132230e-01
   4.9857018304644751e-01
   5.0932410824931396e-01
   5.1927377872525682e-01
   5.2829719618198800e-01
   5.3627838874264122e-01
   5.4311048043368293e-01
   5.4869872872558290e-01
   5.5296337976945054e-01
   5.5584218747024894e-01
   5.5729245153841978e-01
   5.5729245153841966e-01
   5.5584218747024883e-01
   5.5296337976945042e-01
   5.4869872872558278e-01
   5.4311048043368271e-01
   5.3627838874264089e-01
   5.2829719618198767e-01
   5.1927377872525649e-01
   5.0932410824931362e-01
   4.9857018304644718e-01
   4.9004751280132197e-01
   4.8387144782732117e-01
   4.7719474802641992e-01
   4.7008334703247479e-01
   4.6260476618874430e-01
   4.5482704771466353e-01
   4.4681778174503173e-01
   4.3864324543209771e-01
   4.3036766555340722e-01
   4.2205260977924375e-01
   4.1375650621668797e-01
   4.0553428624699267e-01
   3.9743714209171460e-01
   3.8951238797750365e-01
   3.8180341215018709e-01
   3.7434970620125280e-01
   3.6718695807389862e-01
   3.6034719556233369e-01
   3.5385896796167771e-01
   3.4774755463408508e-01
   3.4203519051535930e-01
   3.3674129990175672e-01
   3.3188273115632222e-01
   3.2747398620498563e-01
   3.2352743981913890e-01
   3.2005354468244446e-01
   3.1706101910586670e-01
   3.1455701498605704e-01
   3.1254726420461915e-01
   3.1103620215044231e-01
   3.1002706742832697e-01
   3.0952197711051410e-01
   3.0952197711051410e-01
   3.1002706742832703e-01
   3.1103620215044231e-01
   3.1254726420461915e-01
   3.1455701498605704e-01
   3.1706101910586670e-01
   3.2005354468244446e-01
   3.2352743981913890e-01
   3.2747398620498563e-01
   3.3188273115632216e-01
   3.3674129990175677e-01
   3.4203519051535930e-01
   3.4774755463408513e-01
   3.5385896796167782e-01
   3.6034719556233374e-01
   3.6718695807389862e-01
   3.7434970620125291e-01
   3.8180341215018715e-01
   3.8951238797750376e-01
   3.9743714209171466e-01
   4.0553428624699273e-01
   4.1375650621668802e-01
   4.2205260977924380e-01
   4.3036766555340727e-01
   4.3864324543209771e-01
   4.4681778174503178e-01
   4.5482704771466359e-01
   4.6260476618874435e-01
   4.7008334703247484e-01
   4.7719474802641992e-01
   4.8387144782732122e-01
   4.9004751280132197e-01
