   6.3893503816658404e-01
   6.3970103329488670e-01
   6.4045183743638623e-01
   6.4118529537808300e-01
   6.4189929443724614e-01
   6.4259177107874188e-01
   6.4326071745736391e-01
   6.4390418785824244e-01
   6.4452030500798141e-01
   6.4510726622892911e-01
   6.4566334940892733e-01
   6.4618691875903711e-01
   6.4667643033208844e-01
   6.4713043727546771e-01
   6.4754759479233337e-01
   6.4792666478644223e-01
   6.4826652016696595e-01
   6.4856614879108332e-01
   6.4882465702372860e-01
   6.4904127289566094e-01
   6.4921534884296894e-01
   6.4934636401323664e-01
   6.4943392612583495e-01
   6.4947777287616948e-01
   6.4947777287616948e-01
   6.4943392612583495e-01
   6.4934636401323664e-01
   6.4921534884296894e-01
   6.4904127289566094e-01
   6.4882465702372871e-01
   6.4856614879108343e-01
   6.4826652016696606e-01
   6.4792666478644234e-01
   6.4754759479233348e-01
   6.4713043727546782e-01
   6.4667643033208866e-01
   6.4618691875903733e-01
   6.4566334940892744e-01
   6.4510726622892933e-01
   6.4452030500798152e-01
   6.4390418785824255e-01
   6.4326071745736413e-01
   6.4259177107874199e-01
   6.4189929443724625e-01
   6.4118529537808322e-01
   6.4045183743638645e-01
   6.3970103329488681e-01
   6.3893503816658426e-01
   6.3828793169102926e-01
   6.3776173473963416e-01
   6.3722603124784283e-01
   6.3668231659673669e-01
   6.3613210469580894e-01
   6.3557692361655016e-01
   6.3501831122865282e-01
   6.3445781085243491e-01
   6.3389696694054909e-01
   6.3333732080146388e-01
   6.3278040637659105e-01
   6.3222774608228560e-01
   6.3168084672728897e-01
   6.3114119551549674e-01
   6.3061025614325816e-01
   6.3008946499971841e-01
   6.2958022747803755e-01
   6.2908391440464928e-01
   6.2860185859306539e-01
   6.2813535152809907e-01
   6.2768564018576833e-01
   6.2725392399356228e-01
   6.2684135193520041e-01
   6.2644901980349943e-01
   6.2607796760448375e-01
   6.2572917711542919e-01
   6.2540356959912913e-01
   6.2510200367630053e-01
   6.2482527335772720e-01
   6.2457410623743614e-01
   6.2434916184796052e-01
   6.2415103017851725e-01
   6.2398023035674188e-01
   6.2383720949447297e-01
   6.2372234169794694e-01
   6.2363592724266714e-01
   6.2357819191312991e-01
   6.2354928650753061e-01
   6.2354928650753061e-01
   6.2357819191313002e-01
   6.2363592724266725e-01
   6.2372234169794705e-01
   6.2383720949447319e-01
   6.2398023035674222e-01
   6.2415103017851770e-01
   6.2434916184796097e-01
   6.2457410623743659e-01
   6.2482527335772775e-01
   6.2510200367630120e-01
   6.2540356959912968e-01
   6.2572917711543008e-01
   6.2607796760448453e-01
   6.2644901980350021e-01
   6.2684135193520130e-01
   6.2725392399356317e-01
   6.2768564018576922e-01
   6.2813535152810007e-01
   6.2860185859306650e-01
   6.2908391440465028e-01
   6.2958022747803866e-01
   6.3008946499971952e-01
   6.3061025614325938e-01
   6.3114119551549785e-01
   6.3168084672729008e-01
   6.3222774608228682e-01
   6.3278040637659227e-01
   6.3333732080146510e-01
   6.3389696694055020e-01
   6.3445781085243613e-01
   6.3501831122865404e-01
   6.3557692361655138e-01
   6.3613210469581016e-01
   6.3668231659673791e-01
   6.3722603124784394e-01
   6.3776173473963527e-01
   6.3828793169103037e-01
   6.3828793169102949e-01
   6.3776173473963427e-01
   6.3722603124784294e-01
   6.3668231659673680e-01
   6.3613210469580905e-01
   6.3557692361655027e-01
   6.3501831122865293e-01
   6.3445781085243502e-01
   6.3389696694054909e-01
   6.3333732080146399e-01
   6.3278040637659105e-01
   6.3222774608228560e-01
   6.3168084672728897e-01
   6.3114119551549663e-01
   6.3061025614325816e-01
   6.3008946499971841e-01
   6.2958022747803755e-01
   6.2908391440464917e-01
   6.2860185859306528e-01
   6.2813535152809896e-01
   6.2768564018576822e-01
   6.2725392399356206e-01
   6.2684135193520019e-01
   6.2644901980349932e-01
   6.2607796760448364e-01
   6.2572917711542908e-01
   6.2540356959912891e-01
   6.2510200367630042e-01
   6.2482527335772708e-01
   6.2457410623743592e-01
   6.2434916184796041e-01
   6.2415103017851703e-01
   6.2398023035674166e-01
   6.2383720949447274e-01
   6.2372234169794660e-01
   6.2363592724266692e-01
   6.2357819191312958e-01
   6.2354928650753028e-01
   6.2354928650753028e-01
   6.2357819191312969e-01
   6.2363592724266703e-01
   6.2372234169794682e-01
   6.2383720949447297e-01
   6.2398023035674199e-01
   6.2415103017851736e-01
   6.2434916184796074e-01
   6.2457410623743626e-01
   6.2482527335772753e-01
   6.2510200367630087e-01
   6.2540356959912946e-01
   6.2572917711542975e-01
   6.2607796760448431e-01
   6.2644901980350010e-01
   6.2684135193520096e-01
   6.2725392399356295e-01
   6.2768564018576900e-01
   6.2813535152809985e-01
   6.2860185859306628e-01
   6.2908391440465006e-01
   6.2958022747803843e-01
   6.3008946499971930e-01
   6.3061025614325916e-01
   6.3114119551549763e-01
   6.3168084672728997e-01
   6.3222774608228671e-01
   6.3278040637659216e-01
   6.3333732080146499e-01
   6.3389696694055020e-01
   6.3445781085243602e-01
   6.3501831122865393e-01
   6.3557692361655127e-01
   6.3613210469581016e-01
   6.3668231659673791e-01
   6.3722603124784394e-01
   6.3776173473963527e-01
   6.3828793169103049e-01
   6.3828793169102938e-01
   6.3776173473963427e-01
   6.3722603124784294e-01
   6.3668231659673669e-01
   6.3613210469580905e-01
   6.3557692361655027e-01
   6.3501831122865282e-01
   6.3445781085243491e-01
   6.3389696694054909e-01
   6.3333732080146388e-01
   6.3278040637659105e-01
   6.3222774608228560e-01
   6.3168084672728886e-01
   6.3114119551549663e-01
   6.3061025614325805e-01
   6.3008946499971830e-01
   6.2958022747803744e-01
   6.2908391440464917e-01
   6.2860185859306528e-01
   6.2813535152809896e-01
   6.2768564018576822e-01
   6.2725392399356206e-01
   6.2684135193520019e-01
   6.2644901980349932e-01
   6.2607796760448364e-01
   6.2572917711542919e-01
   6.2540356959912891e-01
   6.2510200367630042e-01
   6.2482527335772708e-01
   6.2457410623743592e-01
   6.2434916184796041e-01
   6.2415103017851703e-01
   6.2398023035674166e-01
   6.2383720949447274e-01
   6.2372234169794660e-01
   6.2363592724266692e-01
   6.2357819191312958e-01
   6.2354928650753028e-01
   6.2354928650753028e-01
   6.2357819191312969e-01
   6.2363592724266703e-01
   6.2372234169794682e-01
   6.2383720949447297e-01
   6.2398023035674199e-01
   6.2415103017851736e-01
   6.2434916184796074e-01
   6.2457410623743637e-01
   6.2482527335772753e-01
   6.2510200367630098e-01
   6.2540356959912946e-01
   6.2572917711542975e-01
   6.2607796760448431e-01
   6.2644901980350010e-01
   6.2684135193520107e-01
   6.2725392399356295e-01
   6.2768564018576900e-01
   6.2813535152809985e-01
   6.2860185859306628e-01
   6.2908391440465006e-01
   6.2958022747803843e-01
   6.3008946499971941e-01
   6.3061025614325916e-01
   6.3114119551549774e-01
   6.3168084672728997e-01
   6.3222774608228671e-01
   6.3278040637659216e-01
   6.3333732080146499e-01
   6.3389696694055020e-01
   6.3445781085243613e-01
   6.3501831122865404e-01
   6.3557692361655138e-01
   6.3613210469581016e-01
   6.3668231659673791e-01
   6.3722603124784394e-01
   6.3776173473963527e-01
   6.3828793169103049e-01
   6.3893503816658537e-01
   6.3970103329488814e-01
   6.4045183743638801e-01
   6.4118529537808500e-01
   6.4189929443724836e-01
   6.4259177107874421e-01
   6.4326071745736657e-01
   6.4390418785824521e-01
   6.4452030500798441e-01
   6.4510726622893233e-01
   6.4566334940893066e-01
   6.4618691875904066e-01
   6.4667643033209210e-01
   6.4713043727547159e-01
   6.4754759479233737e-01
   6.4792666478644634e-01
   6.4826652016697017e-01
   6.4856614879108765e-01
   6.4882465702373293e-01
   6.4904127289566538e-01
   6.4921534884297338e-01
   6.4934636401324120e-01
   6.4943392612583950e-01
   6.4947777287617403e-01
   6.4947777287617403e-01
   6.4943392612583950e-01
   6.4934636401324120e-01
   6.4921534884297349e-01
   6.4904127289566538e-01
   6.4882465702373304e-01
   6.4856614879108765e-01
   6.4826652016697017e-01
   6.4792666478644645e-01
   6.4754759479233748e-01
   6.4713043727547170e-01
   6.4667643033209221e-01
   6.4618691875904077e-01
   6.4566334940893078e-01
   6.4510726622893244e-01
   6.4452030500798452e-01
   6.4390418785824532e-01
   6.4326071745736668e-01
   6.4259177107874443e-01
   6.4189929443724836e-01
   6.4118529537808511e-01
   6.4045183743638823e-01
   6.3970103329488837e-01
   6.3893503816658559e-01
