   6.4980310451199697e-01
   6.5951980151213208e-01
   6.6914349991580846e-01
   6.7864313398467013e-01
   6.8798677229680805e-01
   6.9714176324256383e-01
   7.0607490087084879e-01
   7.1475261063248519e-01
   7.2314115412453828e-01
   7.3120685146618924e-01
   7.3891631944358827e-01
   7.4623672306195887e-01
   7.5313603765369963e-01
   7.5958331822875214e-01
   7.6554897233646868e-01
   7.7100503235530893e-01
   7.7592542285593813e-01
   7.8028621851109847e-01
   7.8406588796578347e-01
   7.8724551914398011e-01
   7.8980902165939204e-01
   7.9174330231792678e-01
   7.9303841014466758e-01
   7.9368764792743796e-01
   7.9368764792743796e-01
   7.9303841014466758e-01
   7.9174330231792678e-01
   7.8980902165939204e-01
   7.8724551914398011e-01
   7.8406588796578347e-01
   7.8028621851109847e-01
   7.7592542285593824e-01
   7.7100503235530904e-01
   7.6554897233646879e-01
   7.5958331822875225e-01
   7.5313603765369963e-01
   7.4623672306195898e-01
   7.3891631944358838e-01
   7.3120685146618936e-01
   7.2314115412453839e-01
   7.1475261063248519e-01
   7.0607490087084890e-01
   6.9714176324256394e-01
   6.8798677229680816e-01
   6.7864313398467024e-01
   6.6914349991580857e-01
   6.5951980151213219e-01
   6.4980310451199708e-01
   6.4167923268353577e-01
   6.3517296046009375e-01
   6.2864695882181298e-01
   6.2211914957969539e-01
   6.1560691030317782e-01
   6.0912703547336855e-01
   6.0269570475555467e-01
   5.9632845803059065e-01
   5.9004017677524090e-01
   5.8384507134396191e-01
   5.7775667367809358e-01
   5.7178783495206453e-01
   5.6595072765888310e-01
   5.6025685163780803e-01
   5.5471704355452378e-01
   5.4934148935727978e-01
   5.4413973925024639e-01
   5.3912072474677653e-01
   5.3429277738944814e-01
   5.2966364874985505e-01
   5.2524053134839610e-01
   5.2103008016213770e-01
   5.1703843441665853e-01
   5.1327123938516916e-01
   5.0973366794477948e-01
   5.0643044166526385e-01
   5.0336585122983990e-01
   5.0054377601018896e-01
   4.9796770263909385e-01
   4.9564074244363399e-01
   4.9356564761983263e-01
   4.9174482604606568e-01
   4.9018035464744514e-01
   4.8887399123691644e-01
   4.8782718477103448e-01
   4.8704108396947110e-01
   4.8651654425737367e-01
   4.8625413299891734e-01
   4.8625413299891729e-01
   4.8651654425737367e-01
   4.8704108396947110e-01
   4.8782718477103443e-01
   4.8887399123691644e-01
   4.9018035464744514e-01
   4.9174482604606556e-01
   4.9356564761983263e-01
   4.9564074244363387e-01
   4.9796770263909379e-01
   5.0054377601018885e-01
   5.0336585122983979e-01
   5.0643044166526374e-01
   5.0973366794477948e-01
   5.1327123938516905e-01
   5.1703843441665842e-01
   5.2103008016213759e-01
   5.2524053134839599e-01
   5.2966364874985494e-01
   5.3429277738944803e-01
   5.3912072474677630e-01
   5.4413973925024617e-01
   5.4934148935727956e-01
   5.5471704355452356e-01
   5.6025685163780781e-01
   5.6595072765888288e-01
   5.7178783495206431e-01
   5.7775667367809336e-01
   5.8384507134396169e-01
   5.9004017677524068e-01
   5.9632845803059031e-01
   6.0269570475555456e-01
   6.0912703547336822e-01
   6.1560691030317749e-01
   6.2211914957969516e-01
   6.2864695882181287e-01
   6.3517296046009353e-01
   6.4167923268353555e-01
   6.4167923268353588e-01
   6.3517296046009386e-01
   6.2864695882181321e-01
   6.2211914957969561e-01
   6.1560691030317805e-01
   6.0912703547336866e-01
   6.0269570475555501e-01
   5.9632845803059087e-01
   5.9004017677524112e-01
   5.8384507134396202e-01
   5.7775667367809380e-01
   5.7178783495206487e-01
   5.6595072765888332e-01
   5.6025685163780836e-01
   5.5471704355452400e-01
   5.4934148935728011e-01
   5.4413973925024661e-01
   5.3912072474677686e-01
   5.3429277738944847e-01
   5.2966364874985539e-01
   5.2524053134839643e-01
   5.2103008016213814e-01
   5.1703843441665887e-01
   5.1327123938516950e-01
   5.0973366794477992e-01
   5.0643044166526430e-01
   5.0336585122984034e-01
   5.0054377601018929e-01
   4.9796770263909423e-01
   4.9564074244363432e-01
   4.9356564761983301e-01
   4.9174482604606601e-01
   4.9018035464744553e-01
   4.8887399123691677e-01
   4.8782718477103482e-01
   4.8704108396947154e-01
   4.8651654425737406e-01
   4.8625413299891768e-01
   4.8625413299891768e-01
   4.8651654425737412e-01
   4.8704108396947154e-01
   4.8782718477103482e-01
   4.8887399123691677e-01
   4.9018035464744542e-01
   4.9174482604606590e-01
   4.9356564761983290e-01
   4.9564074244363426e-01
   4.9796770263909412e-01
   5.0054377601018907e-01
   5.0336585122984012e-01
   5.0643044166526408e-01
   5.0973366794477970e-01
   5.1327123938516928e-01
   5.1703843441665864e-01
   5.2103008016213792e-01
   5.2524053134839621e-01
   5.2966364874985516e-01
   5.3429277738944825e-01
   5.3912072474677664e-01
   5.4413973925024639e-01
   5.4934148935727978e-01
   5.5471704355452378e-01
   5.6025685163780803e-01
   5.6595072765888310e-01
   5.7178783495206453e-01
   5.7775667367809358e-01
   5.8384507134396180e-01
   5.9004017677524079e-01
   5.9632845803059054e-01
   6.0269570475555467e-01
   6.0912703547336844e-01
   6.1560691030317771e-01
   6.2211914957969527e-01
   6.2864695882181276e-01
   6.3517296046009364e-01
   6.4167923268353555e-01
   6.4167923268353588e-01
   6.3517296046009397e-01
   6.2864695882181332e-01
   6.2211914957969572e-01
   6.1560691030317816e-01
   6.0912703547336877e-01
   6.0269570475555501e-01
   5.9632845803059087e-01
   5.9004017677524123e-01
   5.8384507134396213e-01
   5.7775667367809391e-01
   5.7178783495206487e-01
   5.6595072765888343e-01
   5.6025685163780836e-01
   5.5471704355452411e-01
   5.4934148935728011e-01
   5.4413973925024672e-01
   5.3912072474677686e-01
   5.3429277738944858e-01
   5.2966364874985550e-01
   5.2524053134839654e-01
   5.2103008016213814e-01
   5.1703843441665898e-01
   5.1327123938516961e-01
   5.0973366794477992e-01
   5.0643044166526430e-01
   5.0336585122984023e-01
   5.0054377601018929e-01
   4.9796770263909429e-01
   4.9564074244363432e-01
   4.9356564761983301e-01
   4.9174482604606595e-01
   4.9018035464744553e-01
   4.8887399123691672e-01
   4.8782718477103487e-01
   4.8704108396947149e-01
   4.8651654425737406e-01
   4.8625413299891773e-01
   4.8625413299891768e-01
   4.8651654425737401e-01
   4.8704108396947143e-01
   4.8782718477103482e-01
   4.8887399123691672e-01
   4.9018035464744542e-01
   4.9174482604606584e-01
   4.9356564761983285e-01
   4.9564074244363415e-01
   4.9796770263909407e-01
   5.0054377601018907e-01
   5.0336585122984012e-01
   5.0643044166526396e-01
   5.0973366794477970e-01
   5.1327123938516928e-01
   5.1703843441665864e-01
   5.2103008016213770e-01
   5.2524053134839610e-01
   5.2966364874985516e-01
   5.3429277738944814e-01
   5.3912072474677653e-01
   5.4413973925024628e-01
   5.4934148935727978e-01
   5.5471704355452367e-01
   5.6025685163780792e-01
   5.6595072765888288e-01
   5.7178783495206442e-01
   5.7775667367809336e-01
   5.8384507134396157e-01
   5.9004017677524068e-01
   5.9632845803059042e-01
   6.0269570475555445e-01
   6.0912703547336822e-01
   6.1560691030317749e-01
   6.2211914957969516e-01
   6.2864695882181265e-01
   6.3517296046009353e-01
   6.4167923268353544e-01
   6.4980310451199674e-01
   6.5951980151213208e-01
   6.6914349991580857e-01
   6.7864313398467035e-01
   6.8798677229680838e-01
   6.9714176324256427e-01
   7.0607490087084956e-01
   7.1475261063248596e-01
   7.2314115412453928e-01
   7.3120685146619036e-01
   7.3891631944358960e-01
   7.4623672306196032e-01
   7.5313603765370107e-01
   7.5958331822875380e-01
   7.6554897233647046e-01
   7.7100503235531082e-01
   7.7592542285594013e-01
   7.8028621851110047e-01
   7.8406588796578558e-01
   7.8724551914398222e-01
   7.8980902165939426e-01
   7.9174330231792900e-01
   7.9303841014466980e-01
   7.9368764792744018e-01
   7.9368764792744018e-01
   7.9303841014466980e-01
   7.9174330231792900e-01
   7.8980902165939437e-01
   7.8724551914398222e-01
   7.8406588796578569e-01
   7.8028621851110058e-01
   7.7592542285594024e-01
   7.7100503235531093e-01
   7.6554897233647057e-01
   7.5958331822875391e-01
   7.5313603765370130e-01
   7.4623672306196043e-01
   7.3891631944358971e-01
   7.3120685146619047e-01
   7.2314115412453950e-01
   7.1475261063248607e-01
   7.0607490087084968e-01
   6.9714176324256449e-01
   6.8798677229680860e-01
   6.7864313398467058e-01
   6.6914349991580868e-01
   6.5951980151213219e-01
   6.4980310451199697e-01
