   6.1845099435598527e-01
   7.0798237734328029e-01
   8.0071104575458263e-01
   8.9481539149527001e-01
   9.8760162182457967e-01
   1.0754831202309454e+00
   1.1541235883974319e+00
   1.2188000937443164e+00
   1.2649890590357979e+00
   1.2890873772119920e+00
   1.2890873772119920e+00
   1.2649890590357979e+00
   1.2188000937443166e+00
   1.1541235883974317e+00
   1.0754831202309452e+00
   9.8760162182457978e-01
   8.9481539149527001e-01
   8.0071104575458274e-01
   7.0798237734328040e-01
   6.1845099435598538e-01
   5.4791185485458282e-01
   4.9661125347392165e-01
   4.4990968425352124e-01
   4.0775802077440609e-01
   3.7001414820539053e-01
   3.3647944774565031e-01
   3.0692610917819929e-01
   2.8111694599772868e-01
   2.5881935675979539e-01
   2.3981487676067545e-01
   2.2390550799377915e-01
   2.1091776238300977e-01
   2.0070513071686266e-01
   1.9314950599040268e-01
   1.8816194386129800e-01
   1.8568302918215243e-01
   1.8568302918215238e-01
   1.8816194386129789e-01
   1.9314950599040248e-01
   2.0070513071686236e-01
   2.1091776238300941e-01
   2.2390550799377867e-01
   2.3981487676067487e-01
   2.5881935675979473e-01
   2.8111694599772791e-01
   3.0692610917819835e-01
   3.3647944774564925e-01
   3.7001414820538930e-01
   4.0775802077440482e-01
   4.4990968425351968e-01
   4.9661125347392004e-01
   5.4791185485458105e-01
   5.4791185485458260e-01
   4.9661125347392160e-01
   4.4990968425352107e-01
   4.0775802077440604e-01
   3.7001414820539036e-01
   3.3647944774565020e-01
   3.0692610917819924e-01
   2.8111694599772863e-01
   2.5881935675979534e-01
   2.3981487676067539e-01
   2.2390550799377909e-01
   2.1091776238300977e-01
   2.0070513071686261e-01
   1.9314950599040268e-01
   1.8816194386129800e-01
   1.8568302918215243e-01
   1.8568302918215238e-01
   1.8816194386129789e-01
   1.9314950599040251e-01
   2.0070513071686236e-01
   2.1091776238300944e-01
   2.2390550799377873e-01
   2.3981487676067492e-01
   2.5881935675979478e-01
   2.8111694599772796e-01
   3.0692610917819846e-01
   3.3647944774564931e-01
   3.7001414820538941e-01
   4.0775802077440487e-01
   4.4990968425351974e-01
   4.9661125347392004e-01
   5.4791185485458094e-01
   5.4791185485458282e-01
   4.9661125347392165e-01
   4.4990968425352118e-01
   4.0775802077440609e-01
   3.7001414820539047e-01
   3.3647944774565025e-01
   3.0692610917819929e-01
   2.8111694599772868e-01
   2.5881935675979534e-01
   2.3981487676067539e-01
   2.2390550799377915e-01
   2.1091776238300977e-01
   2.0070513071686263e-01
   1.9314950599040268e-01
   1.8816194386129800e-01
   1.8568302918215243e-01
   1.8568302918215238e-01
   1.8816194386129789e-01
   1.9314950599040248e-01
   2.0070513071686233e-01
   2.1091776238300941e-01
   2.2390550799377865e-01
   2.3981487676067484e-01
   2.5881935675979473e-01
   2.8111694599772791e-01
   3.0692610917819835e-01
   3.3647944774564925e-01
   3.7001414820538925e-01
   4.0775802077440476e-01
   4.4990968425351974e-01
   4.9661125347392004e-01
   5.4791185485458094e-01
   6.1845099435598350e-01
   7.0798237734327885e-01
   8.0071104575458174e-01
   8.9481539149526945e-01
   9.8760162182457967e-01
   1.0754831202309458e+00
   1.1541235883974328e+00
   1.2188000937443180e+00
   1.2649890590357995e+00
   1.2890873772119937e+00
   1.2890873772119937e+00
   1.2649890590357997e+00
   1.2188000937443180e+00
   1.1541235883974328e+00
   1.0754831202309458e+00
   9.8760162182457989e-01
   8.9481539149526956e-01
   8.0071104575458174e-01
   7.0798237734327896e-01
   6.1845099435598339e-01
