   6.2637740129424890e-01
   6.5320769637062948e-01
   6.8027206464162460e-01
   7.0749495837607590e-01
   7.3478991418239137e-01
   7.6205927278734376e-01
   7.8919407789738349e-01
   8.1607419290779581e-01
   8.4256867415002501e-01
   8.6853643720667539e-01
   8.9382724813796566e-01
   9.1828306389366887e-01
   9.4173973551567980e-01
   9.6402907396588622e-01
   9.8498126181732437e-01
   1.0044275752270049e+00
   1.0222033605203311e+00
   1.0381511896470608e+00
   1.0521241002712840e+00
   1.0639888110342208e+00
   1.0736287922607013e+00
   1.0809470685321942e+00
   1.0858686331627199e+00
   1.0883423661280238e+00
   1.0883423661280238e+00
   1.0858686331627199e+00
   1.0809470685321942e+00
   1.0736287922607013e+00
   1.0639888110342210e+00
   1.0521241002712840e+00
   1.0381511896470608e+00
   1.0222033605203309e+00
   1.0044275752270051e+00
   9.8498126181732448e-01
   9.6402907396588622e-01
   9.4173973551567969e-01
   9.1828306389366898e-01
   8.9382724813796577e-01
   8.6853643720667550e-01
   8.4256867415002512e-01
   8.1607419290779581e-01
   7.8919407789738349e-01
   7.6205927278734387e-01
   7.3478991418239159e-01
   7.0749495837607601e-01
   6.8027206464162471e-01
   6.5320769637062959e-01
   6.2637740129424901e-01
   6.0433812041784607e-01
   5.8713079587217254e-01
   5.7029499508744730e-01
   5.5385804246460990e-01
   5.3784341666270474e-01
   5.2227104129743684e-01
   5.0715757670979711e-01
   4.9251670828303373e-01
   4.7835942767532919e-01
   4.6469430413500346e-01
   4.5152774377063692e-01
   4.3886423526033530e-01
   4.2670658100583025e-01
   4.1505611317386509e-01
   4.0391289442643907e-01
   3.9327590343083701e-01
   3.8314320546809827e-01
   3.7351210863271617e-01
   3.6437930624459458e-01
   3.5574100618374427e-01
   3.4759304791538320e-01
   3.3993100800379988e-01
   3.3275029492264185e-01
   3.2604623396161142e-01
   3.1981414300864336e-01
   3.1404939995567760e-01
   3.0874750243775034e-01
   3.0390412057145810e-01
   2.9951514331164220e-01
   2.9557671899575627e-01
   2.9208529059488658e-01
   2.8903762613958112e-01
   2.8643084473809050e-01
   2.8426243855472111e-01
   2.8253029106698224e-01
   2.8123269187220168e-01
   2.8036834826729223e-01
   2.7993639377931878e-01
   2.7993639377931878e-01
   2.8036834826729234e-01
   2.8123269187220179e-01
   2.8253029106698241e-01
   2.8426243855472133e-01
   2.8643084473809077e-01
   2.8903762613958139e-01
   2.9208529059488697e-01
   2.9557671899575666e-01
   2.9951514331164264e-01
   3.0390412057145855e-01
   3.0874750243775084e-01
   3.1404939995567815e-01
   3.1981414300864397e-01
   3.2604623396161209e-01
   3.3275029492264252e-01
   3.3993100800380066e-01
   3.4759304791538409e-01
   3.5574100618374516e-01
   3.6437930624459547e-01
   3.7351210863271711e-01
   3.8314320546809932e-01
   3.9327590343083807e-01
   4.0391289442644018e-01
   4.1505611317386626e-01
   4.2670658100583148e-01
   4.3886423526033652e-01
   4.5152774377063809e-01
   4.6469430413500462e-01
   4.7835942767533035e-01
   4.9251670828303484e-01
   5.0715757670979811e-01
   5.2227104129743773e-01
   5.3784341666270574e-01
   5.5385804246461068e-01
   5.7029499508744796e-01
   5.8713079587217332e-01
   6.0433812041784674e-01
   6.0433812041784607e-01
   5.8713079587217265e-01
   5.7029499508744719e-01
   5.5385804246461001e-01
   5.3784341666270485e-01
   5.2227104129743684e-01
   5.0715757670979711e-01
   4.9251670828303373e-01
   4.7835942767532919e-01
   4.6469430413500340e-01
   4.5152774377063692e-01
   4.3886423526033524e-01
   4.2670658100583025e-01
   4.1505611317386504e-01
   4.0391289442643896e-01
   3.9327590343083701e-01
   3.8314320546809821e-01
   3.7351210863271606e-01
   3.6437930624459447e-01
   3.5574100618374416e-01
   3.4759304791538315e-01
   3.3993100800379972e-01
   3.3275029492264174e-01
   3.2604623396161125e-01
   3.1981414300864319e-01
   3.1404939995567743e-01
   3.0874750243775012e-01
   3.0390412057145788e-01
   2.9951514331164197e-01
   2.9557671899575605e-01
   2.9208529059488642e-01
   2.8903762613958089e-01
   2.8643084473809027e-01
   2.8426243855472089e-01
   2.8253029106698196e-01
   2.8123269187220140e-01
   2.8036834826729196e-01
   2.7993639377931850e-01
   2.7993639377931850e-01
   2.8036834826729201e-01
   2.8123269187220146e-01
   2.8253029106698202e-01
   2.8426243855472100e-01
   2.8643084473809038e-01
   2.8903762613958101e-01
   2.9208529059488653e-01
   2.9557671899575622e-01
   2.9951514331164214e-01
   3.0390412057145810e-01
   3.0874750243775034e-01
   3.1404939995567765e-01
   3.1981414300864347e-01
   3.2604623396161159e-01
   3.3275029492264202e-01
   3.3993100800380005e-01
   3.4759304791538348e-01
   3.5574100618374449e-01
   3.6437930624459486e-01
   3.7351210863271650e-01
   3.8314320546809866e-01
   3.9327590343083740e-01
   4.0391289442643946e-01
   4.1505611317386554e-01
   4.2670658100583075e-01
   4.3886423526033580e-01
   4.5152774377063742e-01
   4.6469430413500407e-01
   4.7835942767532985e-01
   4.9251670828303440e-01
   5.0715757670979777e-01
   5.2227104129743762e-01
   5.3784341666270552e-01
   5.5385804246461068e-01
   5.7029499508744796e-01
   5.8713079587217343e-01
   6.0433812041784685e-01
   6.0433812041784607e-01
   5.8713079587217265e-01
   5.7029499508744719e-01
   5.5385804246460990e-01
   5.3784341666270485e-01
   5.2227104129743684e-01
   5.0715757670979711e-01
   4.9251670828303373e-01
   4.7835942767532913e-01
   4.6469430413500346e-01
   4.5152774377063681e-01
   4.3886423526033524e-01
   4.2670658100583020e-01
   4.1505611317386498e-01
   4.0391289442643891e-01
   3.9327590343083690e-01
   3.8314320546809810e-01
   3.7351210863271600e-01
   3.6437930624459436e-01
   3.5574100618374410e-01
   3.4759304791538304e-01
   3.3993100800379972e-01
   3.3275029492264163e-01
   3.2604623396161125e-01
   3.1981414300864308e-01
   3.1404939995567732e-01
   3.0874750243775001e-01
   3.0390412057145783e-01
   2.9951514331164186e-01
   2.9557671899575594e-01
   2.9208529059488630e-01
   2.8903762613958078e-01
   2.8643084473809022e-01
   2.8426243855472078e-01
   2.8253029106698185e-01
   2.8123269187220129e-01
   2.8036834826729184e-01
   2.7993639377931839e-01
   2.7993639377931839e-01
   2.8036834826729190e-01
   2.8123269187220135e-01
   2.8253029106698185e-01
   2.8426243855472083e-01
   2.8643084473809027e-01
   2.8903762613958084e-01
   2.9208529059488642e-01
   2.9557671899575605e-01
   2.9951514331164197e-01
   3.0390412057145794e-01
   3.0874750243775018e-01
   3.1404939995567749e-01
   3.1981414300864325e-01
   3.2604623396161142e-01
   3.3275029492264180e-01
   3.3993100800379983e-01
   3.4759304791538326e-01
   3.5574100618374427e-01
   3.6437930624459464e-01
   3.7351210863271622e-01
   3.8314320546809838e-01
   3.9327590343083713e-01
   4.0391289442643918e-01
   4.1505611317386532e-01
   4.2670658100583048e-01
   4.3886423526033552e-01
   4.5152774377063715e-01
   4.6469430413500373e-01
   4.7835942767532952e-01
   4.9251670828303407e-01
   5.0715757670979744e-01
   5.2227104129743718e-01
   5.3784341666270519e-01
   5.5385804246461023e-01
   5.7029499508744763e-01
   5.8713079587217309e-01
   6.0433812041784651e-01
   6.2637740129424979e-01
   6.5320769637063036e-01
   6.8027206464162537e-01
   7.0749495837607668e-01
   7.3478991418239203e-01
   7.6205927278734431e-01
   7.8919407789738394e-01
   8.1607419290779615e-01
   8.4256867415002534e-01
   8.6853643720667573e-01
   8.9382724813796566e-01
   9.1828306389366854e-01
   9.4173973551567935e-01
   9.6402907396588555e-01
   9.8498126181732371e-01
   1.0044275752270040e+00
   1.0222033605203300e+00
   1.0381511896470594e+00
   1.0521241002712827e+00
   1.0639888110342193e+00
   1.0736287922606997e+00
   1.0809470685321925e+00
   1.0858686331627181e+00
   1.0883423661280218e+00
   1.0883423661280218e+00
   1.0858686331627181e+00
   1.0809470685321922e+00
   1.0736287922606993e+00
   1.0639888110342193e+00
   1.0521241002712822e+00
   1.0381511896470588e+00
   1.0222033605203293e+00
   1.0044275752270033e+00
   9.8498126181732304e-01
   9.6402907396588489e-01
   9.4173973551567858e-01
   9.1828306389366776e-01
   8.9382724813796488e-01
   8.6853643720667473e-01
   8.4256867415002468e-01
   8.1607419290779548e-01
   7.8919407789738338e-01
   7.6205927278734376e-01
   7.3478991418239170e-01
   7.0749495837607623e-01
   6.8027206464162515e-01
   6.5320769637063025e-01
   6.2637740129424968e-01
