   5.6093734368156534e-01
   6.0403837868219223e-01
   6.4840163249446225e-01
   6.9399471536670532e-01
   7.4075662061209679e-01
   7.8859353972221891e-01
   8.3737457241172120e-01
   8.8692750345715543e-01
   9.3703487630580529e-01
   9.8743065561197574e-01
   1.0377978320070362e+00
   1.0877673749426013e+00
   1.1369189732383334e+00
   1.1847840057975716e+00
   1.2308511436892366e+00
   1.2745748874386589e+00
   1.3153871819871006e+00
   1.3527120259559025e+00
   1.3859827120242234e+00
   1.4146610248569988e+00
   1.4382574184033792e+00
   1.4563509411851323e+00
   1.4686075243736221e+00
   1.4747952335268348e+00
   1.4747952335268348e+00
   1.4686075243736219e+00
   1.4563509411851321e+00
   1.4382574184033787e+00
   1.4146610248569982e+00
   1.3859827120242232e+00
   1.3527120259559020e+00
   1.3153871819870997e+00
   1.2745748874386580e+00
   1.2308511436892360e+00
   1.1847840057975709e+00
   1.1369189732383325e+00
   1.0877673749426007e+00
   1.0377978320070353e+00
   9.8743065561197485e-01
   9.3703487630580451e-01
   8.8692750345715465e-01
   8.3737457241172064e-01
   7.8859353972221835e-01
   7.4075662061209635e-01
   6.9399471536670498e-01
   6.4840163249446203e-01
   6.0403837868219223e-01
   5.6093734368156534e-01
   5.2618851442394565e-01
   4.9976235995128176e-01
   4.7456063388049263e-01
   4.5056141385397125e-01
   4.2773807374390649e-01
   4.0606035129684342e-01
   3.8549526905438614e-01
   3.6600792229428281e-01
   3.4756214785775374e-01
   3.3012108736002954e-01
   3.1364765758337071e-01
   2.9810493995033360e-01
   2.8345649996384170e-01
   2.6966664644859772e-01
   2.5670063938425941e-01
   2.4452485411762101e-01
   2.3310690879982474e-01
   2.2241576102744734e-01
   2.1242177887873681e-01
   2.0309679082927373e-01
   1.9441411840273048e-01
   1.8634859485799857e-01
   1.7887657272834673e-01
   1.7197592260543659e-01
   1.6562602519474567e-01
   1.5980775835310090e-01
   1.5450348054775787e-01
   1.4969701194430277e-01
   1.4537361413258565e-01
   1.4151996933135561e-01
   1.3812415976916942e-01
   1.3517564781783173e-01
   1.3266525735185244e-01
   1.3058515672030765e-01
   1.2892884364352394e-01
   1.2769113228392270e-01
   1.2686814268616389e-01
   1.2645729273462514e-01
   1.2645729273462514e-01
   1.2686814268616389e-01
   1.2769113228392268e-01
   1.2892884364352389e-01
   1.3058515672030760e-01
   1.3266525735185239e-01
   1.3517564781783167e-01
   1.3812415976916931e-01
   1.4151996933135549e-01
   1.4537361413258554e-01
   1.4969701194430265e-01
   1.5450348054775775e-01
   1.5980775835310079e-01
   1.6562602519474554e-01
   1.7197592260543643e-01
   1.7887657272834656e-01
   1.8634859485799840e-01
   1.9441411840273029e-01
   2.0309679082927354e-01
   2.1242177887873659e-01
   2.2241576102744709e-01
   2.3310690879982446e-01
   2.4452485411762070e-01
   2.5670063938425902e-01
   2.6966664644859728e-01
   2.8345649996384126e-01
   2.9810493995033310e-01
   3.1364765758337015e-01
   3.3012108736002893e-01
   3.4756214785775313e-01
   3.6600792229428214e-01
   3.8549526905438541e-01
   4.0606035129684259e-01
   4.2773807374390566e-01
   4.5056141385397036e-01
   4.7456063388049169e-01
   4.9976235995128071e-01
   5.2618851442394454e-01
   5.2618851442394565e-01
   4.9976235995128176e-01
   4.7456063388049263e-01
   4.5056141385397130e-01
   4.2773807374390649e-01
   4.0606035129684342e-01
   3.8549526905438614e-01
   3.6600792229428281e-01
   3.4756214785775380e-01
   3.3012108736002954e-01
   3.1364765758337071e-01
   2.9810493995033360e-01
   2.8345649996384165e-01
   2.6966664644859772e-01
   2.5670063938425941e-01
   2.4452485411762101e-01
   2.3310690879982476e-01
   2.2241576102744737e-01
   2.1242177887873678e-01
   2.0309679082927376e-01
   1.9441411840273048e-01
   1.8634859485799857e-01
   1.7887657272834673e-01
   1.7197592260543659e-01
   1.6562602519474567e-01
   1.5980775835310093e-01
   1.5450348054775789e-01
   1.4969701194430277e-01
   1.4537361413258568e-01
   1.4151996933135561e-01
   1.3812415976916939e-01
   1.3517564781783173e-01
   1.3266525735185244e-01
   1.3058515672030765e-01
   1.2892884364352394e-01
   1.2769113228392270e-01
   1.2686814268616389e-01
   1.2645729273462517e-01
   1.2645729273462514e-01
   1.2686814268616389e-01
   1.2769113228392268e-01
   1.2892884364352392e-01
   1.3058515672030763e-01
   1.3266525735185242e-01
   1.3517564781783167e-01
   1.3812415976916934e-01
   1.4151996933135552e-01
   1.4537361413258559e-01
   1.4969701194430268e-01
   1.5450348054775778e-01
   1.5980775835310082e-01
   1.6562602519474556e-01
   1.7197592260543645e-01
   1.7887657272834659e-01
   1.8634859485799843e-01
   1.9441411840273032e-01
   2.0309679082927357e-01
   2.1242177887873659e-01
   2.2241576102744715e-01
   2.3310690879982451e-01
   2.4452485411762076e-01
   2.5670063938425908e-01
   2.6966664644859734e-01
   2.8345649996384131e-01
   2.9810493995033316e-01
   3.1364765758337021e-01
   3.3012108736002899e-01
   3.4756214785775319e-01
   3.6600792229428220e-01
   3.8549526905438541e-01
   4.0606035129684270e-01
   4.2773807374390571e-01
   4.5056141385397042e-01
   4.7456063388049169e-01
   4.9976235995128082e-01
   5.2618851442394454e-01
   5.2618851442394576e-01
   4.9976235995128188e-01
   4.7456063388049274e-01
   4.5056141385397130e-01
   4.2773807374390654e-01
   4.0606035129684348e-01
   3.8549526905438619e-01
   3.6600792229428286e-01
   3.4756214785775386e-01
   3.3012108736002960e-01
   3.1364765758337071e-01
   2.9810493995033366e-01
   2.8345649996384176e-01
   2.6966664644859778e-01
   2.5670063938425947e-01
   2.4452485411762104e-01
   2.3310690879982476e-01
   2.2241576102744737e-01
   2.1242177887873684e-01
   2.0309679082927376e-01
   1.9441411840273051e-01
   1.8634859485799860e-01
   1.7887657272834673e-01
   1.7197592260543659e-01
   1.6562602519474567e-01
   1.5980775835310093e-01
   1.5450348054775787e-01
   1.4969701194430277e-01
   1.4537361413258565e-01
   1.4151996933135558e-01
   1.3812415976916939e-01
   1.3517564781783170e-01
   1.3266525735185242e-01
   1.3058515672030763e-01
   1.2892884364352389e-01
   1.2769113228392268e-01
   1.2686814268616387e-01
   1.2645729273462508e-01
   1.2645729273462508e-01
   1.2686814268616384e-01
   1.2769113228392265e-01
   1.2892884364352386e-01
   1.3058515672030754e-01
   1.3266525735185231e-01
   1.3517564781783162e-01
   1.3812415976916925e-01
   1.4151996933135544e-01
   1.4537361413258548e-01
   1.4969701194430257e-01
   1.5450348054775764e-01
   1.5980775835310068e-01
   1.6562602519474542e-01
   1.7197592260543632e-01
   1.7887657272834645e-01
   1.8634859485799826e-01
   1.9441411840273018e-01
   2.0309679082927337e-01
   2.1242177887873639e-01
   2.2241576102744695e-01
   2.3310690879982432e-01
   2.4452485411762057e-01
   2.5670063938425891e-01
   2.6966664644859717e-01
   2.8345649996384115e-01
   2.9810493995033299e-01
   3.1364765758337010e-01
   3.3012108736002888e-01
   3.4756214785775308e-01
   3.6600792229428208e-01
   3.8549526905438536e-01
   4.0606035129684259e-01
   4.2773807374390560e-01
   4.5056141385397036e-01
   4.7456063388049163e-01
   4.9976235995128071e-01
   5.2618851442394454e-01
   5.6093734368156423e-01
   6.0403837868219101e-01
   6.4840163249446092e-01
   6.9399471536670410e-01
   7.4075662061209535e-01
   7.8859353972221746e-01
   8.3737457241171986e-01
   8.8692750345715399e-01
   9.3703487630580384e-01
   9.8743065561197441e-01
   1.0377978320070349e+00
   1.0877673749426005e+00
   1.1369189732383327e+00
   1.1847840057975711e+00
   1.2308511436892362e+00
   1.2745748874386584e+00
   1.3153871819871004e+00
   1.3527120259559027e+00
   1.3859827120242241e+00
   1.4146610248569993e+00
   1.4382574184033801e+00
   1.4563509411851332e+00
   1.4686075243736232e+00
   1.4747952335268362e+00
   1.4747952335268362e+00
   1.4686075243736234e+00
   1.4563509411851336e+00
   1.4382574184033805e+00
   1.4146610248569997e+00
   1.3859827120242247e+00
   1.3527120259559036e+00
   1.3153871819871013e+00
   1.2745748874386593e+00
   1.2308511436892373e+00
   1.1847840057975720e+00
   1.1369189732383336e+00
   1.0877673749426016e+00
   1.0377978320070360e+00
   9.8743065561197541e-01
   9.3703487630580484e-01
   8.8692750345715488e-01
   8.3737457241172053e-01
   7.8859353972221824e-01
   7.4075662061209602e-01
   6.9399471536670454e-01
   6.4840163249446126e-01
   6.0403837868219135e-01
   5.6093734368156434e-01
