   6.5769975292201910e-01
   6.9055320730758019e-01
   7.2244470169598585e-01
   7.5267870539318804e-01
   7.8051448047454697e-01
   8.0519712495782969e-01
   8.2599662448033873e-01
   8.4225218284755610e-01
   8.5341756638668353e-01
   8.5910214505228166e-01
   8.5910214505228166e-01
   8.5341756638668342e-01
   8.4225218284755599e-01
   8.2599662448033873e-01
   8.0519712495782980e-01
   7.8051448047454708e-01
   7.5267870539318815e-01
   7.2244470169598596e-01
   6.9055320730758030e-01
   6.5769975292201921e-01
   6.3024583633169373e-01
   6.0864651894002642e-01
   5.8747851304299825e-01
   5.6701355154627053e-01
   5.4748538466947061e-01
   5.2909143956281002e-01
   5.1199557662259099e-01
   4.9633151303474055e-01
   4.8220655910779964e-01
   4.6970539144230083e-01
   4.5889365988547898e-01
   4.4982128751474443e-01
   4.4252537259018493e-01
   4.3703263856838226e-01
   4.3336140413948288e-01
   4.3152306169384397e-01
   4.3152306169384397e-01
   4.3336140413948288e-01
   4.3703263856838226e-01
   4.4252537259018487e-01
   4.4982128751474432e-01
   4.5889365988547892e-01
   4.6970539144230078e-01
   4.8220655910779953e-01
   4.9633151303474049e-01
   5.1199557662259088e-01
   5.2909143956280980e-01
   5.4748538466947039e-01
   5.6701355154627031e-01
   5.8747851304299803e-01
   6.0864651894002619e-01
   6.3024583633169362e-01
   6.3024583633169351e-01
   6.0864651894002619e-01
   5.8747851304299803e-01
   5.6701355154627031e-01
   5.4748538466947039e-01
   5.2909143956280980e-01
   5.1199557662259076e-01
   4.9633151303474032e-01
   4.8220655910779947e-01
   4.6970539144230061e-01
   4.5889365988547881e-01
   4.4982128751474421e-01
   4.4252537259018476e-01
   4.3703263856838215e-01
   4.3336140413948276e-01
   4.3152306169384386e-01
   4.3152306169384386e-01
   4.3336140413948276e-01
   4.3703263856838215e-01
   4.4252537259018476e-01
   4.4982128751474426e-01
   4.5889365988547881e-01
   4.6970539144230072e-01
   4.8220655910779947e-01
   4.9633151303474038e-01
   5.1199557662259088e-01
   5.2909143956280991e-01
   5.4748538466947050e-01
   5.6701355154627042e-01
   5.8747851304299814e-01
   6.0864651894002630e-01
   6.3024583633169351e-01
   6.3024583633169373e-01
   6.0864651894002630e-01
   5.8747851304299814e-01
   5.6701355154627042e-01
   5.4748538466947050e-01
   5.2909143956280991e-01
   5.1199557662259088e-01
   4.9633151303474049e-01
   4.8220655910779958e-01
   4.6970539144230078e-01
   4.5889365988547892e-01
   4.4982128751474432e-01
   4.4252537259018487e-01
   4.3703263856838220e-01
   4.3336140413948282e-01
   4.3152306169384391e-01
   4.3152306169384391e-01
   4.3336140413948282e-01
   4.3703263856838209e-01
   4.4252537259018476e-01
   4.4982128751474426e-01
   4.5889365988547881e-01
   4.6970539144230061e-01
   4.8220655910779947e-01
   4.9633151303474038e-01
   5.1199557662259065e-01
   5.2909143956280968e-01
   5.4748538466947039e-01
   5.6701355154627020e-01
   5.8747851304299792e-01
   6.0864651894002608e-01
   6.3024583633169351e-01
   6.5769975292201888e-01
   6.9055320730758007e-01
   7.2244470169598607e-01
   7.5267870539318860e-01
   7.8051448047454763e-01
   8.0519712495783058e-01
   8.2599662448033984e-01
   8.4225218284755721e-01
   8.5341756638668487e-01
   8.5910214505228311e-01
   8.5910214505228322e-01
   8.5341756638668487e-01
   8.4225218284755732e-01
   8.2599662448033995e-01
   8.0519712495783080e-01
   7.8051448047454786e-01
   7.5267870539318882e-01
   7.2244470169598640e-01
   6.9055320730758041e-01
   6.5769975292201899e-01
