   6.4049053500395126e-01
   6.6086031014255575e-01
   6.8126645867598179e-01
   7.0164531805567087e-01
   7.2192741265674454e-01
   7.4203756952825994e-01
   7.6189514495163180e-01
   7.8141437412245485e-01
   8.0050485449399034e-01
   8.1907217073272542e-01
   8.3701866579678985e-01
   8.5424435836327706e-01
   8.7064800176672397e-01
   8.8612827390302640e-01
   9.0058508140961235e-01
   9.1392095513513427e-01
   9.2604250780547825e-01
   9.3686191926913653e-01
   9.4629841017611505e-01
   9.5427966181032919e-01
   9.6074313840572856e-01
   9.6563726889305868e-01
   9.6892244778680292e-01
   9.7057181982223983e-01
   9.7057181982223972e-01
   9.6892244778680292e-01
   9.6563726889305879e-01
   9.6074313840572867e-01
   9.5427966181032930e-01
   9.4629841017611493e-01
   9.3686191926913664e-01
   9.2604250780547837e-01
   9.1392095513513427e-01
   9.0058508140961224e-01
   8.8612827390302640e-01
   8.7064800176672397e-01
   8.5424435836327706e-01
   8.3701866579678985e-01
   8.1907217073272554e-01
   8.0050485449399034e-01
   7.8141437412245485e-01
   7.6189514495163180e-01
   7.4203756952825994e-01
   7.2192741265674465e-01
   7.0164531805567087e-01
   6.8126645867598190e-01
   6.6086031014255586e-01
   6.4049053500395137e-01
   6.2364774092377362e-01
   6.1037338232083649e-01
   5.9726596435810142e-01
   5.8435421117116371e-01
   5.7166436071279780e-01
   5.5922025339902415e-01
   5.4704343459131277e-01
   5.3515326772429894e-01
   5.2356705519477853e-01
   5.1230016444365589e-01
   5.0136615697769615e-01
   4.9077691838431964e-01
   4.8054278768413466e-01
   4.7067268463805711e-01
   4.6117423387581208e-01
   4.5205388493872589e-01
   4.4331702753137575e-01
   4.3496810145404491e-01
   4.2701070084184251e-01
   4.1944767246801340e-01
   4.1228120797991941e-01
   4.0551293002814409e-01
   3.9914397232394844e-01
   3.9317505371971240e-01
   3.8760654645279896e-01
   3.8243853872717554e-01
   3.7767089183068914e-01
   3.7330329200057971e-01
   3.6933529725693959e-01
   3.6576637942456469e-01
   3.6259596155903923e-01
   3.5982345098385415e-01
   3.5744826813267699e-01
   3.5546987137523950e-01
   3.5388777798726806e-01
   3.5270158140493957e-01
   3.5191096488291407e-01
   3.5151571165241707e-01
   3.5151571165241707e-01
   3.5191096488291401e-01
   3.5270158140493940e-01
   3.5388777798726789e-01
   3.5546987137523939e-01
   3.5744826813267677e-01
   3.5982345098385393e-01
   3.6259596155903900e-01
   3.6576637942456441e-01
   3.6933529725693925e-01
   3.7330329200057938e-01
   3.7767089183068875e-01
   3.8243853872717509e-01
   3.8760654645279852e-01
   3.9317505371971190e-01
   3.9914397232394794e-01
   4.0551293002814348e-01
   4.1228120797991885e-01
   4.1944767246801279e-01
   4.2701070084184178e-01
   4.3496810145404413e-01
   4.4331702753137503e-01
   4.5205388493872511e-01
   4.6117423387581125e-01
   4.7067268463805628e-01
   4.8054278768413372e-01
   4.9077691838431869e-01
   5.0136615697769527e-01
   5.1230016444365489e-01
   5.2356705519477753e-01
   5.3515326772429794e-01
   5.4704343459131177e-01
   5.5922025339902304e-01
   5.7166436071279658e-01
   5.8435421117116249e-01
   5.9726596435810031e-01
   6.1037338232083538e-01
   6.2364774092377251e-01
   6.2364774092377373e-01
   6.1037338232083660e-01
   5.9726596435810153e-01
   5.8435421117116393e-01
   5.7166436071279791e-01
   5.5922025339902437e-01
   5.4704343459131310e-01
   5.3515326772429928e-01
   5.2356705519477886e-01
   5.1230016444365623e-01
   5.0136615697769660e-01
   4.9077691838432003e-01
   4.8054278768413505e-01
   4.7067268463805756e-01
   4.6117423387581252e-01
   4.5205388493872634e-01
   4.4331702753137631e-01
   4.3496810145404535e-01
   4.2701070084184301e-01
   4.1944767246801390e-01
   4.1228120797991996e-01
   4.0551293002814465e-01
   3.9914397232394910e-01
   3.9317505371971301e-01
   3.8760654645279957e-01
   3.8243853872717620e-01
   3.7767089183068980e-01
   3.7330329200058043e-01
   3.6933529725694031e-01
   3.6576637942456547e-01
   3.6259596155903995e-01
   3.5982345098385488e-01
   3.5744826813267777e-01
   3.5546987137524033e-01
   3.5388777798726889e-01
   3.5270158140494040e-01
   3.5191096488291496e-01
   3.5151571165241796e-01
   3.5151571165241796e-01
   3.5191096488291496e-01
   3.5270158140494040e-01
   3.5388777798726889e-01
   3.5546987137524039e-01
   3.5744826813267783e-01
   3.5982345098385493e-01
   3.6259596155904000e-01
   3.6576637942456547e-01
   3.6933529725694036e-01
   3.7330329200058049e-01
   3.7767089183068986e-01
   3.8243853872717626e-01
   3.8760654645279968e-01
   3.9317505371971312e-01
   3.9914397232394916e-01
   4.0551293002814476e-01
   4.1228120797992007e-01
   4.1944767246801407e-01
   4.2701070084184317e-01
   4.3496810145404552e-01
   4.4331702753137636e-01
   4.5205388493872639e-01
   4.6117423387581247e-01
   4.7067268463805745e-01
   4.8054278768413472e-01
   4.9077691838431964e-01
   5.0136615697769604e-01
   5.1230016444365567e-01
   5.2356705519477820e-01
   5.3515326772429850e-01
   5.4704343459131233e-01
   5.5922025339902337e-01
   5.7166436071279703e-01
   5.8435421117116282e-01
   5.9726596435810042e-01
   6.1037338232083538e-01
   6.2364774092377251e-01
   6.2364774092377373e-01
   6.1037338232083660e-01
   5.9726596435810153e-01
   5.8435421117116371e-01
   5.7166436071279780e-01
   5.5922025339902415e-01
   5.4704343459131288e-01
   5.3515326772429905e-01
   5.2356705519477853e-01
   5.1230016444365600e-01
   5.0136615697769626e-01
   4.9077691838431975e-01
   4.8054278768413472e-01
   4.7067268463805728e-01
   4.6117423387581213e-01
   4.5205388493872595e-01
   4.4331702753137586e-01
   4.3496810145404496e-01
   4.2701070084184256e-01
   4.1944767246801351e-01
   4.1228120797991952e-01
   4.0551293002814415e-01
   3.9914397232394855e-01
   3.9317505371971245e-01
   3.8760654645279902e-01
   3.8243853872717559e-01
   3.7767089183068919e-01
   3.7330329200057982e-01
   3.6933529725693964e-01
   3.6576637942456475e-01
   3.6259596155903934e-01
   3.5982345098385421e-01
   3.5744826813267705e-01
   3.5546987137523955e-01
   3.5388777798726806e-01
   3.5270158140493957e-01
   3.5191096488291412e-01
   3.5151571165241713e-01
   3.5151571165241713e-01
   3.5191096488291401e-01
   3.5270158140493946e-01
   3.5388777798726795e-01
   3.5546987137523939e-01
   3.5744826813267683e-01
   3.5982345098385393e-01
   3.6259596155903900e-01
   3.6576637942456441e-01
   3.6933529725693925e-01
   3.7330329200057938e-01
   3.7767089183068869e-01
   3.8243853872717509e-01
   3.8760654645279852e-01
   3.9317505371971190e-01
   3.9914397232394794e-01
   4.0551293002814348e-01
   4.1228120797991880e-01
   4.1944767246801273e-01
   4.2701070084184178e-01
   4.3496810145404413e-01
   4.4331702753137497e-01
   4.5205388493872506e-01
   4.6117423387581119e-01
   4.7067268463805634e-01
   4.8054278768413378e-01
   4.9077691838431864e-01
   5.0136615697769527e-01
   5.1230016444365489e-01
   5.2356705519477742e-01
   5.3515326772429783e-01
   5.4704343459131177e-01
   5.5922025339902293e-01
   5.7166436071279658e-01
   5.8435421117116249e-01
   5.9726596435810020e-01
   6.1037338232083527e-01
   6.2364774092377240e-01
   6.4049053500395015e-01
   6.6086031014255486e-01
   6.8126645867598101e-01
   7.0164531805567021e-01
   7.2192741265674409e-01
   7.4203756952825961e-01
   7.6189514495163169e-01
   7.8141437412245485e-01
   8.0050485449399045e-01
   8.1907217073272587e-01
   8.3701866579679041e-01
   8.5424435836327772e-01
   8.7064800176672474e-01
   8.8612827390302740e-01
   9.0058508140961357e-01
   9.1392095513513549e-01
   9.2604250780547970e-01
   9.3686191926913787e-01
   9.4629841017611638e-01
   9.5427966181033053e-01
   9.6074313840572978e-01
   9.6563726889306012e-01
   9.6892244778680414e-01
   9.7057181982224106e-01
   9.7057181982224094e-01
   9.6892244778680403e-01
   9.6563726889306001e-01
   9.6074313840572945e-01
   9.5427966181033019e-01
   9.4629841017611582e-01
   9.3686191926913720e-01
   9.2604250780547892e-01
   9.1392095513513483e-01
   9.0058508140961269e-01
   8.8612827390302673e-01
   8.7064800176672408e-01
   8.5424435836327706e-01
   8.3701866579678974e-01
   8.1907217073272520e-01
   8.0050485449399000e-01
   7.8141437412245440e-01
   7.6189514495163124e-01
   7.4203756952825928e-01
   7.2192741265674387e-01
   7.0164531805566999e-01
   6.8126645867598090e-01
   6.6086031014255475e-01
   6.4049053500395026e-01
