   6.6663937146765440e-01
   6.8121333727131894e-01
   6.9511311937659637e-01
   7.0805900229020713e-01
   7.1977597834948681e-01
   7.3000287585451240e-01
   7.3850205185278828e-01
   7.4506904497765436e-01
   7.4954149543837290e-01
   7.5180662297893708e-01
   7.5180662297893708e-01
   7.4954149543837290e-01
   7.4506904497765436e-01
   7.3850205185278828e-01
   7.3000287585451240e-01
   7.1977597834948681e-01
   7.0805900229020713e-01
   6.9511311937659637e-01
   6.8121333727131905e-01
   6.6663937146765451e-01
   6.4923180610828812e-01
   6.2930171462640350e-01
   6.0959661182657343e-01
   5.9039632375234818e-01
   5.7194716680793189e-01
   5.5446209587543083e-01
   5.3812214413422010e-01
   5.2307875451316244e-01
   5.0945664940583646e-01
   4.9735694490449706e-01
   4.8686027801128062e-01
   4.7802977318797246e-01
   4.7091372433674283e-01
   4.6554790829480558e-01
   4.6195747619471661e-01
   4.6015839058868446e-01
   4.6015839058868446e-01
   4.6195747619471661e-01
   4.6554790829480558e-01
   4.7091372433674283e-01
   4.7802977318797252e-01
   4.8686027801128068e-01
   4.9735694490449706e-01
   5.0945664940583646e-01
   5.2307875451316244e-01
   5.3812214413422010e-01
   5.5446209587543094e-01
   5.7194716680793201e-01
   5.9039632375234818e-01
   6.0959661182657354e-01
   6.2930171462640361e-01
   6.4923180610828823e-01
   6.5676501105254725e-01
   6.5177576733886955e-01
   6.4665781704162562e-01
   6.4149500699668816e-01
   6.3636993412598186e-01
   6.3136263557017103e-01
   6.2654944196594176e-01
   6.2200199903738529e-01
   6.1778645418178157e-01
   6.1396279798263975e-01
   6.1058434570218179e-01
   6.0769734076586790e-01
   6.0534066091707173e-01
   6.0354560788428335e-01
   6.0233576282475565e-01
   6.0172689223771292e-01
   6.0172689223771292e-01
   6.0233576282475565e-01
   6.0354560788428346e-01
   6.0534066091707173e-01
   6.0769734076586790e-01
   6.1058434570218190e-01
   6.1396279798263986e-01
   6.1778645418178157e-01
   6.2200199903738540e-01
   6.2654944196594164e-01
   6.3136263557017092e-01
   6.3636993412598208e-01
   6.4149500699668816e-01
   6.4665781704162562e-01
   6.5177576733886966e-01
   6.5676501105254737e-01
   6.5676501105254725e-01
   6.5177576733886922e-01
   6.4665781704162506e-01
   6.4149500699668738e-01
   6.3636993412598097e-01
   6.3136263557016981e-01
   6.2654944196594031e-01
   6.2200199903738385e-01
   6.1778645418177980e-01
   6.1396279798263798e-01
   6.1058434570217990e-01
   6.0769734076586590e-01
   6.0534066091706962e-01
   6.0354560788428147e-01
   6.0233576282475365e-01
   6.0172689223771092e-01
   6.0172689223771103e-01
   6.0233576282475376e-01
   6.0354560788428180e-01
   6.0534066091707017e-01
   6.0769734076586646e-01
   6.1058434570218056e-01
   6.1396279798263875e-01
   6.1778645418178058e-01
   6.2200199903738451e-01
   6.2654944196594087e-01
   6.3136263557017025e-01
   6.3636993412598142e-01
   6.4149500699668782e-01
   6.4665781704162539e-01
   6.5177576733886944e-01
   6.5676501105254737e-01
   6.6663937146765473e-01
   6.8121333727131994e-01
   6.9511311937659781e-01
   7.0805900229020913e-01
   7.1977597834948936e-01
   7.3000287585451529e-01
   7.3850205185279150e-01
   7.4506904497765780e-01
   7.4954149543837667e-01
   7.5180662297894096e-01
   7.5180662297894096e-01
   7.4954149543837667e-01
   7.4506904497765791e-01
   7.3850205185279139e-01
   7.3000287585451518e-01
   7.1977597834948936e-01
   7.0805900229020902e-01
   6.9511311937659781e-01
   6.8121333727131983e-01
   6.6663937146765462e-01
