   6.9701115840455841e-01
   7.2895086101297280e-01
   7.6195584071863365e-01
   7.9594414357975374e-01
   8.3081329366733614e-01
   8.6643824502173228e-01
   9.0266950069695373e-01
   9.3933151687525895e-01
   9.7622153047011784e-01
   1.0131089661019543e+00
   1.0497355900627345e+00
   1.0858165816192131e+00
   1.1210426822203161e+00
   1.1550835575006428e+00
   1.1875924627607262e+00
   1.2182122386340741e+00
   1.2465825808730722e+00
   1.2723484303686559e+00
   1.2951692235955699e+00
   1.3147286396026197e+00
   1.3307443896415736e+00
   1.3429775325216087e+00
   1.3512407745282780e+00
   1.3554052355302002e+00
   1.3554052355302002e+00
   1.3512407745282777e+00
   1.3429775325216085e+00
   1.3307443896415734e+00
   1.3147286396026194e+00
   1.2951692235955696e+00
   1.2723484303686556e+00
   1.2465825808730717e+00
   1.2182122386340737e+00
   1.1875924627607257e+00
   1.1550835575006422e+00
   1.1210426822203154e+00
   1.0858165816192122e+00
   1.0497355900627339e+00
   1.0131089661019534e+00
   9.7622153047011728e-01
   9.3933151687525829e-01
   9.0266950069695306e-01
   8.6643824502173172e-01
   8.3081329366733569e-01
   7.9594414357975352e-01
   7.6195584071863354e-01
   7.2895086101297280e-01
   6.9701115840455852e-01
   6.8347717780681772e-01
   6.8835318075269369e-01
   6.9435462084002042e-01
   7.0147161915548262e-01
   7.0969179548362971e-01
   7.1899994343172002e-01
   7.2937765624918827e-01
   7.4080290544341454e-01
   7.5324957529031700e-01
   7.6668695761073391e-01
   7.8107921275906200e-01
   7.9638480466850226e-01
   8.1255592002442711e-01
   8.2953788418309848e-01
   8.4726858928268667e-01
   8.6567795304226891e-01
   8.8468742990978555e-01
   9.0420959935573475e-01
   9.2414785902114316e-01
   9.4439625287124551e-01
   9.6483946618782346e-01
   9.8535301982168588e-01
   1.0058036952681215e+00
   1.0260502194707108e+00
   1.0459442334882254e+00
   1.0653315620412296e+00
   1.0840537913839863e+00
   1.1019501509967031e+00
   1.1188596805594824e+00
   1.1346236481026768e+00
   1.1490881689403962e+00
   1.1621069590347606e+00
   1.1735441420373873e+00
   1.1832770177232004e+00
   1.1911986921360749e+00
   1.1972204675791829e+00
   1.2012738943374268e+00
   1.2033123959805267e+00
   1.2033123959805261e+00
   1.2012738943374246e+00
   1.1972204675791791e+00
   1.1911986921360700e+00
   1.1832770177231939e+00
   1.1735441420373796e+00
   1.1621069590347517e+00
   1.1490881689403862e+00
   1.1346236481026659e+00
   1.1188596805594704e+00
   1.1019501509966907e+00
   1.0840537913839730e+00
   1.0653315620412158e+00
   1.0459442334882112e+00
   1.0260502194706964e+00
   1.0058036952681069e+00
   9.8535301982167101e-01
   9.6483946618780869e-01
   9.4439625287123086e-01
   9.2414785902112884e-01
   9.0420959935572065e-01
   8.8468742990977156e-01
   8.6567795304225537e-01
   8.4726858928267357e-01
   8.2953788418308594e-01
   8.1255592002441512e-01
   7.9638480466849093e-01
   7.8107921275905134e-01
   7.6668695761072381e-01
   7.5324957529030767e-01
   7.4080290544340588e-01
   7.2937765624918038e-01
   7.1899994343171292e-01
   7.0969179548362327e-01
   7.0147161915547718e-01
   6.9435462084001565e-01
   6.8835318075268981e-01
   6.8347717780681461e-01
   6.6538653668448533e-01
   6.3410675411724804e-01
   6.0401917735969080e-01
   5.7514413400628062e-01
   5.4749058215498303e-01
   5.2105787678942006e-01
   4.9583737070083861e-01
   4.7181384861789938e-01
   4.4896679869803280e-01
   4.2727152935079482e-01
   4.0670014183676767e-01
   3.8722237050823227e-01
   3.6880630318349872e-01
   3.5141899418747130e-01
   3.3502698221921340e-01
   3.1959672455966759e-01
   3.0509495831497030e-01
   2.9148899848261062e-01
   2.7874698168735651e-01
   2.6683806350273659e-01
   2.5573257637995095e-01
   2.4540215436725474e-01
   2.3581983002937376e-01
   2.2696010827306992e-01
   2.1879902115232841e-01
   2.1131416716284568e-01
   2.0448473803684264e-01
   1.9829153561093776e-01
   1.9271698095655967e-01
   1.8774511762861892e-01
   1.8336161059840825e-01
   1.7955374218566389e-01
   1.7631040608740600e-01
   1.7362210041292833e-01
   1.7148092047083391e-01
   1.6988055191136989e-01
   1.6881626470188130e-01
   1.6828490830165196e-01
   1.6828490830165196e-01
   1.6881626470188121e-01
   1.6988055191136978e-01
   1.7148092047083374e-01
   1.7362210041292814e-01
   1.7631040608740575e-01
   1.7955374218566358e-01
   1.8336161059840789e-01
   1.8774511762861851e-01
   1.9271698095655920e-01
   1.9829153561093724e-01
   2.0448473803684206e-01
   2.1131416716284504e-01
   2.1879902115232769e-01
   2.2696010827306917e-01
   2.3581983002937296e-01
   2.4540215436725385e-01
   2.5573257637995001e-01
   2.6683806350273553e-01
   2.7874698168735540e-01
   2.9148899848260945e-01
   3.0509495831496908e-01
   3.1959672455966620e-01
   3.3502698221921196e-01
   3.5141899418746980e-01
   3.6880630318349711e-01
   3.8722237050823055e-01
   4.0670014183676589e-01
   4.2727152935079288e-01
   4.4896679869803074e-01
   4.7181384861789727e-01
   4.9583737070083644e-01
   5.2105787678941762e-01
   5.4749058215498070e-01
   5.7514413400627806e-01
   6.0401917735968813e-01
   6.3410675411724526e-01
   6.6538653668448255e-01
   6.6538653668448533e-01
   6.3410675411724793e-01
   6.0401917735969080e-01
   5.7514413400628062e-01
   5.4749058215498303e-01
   5.2105787678942006e-01
   4.9583737070083861e-01
   4.7181384861789943e-01
   4.4896679869803280e-01
   4.2727152935079482e-01
   4.0670014183676767e-01
   3.8722237050823227e-01
   3.6880630318349872e-01
   3.5141899418747130e-01
   3.3502698221921340e-01
   3.1959672455966753e-01
   3.0509495831497030e-01
   2.9148899848261067e-01
   2.7874698168735651e-01
   2.6683806350273659e-01
   2.5573257637995100e-01
   2.4540215436725479e-01
   2.3581983002937382e-01
   2.2696010827306995e-01
   2.1879902115232844e-01
   2.1131416716284573e-01
   2.0448473803684269e-01
   1.9829153561093779e-01
   1.9271698095655973e-01
   1.8774511762861898e-01
   1.8336161059840830e-01
   1.7955374218566394e-01
   1.7631040608740609e-01
   1.7362210041292842e-01
   1.7148092047083399e-01
   1.6988055191137000e-01
   1.6881626470188138e-01
   1.6828490830165208e-01
   1.6828490830165205e-01
   1.6881626470188132e-01
   1.6988055191136989e-01
   1.7148092047083385e-01
   1.7362210041292825e-01
   1.7631040608740586e-01
   1.7955374218566372e-01
   1.8336161059840803e-01
   1.8774511762861867e-01
   1.9271698095655937e-01
   1.9829153561093743e-01
   2.0448473803684225e-01
   2.1131416716284523e-01
   2.1879902115232794e-01
   2.2696010827306937e-01
   2.3581983002937312e-01
   2.4540215436725404e-01
   2.5573257637995017e-01
   2.6683806350273570e-01
   2.7874698168735551e-01
   2.9148899848260962e-01
   3.0509495831496919e-01
   3.1959672455966631e-01
   3.3502698221921207e-01
   3.5141899418746991e-01
   3.6880630318349722e-01
   3.8722237050823066e-01
   4.0670014183676595e-01
   4.2727152935079299e-01
   4.4896679869803086e-01
   4.7181384861789732e-01
   4.9583737070083650e-01
   5.2105787678941773e-01
   5.4749058215498081e-01
   5.7514413400627817e-01
   6.0401917735968824e-01
   6.3410675411724526e-01
   6.6538653668448255e-01
   6.9701115840455585e-01
   7.2895086101297035e-01
   7.6195584071863121e-01
   7.9594414357975141e-01
   8.3081329366733392e-01
   8.6643824502173006e-01
   9.0266950069695151e-01
   9.3933151687525696e-01
   9.7622153047011639e-01
   1.0131089661019530e+00
   1.0497355900627336e+00
   1.0858165816192125e+00
   1.1210426822203161e+00
   1.1550835575006431e+00
   1.1875924627607268e+00
   1.2182122386340752e+00
   1.2465825808730733e+00
   1.2723484303686576e+00
   1.2951692235955719e+00
   1.3147286396026219e+00
   1.3307443896415760e+00
   1.3429775325216113e+00
   1.3512407745282806e+00
   1.3554052355302029e+00
   1.3554052355302029e+00
   1.3512407745282808e+00
   1.3429775325216113e+00
   1.3307443896415763e+00
   1.3147286396026221e+00
   1.2951692235955723e+00
   1.2723484303686579e+00
   1.2465825808730737e+00
   1.2182122386340757e+00
   1.1875924627607273e+00
   1.1550835575006435e+00
   1.1210426822203166e+00
   1.0858165816192131e+00
   1.0497355900627343e+00
   1.0131089661019534e+00
   9.7622153047011695e-01
   9.3933151687525762e-01
   9.0266950069695207e-01
   8.6643824502173061e-01
   8.3081329366733425e-01
   7.9594414357975163e-01
   7.6195584071863143e-01
   7.2895086101297035e-01
   6.9701115840455585e-01
