   8.2504038987393091e-01
   8.3827989301899974e-01
   8.5176346842974626e-01
   8.6542764668982874e-01
   8.7920481674008033e-01
   8.9302340008438763e-01
   9.0680811060639588e-01
   9.2048030721247676e-01
   9.3395844488003921e-01
   9.4715862754097424e-01
   9.5999526356860188e-01
   9.7238182149548602e-01
   9.8423168003842743e-01
   9.9545906265539941e-01
   1.0059800428571075e+00
   1.0157136025301441e+00
   1.0245827218157428e+00
   1.0325154758620034e+00
   1.0394461112641677e+00
   1.0453160734465723e+00
   1.0500749558041405e+00
   1.0536813422376892e+00
   1.0561035168405040e+00
   1.0573200178943924e+00
   1.0573200178943924e+00
   1.0561035168405040e+00
   1.0536813422376894e+00
   1.0500749558041407e+00
   1.0453160734465725e+00
   1.0394461112641680e+00
   1.0325154758620039e+00
   1.0245827218157435e+00
   1.0157136025301445e+00
   1.0059800428571080e+00
   9.9545906265539985e-01
   9.8423168003842798e-01
   9.7238182149548646e-01
   9.5999526356860232e-01
   9.4715862754097491e-01
   9.3395844488003998e-01
   9.2048030721247753e-01
   9.0680811060639654e-01
   8.9302340008438841e-01
   8.7920481674008100e-01
   8.6542764668982930e-01
   8.5176346842974671e-01
   8.3827989301900019e-01
   8.2504038987393113e-01
   8.0403506430680838e-01
   7.7534555798497129e-01
   7.4714732344633539e-01
   7.1953211286167107e-01
   6.9257797187853287e-01
   6.6635022405436595e-01
   6.4090252491415822e-01
   6.1627794690917803e-01
   5.9251006401018724e-01
   5.6962401154820785e-01
   5.4763750304492986e-01
   5.2656179107202550e-01
   5.0640256363174185e-01
   4.8716077119603396e-01
   4.6883338244484174e-01
   4.5141406898965314e-01
   4.3489382104688395e-01
   4.1926149722712153e-01
   4.0450431241605950e-01
   3.9060826821817068e-01
   3.7755853068259582e-01
   3.6533976009036562e-01
   3.5393639750143363e-01
   3.4333291257881793e-01
   3.3351401695733274e-01
   3.2446484713102830e-01
   3.1617112051587415e-01
   3.0861926801691225e-01
   3.0179654610264200e-01
   2.9569113107117206e-01
   2.9029219788755378e-01
   2.8558998568262023e-01
   2.8157585173197508e-01
   2.7824231547976491e-01
   2.7558309393491381e-01
   2.7359312954636483e-01
   2.7226861145686926e-01
   2.7160699083998791e-01
   2.7160699083998791e-01
   2.7226861145686926e-01
   2.7359312954636489e-01
   2.7558309393491387e-01
   2.7824231547976497e-01
   2.8157585173197519e-01
   2.8558998568262028e-01
   2.9029219788755389e-01
   2.9569113107117218e-01
   3.0179654610264217e-01
   3.0861926801691236e-01
   3.1617112051587437e-01
   3.2446484713102852e-01
   3.3351401695733296e-01
   3.4333291257881815e-01
   3.5393639750143385e-01
   3.6533976009036589e-01
   3.7755853068259609e-01
   3.9060826821817096e-01
   4.0450431241605977e-01
   4.1926149722712186e-01
   4.3489382104688429e-01
   4.5141406898965353e-01
   4.6883338244484207e-01
   4.8716077119603413e-01
   5.0640256363174208e-01
   5.2656179107202583e-01
   5.4763750304492997e-01
   5.6962401154820796e-01
   5.9251006401018735e-01
   6.1627794690917814e-01
   6.4090252491415822e-01
   6.6635022405436595e-01
   6.9257797187853287e-01
   7.1953211286167107e-01
   7.4714732344633528e-01
   7.7534555798497129e-01
   8.0403506430680816e-01
   8.1942401770047701e-01
   8.2144982396231780e-01
   8.2378944608118077e-01
   8.2643294124239808e-01
   8.2936896397740500e-01
   8.3258477451920110e-01
   8.3606625083212638e-01
   8.3979790517613451e-01
   8.4376290612060367e-01
   8.4794310696228081e-01
   8.5231908152368363e-01
   8.5687016830957552e-01
   8.6157452397736312e-01
   8.6640918702995973e-01
   8.7135015256453596e-01
   8.7637245880575987e-01
   8.8145028601627051e-01
   8.8655706820959534e-01
   8.9166561789175569e-01
   8.9674826382868134e-01
   9.0177700157972474e-01
   9.0672365625678952e-01
   9.1156005666891182e-01
   9.1625821970003474e-01
   9.2079054345089795e-01
   9.2513000736330075e-01
   9.2925037724628801e-01
   9.3312641284946496e-01
   9.3673407538931974e-01
   9.4005073224055768e-01
   9.4305535586579448e-01
   9.4572871398203007e-01
   9.4805354795798646e-01
   9.5001473650730939e-01
   9.5159944189092149e-01
   9.5279723606678535e-01
   9.5360020452332739e-01
   9.5400302589716712e-01
   9.5400302589716712e-01
   9.5360020452332739e-01
   9.5279723606678501e-01
   9.5159944189092127e-01
   9.5001473650730894e-01
   9.4805354795798591e-01
   9.4572871398202951e-01
   9.4305535586579381e-01
   9.4005073224055669e-01
   9.3673407538931897e-01
   9.3312641284946407e-01
   9.2925037724628690e-01
   9.2513000736329976e-01
   9.2079054345089684e-01
   9.1625821970003340e-01
   9.1156005666891049e-01
   9.0672365625678819e-01
   9.0177700157972329e-01
   8.9674826382868000e-01
   8.9166561789175436e-01
   8.8655706820959390e-01
   8.8145028601626929e-01
   8.7637245880575865e-01
   8.7135015256453463e-01
   8.6640918702995851e-01
   8.6157452397736201e-01
   8.5687016830957441e-01
   8.5231908152368252e-01
   8.4794310696227970e-01
   8.4376290612060278e-01
   8.3979790517613362e-01
   8.3606625083212549e-01
   8.3258477451920032e-01
   8.2936896397740434e-01
   8.2643294124239741e-01
   8.2378944608118021e-01
   8.2144982396231736e-01
   8.1942401770047657e-01
   8.1942401770047690e-01
   8.2144982396231747e-01
   8.2378944608118043e-01
   8.2643294124239741e-01
   8.2936896397740423e-01
   8.3258477451920021e-01
   8.3606625083212538e-01
   8.3979790517613340e-01
   8.4376290612060256e-01
   8.4794310696227937e-01
   8.5231908152368219e-01
   8.5687016830957397e-01
   8.6157452397736145e-01
   8.6640918702995795e-01
   8.7135015256453408e-01
   8.7637245880575798e-01
   8.8145028601626851e-01
   8.8655706820959335e-01
   8.9166561789175403e-01
   8.9674826382867967e-01
   9.0177700157972318e-01
   9.0672365625678797e-01
   9.1156005666891038e-01
   9.1625821970003329e-01
   9.2079054345089673e-01
   9.2513000736329953e-01
   9.2925037724628701e-01
   9.3312641284946418e-01
   9.3673407538931897e-01
   9.4005073224055713e-01
   9.4305535586579403e-01
   9.4572871398202973e-01
   9.4805354795798624e-01
   9.5001473650730928e-01
   9.5159944189092172e-01
   9.5279723606678557e-01
   9.5360020452332805e-01
   9.5400302589716779e-01
   9.5400302589716779e-01
   9.5360020452332817e-01
   9.5279723606678601e-01
   9.5159944189092227e-01
   9.5001473650731016e-01
   9.4805354795798724e-01
   9.4572871398203084e-01
   9.4305535586579536e-01
   9.4005073224055835e-01
   9.3673407538932052e-01
   9.3312641284946574e-01
   9.2925037724628867e-01
   9.2513000736330153e-01
   9.2079054345089872e-01
   9.1625821970003540e-01
   9.1156005666891238e-01
   9.0672365625679019e-01
   9.0177700157972529e-01
   8.9674826382868200e-01
   8.9166561789175636e-01
   8.8655706820959568e-01
   8.8145028601627085e-01
   8.7637245880576042e-01
   8.7135015256453630e-01
   8.6640918702995995e-01
   8.6157452397736334e-01
   8.5687016830957574e-01
   8.5231908152368374e-01
   8.4794310696228092e-01
   8.4376290612060389e-01
   8.3979790517613451e-01
   8.3606625083212627e-01
   8.3258477451920088e-01
   8.2936896397740467e-01
   8.2643294124239775e-01
   8.2378944608118043e-01
   8.2144982396231736e-01
   8.1942401770047668e-01
   8.2504038987393080e-01
   8.3827989301899974e-01
   8.5176346842974626e-01
   8.6542764668982874e-01
   8.7920481674008044e-01
   8.9302340008438796e-01
   9.0680811060639610e-01
   9.2048030721247698e-01
   9.3395844488003943e-01
   9.4715862754097435e-01
   9.5999526356860188e-01
   9.7238182149548613e-01
   9.8423168003842754e-01
   9.9545906265539930e-01
   1.0059800428571075e+00
   1.0157136025301441e+00
   1.0245827218157431e+00
   1.0325154758620037e+00
   1.0394461112641677e+00
   1.0453160734465723e+00
   1.0500749558041405e+00
   1.0536813422376894e+00
   1.0561035168405040e+00
   1.0573200178943924e+00
   1.0573200178943924e+00
   1.0561035168405040e+00
   1.0536813422376894e+00
   1.0500749558041405e+00
   1.0453160734465725e+00
   1.0394461112641680e+00
   1.0325154758620039e+00
   1.0245827218157431e+00
   1.0157136025301443e+00
   1.0059800428571080e+00
   9.9545906265539952e-01
   9.8423168003842776e-01
   9.7238182149548635e-01
   9.5999526356860221e-01
   9.4715862754097468e-01
   9.3395844488003976e-01
   9.2048030721247742e-01
   9.0680811060639654e-01
   8.9302340008438830e-01
   8.7920481674008089e-01
   8.6542764668982919e-01
   8.5176346842974671e-01
   8.3827989301899997e-01
   8.2504038987393113e-01
