   6.4946834297907197e-01
   6.5600589093047112e-01
   6.6245850534593043e-01
   6.6880578172530059e-01
   6.7502708806260536e-01
   6.8110165710604642e-01
   6.8700868626328537e-01
   6.9272744459014535e-01
   6.9823738613978303e-01
   7.0351826878757695e-01
   7.0855027748850363e-01
   7.1331415077303773e-01
   7.1779130914924882e-01
   7.2196398395749051e-01
   7.2581534512451396e-01
   7.2932962619032071e-01
   7.3249224493746923e-01
   7.3528991794204956e-01
   7.3771076739048747e-01
   7.3974441856806050e-01
   7.4138208652370752e-01
   7.4261665055038817e-01
   7.4344271528866435e-01
   7.4385665745989271e-01
   7.4385665745989271e-01
   7.4344271528866435e-01
   7.4261665055038817e-01
   7.4138208652370752e-01
   7.3974441856806050e-01
   7.3771076739048747e-01
   7.3528991794204968e-01
   7.3249224493746934e-01
   7.2932962619032082e-01
   7.2581534512451407e-01
   7.2196398395749062e-01
   7.1779130914924882e-01
   7.1331415077303784e-01
   7.0855027748850374e-01
   7.0351826878757717e-01
   6.9823738613978314e-01
   6.9272744459014535e-01
   6.8700868626328548e-01
   6.8110165710604653e-01
   6.7502708806260558e-01
   6.6880578172530081e-01
   6.6245850534593054e-01
   6.5600589093047124e-01
   6.4946834297907208e-01
   6.4338631109514544e-01
   6.3777870479287457e-01
   6.3214122625985258e-01
   6.2648960554051558e-01
   6.2083919864782977e-01
   6.1520494811708182e-01
   6.0960134905979035e-01
   6.0404242053854063e-01
   5.9854168203597469e-01
   5.9311213475184499e-01
   5.8776624743067685e-01
   5.8251594639876958e-01
   5.7737260947245139e-01
   5.7234706338909302e-01
   5.6744958440772242e-01
   5.6268990172647604e-01
   5.5807720336888811e-01
   5.5362014419948857e-01
   5.4932685574069040e-01
   5.4520495747689901e-01
   5.4126156934761138e-01
   5.3750332514845467e-01
   5.3393638657722331e-01
   5.3056645768057975e-01
   5.2739879947585988e-01
   5.2443824454108090e-01
   5.2168921138454893e-01
   5.1915571842321973e-01
   5.1684139741604151e-01
   5.1474950621480109e-01
   5.1288294071044227e-01
   5.1124424586739736e-01
   5.0983562575217867e-01
   5.0865895247531923e-01
   5.0771577397780787e-01
   5.0700732060446752e-01
   5.0653451041737896e-01
   5.0629795321253579e-01
   5.0629795321253579e-01
   5.0653451041737896e-01
   5.0700732060446752e-01
   5.0771577397780787e-01
   5.0865895247531923e-01
   5.0983562575217867e-01
   5.1124424586739736e-01
   5.1288294071044216e-01
   5.1474950621480109e-01
   5.1684139741604140e-01
   5.1915571842321961e-01
   5.2168921138454882e-01
   5.2443824454108079e-01
   5.2739879947585977e-01
   5.3056645768057964e-01
   5.3393638657722320e-01
   5.3750332514845456e-01
   5.4126156934761127e-01
   5.4520495747689890e-01
   5.4932685574069018e-01
   5.5362014419948846e-01
   5.5807720336888800e-01
   5.6268990172647593e-01
   5.6744958440772231e-01
   5.7234706338909280e-01
   5.7737260947245117e-01
   5.8251594639876936e-01
   5.8776624743067662e-01
   5.9311213475184477e-01
   5.9854168203597458e-01
   6.0404242053854040e-01
   6.0960134905979013e-01
   6.1520494811708160e-01
   6.2083919864782955e-01
   6.2648960554051547e-01
   6.3214122625985236e-01
   6.3777870479287446e-01
   6.4338631109514521e-01
   6.4428251226070798e-01
   6.4046470340399586e-01
   6.3660938171554404e-01
   6.3272748455608030e-01
   6.2882982865093295e-01
   6.2492707794065749e-01
   6.2102971403969842e-01
   6.1714800932323166e-01
   6.1329200263270300e-01
   6.0947147756361075e-01
   6.0569594327491161e-01
   6.0197461773814742e-01
   5.9831641332602414e-01
   5.9472992462467900e-01
   5.9122341834117254e-01
   5.8780482516771837e-01
   5.8448173345666032e-01
   5.8126138455505205e-01
   5.7815066964469164e-01
   5.7515612793241200e-01
   5.7228394603612665e-01
   5.6953995841435501e-01
   5.6692964869052231e-01
   5.6445815172803715e-01
   5.6213025631781544e-01
   5.5995040834638277e-01
   5.5792271431977525e-01
   5.5605094512606124e-01
   5.5433853992726845e-01
   5.5278861007974567e-01
   5.5140394299040973e-01
   5.5018700582485625e-01
   5.4913994899189245e-01
   5.4826460933763188e-01
   5.4756251299083869e-01
   5.4703487780971349e-01
   5.4668261538874907e-01
   5.4650633259265347e-01
   5.4650633259265347e-01
   5.4668261538874907e-01
   5.4703487780971349e-01
   5.4756251299083858e-01
   5.4826460933763188e-01
   5.4913994899189245e-01
   5.5018700582485613e-01
   5.5140394299040962e-01
   5.5278861007974556e-01
   5.5433853992726834e-01
   5.5605094512606112e-01
   5.5792271431977514e-01
   5.5995040834638266e-01
   5.6213025631781532e-01
   5.6445815172803693e-01
   5.6692964869052220e-01
   5.6953995841435501e-01
   5.7228394603612665e-01
   5.7515612793241178e-01
   5.7815066964469142e-01
   5.8126138455505205e-01
   5.8448173345666010e-01
   5.8780482516771815e-01
   5.9122341834117242e-01
   5.9472992462467877e-01
   5.9831641332602392e-01
   6.0197461773814731e-01
   6.0569594327491150e-01
   6.0947147756361053e-01
   6.1329200263270278e-01
   6.1714800932323155e-01
   6.2102971403969820e-01
   6.2492707794065727e-01
   6.2882982865093284e-01
   6.3272748455608008e-01
   6.3660938171554382e-01
   6.4046470340399564e-01
   6.4428251226070776e-01
   6.4428251226070798e-01
   6.4046470340399586e-01
   6.3660938171554404e-01
   6.3272748455608030e-01
   6.2882982865093295e-01
   6.2492707794065749e-01
   6.2102971403969842e-01
   6.1714800932323166e-01
   6.1329200263270289e-01
   6.0947147756361075e-01
   6.0569594327491172e-01
   6.0197461773814753e-01
   5.9831641332602414e-01
   5.9472992462467900e-01
   5.9122341834117254e-01
   5.8780482516771826e-01
   5.8448173345666032e-01
   5.8126138455505205e-01
   5.7815066964469164e-01
   5.7515612793241200e-01
   5.7228394603612676e-01
   5.6953995841435501e-01
   5.6692964869052243e-01
   5.6445815172803704e-01
   5.6213025631781544e-01
   5.5995040834638266e-01
   5.5792271431977514e-01
   5.5605094512606124e-01
   5.5433853992726845e-01
   5.5278861007974567e-01
   5.5140394299040973e-01
   5.5018700582485613e-01
   5.4913994899189245e-01
   5.4826460933763199e-01
   5.4756251299083858e-01
   5.4703487780971349e-01
   5.4668261538874907e-01
   5.4650633259265335e-01
   5.4650633259265335e-01
   5.4668261538874907e-01
   5.4703487780971349e-01
   5.4756251299083858e-01
   5.4826460933763188e-01
   5.4913994899189245e-01
   5.5018700582485613e-01
   5.5140394299040973e-01
   5.5278861007974567e-01
   5.5433853992726834e-01
   5.5605094512606112e-01
   5.5792271431977514e-01
   5.5995040834638266e-01
   5.6213025631781532e-01
   5.6445815172803704e-01
   5.6692964869052231e-01
   5.6953995841435501e-01
   5.7228394603612653e-01
   5.7515612793241189e-01
   5.7815066964469153e-01
   5.8126138455505194e-01
   5.8448173345666010e-01
   5.8780482516771815e-01
   5.9122341834117242e-01
   5.9472992462467889e-01
   5.9831641332602403e-01
   6.0197461773814731e-01
   6.0569594327491150e-01
   6.0947147756361064e-01
   6.1329200263270278e-01
   6.1714800932323155e-01
   6.2102971403969820e-01
   6.2492707794065727e-01
   6.2882982865093284e-01
   6.3272748455608008e-01
   6.3660938171554393e-01
   6.4046470340399575e-01
   6.4428251226070776e-01
   6.4946834297907197e-01
   6.5600589093047112e-01
   6.6245850534593065e-01
   6.6880578172530092e-01
   6.7502708806260570e-01
   6.8110165710604675e-01
   6.8700868626328571e-01
   6.9272744459014579e-01
   6.9823738613978348e-01
   7.0351826878757751e-01
   7.0855027748850419e-01
   7.1331415077303828e-01
   7.1779130914924938e-01
   7.2196398395749117e-01
   7.2581534512451462e-01
   7.2932962619032149e-01
   7.3249224493747001e-01
   7.3528991794205034e-01
   7.3771076739048824e-01
   7.3974441856806128e-01
   7.4138208652370841e-01
   7.4261665055038895e-01
   7.4344271528866523e-01
   7.4385665745989360e-01
   7.4385665745989360e-01
   7.4344271528866512e-01
   7.4261665055038895e-01
   7.4138208652370841e-01
   7.3974441856806128e-01
   7.3771076739048824e-01
   7.3528991794205045e-01
   7.3249224493747012e-01
   7.2932962619032149e-01
   7.2581534512451473e-01
   7.2196398395749117e-01
   7.1779130914924949e-01
   7.1331415077303839e-01
   7.0855027748850419e-01
   7.0351826878757762e-01
   6.9823738613978359e-01
   6.9272744459014579e-01
   6.8700868626328582e-01
   6.8110165710604686e-01
   6.7502708806260581e-01
   6.6880578172530092e-01
   6.6245850534593065e-01
   6.5600589093047124e-01
   6.4946834297907208e-01
