   6.7959865920939755e-01
   6.9458466695477372e-01
   7.0892067386413649e-01
   7.2230798505768046e-01
   7.3445189249082521e-01
   7.4507163105736118e-01
   7.5391102859026005e-01
   7.6074917545458831e-01
   7.6541033112645152e-01
   7.6777225956578721e-01
   7.6777225956578721e-01
   7.6541033112645152e-01
   7.6074917545458842e-01
   7.5391102859026005e-01
   7.4507163105736118e-01
   7.3445189249082532e-01
   7.2230798505768057e-01
   7.0892067386413660e-01
   6.9458466695477372e-01
   6.7959865920939755e-01
   6.5996343807432967e-01
   6.3603641594968585e-01
   6.1249088151085618e-01
   5.8965979753280817e-01
   5.6782850511458682e-01
   5.4723658261127262e-01
   5.2808130064796643e-01
   5.1052205106032733e-01
   4.9468523746742993e-01
   4.8066923212323093e-01
   4.6854911255404608e-01
   4.5838098396333737e-01
   4.5020576629821601e-01
   4.4405237843703327e-01
   4.3994028831894588e-01
   4.3788142001942515e-01
   4.3788142001942515e-01
   4.3994028831894588e-01
   4.4405237843703327e-01
   4.5020576629821596e-01
   4.5838098396333732e-01
   4.6854911255404602e-01
   4.8066923212323087e-01
   4.9468523746742987e-01
   5.1052205106032733e-01
   5.2808130064796632e-01
   5.4723658261127250e-01
   5.6782850511458671e-01
   5.8965979753280817e-01
   6.1249088151085607e-01
   6.3603641594968585e-01
   6.5996343807432978e-01
   6.7037868648168153e-01
   6.6710312879543510e-01
   6.6370708648526988e-01
   6.6024899521854974e-01
   6.5678744862842442e-01
   6.5338018433609468e-01
   6.5008314560364622e-01
   6.4694963066440314e-01
   6.4402953671616081e-01
   6.4136870107699573e-01
   6.3900833828784842e-01
   6.3698456911307422e-01
   6.3532803547811068e-01
   6.3406359436911353e-01
   6.3321008353189867e-01
   6.3278015234152407e-01
   6.3278015234152407e-01
   6.3321008353189878e-01
   6.3406359436911353e-01
   6.3532803547811068e-01
   6.3698456911307433e-01
   6.3900833828784864e-01
   6.4136870107699595e-01
   6.4402953671616092e-01
   6.4694963066440325e-01
   6.5008314560364633e-01
   6.5338018433609479e-01
   6.5678744862842453e-01
   6.6024899521854985e-01
   6.6370708648527010e-01
   6.6710312879543532e-01
   6.7037868648168164e-01
   6.7037868648168153e-01
   6.6710312879543521e-01
   6.6370708648526999e-01
   6.6024899521854974e-01
   6.5678744862842453e-01
   6.5338018433609479e-01
   6.5008314560364622e-01
   6.4694963066440314e-01
   6.4402953671616081e-01
   6.4136870107699595e-01
   6.3900833828784864e-01
   6.3698456911307433e-01
   6.3532803547811068e-01
   6.3406359436911353e-01
   6.3321008353189878e-01
   6.3278015234152407e-01
   6.3278015234152407e-01
   6.3321008353189878e-01
   6.3406359436911353e-01
   6.3532803547811068e-01
   6.3698456911307444e-01
   6.3900833828784864e-01
   6.4136870107699595e-01
   6.4402953671616092e-01
   6.4694963066440325e-01
   6.5008314560364633e-01
   6.5338018433609479e-01
   6.5678744862842464e-01
   6.6024899521854985e-01
   6.6370708648527010e-01
   6.6710312879543532e-01
   6.7037868648168164e-01
   6.7959865920939777e-01
   6.9458466695477472e-01
   7.0892067386413826e-01
   7.2230798505768301e-01
   7.3445189249082832e-01
   7.4507163105736485e-01
   7.5391102859026415e-01
   7.6074917545459286e-01
   7.6541033112645629e-01
   7.6777225956579220e-01
   7.6777225956579220e-01
   7.6541033112645629e-01
   7.6074917545459275e-01
   7.5391102859026415e-01
   7.4507163105736474e-01
   7.3445189249082821e-01
   7.2230798505768301e-01
   7.0892067386413815e-01
   6.9458466695477461e-01
   6.7959865920939788e-01
