   6.6784503105129278e-01
   6.7408379955548647e-01
   6.8025011075877784e-01
   6.8632357637565544e-01
   6.9228358837559001e-01
   6.9810941098010337e-01
   7.0378028016508176e-01
   7.0927551011128709e-01
   7.1457460588706367e-01
   7.1965738148771397e-01
   7.2450408219989559e-01
   7.2909551011102625e-01
   7.3341315144760055e-01
   7.3743930430718385e-01
   7.4115720525115636e-01
   7.4455115315330822e-01
   7.4760662865690697e-01
   7.5031040758298440e-01
   7.5265066665761349e-01
   7.5461707998714578e-01
   7.5620090480794699e-01
   7.5739505517009509e-01
   7.5819416238059201e-01
   7.5859462122748977e-01
   7.5859462122748977e-01
   7.5819416238059201e-01
   7.5739505517009509e-01
   7.5620090480794699e-01
   7.5461707998714578e-01
   7.5265066665761349e-01
   7.5031040758298440e-01
   7.4760662865690697e-01
   7.4455115315330822e-01
   7.4115720525115636e-01
   7.3743930430718385e-01
   7.3341315144760055e-01
   7.2909551011102625e-01
   7.2450408219989559e-01
   7.1965738148771397e-01
   7.1457460588706367e-01
   7.0927551011128709e-01
   7.0378028016508176e-01
   6.9810941098010337e-01
   6.9228358837559001e-01
   6.8632357637565544e-01
   6.8025011075877784e-01
   6.7408379955548647e-01
   6.6784503105129278e-01
   6.6015414853933307e-01
   6.5103561382614861e-01
   6.4191615459400619e-01
   6.3282164997185109e-01
   6.2377681811007479e-01
   6.1480517767021514e-01
   6.0592902325835785e-01
   5.9716941359313847e-01
   5.8854617115277019e-01
   5.8007789202873128e-01
   5.7178196472247045e-01
   5.6367459665156927e-01
   5.5577084717915770e-01
   5.4808466604120976e-01
   5.4062893611709928e-01
   5.3341551956633615e-01
   5.2645530643593175e-01
   5.1975826492598931e-01
   5.1333349258387306e-01
   5.0718926777807505e-01
   5.0133310088035588e-01
   4.9577178465794736e-01
   4.9051144344584163e-01
   4.8555758073201583e-01
   4.8091512484558541e-01
   4.7658847248925484e-01
   4.7258152990310204e-01
   4.6889775148683571e-01
   4.6554017574246526e-01
   4.6251145842911395e-01
   4.5981390284684343e-01
   4.5744948718723527e-01
   4.5541988890547047e-01
   4.5372650608219239e-01
   4.5237047575392653e-01
   4.5135268919867699e-01
   4.5067380416892155e-01
   4.5033425406797556e-01
   4.5033425406797556e-01
   4.5067380416892150e-01
   4.5135268919867694e-01
   4.5237047575392653e-01
   4.5372650608219239e-01
   4.5541988890547047e-01
   4.5744948718723522e-01
   4.5981390284684348e-01
   4.6251145842911395e-01
   4.6554017574246531e-01
   4.6889775148683566e-01
   4.7258152990310204e-01
   4.7658847248925490e-01
   4.8091512484558541e-01
   4.8555758073201588e-01
   4.9051144344584158e-01
   4.9577178465794736e-01
   5.0133310088035588e-01
   5.0718926777807494e-01
   5.1333349258387306e-01
   5.1975826492598931e-01
   5.2645530643593175e-01
   5.3341551956633604e-01
   5.4062893611709928e-01
   5.4808466604120976e-01
   5.5577084717915770e-01
   5.6367459665156916e-01
   5.7178196472247045e-01
   5.8007789202873128e-01
   5.8854617115277019e-01
   5.9716941359313847e-01
   6.0592902325835785e-01
   6.1480517767021503e-01
   6.2377681811007468e-01
   6.3282164997185109e-01
   6.4191615459400619e-01
   6.5103561382614861e-01
   6.6015414853933296e-01
   6.6385145258723932e-01
   6.6211626388501232e-01
   6.6034721059356349e-01
   6.5854966277446048e-01
   6.5672903358251000e-01
   6.5489076120474399e-01
   6.5304029124178875e-01
   6.5118305959769907e-01
   6.4932447593609133e-01
   6.4746990775210755e-01
   6.4562466510150329e-01
   6.4379398602007598e-01
   6.4198302265881313e-01
   6.4019682815264378e-01
   6.3844034423356688e-01
   6.3671838959228255e-01
   6.3503564898630604e-01
   6.3339666308693288e-01
   6.3180581905238797e-01
   6.3026734181002664e-01
   6.2878528602659967e-01
   6.2736352874231605e-01
   6.2600576264175922e-01
   6.2471548993260539e-01
   6.2349601680154121e-01
   6.2235044841577236e-01
   6.2128168443800735e-01
   6.2029241502279009e-01
   6.1938511726248313e-01
   6.1856205205206394e-01
   6.1782526134313198e-01
   6.1717656575912216e-01
   6.1661756254563171e-01
   6.1614962383196425e-01
   6.1577389518244219e-01
   6.1549129441870709e-01
   6.1530251069707675e-01
   6.1520800382803187e-01
   6.1520800382803187e-01
   6.1530251069707675e-01
   6.1549129441870709e-01
   6.1577389518244219e-01
   6.1614962383196425e-01
   6.1661756254563171e-01
   6.1717656575912205e-01
   6.1782526134313187e-01
   6.1856205205206394e-01
   6.1938511726248302e-01
   6.2029241502278998e-01
   6.2128168443800724e-01
   6.2235044841577236e-01
   6.2349601680154121e-01
   6.2471548993260528e-01
   6.2600576264175922e-01
   6.2736352874231593e-01
   6.2878528602659955e-01
   6.3026734181002653e-01
   6.3180581905238786e-01
   6.3339666308693288e-01
   6.3503564898630582e-01
   6.3671838959228244e-01
   6.3844034423356677e-01
   6.4019682815264367e-01
   6.4198302265881291e-01
   6.4379398602007576e-01
   6.4562466510150329e-01
   6.4746990775210744e-01
   6.4932447593609133e-01
   6.5118305959769895e-01
   6.5304029124178853e-01
   6.5489076120474388e-01
   6.5672903358250989e-01
   6.5854966277446036e-01
   6.6034721059356338e-01
   6.6211626388501221e-01
   6.6385145258723910e-01
   6.6385145258723932e-01
   6.6211626388501232e-01
   6.6034721059356349e-01
   6.5854966277446048e-01
   6.5672903358251000e-01
   6.5489076120474399e-01
   6.5304029124178875e-01
   6.5118305959769907e-01
   6.4932447593609144e-01
   6.4746990775210755e-01
   6.4562466510150340e-01
   6.4379398602007598e-01
   6.4198302265881313e-01
   6.4019682815264378e-01
   6.3844034423356677e-01
   6.3671838959228255e-01
   6.3503564898630604e-01
   6.3339666308693288e-01
   6.3180581905238786e-01
   6.3026734181002653e-01
   6.2878528602659967e-01
   6.2736352874231593e-01
   6.2600576264175922e-01
   6.2471548993260528e-01
   6.2349601680154121e-01
   6.2235044841577236e-01
   6.2128168443800735e-01
   6.2029241502278998e-01
   6.1938511726248302e-01
   6.1856205205206394e-01
   6.1782526134313198e-01
   6.1717656575912205e-01
   6.1661756254563171e-01
   6.1614962383196414e-01
   6.1577389518244197e-01
   6.1549129441870698e-01
   6.1530251069707675e-01
   6.1520800382803187e-01
   6.1520800382803187e-01
   6.1530251069707675e-01
   6.1549129441870698e-01
   6.1577389518244197e-01
   6.1614962383196414e-01
   6.1661756254563160e-01
   6.1717656575912205e-01
   6.1782526134313187e-01
   6.1856205205206383e-01
   6.1938511726248302e-01
   6.2029241502278987e-01
   6.2128168443800724e-01
   6.2235044841577225e-01
   6.2349601680154110e-01
   6.2471548993260517e-01
   6.2600576264175911e-01
   6.2736352874231582e-01
   6.2878528602659955e-01
   6.3026734181002653e-01
   6.3180581905238775e-01
   6.3339666308693277e-01
   6.3503564898630582e-01
   6.3671838959228233e-01
   6.3844034423356666e-01
   6.4019682815264356e-01
   6.4198302265881291e-01
   6.4379398602007587e-01
   6.4562466510150329e-01
   6.4746990775210744e-01
   6.4932447593609133e-01
   6.5118305959769895e-01
   6.5304029124178853e-01
   6.5489076120474388e-01
   6.5672903358250989e-01
   6.5854966277446036e-01
   6.6034721059356338e-01
   6.6211626388501221e-01
   6.6385145258723910e-01
   6.6784503105129267e-01
   6.7408379955548625e-01
   6.8025011075877750e-01
   6.8632357637565500e-01
   6.9228358837558968e-01
   6.9810941098010293e-01
   7.0378028016508121e-01
   7.0927551011128642e-01
   7.1457460588706301e-01
   7.1965738148771319e-01
   7.2450408219989493e-01
   7.2909551011102547e-01
   7.3341315144759978e-01
   7.3743930430718296e-01
   7.4115720525115536e-01
   7.4455115315330722e-01
   7.4760662865690597e-01
   7.5031040758298329e-01
   7.5265066665761238e-01
   7.5461707998714467e-01
   7.5620090480794588e-01
   7.5739505517009409e-01
   7.5819416238059090e-01
   7.5859462122748877e-01
   7.5859462122748877e-01
   7.5819416238059090e-01
   7.5739505517009420e-01
   7.5620090480794599e-01
   7.5461707998714478e-01
   7.5265066665761249e-01
   7.5031040758298340e-01
   7.4760662865690608e-01
   7.4455115315330733e-01
   7.4115720525115558e-01
   7.3743930430718319e-01
   7.3341315144759989e-01
   7.2909551011102569e-01
   7.2450408219989515e-01
   7.1965738148771341e-01
   7.1457460588706323e-01
   7.0927551011128664e-01
   7.0378028016508143e-01
   6.9810941098010315e-01
   6.9228358837558990e-01
   6.8632357637565522e-01
   6.8025011075877784e-01
   6.7408379955548647e-01
   6.6784503105129289e-01
