   6.8171961531752634e-01
   6.8819763647119836e-01
   6.9461077500163526e-01
   7.0093703771849625e-01
   7.0715414625577377e-01
   7.1323963728003825e-01
   7.1917097155851206e-01
   7.2492565130774822e-01
   7.3048134505433759e-01
   7.3581601904725913e-01
   7.4090807407199866e-01
   7.4573648633468315e-01
   7.5028095091580072e-01
   7.5452202614342134e-01
   7.5844127711087461e-01
   7.6202141646906407e-01
   7.6524644056385771e-01
   7.6810175896843391e-01
   7.7057431548216004e-01
   7.7265269873340081e-01
   7.7432724063408542e-01
   7.7559010108786930e-01
   7.7643533754876415e-01
   7.7685895825909135e-01
   7.7685895825909135e-01
   7.7643533754876415e-01
   7.7559010108786930e-01
   7.7432724063408542e-01
   7.7265269873340092e-01
   7.7057431548216004e-01
   7.6810175896843391e-01
   7.6524644056385771e-01
   7.6202141646906407e-01
   7.5844127711087472e-01
   7.5452202614342145e-01
   7.5028095091580083e-01
   7.4573648633468315e-01
   7.4090807407199877e-01
   7.3581601904725913e-01
   7.3048134505433771e-01
   7.2492565130774822e-01
   7.1917097155851195e-01
   7.1323963728003836e-01
   7.0715414625577389e-01
   7.0093703771849614e-01
   6.9461077500163526e-01
   6.8819763647119836e-01
   6.8171961531752645e-01
   6.7304022713942191e-01
   6.6218774203817132e-01
   6.5135329530388886e-01
   6.4056827066093103e-01
   6.2986235157057890e-01
   6.1926349269622982e-01
   6.0879791090800117e-01
   5.9849009367935802e-01
   5.8836282272221740e-01
   5.7843721074628973e-01
   5.6873274930462547e-01
   5.5926736579227632e-01
   5.5005748779113683e-01
   5.4111811309465530e-01
   5.3246288389525809e-01
   5.2410416377001279e-01
   5.1605311625206496e-01
   5.0831978392338406e-01
   5.0091316710573275e-01
   4.9384130135961790e-01
   4.8711133312394245e-01
   4.8072959294134543e-01
   4.7470166581536799e-01
   4.6903245833556123e-01
   4.6372626228565517e-01
   4.5878681451835340e-01
   4.5421735293875876e-01
   4.5002066848754252e-01
   4.4619915305546831e-01
   4.4275484329353726e-01
   4.3968946030860256e-01
   4.3700444525357751e-01
   4.3470099083505831e-01
   4.3278006877002562e-01
   4.3124245322793103e-01
   4.3008874029556049e-01
   4.2931936350017952e-01
   4.2893460542216866e-01
   4.2893460542216866e-01
   4.2931936350017957e-01
   4.3008874029556055e-01
   4.3124245322793114e-01
   4.3278006877002578e-01
   4.3470099083505848e-01
   4.3700444525357773e-01
   4.3968946030860284e-01
   4.4275484329353748e-01
   4.4619915305546859e-01
   4.5002066848754263e-01
   4.5421735293875892e-01
   4.5878681451835363e-01
   4.6372626228565533e-01
   4.6903245833556134e-01
   4.7470166581536810e-01
   4.8072959294134554e-01
   4.8711133312394256e-01
   4.9384130135961796e-01
   5.0091316710573275e-01
   5.0831978392338395e-01
   5.1605311625206496e-01
   5.2410416377001279e-01
   5.3246288389525809e-01
   5.4111811309465530e-01
   5.5005748779113672e-01
   5.5926736579227632e-01
   5.6873274930462547e-01
   5.7843721074628962e-01
   5.8836282272221729e-01
   5.9849009367935790e-01
   6.0879791090800095e-01
   6.1926349269622960e-01
   6.2986235157057879e-01
   6.4056827066093081e-01
   6.5135329530388875e-01
   6.6218774203817110e-01
   6.7304022713942169e-01
   6.7793351914472599e-01
   6.7685219330048596e-01
   6.7574388439031630e-01
   6.7461209849043680e-01
   6.7346039838094396e-01
   6.7229239134131580e-01
   6.7111171701923156e-01
   6.6992203542191242e-01
   6.6872701507585075e-01
   6.6753032139726154e-01
   6.6633560531191349e-01
   6.6514649215922161e-01
   6.6396657091167699e-01
   6.6279938373687275e-01
   6.6164841592563095e-01
   6.6051708620606076e-01
   6.5940873745983342e-01
   6.5832662785357676e-01
   6.5727392239508931e-01
   6.5625368492109382e-01
   6.5526887052049498e-01
   6.5432231839460264e-01
   6.5341674515353954e-01
   6.5255473854607826e-01
   6.5173875161845496e-01
   6.5097109729627423e-01
   6.5025394338247489e-01
   6.4958930796343184e-01
   6.4897905521464683e-01
   6.4842489159709660e-01
   6.4792836243517160e-01
   6.4749084886721009e-01
   6.4711356515992458e-01
   6.4679755637849079e-01
   6.4654369640471443e-01
   6.4635268629648834e-01
   6.4622505298268407e-01
   6.4616114828865412e-01
   6.4616114828865412e-01
   6.4622505298268407e-01
   6.4635268629648823e-01
   6.4654369640471432e-01
   6.4679755637849079e-01
   6.4711356515992458e-01
   6.4749084886720998e-01
   6.4792836243517149e-01
   6.4842489159709638e-01
   6.4897905521464661e-01
   6.4958930796343173e-01
   6.5025394338247466e-01
   6.5097109729627411e-01
   6.5173875161845485e-01
   6.5255473854607804e-01
   6.5341674515353920e-01
   6.5432231839460253e-01
   6.5526887052049465e-01
   6.5625368492109348e-01
   6.5727392239508897e-01
   6.5832662785357654e-01
   6.5940873745983319e-01
   6.6051708620606042e-01
   6.6164841592563073e-01
   6.6279938373687242e-01
   6.6396657091167666e-01
   6.6514649215922139e-01
   6.6633560531191316e-01
   6.6753032139726132e-01
   6.6872701507585042e-01
   6.6992203542191220e-01
   6.7111171701923122e-01
   6.7229239134131547e-01
   6.7346039838094363e-01
   6.7461209849043657e-01
   6.7574388439031596e-01
   6.7685219330048563e-01
   6.7793351914472566e-01
   6.7793351914472610e-01
   6.7685219330048596e-01
   6.7574388439031641e-01
   6.7461209849043691e-01
   6.7346039838094407e-01
   6.7229239134131580e-01
   6.7111171701923156e-01
   6.6992203542191253e-01
   6.6872701507585075e-01
   6.6753032139726165e-01
   6.6633560531191338e-01
   6.6514649215922150e-01
   6.6396657091167699e-01
   6.6279938373687264e-01
   6.6164841592563095e-01
   6.6051708620606064e-01
   6.5940873745983331e-01
   6.5832662785357665e-01
   6.5727392239508919e-01
   6.5625368492109359e-01
   6.5526887052049476e-01
   6.5432231839460242e-01
   6.5341674515353931e-01
   6.5255473854607804e-01
   6.5173875161845485e-01
   6.5097109729627400e-01
   6.5025394338247455e-01
   6.4958930796343162e-01
   6.4897905521464649e-01
   6.4842489159709626e-01
   6.4792836243517138e-01
   6.4749084886720987e-01
   6.4711356515992435e-01
   6.4679755637849057e-01
   6.4654369640471410e-01
   6.4635268629648801e-01
   6.4622505298268385e-01
   6.4616114828865390e-01
   6.4616114828865390e-01
   6.4622505298268385e-01
   6.4635268629648801e-01
   6.4654369640471410e-01
   6.4679755637849046e-01
   6.4711356515992424e-01
   6.4749084886720976e-01
   6.4792836243517127e-01
   6.4842489159709615e-01
   6.4897905521464638e-01
   6.4958930796343151e-01
   6.5025394338247444e-01
   6.5097109729627389e-01
   6.5173875161845463e-01
   6.5255473854607782e-01
   6.5341674515353909e-01
   6.5432231839460231e-01
   6.5526887052049454e-01
   6.5625368492109337e-01
   6.5727392239508886e-01
   6.5832662785357643e-01
   6.5940873745983308e-01
   6.6051708620606031e-01
   6.6164841592563062e-01
   6.6279938373687242e-01
   6.6396657091167666e-01
   6.6514649215922117e-01
   6.6633560531191316e-01
   6.6753032139726132e-01
   6.6872701507585053e-01
   6.6992203542191220e-01
   6.7111171701923134e-01
   6.7229239134131547e-01
   6.7346039838094374e-01
   6.7461209849043657e-01
   6.7574388439031607e-01
   6.7685219330048574e-01
   6.7793351914472577e-01
   6.8171961531752634e-01
   6.8819763647119847e-01
   6.9461077500163537e-01
   7.0093703771849658e-01
   7.0715414625577433e-01
   7.1323963728003903e-01
   7.1917097155851284e-01
   7.2492565130774911e-01
   7.3048134505433882e-01
   7.3581601904726035e-01
   7.4090807407200010e-01
   7.4573648633468459e-01
   7.5028095091580238e-01
   7.5452202614342301e-01
   7.5844127711087639e-01
   7.6202141646906607e-01
   7.6524644056385971e-01
   7.6810175896843602e-01
   7.7057431548216226e-01
   7.7265269873340314e-01
   7.7432724063408764e-01
   7.7559010108787163e-01
   7.7643533754876637e-01
   7.7685895825909368e-01
   7.7685895825909368e-01
   7.7643533754876637e-01
   7.7559010108787163e-01
   7.7432724063408764e-01
   7.7265269873340314e-01
   7.7057431548216226e-01
   7.6810175896843602e-01
   7.6524644056385971e-01
   7.6202141646906607e-01
   7.5844127711087650e-01
   7.5452202614342312e-01
   7.5028095091580249e-01
   7.4573648633468459e-01
   7.4090807407200021e-01
   7.3581601904726046e-01
   7.3048134505433893e-01
   7.2492565130774922e-01
   7.1917097155851295e-01
   7.1323963728003903e-01
   7.0715414625577444e-01
   7.0093703771849669e-01
   6.9461077500163548e-01
   6.8819763647119858e-01
   6.8171961531752645e-01
