   7.2357785594524926e-01
   7.4143429276668193e-01
   7.5873372139698136e-01
   7.7506933160607494e-01
   7.9003197561089622e-01
   8.0322512819742631e-01
   8.1428156251864336e-01
   8.2288061664793899e-01
   8.2876464889698309e-01
   8.3175316118790177e-01
   8.3175316118790177e-01
   8.2876464889698309e-01
   8.2288061664793899e-01
   8.1428156251864348e-01
   8.0322512819742631e-01
   7.9003197561089622e-01
   7.7506933160607516e-01
   7.5873372139698136e-01
   7.4143429276668193e-01
   7.2357785594524926e-01
   6.9668573947368651e-01
   6.6128275649938661e-01
   6.2683412349865331e-01
   5.9382630374752987e-01
   5.6264463926962316e-01
   5.3358434828896706e-01
   5.0686353107070503e-01
   4.8263666976628244e-01
   4.6100758918937634e-01
   4.4204124915094678e-01
   4.2577404605985852e-01
   4.1222251532752302e-01
   4.0139046111488424e-01
   3.9327461394754154e-01
   3.8786894659441057e-01
   3.8516777837320915e-01
   3.8516777837320915e-01
   3.8786894659441062e-01
   3.9327461394754160e-01
   4.0139046111488424e-01
   4.1222251532752313e-01
   4.2577404605985864e-01
   4.4204124915094695e-01
   4.6100758918937651e-01
   4.8263666976628267e-01
   5.0686353107070514e-01
   5.3358434828896728e-01
   5.6264463926962349e-01
   5.9382630374753009e-01
   6.2683412349865353e-01
   6.6128275649938684e-01
   6.9668573947368662e-01
   7.1466156091926669e-01
   7.1486999964930786e-01
   7.1509391098897834e-01
   7.1532888617384371e-01
   7.1557029413575701e-01
   7.1581337226718922e-01
   7.1605332013735035e-01
   7.1628539433569538e-01
   7.1650500256628091e-01
   7.1670779510154947e-01
   7.1688975172908120e-01
   7.1704726239137750e-01
   7.1717719982729933e-01
   7.1727698267355511e-01
   7.1734462767334617e-01
   7.1737878986321657e-01
   7.1737878986321657e-01
   7.1734462767334617e-01
   7.1727698267355522e-01
   7.1717719982729955e-01
   7.1704726239137762e-01
   7.1688975172908143e-01
   7.1670779510154958e-01
   7.1650500256628114e-01
   7.1628539433569549e-01
   7.1605332013735057e-01
   7.1581337226718944e-01
   7.1557029413575735e-01
   7.1532888617384394e-01
   7.1509391098897856e-01
   7.1486999964930797e-01
   7.1466156091926669e-01
   7.1466156091926669e-01
   7.1486999964930797e-01
   7.1509391098897856e-01
   7.1532888617384394e-01
   7.1557029413575712e-01
   7.1581337226718922e-01
   7.1605332013735046e-01
   7.1628539433569527e-01
   7.1650500256628080e-01
   7.1670779510154936e-01
   7.1688975172908109e-01
   7.1704726239137739e-01
   7.1717719982729922e-01
   7.1727698267355500e-01
   7.1734462767334595e-01
   7.1737878986321635e-01
   7.1737878986321646e-01
   7.1734462767334606e-01
   7.1727698267355500e-01
   7.1717719982729933e-01
   7.1704726239137750e-01
   7.1688975172908131e-01
   7.1670779510154947e-01
   7.1650500256628091e-01
   7.1628539433569538e-01
   7.1605332013735046e-01
   7.1581337226718922e-01
   7.1557029413575712e-01
   7.1532888617384394e-01
   7.1509391098897856e-01
   7.1486999964930797e-01
   7.1466156091926680e-01
   7.2357785594524915e-01
   7.4143429276668205e-01
   7.5873372139698170e-01
   7.7506933160607561e-01
   7.9003197561089689e-01
   8.0322512819742720e-01
   8.1428156251864448e-01
   8.2288061664794021e-01
   8.2876464889698442e-01
   8.3175316118790310e-01
   8.3175316118790310e-01
   8.2876464889698442e-01
   8.2288061664794021e-01
   8.1428156251864448e-01
   8.0322512819742731e-01
   7.9003197561089700e-01
   7.7506933160607572e-01
   7.5873372139698170e-01
   7.4143429276668216e-01
   7.2357785594524926e-01
