   6.5976525288719534e-01
   6.7437599466150899e-01
   6.8829274422052356e-01
   7.0124012543999970e-01
   7.1294758608171982e-01
   7.2315834621370212e-01
   7.3163888622811868e-01
   7.3818838428535027e-01
   7.4264742870798872e-01
   7.4490531636837398e-01
   7.4490531636837398e-01
   7.4264742870798872e-01
   7.3818838428535027e-01
   7.3163888622811868e-01
   7.2315834621370212e-01
   7.1294758608171993e-01
   7.0124012543999970e-01
   6.8829274422052356e-01
   6.7437599466150910e-01
   6.5976525288719534e-01
   6.4367153054613813e-01
   6.2638027806092744e-01
   6.0922155889522123e-01
   5.9244072479511123e-01
   5.7625765468226553e-01
   5.6086611223822957e-01
   5.4643418132378963e-01
   5.3310549812718988e-01
   5.2100101826995271e-01
   5.1022108969112590e-01
   5.0084764062811760e-01
   4.9294633098215029e-01
   4.8656855124614323e-01
   4.8175318403187745e-01
   4.7852806834316258e-01
   4.7691112625159504e-01
   4.7691112625159504e-01
   4.7852806834316258e-01
   4.8175318403187745e-01
   4.8656855124614323e-01
   4.9294633098215035e-01
   5.0084764062811760e-01
   5.1022108969112601e-01
   5.2100101826995271e-01
   5.3310549812718988e-01
   5.4643418132378963e-01
   5.6086611223822957e-01
   5.7625765468226542e-01
   5.9244072479511123e-01
   6.0922155889522123e-01
   6.2638027806092744e-01
   6.4367153054613824e-01
   6.4915869661569936e-01
   6.4275184357562187e-01
   6.3622355132616726e-01
   6.2967745361684746e-01
   6.2321431793807647e-01
   6.1693057285731334e-01
   6.1091708343488382e-01
   6.0525816807569943e-01
   6.0003083945515157e-01
   5.9530424445583019e-01
   5.9113927326990356e-01
   5.8758830567756470e-01
   5.8469506261514514e-01
   5.8249453306754839e-01
   5.8101294963987593e-01
   5.8026779050834909e-01
   5.8026779050834909e-01
   5.8101294963987593e-01
   5.8249453306754839e-01
   5.8469506261514514e-01
   5.8758830567756470e-01
   5.9113927326990356e-01
   5.9530424445583019e-01
   6.0003083945515145e-01
   6.0525816807569943e-01
   6.1091708343488382e-01
   6.1693057285731334e-01
   6.2321431793807647e-01
   6.2967745361684746e-01
   6.3622355132616748e-01
   6.4275184357562221e-01
   6.4915869661569958e-01
   6.4915869661569936e-01
   6.4275184357562165e-01
   6.3622355132616693e-01
   6.2967745361684679e-01
   6.2321431793807558e-01
   6.1693057285731234e-01
   6.1091708343488271e-01
   6.0525816807569810e-01
   6.0003083945515012e-01
   5.9530424445582875e-01
   5.9113927326990201e-01
   5.8758830567756304e-01
   5.8469506261514348e-01
   5.8249453306754673e-01
   5.8101294963987415e-01
   5.8026779050834743e-01
   5.8026779050834743e-01
   5.8101294963987427e-01
   5.8249453306754684e-01
   5.8469506261514359e-01
   5.8758830567756337e-01
   5.9113927326990234e-01
   5.9530424445582908e-01
   6.0003083945515057e-01
   6.0525816807569865e-01
   6.1091708343488327e-01
   6.1693057285731290e-01
   6.2321431793807602e-01
   6.2967745361684724e-01
   6.3622355132616737e-01
   6.4275184357562198e-01
   6.4915869661569958e-01
   6.5976525288719567e-01
   6.7437599466150988e-01
   6.8829274422052478e-01
   7.0124012544000136e-01
   7.1294758608172193e-01
   7.2315834621370478e-01
   7.3163888622812168e-01
   7.3818838428535338e-01
   7.4264742870799194e-01
   7.4490531636837731e-01
   7.4490531636837731e-01
   7.4264742870799183e-01
   7.3818838428535338e-01
   7.3163888622812168e-01
   7.2315834621370467e-01
   7.1294758608172193e-01
   7.0124012544000136e-01
   6.8829274422052478e-01
   6.7437599466150988e-01
   6.5976525288719556e-01
