   7.2601129178845303e-01
   7.9858328243317933e-01
   8.7472361334502313e-01
   9.5254360208463140e-01
   1.0294836855327860e+00
   1.1023329202682337e+00
   1.1673779533476254e+00
   1.2207114045816476e+00
   1.2586886930853796e+00
   1.2784616915786080e+00
   1.2784616915786080e+00
   1.2586886930853793e+00
   1.2207114045816474e+00
   1.1673779533476252e+00
   1.1023329202682335e+00
   1.0294836855327860e+00
   9.5254360208463140e-01
   8.7472361334502324e-01
   7.9858328243317955e-01
   7.2601129178845314e-01
   6.9733069418498073e-01
   7.1273008532588900e-01
   7.3298164884355110e-01
   7.5780957601923171e-01
   7.8682819123111147e-01
   8.1951811757617499e-01
   8.5520233714281646e-01
   8.9302604658984974e-01
   9.3194557224110464e-01
   9.7073269119452543e-01
   1.0080009288703498e+00
   1.0422590692083540e+00
   1.0719936441031979e+00
   1.0957765067594911e+00
   1.1123866115123768e+00
   1.1209287490788418e+00
   1.1209287490788293e+00
   1.1123866115123406e+00
   1.0957765067594327e+00
   1.0719936441031208e+00
   1.0422590692082618e+00
   1.0080009288702469e+00
   9.7073269119441619e-01
   9.3194557224099306e-01
   8.9302604658973950e-01
   8.5520233714271099e-01
   8.1951811757607695e-01
   7.8682819123102299e-01
   7.5780957601915455e-01
   7.3298164884348649e-01
   7.1273008532583793e-01
   6.9733069418494387e-01
   6.5631791677373463e-01
   5.9009775187357716e-01
   5.2971227469594984e-01
   4.7525488695058188e-01
   4.2661752559566424e-01
   3.8356530296997016e-01
   3.4579249113604565e-01
   3.1296282249820728e-01
   2.8473746394157423e-01
   2.6079376098545226e-01
   2.4083733286057324e-01
   2.2460954096815741e-01
   2.1189185012500955e-01
   2.0250818825396813e-01
   1.9632608713587366e-01
   1.9325714178843961e-01
   1.9325714178843897e-01
   1.9632608713587174e-01
   2.0250818825396491e-01
   2.1189185012500497e-01
   2.2460954096815142e-01
   2.4083733286056574e-01
   2.6079376098544310e-01
   2.8473746394156341e-01
   3.1296282249819463e-01
   3.4579249113603100e-01
   3.8356530296995339e-01
   4.2661752559564520e-01
   4.7525488695056051e-01
   5.2971227469592597e-01
   5.9009775187355085e-01
   6.5631791677370599e-01
   6.5631791677373463e-01
   5.9009775187357716e-01
   5.2971227469594984e-01
   4.7525488695058193e-01
   4.2661752559566429e-01
   3.8356530296997021e-01
   3.4579249113604565e-01
   3.1296282249820728e-01
   2.8473746394157423e-01
   2.6079376098545226e-01
   2.4083733286057327e-01
   2.2460954096815744e-01
   2.1189185012500955e-01
   2.0250818825396813e-01
   1.9632608713587368e-01
   1.9325714178843964e-01
   1.9325714178843903e-01
   1.9632608713587177e-01
   2.0250818825396494e-01
   2.1189185012500497e-01
   2.2460954096815144e-01
   2.4083733286056577e-01
   2.6079376098544316e-01
   2.8473746394156346e-01
   3.1296282249819468e-01
   3.4579249113603111e-01
   3.8356530296995350e-01
   4.2661752559564531e-01
   4.7525488695056062e-01
   5.2971227469592608e-01
   5.9009775187355096e-01
   6.5631791677370599e-01
   7.2601129178842638e-01
   7.9858328243315924e-01
   8.7472361334501003e-01
   9.5254360208462552e-01
   1.0294836855327876e+00
   1.1023329202682426e+00
   1.1673779533476412e+00
   1.2207114045816696e+00
   1.2586886930854058e+00
   1.2784616915786364e+00
   1.2784616915786364e+00
   1.2586886930854055e+00
   1.2207114045816692e+00
   1.1673779533476412e+00
   1.1023329202682426e+00
   1.0294836855327876e+00
   9.5254360208462530e-01
   8.7472361334500981e-01
   7.9858328243315924e-01
   7.2601129178842638e-01
