   7.1244486669457352e-01
   7.1975016734299313e-01
   7.2701240838089676e-01
   7.3420463266792635e-01
   7.4129935569628969e-01
   7.4826869037322741e-01
   7.5508448563493047e-01
   7.6171847831403960e-01
   7.6814245738097819e-01
   7.7432843936510942e-01
   7.8024885344275052e-01
   7.8587673436434380e-01
   7.9118592109240060e-01
   7.9615125874572445e-01
   8.0074880120463277e-01
   8.0495601153701157e-01
   8.0875195726594251e-01
   8.1211749742500206e-01
   8.1503545834412883e-01
   8.1749079518193069e-01
   8.1947073637167633e-01
   8.2096490837730118e-01
   8.2196543845887637e-01
   8.2246703351745087e-01
   8.2246703351745087e-01
   8.2196543845887637e-01
   8.2096490837730118e-01
   8.1947073637167633e-01
   8.1749079518193080e-01
   8.1503545834412883e-01
   8.1211749742500206e-01
   8.0875195726594262e-01
   8.0495601153701168e-01
   8.0074880120463288e-01
   7.9615125874572457e-01
   7.9118592109240071e-01
   7.8587673436434391e-01
   7.8024885344275074e-01
   7.7432843936510953e-01
   7.6814245738097842e-01
   7.6171847831403972e-01
   7.5508448563493069e-01
   7.4826869037322763e-01
   7.4129935569628991e-01
   7.3420463266792646e-01
   7.2701240838089698e-01
   7.1975016734299324e-01
   7.1244486669457374e-01
   7.0160474165954390e-01
   6.8726706009264737e-01
   6.7299625659327045e-01
   6.5883558888488192e-01
   6.4482520277665412e-01
   6.3100215186072139e-01
   6.1740045050496417e-01
   6.0405115493553774e-01
   5.9098246744076921e-01
   5.7821985904773021e-01
   5.6578620639945854e-01
   5.5370193897226605e-01
   5.4198519320008609e-01
   5.3065197050100366e-01
   5.1971629661789231e-01
   5.0919038008129258e-01
   4.9908476797182855e-01
   4.8940849749732279e-01
   4.8016924220398749e-01
   4.7137345191080182e-01
   4.6302648569178617e-01
   4.5513273743358640e-01
   4.4769575366745956e-01
   4.4071834351769096e-01
   4.3420268072518953e-01
   4.2815039779814568e-01
   4.2256267241379941e-01
   4.1744030624910583e-01
   4.1278379645578955e-01
   4.0859340001917732e-01
   4.0486919125231424e-01
   4.0161111267902327e-01
   3.9881901955338162e-01
   3.9649271824999166e-01
   3.9463199874064842e-01
   3.9323666134964036e-01
   3.9230653795289072e-01
   3.9184150775625720e-01
   3.9184150775625720e-01
   3.9230653795289067e-01
   3.9323666134964030e-01
   3.9463199874064836e-01
   3.9649271824999155e-01
   3.9881901955338150e-01
   4.0161111267902316e-01
   4.0486919125231419e-01
   4.0859340001917716e-01
   4.1278379645578944e-01
   4.1744030624910572e-01
   4.2256267241379919e-01
   4.2815039779814545e-01
   4.3420268072518931e-01
   4.4071834351769074e-01
   4.4769575366745923e-01
   4.5513273743358595e-01
   4.6302648569178584e-01
   4.7137345191080127e-01
   4.8016924220398682e-01
   4.8940849749732207e-01
   4.9908476797182783e-01
   5.0919038008129180e-01
   5.1971629661789143e-01
   5.3065197050100277e-01
   5.4198519320008520e-01
   5.5370193897226505e-01
   5.6578620639945754e-01
   5.7821985904772921e-01
   5.9098246744076799e-01
   6.0405115493553652e-01
   6.1740045050496295e-01
   6.3100215186072017e-01
   6.4482520277665267e-01
   6.5883558888488059e-01
   6.7299625659326912e-01
   6.8726706009264604e-01
   7.0160474165954234e-01
   7.0874136614564931e-01
   7.0865276374529285e-01
   7.0856082349456806e-01
   7.0846586134201484e-01
   7.0836820349186969e-01
   7.0826818527172108e-01
   7.0816614997036842e-01
   7.0806244765005844e-01
   7.0795743393733501e-01
   7.0785146879679295e-01
   7.0774491529205019e-01
   7.0763813833827582e-01
   7.0753150345060356e-01
   7.0742537549274875e-01
   7.0732011743011491e-01
   7.0721608909162470e-01
   7.0711364594445714e-01
   7.0701313788579445e-01
   7.0691490805559598e-01
   7.0681929167431889e-01
   7.0672661490939681e-01
   7.0663719377416268e-01
   7.0655133306277595e-01
   7.0646932532457130e-01
   7.0639144988109881e-01
   7.0631797188897028e-01
   7.0624914145145701e-01
   7.0618519278162406e-01
   7.0612634341959923e-01
   7.0607279350640006e-01
   7.0602472511655479e-01
   7.0598230165155895e-01
   7.0594566729601893e-01
   7.0591494653813591e-01
   7.0589024375597720e-01
   7.0587164287078796e-01
   7.0585920706838445e-01
   7.0585297858946427e-01
   7.0585297858946416e-01
   7.0585920706838434e-01
   7.0587164287078774e-01
   7.0589024375597675e-01
   7.0591494653813536e-01
   7.0594566729601838e-01
   7.0598230165155818e-01
   7.0602472511655401e-01
   7.0607279350639918e-01
   7.0612634341959823e-01
   7.0618519278162295e-01
   7.0624914145145579e-01
   7.0631797188896894e-01
   7.0639144988109748e-01
   7.0646932532456985e-01
   7.0655133306277451e-01
   7.0663719377416112e-01
   7.0672661490939515e-01
   7.0681929167431712e-01
   7.0691490805559420e-01
   7.0701313788579279e-01
   7.0711364594445536e-01
   7.0721608909162281e-01
   7.0732011743011314e-01
   7.0742537549274687e-01
   7.0753150345060167e-01
   7.0763813833827394e-01
   7.0774491529204830e-01
   7.0785146879679106e-01
   7.0795743393733312e-01
   7.0806244765005655e-01
   7.0816614997036653e-01
   7.0826818527171920e-01
   7.0836820349186791e-01
   7.0846586134201306e-01
   7.0856082349456628e-01
   7.0865276374529118e-01
   7.0874136614564787e-01
   7.0874136614564942e-01
   7.0865276374529285e-01
   7.0856082349456795e-01
   7.0846586134201495e-01
   7.0836820349186980e-01
   7.0826818527172108e-01
   7.0816614997036853e-01
   7.0806244765005844e-01
   7.0795743393733512e-01
   7.0785146879679295e-01
   7.0774491529205030e-01
   7.0763813833827605e-01
   7.0753150345060356e-01
   7.0742537549274898e-01
   7.0732011743011514e-01
   7.0721608909162492e-01
   7.0711364594445725e-01
   7.0701313788579467e-01
   7.0691490805559609e-01
   7.0681929167431901e-01
   7.0672661490939692e-01
   7.0663719377416290e-01
   7.0655133306277618e-01
   7.0646932532457141e-01
   7.0639144988109903e-01
   7.0631797188897039e-01
   7.0624914145145712e-01
   7.0618519278162417e-01
   7.0612634341959934e-01
   7.0607279350640018e-01
   7.0602472511655501e-01
   7.0598230165155906e-01
   7.0594566729601915e-01
   7.0591494653813602e-01
   7.0589024375597731e-01
   7.0587164287078807e-01
   7.0585920706838456e-01
   7.0585297858946439e-01
   7.0585297858946427e-01
   7.0585920706838434e-01
   7.0587164287078774e-01
   7.0589024375597687e-01
   7.0591494653813547e-01
   7.0594566729601838e-01
   7.0598230165155829e-01
   7.0602472511655401e-01
   7.0607279350639918e-01
   7.0612634341959823e-01
   7.0618519278162306e-01
   7.0624914145145579e-01
   7.0631797188896894e-01
   7.0639144988109748e-01
   7.0646932532456974e-01
   7.0655133306277440e-01
   7.0663719377416112e-01
   7.0672661490939503e-01
   7.0681929167431712e-01
   7.0691490805559409e-01
   7.0701313788579268e-01
   7.0711364594445525e-01
   7.0721608909162281e-01
   7.0732011743011303e-01
   7.0742537549274687e-01
   7.0753150345060156e-01
   7.0763813833827383e-01
   7.0774491529204819e-01
   7.0785146879679084e-01
   7.0795743393733290e-01
   7.0806244765005633e-01
   7.0816614997036642e-01
   7.0826818527171909e-01
   7.0836820349186769e-01
   7.0846586134201295e-01
   7.0856082349456617e-01
   7.0865276374529096e-01
   7.0874136614564776e-01
   7.1244486669457252e-01
   7.1975016734299280e-01
   7.2701240838089709e-01
   7.3420463266792735e-01
   7.4129935569629135e-01
   7.4826869037322974e-01
   7.5508448563493347e-01
   7.6171847831404305e-01
   7.6814245738098241e-01
   7.7432843936511420e-01
   7.8024885344275585e-01
   7.8587673436434957e-01
   7.9118592109240693e-01
   7.9615125874573134e-01
   8.0074880120463998e-01
   8.0495601153701934e-01
   8.0875195726595062e-01
   8.1211749742501038e-01
   8.1503545834413749e-01
   8.1749079518193968e-01
   8.1947073637168544e-01
   8.2096490837731040e-01
   8.2196543845888581e-01
   8.2246703351746031e-01
   8.2246703351746031e-01
   8.2196543845888581e-01
   8.2096490837731051e-01
   8.1947073637168555e-01
   8.1749079518193968e-01
   8.1503545834413760e-01
   8.1211749742501049e-01
   8.0875195726595073e-01
   8.0495601153701946e-01
   8.0074880120464009e-01
   7.9615125874573145e-01
   7.9118592109240704e-01
   7.8587673436434979e-01
   7.8024885344275596e-01
   7.7432843936511431e-01
   7.6814245738098264e-01
   7.6171847831404327e-01
   7.5508448563493369e-01
   7.4826869037322996e-01
   7.4129935569629168e-01
   7.3420463266792757e-01
   7.2701240838089731e-01
   7.1975016734299302e-01
   7.1244486669457285e-01
