   8.6232941649946449e-01
   9.1299908160099330e-01
   9.6709596072909265e-01
   1.0228559087523561e+00
   1.0781048994875959e+00
   1.1303124925472519e+00
   1.1767249935030868e+00
   1.2145844807802475e+00
   1.2414165553097696e+00
   1.2553414271040362e+00
   1.2553414271040364e+00
   1.2414165553097696e+00
   1.2145844807802475e+00
   1.1767249935030870e+00
   1.1303124925472523e+00
   1.0781048994875961e+00
   1.0228559087523563e+00
   9.6709596072909276e-01
   9.1299908160099352e-01
   8.6232941649946460e-01
   7.9377863086621703e-01
   7.0854375501600642e-01
   6.3040057910538283e-01
   5.5983843271010181e-01
   4.9691510950101475e-01
   4.4140897836983461e-01
   3.9293469261494274e-01
   3.5102637686965082e-01
   3.1519470947586437e-01
   2.8496444740701404e-01
   2.5989802280927843e-01
   2.3960963185634851e-01
   2.2377309583134303e-01
   2.1212583264023360e-01
   2.0447055327103811e-01
   2.0067576351511102e-01
   2.0067576351511099e-01
   2.0447055327103808e-01
   2.1212583264023357e-01
   2.2377309583134297e-01
   2.3960963185634840e-01
   2.5989802280927837e-01
   2.8496444740701393e-01
   3.1519470947586425e-01
   3.5102637686965071e-01
   3.9293469261494257e-01
   4.4140897836983450e-01
   4.9691510950101464e-01
   5.5983843271010170e-01
   6.3040057910538272e-01
   7.0854375501600642e-01
   7.9377863086621714e-01
   8.3967198732807802e-01
   8.4535650614264901e-01
   8.5603773045685472e-01
   8.7147891368461838e-01
   8.9131780082070200e-01
   9.1505363201511247e-01
   9.4203389396630743e-01
   9.7144438780362996e-01
   1.0023071485322910e+00
   1.0334913650316999e+00
   1.0637422839766990e+00
   1.0917316641688277e+00
   1.1161303562154774e+00
   1.1356991138912258e+00
   1.1493885565037012e+00
   1.1564347331475380e+00
   1.1564347331475389e+00
   1.1493885565037039e+00
   1.1356991138912298e+00
   1.1161303562154827e+00
   1.0917316641688344e+00
   1.0637422839767066e+00
   1.0334913650317077e+00
   1.0023071485322990e+00
   9.7144438780363740e-01
   9.4203389396631443e-01
   9.1505363201511880e-01
   8.9131780082070744e-01
   8.7147891368462271e-01
   8.5603773045685794e-01
   8.4535650614265090e-01
   8.3967198732807879e-01
   8.3967198732807846e-01
   8.4535650614265023e-01
   8.5603773045685672e-01
   8.7147891368462116e-01
   8.9131780082070544e-01
   9.1505363201511625e-01
   9.4203389396631165e-01
   9.7144438780363451e-01
   1.0023071485322959e+00
   1.0334913650317048e+00
   1.0637422839767037e+00
   1.0917316641688317e+00
   1.1161303562154807e+00
   1.1356991138912282e+00
   1.1493885565037028e+00
   1.1564347331475384e+00
   1.1564347331475382e+00
   1.1493885565037023e+00
   1.1356991138912274e+00
   1.1161303562154796e+00
   1.0917316641688302e+00
   1.0637422839767019e+00
   1.0334913650317030e+00
   1.0023071485322941e+00
   9.7144438780363285e-01
   9.4203389396631021e-01
   9.1505363201511480e-01
   8.9131780082070411e-01
   8.7147891368462016e-01
   8.5603773045685594e-01
   8.4535650614264968e-01
   8.3967198732807824e-01
   8.6232941649946437e-01
   9.1299908160099330e-01
   9.6709596072909265e-01
   1.0228559087523561e+00
   1.0781048994875961e+00
   1.1303124925472523e+00
   1.1767249935030870e+00
   1.2145844807802477e+00
   1.2414165553097698e+00
   1.2553414271040366e+00
   1.2553414271040366e+00
   1.2414165553097698e+00
   1.2145844807802477e+00
   1.1767249935030870e+00
   1.1303124925472521e+00
   1.0781048994875959e+00
   1.0228559087523561e+00
   9.6709596072909254e-01
   9.1299908160099330e-01
   8.6232941649946426e-01
