   6.5828666944098724e-01
   6.6447853441624016e-01
   6.7059266444889620e-01
   6.7660933762636477e-01
   6.8250863658079519e-01
   6.8827053707782915e-01
   6.9387500360270771e-01
   6.9930209139775157e-01
   7.0453205425778309e-01
   7.0954545724264517e-01
   7.1432329332227684e-01
   7.1884710283381126e-01
   7.2309909450604093e-01
   7.2706226669853946e-01
   7.3072052741486926e-01
   7.3405881158543951e-01
   7.3706319407913146e-01
   7.3972099689650350e-01
   7.4202088902327346e-01
   7.4395297748191225e-01
   7.4550888821167871e-01
   7.4668183553229528e-01
   7.4746667910163611e-01
   7.4785996746014949e-01
   7.4785996746014949e-01
   7.4746667910163611e-01
   7.4668183553229528e-01
   7.4550888821167871e-01
   7.4395297748191225e-01
   7.4202088902327346e-01
   7.3972099689650350e-01
   7.3706319407913146e-01
   7.3405881158543940e-01
   7.3072052741486915e-01
   7.2706226669853946e-01
   7.2309909450604082e-01
   7.1884710283381126e-01
   7.1432329332227684e-01
   7.0954545724264517e-01
   7.0453205425778298e-01
   6.9930209139775157e-01
   6.9387500360270771e-01
   6.8827053707782915e-01
   6.8250863658079519e-01
   6.7660933762636477e-01
   6.7059266444889620e-01
   6.6447853441624016e-01
   6.5828666944098724e-01
   6.5132547327961299e-01
   6.4361676414870461e-01
   6.3589397165619321e-01
   6.2817873842397021e-01
   6.2049190937242971e-01
   6.1285349018018764e-01
   6.0528261583324339e-01
   5.9779752858954838e-01
   5.9041556462891065e-01
   5.8315314862144829e-01
   5.7602579542844035e-01
   5.6904811814532830e-01
   5.6223384170562574e-01
   5.5559582128447860e-01
   5.4914606476950067e-01
   5.4289575860237682e-01
   5.3685529633576290e-01
   5.3103430929464268e-01
   5.2544169877808011e-01
   5.2008566928501709e-01
   5.1497376229537906e-01
   5.1011289018438322e-01
   5.0550936989294226e-01
   5.0116895601985401e-01
   4.9709687304169703e-01
   4.9329784640372948e-01
   4.8977613225945571e-01
   4.8653554566780888e-01
   4.8357948708510612e-01
   4.8091096701412889e-01
   4.7853262869498936e-01
   4.7644676874202391e-01
   4.7465535564799227e-01
   4.7316004609158385e-01
   4.7196219899686187e-01
   4.7106288730406409e-01
   4.7046290742038388e-01
   4.7016278632722330e-01
   4.7016278632722330e-01
   4.7046290742038382e-01
   4.7106288730406409e-01
   4.7196219899686181e-01
   4.7316004609158391e-01
   4.7465535564799227e-01
   4.7644676874202385e-01
   4.7853262869498936e-01
   4.8091096701412883e-01
   4.8357948708510617e-01
   4.8653554566780893e-01
   4.8977613225945565e-01
   4.9329784640372948e-01
   4.9709687304169703e-01
   5.0116895601985401e-01
   5.0550936989294226e-01
   5.1011289018438322e-01
   5.1497376229537906e-01
   5.2008566928501709e-01
   5.2544169877808011e-01
   5.3103430929464268e-01
   5.3685529633576290e-01
   5.4289575860237682e-01
   5.4914606476950067e-01
   5.5559582128447860e-01
   5.6223384170562574e-01
   5.6904811814532830e-01
   5.7602579542844035e-01
   5.8315314862144829e-01
   5.9041556462891065e-01
   5.9779752858954838e-01
   6.0528261583324350e-01
   6.1285349018018764e-01
   6.2049190937242971e-01
   6.2817873842397021e-01
   6.3589397165619310e-01
   6.4361676414870461e-01
   6.5132547327961310e-01
   6.5397931891314076e-01
   6.5157041042748776e-01
   6.4912430616308037e-01
   6.4664820374470466e-01
   6.4414930795643999e-01
   6.4163480748576995e-01
   6.3911185265966086e-01
   6.3658753424153491e-01
   6.3406886334355916e-01
   6.3156275249457972e-01
   6.2907599789053859e-01
   6.2661526284142655e-01
   6.2418706241687394e-01
   6.2179774928144671e-01
   6.1945350070066163e-01
   6.1716030668971045e-01
   6.1492395926891263e-01
   6.1275004278300882e-01
   6.1064392523555278e-01
   6.0861075058484992e-01
   6.0665543194406890e-01
   6.0478264562531270e-01
   6.0299682596549031e-01
   6.0130216087075683e-01
   5.9970258801601173e-01
   5.9820179163640408e-01
   5.9680319984893526e-01
   5.9550998244399989e-01
   5.9432504908901651e-01
   5.9325104788910210e-01
   5.9229036425298576e-01
   5.9144512001598637e-01
   5.9071717277584435e-01
   5.9010811540144859e-01
   5.8961927567900296e-01
   5.8925171606488247e-01
   5.8900623351930859e-01
   5.8888335939998859e-01
   5.8888335939998859e-01
   5.8900623351930859e-01
   5.8925171606488247e-01
   5.8961927567900296e-01
   5.9010811540144859e-01
   5.9071717277584435e-01
   5.9144512001598637e-01
   5.9229036425298587e-01
   5.9325104788910221e-01
   5.9432504908901651e-01
   5.9550998244399989e-01
   5.9680319984893526e-01
   5.9820179163640419e-01
   5.9970258801601173e-01
   6.0130216087075694e-01
   6.0299682596549042e-01
   6.0478264562531281e-01
   6.0665543194406901e-01
   6.0861075058484992e-01
   6.1064392523555289e-01
   6.1275004278300882e-01
   6.1492395926891275e-01
   6.1716030668971056e-01
   6.1945350070066185e-01
   6.2179774928144693e-01
   6.2418706241687416e-01
   6.2661526284142666e-01
   6.2907599789053881e-01
   6.3156275249457994e-01
   6.3406886334355939e-01
   6.3658753424153502e-01
   6.3911185265966097e-01
   6.4163480748577018e-01
   6.4414930795644021e-01
   6.4664820374470489e-01
   6.4912430616308059e-01
   6.5157041042748798e-01
   6.5397931891314087e-01
   6.5397931891314076e-01
   6.5157041042748787e-01
   6.4912430616308048e-01
   6.4664820374470477e-01
   6.4414930795643999e-01
   6.4163480748577006e-01
   6.3911185265966086e-01
   6.3658753424153491e-01
   6.3406886334355916e-01
   6.3156275249457983e-01
   6.2907599789053870e-01
   6.2661526284142666e-01
   6.2418706241687405e-01
   6.2179774928144682e-01
   6.1945350070066174e-01
   6.1716030668971045e-01
   6.1492395926891275e-01
   6.1275004278300882e-01
   6.1064392523555289e-01
   6.0861075058485004e-01
   6.0665543194406901e-01
   6.0478264562531281e-01
   6.0299682596549042e-01
   6.0130216087075694e-01
   5.9970258801601184e-01
   5.9820179163640419e-01
   5.9680319984893548e-01
   5.9550998244400000e-01
   5.9432504908901662e-01
   5.9325104788910232e-01
   5.9229036425298587e-01
   5.9144512001598659e-01
   5.9071717277584446e-01
   5.9010811540144870e-01
   5.8961927567900307e-01
   5.8925171606488269e-01
   5.8900623351930870e-01
   5.8888335939998881e-01
   5.8888335939998881e-01
   5.8900623351930870e-01
   5.8925171606488269e-01
   5.8961927567900307e-01
   5.9010811540144870e-01
   5.9071717277584446e-01
   5.9144512001598659e-01
   5.9229036425298587e-01
   5.9325104788910232e-01
   5.9432504908901662e-01
   5.9550998244400011e-01
   5.9680319984893548e-01
   5.9820179163640419e-01
   5.9970258801601195e-01
   6.0130216087075694e-01
   6.0299682596549053e-01
   6.0478264562531281e-01
   6.0665543194406901e-01
   6.0861075058485004e-01
   6.1064392523555300e-01
   6.1275004278300893e-01
   6.1492395926891275e-01
   6.1716030668971056e-01
   6.1945350070066174e-01
   6.2179774928144682e-01
   6.2418706241687405e-01
   6.2661526284142677e-01
   6.2907599789053881e-01
   6.3156275249457983e-01
   6.3406886334355939e-01
   6.3658753424153502e-01
   6.3911185265966086e-01
   6.4163480748577018e-01
   6.4414930795644010e-01
   6.4664820374470477e-01
   6.4912430616308059e-01
   6.5157041042748798e-01
   6.5397931891314076e-01
   6.5828666944098735e-01
   6.6447853441624039e-01
   6.7059266444889654e-01
   6.7660933762636533e-01
   6.8250863658079586e-01
   6.8827053707782992e-01
   6.9387500360270871e-01
   6.9930209139775268e-01
   7.0453205425778420e-01
   7.0954545724264650e-01
   7.1432329332227829e-01
   7.1884710283381281e-01
   7.2309909450604248e-01
   7.2706226669854124e-01
   7.3072052741487103e-01
   7.3405881158544140e-01
   7.3706319407913345e-01
   7.3972099689650561e-01
   7.4202088902327568e-01
   7.4395297748191447e-01
   7.4550888821168093e-01
   7.4668183553229750e-01
   7.4746667910163844e-01
   7.4785996746015182e-01
   7.4785996746015182e-01
   7.4746667910163844e-01
   7.4668183553229750e-01
   7.4550888821168104e-01
   7.4395297748191447e-01
   7.4202088902327568e-01
   7.3972099689650561e-01
   7.3706319407913345e-01
   7.3405881158544140e-01
   7.3072052741487103e-01
   7.2706226669854124e-01
   7.2309909450604259e-01
   7.1884710283381292e-01
   7.1432329332227829e-01
   7.0954545724264662e-01
   7.0453205425778431e-01
   6.9930209139775279e-01
   6.9387500360270871e-01
   6.8827053707782992e-01
   6.8250863658079586e-01
   6.7660933762636533e-01
   6.7059266444889665e-01
   6.6447853441624039e-01
   6.5828666944098746e-01
