   6.5304302834762762e-01
   6.6891397672589059e-01
   6.8403123308610247e-01
   6.9809795686553444e-01
   7.1082109562098661e-01
   7.2192132016325639e-01
   7.3114366166261047e-01
   7.3826817451806648e-01
   7.4311984049298085e-01
   7.4557690413753874e-01
   7.4557690413753874e-01
   7.4311984049298097e-01
   7.3826817451806648e-01
   7.3114366166261047e-01
   7.2192132016325639e-01
   7.1082109562098672e-01
   6.9809795686553444e-01
   6.8403123308610247e-01
   6.6891397672589059e-01
   6.5304302834762762e-01
   6.3895513262964532e-01
   6.2690078035774643e-01
   6.1482351984869654e-01
   6.0290152780405470e-01
   5.9130051640524062e-01
   5.8017222010693359e-01
   5.6965353905640981e-01
   5.5986623171900196e-01
   5.5091704067497571e-01
   5.4289813626437400e-01
   5.3588777012981359e-01
   5.2995104228331857e-01
   5.2514069905857785e-01
   5.2149789366599841e-01
   5.1905285501122844e-01
   5.1782542338643867e-01
   5.1782542338643867e-01
   5.1905285501122844e-01
   5.2149789366599841e-01
   5.2514069905857785e-01
   5.2995104228331857e-01
   5.3588777012981370e-01
   5.4289813626437400e-01
   5.5091704067497571e-01
   5.5986623171900196e-01
   5.6965353905640992e-01
   5.8017222010693359e-01
   5.9130051640524073e-01
   6.0290152780405482e-01
   6.1482351984869654e-01
   6.2690078035774666e-01
   6.3895513262964554e-01
   6.3982011635658398e-01
   6.2948180313141244e-01
   6.1908113898667505e-01
   6.0877412456209234e-01
   5.9870771422657454e-01
   5.8901821079119621e-01
   5.7983018449560098e-01
   5.7125584871929957e-01
   5.6339481318728024e-01
   5.5633413113767383e-01
   5.5014855840672128e-01
   5.4490094803419631e-01
   5.4064271232485850e-01
   5.3741429410621433e-01
   5.3524559929602777e-01
   5.3415635323617439e-01
   5.3415635323617450e-01
   5.3524559929602789e-01
   5.3741429410621444e-01
   5.4064271232485861e-01
   5.4490094803419653e-01
   5.5014855840672150e-01
   5.5633413113767416e-01
   5.6339481318728057e-01
   5.7125584871930002e-01
   5.7983018449560142e-01
   5.8901821079119665e-01
   5.9870771422657498e-01
   6.0877412456209279e-01
   6.1908113898667561e-01
   6.2948180313141266e-01
   6.3982011635658431e-01
   6.3982011635658398e-01
   6.2948180313141211e-01
   6.1908113898667461e-01
   6.0877412456209157e-01
   5.9870771422657354e-01
   5.8901821079119487e-01
   5.7983018449559953e-01
   5.7125584871929791e-01
   5.6339481318727835e-01
   5.5633413113767183e-01
   5.5014855840671906e-01
   5.4490094803419409e-01
   5.4064271232485606e-01
   5.3741429410621189e-01
   5.3524559929602522e-01
   5.3415635323617183e-01
   5.3415635323617183e-01
   5.3524559929602533e-01
   5.3741429410621189e-01
   5.4064271232485617e-01
   5.4490094803419431e-01
   5.5014855840671928e-01
   5.5633413113767205e-01
   5.6339481318727869e-01
   5.7125584871929824e-01
   5.7983018449559987e-01
   5.8901821079119532e-01
   5.9870771422657387e-01
   6.0877412456209201e-01
   6.1908113898667494e-01
   6.2948180313141222e-01
   6.3982011635658409e-01
   6.5304302834762806e-01
   6.6891397672589159e-01
   6.8403123308610414e-01
   6.9809795686553655e-01
   7.1082109562098916e-01
   7.2192132016325949e-01
   7.3114366166261380e-01
   7.3826817451807025e-01
   7.4311984049298496e-01
   7.4557690413754285e-01
   7.4557690413754285e-01
   7.4311984049298496e-01
   7.3826817451807025e-01
   7.3114366166261380e-01
   7.2192132016325949e-01
   7.1082109562098927e-01
   6.9809795686553655e-01
   6.8403123308610403e-01
   6.6891397672589148e-01
   6.5304302834762795e-01
