   6.5670103218256271e-01
   6.6290513592831912e-01
   6.6903052965882293e-01
   6.7505753339235208e-01
   6.8096627285239986e-01
   6.8673676784985171e-01
   6.9234902763725381e-01
   6.9778315268969593e-01
   7.0301944222000923e-01
   7.0803850658921152e-01
   7.1282138363011216e-01
   7.1734965776665283e-01
   7.2160558068807845e-01
   7.2557219222957392e-01
   7.2923344002365442e-01
   7.3257429642317773e-01
   7.3558087116070281e-01
   7.3824051820281955e-01
   7.4054193528399181e-01
   7.4247525466349307e-01
   7.4403212374123329e-01
   7.4520577429272750e-01
   7.4599107923804586e-01
   7.4638459604122875e-01
   7.4638459604122875e-01
   7.4599107923804586e-01
   7.4520577429272750e-01
   7.4403212374123340e-01
   7.4247525466349307e-01
   7.4054193528399181e-01
   7.3824051820281955e-01
   7.3558087116070292e-01
   7.3257429642317784e-01
   7.2923344002365453e-01
   7.2557219222957403e-01
   7.2160558068807845e-01
   7.1734965776665283e-01
   7.1282138363011227e-01
   7.0803850658921164e-01
   7.0301944222000934e-01
   6.9778315268969604e-01
   6.9234902763725392e-01
   6.8673676784985171e-01
   6.8096627285239986e-01
   6.7505753339235219e-01
   6.6903052965882304e-01
   6.6290513592831923e-01
   6.5670103218256282e-01
   6.4987093136135166e-01
   6.4243619538437080e-01
   6.3498504431392888e-01
   6.2753832345855909e-01
   6.2011614349934463e-01
   6.1273783880649280e-01
   6.0542193516962950e-01
   5.9818612635121760e-01
   5.9104725881632991e-01
   5.8402132395340600e-01
   5.7712345707795976e-01
   5.7036794250267819e-01
   5.6376822396110216e-01
   5.5733691968623156e-01
   5.5108584146811401e-01
   5.4502601704403819e-01
   5.3916771520972495e-01
   5.3352047307844552e-01
   5.2809312495596805e-01
   5.2289383234150832e-01
   5.1793011460745564e-01
   5.1320887995273901e-01
   5.0873645626562136e-01
   5.0451862157094252e-01
   5.0056063377396076e-01
   4.9686725944768734e-01
   4.9344280144279146e-01
   4.9029112512864681e-01
   4.8741568310090372e-01
   4.8481953821510748e-01
   4.8250538482744365e-01
   4.8047556814280085e-01
   4.7873210158715457e-01
   4.7727668213597968e-01
   4.7611070354319496e-01
   4.7523526742625655e-01
   4.7465119217266188e-01
   4.7435901964155319e-01
   4.7435901964155319e-01
   4.7465119217266183e-01
   4.7523526742625655e-01
   4.7611070354319496e-01
   4.7727668213597962e-01
   4.7873210158715451e-01
   4.8047556814280079e-01
   4.8250538482744360e-01
   4.8481953821510743e-01
   4.8741568310090361e-01
   4.9029112512864670e-01
   4.9344280144279146e-01
   4.9686725944768728e-01
   5.0056063377396065e-01
   5.0451862157094240e-01
   5.0873645626562114e-01
   5.1320887995273889e-01
   5.1793011460745542e-01
   5.2289383234150810e-01
   5.2809312495596783e-01
   5.3352047307844530e-01
   5.3916771520972473e-01
   5.4502601704403797e-01
   5.5108584146811390e-01
   5.5733691968623134e-01
   5.6376822396110193e-01
   5.7036794250267797e-01
   5.7712345707795953e-01
   5.8402132395340578e-01
   5.9104725881632969e-01
   5.9818612635121737e-01
   6.0542193516962928e-01
   6.1273783880649257e-01
   6.2011614349934441e-01
   6.2753832345855887e-01
   6.3498504431392866e-01
   6.4243619538437058e-01
   6.4987093136135143e-01
   6.5231161841944496e-01
   6.4975102902737425e-01
   6.4715284923350991e-01
   6.4452468158457998e-01
   6.4187412524199738e-01
   6.3920875164879709e-01
   6.3653608133304773e-01
   6.3386356191513982e-01
   6.3119854737030123e-01
   6.2854827858224815e-01
   6.2591986520916509e-01
   6.2332026886939429e-01
   6.2075628764138746e-01
   6.1823454186074023e-01
   6.1576146118652408e-01
   6.1334327289971857e-01
   6.1098599138832321e-01
   6.0869540876669537e-01
   6.0647708657081267e-01
   6.0433634846643436e-01
   6.0227827390352273e-01
   6.0030769264770456e-01
   5.9842918011795099e-01
   5.9664705345896885e-01
   5.9496536827694968e-01
   5.9338791596824969e-01
   5.9191822157219853e-01
   5.9055954208149064e-01
   5.8931486514642772e-01
   5.8818690811259555e-01
   5.8717811733530556e-01
   5.8629066771825800e-01
   5.8552646242833573e-01
   5.8488713274316972e-01
   5.8437403799307552e-01
   5.8398826556412320e-01
   5.8373063093441413e-01
   5.8360167772108362e-01
   5.8360167772108362e-01
   5.8373063093441413e-01
   5.8398826556412320e-01
   5.8437403799307552e-01
   5.8488713274316961e-01
   5.8552646242833573e-01
   5.8629066771825800e-01
   5.8717811733530556e-01
   5.8818690811259544e-01
   5.8931486514642761e-01
   5.9055954208149053e-01
   5.9191822157219842e-01
   5.9338791596824958e-01
   5.9496536827694957e-01
   5.9664705345896873e-01
   5.9842918011795088e-01
   6.0030769264770434e-01
   6.0227827390352262e-01
   6.0433634846643425e-01
   6.0647708657081256e-01
   6.0869540876669515e-01
   6.1098599138832299e-01
   6.1334327289971835e-01
   6.1576146118652386e-01
   6.1823454186074001e-01
   6.2075628764138724e-01
   6.2332026886939418e-01
   6.2591986520916498e-01
   6.2854827858224782e-01
   6.3119854737030101e-01
   6.3386356191513960e-01
   6.3653608133304751e-01
   6.3920875164879687e-01
   6.4187412524199727e-01
   6.4452468158457976e-01
   6.4715284923350980e-01
   6.4975102902737403e-01
   6.5231161841944474e-01
   6.5231161841944496e-01
   6.4975102902737414e-01
   6.4715284923350980e-01
   6.4452468158457998e-01
   6.4187412524199738e-01
   6.3920875164879709e-01
   6.3653608133304784e-01
   6.3386356191513982e-01
   6.3119854737030123e-01
   6.2854827858224815e-01
   6.2591986520916520e-01
   6.2332026886939440e-01
   6.2075628764138757e-01
   6.1823454186074045e-01
   6.1576146118652419e-01
   6.1334327289971879e-01
   6.1098599138832332e-01
   6.0869540876669559e-01
   6.0647708657081290e-01
   6.0433634846643469e-01
   6.0227827390352295e-01
   6.0030769264770478e-01
   5.9842918011795132e-01
   5.9664705345896918e-01
   5.9496536827695001e-01
   5.9338791596825002e-01
   5.9191822157219875e-01
   5.9055954208149086e-01
   5.8931486514642795e-01
   5.8818690811259589e-01
   5.8717811733530589e-01
   5.8629066771825833e-01
   5.8552646242833617e-01
   5.8488713274316995e-01
   5.8437403799307586e-01
   5.8398826556412353e-01
   5.8373063093441446e-01
   5.8360167772108396e-01
   5.8360167772108396e-01
   5.8373063093441446e-01
   5.8398826556412353e-01
   5.8437403799307586e-01
   5.8488713274316995e-01
   5.8552646242833606e-01
   5.8629066771825822e-01
   5.8717811733530589e-01
   5.8818690811259577e-01
   5.8931486514642784e-01
   5.9055954208149075e-01
   5.9191822157219875e-01
   5.9338791596824991e-01
   5.9496536827694990e-01
   5.9664705345896907e-01
   5.9842918011795110e-01
   6.0030769264770467e-01
   6.0227827390352284e-01
   6.0433634846643447e-01
   6.0647708657081278e-01
   6.0869540876669537e-01
   6.1098599138832321e-01
   6.1334327289971857e-01
   6.1576146118652397e-01
   6.1823454186074023e-01
   6.2075628764138735e-01
   6.2332026886939418e-01
   6.2591986520916509e-01
   6.2854827858224793e-01
   6.3119854737030101e-01
   6.3386356191513960e-01
   6.3653608133304762e-01
   6.3920875164879687e-01
   6.4187412524199727e-01
   6.4452468158457976e-01
   6.4715284923350969e-01
   6.4975102902737403e-01
   6.5231161841944474e-01
   6.5670103218256259e-01
   6.6290513592831901e-01
   6.6903052965882259e-01
   6.7505753339235153e-01
   6.8096627285239919e-01
   6.8673676784985105e-01
   6.9234902763725303e-01
   6.9778315268969504e-01
   7.0301944222000823e-01
   7.0803850658921053e-01
   7.1282138363011105e-01
   7.1734965776665149e-01
   7.2160558068807712e-01
   7.2557219222957248e-01
   7.2923344002365287e-01
   7.3257429642317617e-01
   7.3558087116070126e-01
   7.3824051820281777e-01
   7.4054193528399004e-01
   7.4247525466349129e-01
   7.4403212374123162e-01
   7.4520577429272561e-01
   7.4599107923804397e-01
   7.4638459604122698e-01
   7.4638459604122698e-01
   7.4599107923804397e-01
   7.4520577429272561e-01
   7.4403212374123162e-01
   7.4247525466349129e-01
   7.4054193528399015e-01
   7.3824051820281789e-01
   7.3558087116070126e-01
   7.3257429642317629e-01
   7.2923344002365298e-01
   7.2557219222957248e-01
   7.2160558068807723e-01
   7.1734965776665160e-01
   7.1282138363011116e-01
   7.0803850658921064e-01
   7.0301944222000834e-01
   6.9778315268969515e-01
   6.9234902763725314e-01
   6.8673676784985105e-01
   6.8096627285239941e-01
   6.7505753339235175e-01
   6.6903052965882270e-01
   6.6290513592831901e-01
   6.5670103218256271e-01
