   6.5315570926881261e-01
   6.6883421345050786e-01
   6.8376552330127338e-01
   6.9765677042698493e-01
   7.1021906893389875e-01
   7.2117726830661444e-01
   7.3028037747929353e-01
   7.3731199980809936e-01
   7.4210001500850609e-01
   7.4452472084073507e-01
   7.4452472084073507e-01
   7.4210001500850609e-01
   7.3731199980809936e-01
   7.3028037747929364e-01
   7.2117726830661455e-01
   7.1021906893389886e-01
   6.9765677042698504e-01
   6.8376552330127371e-01
   6.6883421345050798e-01
   6.5315570926881272e-01
   6.3893307790555065e-01
   6.2641888891022746e-01
   6.1389359818579281e-01
   6.0154126847775069e-01
   5.8953251037034149e-01
   5.7802301029359537e-01
   5.6715275121553099e-01
   5.5704580652196645e-01
   5.4781058024933638e-01
   5.3954036931467864e-01
   5.3231413268867223e-01
   5.2619736588220778e-01
   5.2124299446846245e-01
   5.1749221602521311e-01
   5.1497523480363139e-01
   5.1371184704885076e-01
   5.1371184704885087e-01
   5.1497523480363139e-01
   5.1749221602521311e-01
   5.2124299446846256e-01
   5.2619736588220800e-01
   5.3231413268867234e-01
   5.3954036931467886e-01
   5.4781058024933671e-01
   5.5704580652196667e-01
   5.6715275121553133e-01
   5.7802301029359571e-01
   5.8953251037034193e-01
   6.0154126847775102e-01
   6.1389359818579325e-01
   6.2641888891022790e-01
   6.3893307790555109e-01
   6.4024251467496518e-01
   6.3032610400814837e-01
   6.2033885875174755e-01
   6.1043126508895107e-01
   6.0074553759603855e-01
   5.9141400606905759e-01
   5.8255799481038117e-01
   5.7428713537661080e-01
   5.6669904173180863e-01
   5.5987927157954576e-01
   5.5390149799764987e-01
   5.4882781992700869e-01
   5.4470914722995323e-01
   5.4158560480866302e-01
   5.3948690979919944e-01
   5.3843268554300927e-01
   5.3843268554300938e-01
   5.3948690979919944e-01
   5.4158560480866313e-01
   5.4470914722995334e-01
   5.4882781992700891e-01
   5.5390149799764998e-01
   5.5987927157954598e-01
   5.6669904173180885e-01
   5.7428713537661102e-01
   5.8255799481038151e-01
   5.9141400606905803e-01
   6.0074553759603899e-01
   6.1043126508895151e-01
   6.2033885875174810e-01
   6.3032610400814870e-01
   6.4024251467496551e-01
   6.4024251467496496e-01
   6.3032610400814804e-01
   6.2033885875174721e-01
   6.1043126508895051e-01
   6.0074553759603788e-01
   5.9141400606905681e-01
   5.8255799481038029e-01
   5.7428713537660969e-01
   5.6669904173180752e-01
   5.5987927157954454e-01
   5.5390149799764865e-01
   5.4882781992700735e-01
   5.4470914722995190e-01
   5.4158560480866169e-01
   5.3948690979919800e-01
   5.3843268554300794e-01
   5.3843268554300794e-01
   5.3948690979919811e-01
   5.4158560480866191e-01
   5.4470914722995212e-01
   5.4882781992700769e-01
   5.5390149799764898e-01
   5.5987927157954498e-01
   5.6669904173180796e-01
   5.7428713537661036e-01
   5.8255799481038084e-01
   5.9141400606905747e-01
   6.0074553759603844e-01
   6.1043126508895118e-01
   6.2033885875174777e-01
   6.3032610400814848e-01
   6.4024251467496540e-01
   6.5315570926881295e-01
   6.6883421345050864e-01
   6.8376552330127482e-01
   6.9765677042698659e-01
   7.1021906893390085e-01
   7.2117726830661688e-01
   7.3028037747929631e-01
   7.3731199980810236e-01
   7.4210001500850908e-01
   7.4452472084073817e-01
   7.4452472084073817e-01
   7.4210001500850908e-01
   7.3731199980810236e-01
   7.3028037747929631e-01
   7.2117726830661688e-01
   7.1021906893390074e-01
   6.9765677042698659e-01
   6.8376552330127482e-01
   6.6883421345050864e-01
   6.5315570926881295e-01
