   6.5470967446532014e-01
   6.6094437604122591e-01
   6.6709904817569055e-01
   6.7315401283158871e-01
   6.7908939705906701e-01
   6.8488522138497210e-01
   6.9052149518529649e-01
   6.9597831849472380e-01
   7.0123598956037958e-01
   7.0627511729998182e-01
   7.1107673768139967e-01
   7.1562243290514527e-01
   7.1989445214768333e-01
   7.2387583251584864e-01
   7.2755051877519095e-01
   7.3090348035155139e-01
   7.3392082406895587e-01
   7.3658990108078215e-01
   7.3889940647707530e-01
   7.4083947010996087e-01
   7.4240173727142056e-01
   7.4357943798226089e-01
   7.4436744380586961e-01
   7.4476231128219472e-01
   7.4476231128219472e-01
   7.4436744380586961e-01
   7.4357943798226089e-01
   7.4240173727142067e-01
   7.4083947010996076e-01
   7.3889940647707530e-01
   7.3658990108078215e-01
   7.3392082406895587e-01
   7.3090348035155150e-01
   7.2755051877519106e-01
   7.2387583251584875e-01
   7.1989445214768344e-01
   7.1562243290514538e-01
   7.1107673768139978e-01
   7.0627511729998182e-01
   7.0123598956037969e-01
   6.9597831849472391e-01
   6.9052149518529660e-01
   6.8488522138497221e-01
   6.7908939705906712e-01
   6.7315401283158882e-01
   6.6709904817569066e-01
   6.6094437604122602e-01
   6.5470967446532025e-01
   6.4805229469792658e-01
   6.4099300775676782e-01
   6.3391423222990118e-01
   6.2683573437511197e-01
   6.1977662838379877e-01
   6.1275533471478971e-01
   6.0578954695421738e-01
   5.9889620671533739e-01
   5.9209148603652151e-01
   5.8539077669534900e-01
   5.7880868583047784e-01
   5.7235903724940085e-01
   5.6605487779774943e-01
   5.5990848817295635e-01
   5.5393139758029875e-01
   5.4813440165113525e-01
   5.4252758307012827e-01
   5.3712033438912143e-01
   5.3192138253897314e-01
   5.2693881458597436e-01
   5.2218010431563222e-01
   5.1765213926280207e-01
   5.1336124784276738e-01
   5.0931322627238895e-01
   5.0551336500346311e-01
   5.0196647442164677e-01
   4.9867690959350791e-01
   4.9564859387131599e-01
   4.9288504119002979e-01
   4.9038937691356621e-01
   4.8816435710788630e-01
   4.8621238613679724e-01
   4.8453553249276310e-01
   4.8313554278957715e-01
   4.8201385385665524e-01
   4.8117160288612670e-01
   4.8060963559403719e-01
   4.8032851236602686e-01
   4.8032851236602686e-01
   4.8060963559403719e-01
   4.8117160288612670e-01
   4.8201385385665518e-01
   4.8313554278957715e-01
   4.8453553249276304e-01
   4.8621238613679724e-01
   4.8816435710788619e-01
   4.9038937691356621e-01
   4.9288504119002979e-01
   4.9564859387131599e-01
   4.9867690959350786e-01
   5.0196647442164666e-01
   5.0551336500346300e-01
   5.0931322627238884e-01
   5.1336124784276727e-01
   5.1765213926280207e-01
   5.2218010431563222e-01
   5.2693881458597436e-01
   5.3192138253897303e-01
   5.3712033438912132e-01
   5.4252758307012816e-01
   5.4813440165113525e-01
   5.5393139758029863e-01
   5.5990848817295624e-01
   5.6605487779774932e-01
   5.7235903724940074e-01
   5.7880868583047773e-01
   5.8539077669534900e-01
   5.9209148603652129e-01
   5.9889620671533728e-01
   6.0578954695421738e-01
   6.1275533471478960e-01
   6.1977662838379854e-01
   6.2683573437511175e-01
   6.3391423222990106e-01
   6.4099300775676760e-01
   6.4805229469792636e-01
   6.5019412677898880e-01
   6.4741219370111591e-01
   6.4459227835482213e-01
   6.4174257196751994e-01
   6.3887124553121000e-01
   6.3598642395140503e-01
   6.3309616155645831e-01
   6.3020841903095082e-01
   6.2733104181846122e-01
   6.2447174002156003e-01
   6.2163806981040937e-01
   6.1883741633604772e-01
   6.1607697813040940e-01
   6.1336375296243373e-01
   6.1070452510832685e-01
   6.0810585398415484e-01
   6.0557406408047343e-01
   6.0311523613161977e-01
   6.0073519944655474e-01
   5.9843952532370404e-01
   5.9623352146902830e-01
   5.9412222733448872e-01
   5.9211041029307609e-01
   5.9020256256655435e-01
   5.8840289882295038e-01
   5.8671535436250732e-01
   5.8514358381322629e-01
   5.8369096026016831e-01
   5.8236057473629743e-01
   5.8115523600673802e-01
   5.8007747058283821e-01
   5.7912952290729969e-01
   5.7831335565681008e-01
   5.7763065011403891e-01
   5.7708280656648991e-01
   5.7667094469550184e-01
   5.7639590392462681e-01
   5.7625824370265244e-01
   5.7625824370265244e-01
   5.7639590392462681e-01
   5.7667094469550184e-01
   5.7708280656648991e-01
   5.7763065011403891e-01
   5.7831335565681008e-01
   5.7912952290729969e-01
   5.8007747058283821e-01
   5.8115523600673791e-01
   5.8236057473629732e-01
   5.8369096026016831e-01
   5.8514358381322629e-01
   5.8671535436250732e-01
   5.8840289882295038e-01
   5.9020256256655423e-01
   5.9211041029307598e-01
   5.9412222733448861e-01
   5.9623352146902819e-01
   5.9843952532370404e-01
   6.0073519944655474e-01
   6.0311523613161977e-01
   6.0557406408047332e-01
   6.0810585398415473e-01
   6.1070452510832673e-01
   6.1336375296243351e-01
   6.1607697813040929e-01
   6.1883741633604761e-01
   6.2163806981040926e-01
   6.2447174002156003e-01
   6.2733104181846111e-01
   6.3020841903095071e-01
   6.3309616155645831e-01
   6.3598642395140492e-01
   6.3887124553120977e-01
   6.4174257196751971e-01
   6.4459227835482202e-01
   6.4741219370111569e-01
   6.5019412677898869e-01
   6.5019412677898880e-01
   6.4741219370111591e-01
   6.4459227835482225e-01
   6.4174257196751994e-01
   6.3887124553121000e-01
   6.3598642395140514e-01
   6.3309616155645843e-01
   6.3020841903095093e-01
   6.2733104181846122e-01
   6.2447174002156014e-01
   6.2163806981040948e-01
   6.1883741633604772e-01
   6.1607697813040951e-01
   6.1336375296243373e-01
   6.1070452510832696e-01
   6.0810585398415495e-01
   6.0557406408047354e-01
   6.0311523613161988e-01
   6.0073519944655485e-01
   5.9843952532370415e-01
   5.9623352146902830e-01
   5.9412222733448872e-01
   5.9211041029307621e-01
   5.9020256256655446e-01
   5.8840289882295049e-01
   5.8671535436250744e-01
   5.8514358381322629e-01
   5.8369096026016831e-01
   5.8236057473629743e-01
   5.8115523600673802e-01
   5.8007747058283832e-01
   5.7912952290729980e-01
   5.7831335565681019e-01
   5.7763065011403902e-01
   5.7708280656649003e-01
   5.7667094469550195e-01
   5.7639590392462692e-01
   5.7625824370265244e-01
   5.7625824370265244e-01
   5.7639590392462692e-01
   5.7667094469550184e-01
   5.7708280656648991e-01
   5.7763065011403891e-01
   5.7831335565681008e-01
   5.7912952290729969e-01
   5.8007747058283821e-01
   5.8115523600673791e-01
   5.8236057473629732e-01
   5.8369096026016831e-01
   5.8514358381322629e-01
   5.8671535436250732e-01
   5.8840289882295038e-01
   5.9020256256655423e-01
   5.9211041029307598e-01
   5.9412222733448861e-01
   5.9623352146902808e-01
   5.9843952532370392e-01
   6.0073519944655474e-01
   6.0311523613161977e-01
   6.0557406408047332e-01
   6.0810585398415473e-01
   6.1070452510832673e-01
   6.1336375296243351e-01
   6.1607697813040918e-01
   6.1883741633604761e-01
   6.2163806981040926e-01
   6.2447174002155992e-01
   6.2733104181846100e-01
   6.3020841903095060e-01
   6.3309616155645809e-01
   6.3598642395140492e-01
   6.3887124553120977e-01
   6.4174257196751971e-01
   6.4459227835482202e-01
   6.4741219370111569e-01
   6.5019412677898858e-01
   6.5470967446532036e-01
   6.6094437604122624e-01
   6.6709904817569121e-01
   6.7315401283158949e-01
   6.7908939705906801e-01
   6.8488522138497332e-01
   6.9052149518529804e-01
   6.9597831849472547e-01
   7.0123598956038147e-01
   7.0627511729998382e-01
   7.1107673768140200e-01
   7.1562243290514771e-01
   7.1989445214768599e-01
   7.2387583251585141e-01
   7.2755051877519394e-01
   7.3090348035155450e-01
   7.3392082406895909e-01
   7.3658990108078537e-01
   7.3889940647707864e-01
   7.4083947010996420e-01
   7.4240173727142411e-01
   7.4357943798226445e-01
   7.4436744380587316e-01
   7.4476231128219827e-01
   7.4476231128219827e-01
   7.4436744380587316e-01
   7.4357943798226445e-01
   7.4240173727142411e-01
   7.4083947010996420e-01
   7.3889940647707864e-01
   7.3658990108078548e-01
   7.3392082406895909e-01
   7.3090348035155450e-01
   7.2755051877519394e-01
   7.2387583251585141e-01
   7.1989445214768610e-01
   7.1562243290514771e-01
   7.1107673768140200e-01
   7.0627511729998393e-01
   7.0123598956038158e-01
   6.9597831849472558e-01
   6.9052149518529815e-01
   6.8488522138497343e-01
   6.7908939705906812e-01
   6.7315401283158960e-01
   6.6709904817569132e-01
   6.6094437604122636e-01
   6.5470967446532047e-01
