   6.5640374997985684e-01
   6.6507997974445077e-01
   6.7366885565314183e-01
   6.8214235350735575e-01
   6.9047181106827549e-01
   6.9862805889094293e-01
   7.0658156708235276e-01
   7.1430260742003204e-01
   7.2176142992331993e-01
   7.2892845260786954e-01
   7.3577446278357284e-01
   7.4227082788751453e-01
   7.4838971348826999e-01
   7.5410430576839527e-01
   7.5938903550127890e-01
   7.6421980029949288e-01
   7.6857418173656922e-01
   7.7243165384354673e-01
   7.7577377946449722e-01
   7.7858439102778798e-01
   7.8084975245518440e-01
   7.8255869918871246e-01
   7.8370275366144049e-01
   7.8427621396527714e-01
   7.8427621396527714e-01
   7.8370275366144049e-01
   7.8255869918871257e-01
   7.8084975245518440e-01
   7.7858439102778809e-01
   7.7577377946449733e-01
   7.7243165384354673e-01
   7.6857418173656922e-01
   7.6421980029949288e-01
   7.5938903550127901e-01
   7.5410430576839538e-01
   7.4838971348827010e-01
   7.4227082788751464e-01
   7.3577446278357284e-01
   7.2892845260786965e-01
   7.2176142992332004e-01
   7.1430260742003204e-01
   7.0658156708235287e-01
   6.9862805889094293e-01
   6.9047181106827549e-01
   6.8214235350735586e-01
   6.7366885565314205e-01
   6.6507997974445088e-01
   6.5640374997985695e-01
   6.5086682274000007e-01
   6.4848674466628242e-01
   6.4607114006845912e-01
   6.4362704575034480e-01
   6.4116150283516204e-01
   6.3868153436099573e-01
   6.3619412383630225e-01
   6.3370619482000801e-01
   6.3122459157696020e-01
   6.2875606084616087e-01
   6.2630723474643279e-01
   6.2388461483207858e-01
   6.2149455729979908e-01
   6.1914325933771086e-01
   6.1683674659780807e-01
   6.1458086176470061e-01
   6.1238125418593614e-01
   6.1024337052270017e-01
   6.0817244637417456e-01
   6.0617349882429306e-01
   6.0425131985604796e-01
   6.0241047057582042e-01
   6.0065527618839210e-01
   5.9898982166229142e-01
   5.9741794802488257e-01
   5.9594324922705744e-01
   5.9456906951848443e-01
   5.9329850127604855e-01
   5.9213438323031720e-01
   5.9107929903754153e-01
   5.9013557614779555e-01
   5.8930528492331269e-01
   5.8859023796485532e-01
   5.8799198960801458e-01
   5.8751183555561970e-01
   5.8715081261692947e-01
   5.8690969852892982e-01
   5.8678901183984322e-01
   5.8678901183984322e-01
   5.8690969852892982e-01
   5.8715081261692947e-01
   5.8751183555561970e-01
   5.8799198960801458e-01
   5.8859023796485521e-01
   5.8930528492331247e-01
   5.9013557614779544e-01
   5.9107929903754131e-01
   5.9213438323031697e-01
   5.9329850127604844e-01
   5.9456906951848409e-01
   5.9594324922705710e-01
   5.9741794802488235e-01
   5.9898982166229109e-01
   6.0065527618839176e-01
   6.0241047057582009e-01
   6.0425131985604752e-01
   6.0617349882429272e-01
   6.0817244637417411e-01
   6.1024337052269972e-01
   6.1238125418593559e-01
   6.1458086176470017e-01
   6.1683674659780763e-01
   6.1914325933771031e-01
   6.2149455729979863e-01
   6.2388461483207813e-01
   6.2630723474643235e-01
   6.2875606084616031e-01
   6.3122459157695954e-01
   6.3370619482000745e-01
   6.3619412383630169e-01
   6.3868153436099506e-01
   6.4116150283516160e-01
   6.4362704575034424e-01
   6.4607114006845867e-01
   6.4848674466628198e-01
   6.5086682273999963e-01
   6.4828641097678341e-01
   6.4075310510586214e-01
   6.3320652926325649e-01
   6.2566764405941733e-01
   6.1815665043758450e-01
   6.1069294949287989e-01
   6.0329511181588114e-01
   5.9598085573717707e-01
   5.8876703379600315e-01
   5.8166962672047851e-01
   5.7470374418746772e-01
   5.6788363162477273e-01
   5.6122268232526895e-01
   5.5473345415979824e-01
   5.4842769020122606e-01
   5.4231634260429828e-01
   5.3640959912314090e-01
   5.3071691168895396e-01
   5.2524702651334887e-01
   5.2000801522670670e-01
   5.1500730660494265e-01
   5.1025171848131978e-01
   5.0574748948182568e-01
   5.0150031026259656e-01
   4.9751535396554836e-01
   4.9379730564351032e-01
   4.9035039043856610e-01
   4.8717840032691445e-01
   4.8428471927036454e-01
   4.8167234663861797e-01
   4.7934391878786964e-01
   4.7730172870012449e-01
   4.7554774360413088e-01
   4.7408362051319802e-01
   4.7291071962757325e-01
   4.7203011555975594e-01
   4.7144260635034502e-01
   4.7114872024998855e-01
   4.7114872024998855e-01
   4.7144260635034502e-01
   4.7203011555975594e-01
   4.7291071962757320e-01
   4.7408362051319797e-01
   4.7554774360413077e-01
   4.7730172870012433e-01
   4.7934391878786958e-01
   4.8167234663861769e-01
   4.8428471927036437e-01
   4.8717840032691423e-01
   4.9035039043856588e-01
   4.9379730564351010e-01
   4.9751535396554813e-01
   5.0150031026259634e-01
   5.0574748948182546e-01
   5.1025171848131945e-01
   5.1500730660494243e-01
   5.2000801522670625e-01
   5.2524702651334843e-01
   5.3071691168895363e-01
   5.3640959912314046e-01
   5.4231634260429795e-01
   5.4842769020122550e-01
   5.5473345415979780e-01
   5.6122268232526851e-01
   5.6788363162477229e-01
   5.7470374418746728e-01
   5.8166962672047806e-01
   5.8876703379600270e-01
   5.9598085573717663e-01
   6.0329511181588069e-01
   6.1069294949287944e-01
   6.1815665043758394e-01
   6.2566764405941677e-01
   6.3320652926325594e-01
   6.4075310510586159e-01
   6.4828641097678286e-01
   6.4828641097678330e-01
   6.4075310510586203e-01
   6.3320652926325638e-01
   6.2566764405941722e-01
   6.1815665043758439e-01
   6.1069294949287978e-01
   6.0329511181588102e-01
   5.9598085573717696e-01
   5.8876703379600304e-01
   5.8166962672047839e-01
   5.7470374418746761e-01
   5.6788363162477251e-01
   5.6122268232526873e-01
   5.5473345415979802e-01
   5.4842769020122584e-01
   5.4231634260429817e-01
   5.3640959912314079e-01
   5.3071691168895374e-01
   5.2524702651334854e-01
   5.2000801522670648e-01
   5.1500730660494243e-01
   5.1025171848131956e-01
   5.0574748948182557e-01
   5.0150031026259634e-01
   4.9751535396554813e-01
   4.9379730564351015e-01
   4.9035039043856582e-01
   4.8717840032691412e-01
   4.8428471927036437e-01
   4.8167234663861769e-01
   4.7934391878786942e-01
   4.7730172870012422e-01
   4.7554774360413060e-01
   4.7408362051319780e-01
   4.7291071962757292e-01
   4.7203011555975560e-01
   4.7144260635034468e-01
   4.7114872024998822e-01
   4.7114872024998827e-01
   4.7144260635034463e-01
   4.7203011555975560e-01
   4.7291071962757286e-01
   4.7408362051319769e-01
   4.7554774360413049e-01
   4.7730172870012411e-01
   4.7934391878786931e-01
   4.8167234663861741e-01
   4.8428471927036415e-01
   4.8717840032691390e-01
   4.9035039043856554e-01
   4.9379730564350982e-01
   4.9751535396554780e-01
   5.0150031026259612e-01
   5.0574748948182513e-01
   5.1025171848131923e-01
   5.1500730660494209e-01
   5.2000801522670603e-01
   5.2524702651334820e-01
   5.3071691168895330e-01
   5.3640959912314023e-01
   5.4231634260429773e-01
   5.4842769020122539e-01
   5.5473345415979758e-01
   5.6122268232526829e-01
   5.6788363162477207e-01
   5.7470374418746706e-01
   5.8166962672047784e-01
   5.8876703379600248e-01
   5.9598085573717641e-01
   6.0329511181588047e-01
   6.1069294949287922e-01
   6.1815665043758383e-01
   6.2566764405941666e-01
   6.3320652926325571e-01
   6.4075310510586148e-01
   6.4828641097678275e-01
   6.5640374997985662e-01
   6.6507997974445077e-01
   6.7366885565314227e-01
   6.8214235350735630e-01
   6.9047181106827638e-01
   6.9862805889094404e-01
   7.0658156708235409e-01
   7.1430260742003360e-01
   7.2176142992332171e-01
   7.2892845260787165e-01
   7.3577446278357506e-01
   7.4227082788751697e-01
   7.4838971348827277e-01
   7.5410430576839815e-01
   7.5938903550128189e-01
   7.6421980029949610e-01
   7.6857418173657266e-01
   7.7243165384355017e-01
   7.7577377946450077e-01
   7.7858439102779176e-01
   7.8084975245518817e-01
   7.8255869918871623e-01
   7.8370275366144437e-01
   7.8427621396528102e-01
   7.8427621396528102e-01
   7.8370275366144437e-01
   7.8255869918871623e-01
   7.8084975245518817e-01
   7.7858439102779176e-01
   7.7577377946450088e-01
   7.7243165384355017e-01
   7.6857418173657266e-01
   7.6421980029949610e-01
   7.5938903550128201e-01
   7.5410430576839815e-01
   7.4838971348827277e-01
   7.4227082788751708e-01
   7.3577446278357517e-01
   7.2892845260787165e-01
   7.2176142992332182e-01
   7.1430260742003360e-01
   7.0658156708235409e-01
   6.9862805889094404e-01
   6.9047181106827638e-01
   6.8214235350735641e-01
   6.7366885565314238e-01
   6.6507997974445077e-01
   6.5640374997985673e-01
