   6.9360851003930868e-01
   7.0037019286991875e-01
   7.0707435559905996e-01
   7.1369728176568814e-01
   7.2021489221553103e-01
   7.2660285401100511e-01
   7.3283669979692223e-01
   7.3889195703000687e-01
   7.4474428625493161e-01
   7.5036962737910740e-01
   7.5574435266857176e-01
   7.6084542496440588e-01
   7.6565055941013072e-01
   7.7013838679265900e-01
   7.7428861643988089e-01
   7.7808219649376631e-01
   7.8150146929533537e-01
   7.8453031958240116e-01
   7.8715431321680884e-01
   7.8936082422764242e-01
   7.9113914808147201e-01
   7.9248059926917247e-01
   7.9337859152822754e-01
   7.9382869929483424e-01
   7.9382869929483435e-01
   7.9337859152822754e-01
   7.9248059926917236e-01
   7.9113914808147201e-01
   7.8936082422764242e-01
   7.8715431321680884e-01
   7.8453031958240127e-01
   7.8150146929533537e-01
   7.7808219649376642e-01
   7.7428861643988101e-01
   7.7013838679265911e-01
   7.6565055941013083e-01
   7.6084542496440588e-01
   7.5574435266857176e-01
   7.5036962737910751e-01
   7.4474428625493150e-01
   7.3889195703000699e-01
   7.3283669979692234e-01
   7.2660285401100522e-01
   7.2021489221553114e-01
   7.1369728176568814e-01
   7.0707435559905996e-01
   7.0037019286991886e-01
   6.9360851003930879e-01
   6.8409768652395864e-01
   6.7186935863497510e-01
   6.5967652144043376e-01
   6.4755513199832693e-01
   6.3553894331580874e-01
   6.2365948977812402e-01
   6.1194609718620929e-01
   6.0042591425239789e-01
   5.8912396246207288e-01
   5.7806320132726874e-01
   5.6726460622237651e-01
   5.5674725618958820e-01
   5.4652842932127899e-01
   5.3662370355838096e-01
   5.2704706097976783e-01
   5.1781099389103791e-01
   5.0892661124657679e-01
   5.0040374415243782e-01
   4.9225104939654435e-01
   4.8447611013515240e-01
   4.7708553302937629e-01
   4.7008504127251416e-01
   4.6347956307809357e-01
   4.5727331531054993e-01
   4.5146988203613325e-01
   4.4607228785208630e-01
   4.4108306591853169e-01
   4.3650432067113565e-01
   4.3233778523473110e-01
   4.2858487358996450e-01
   4.2524672756786153e-01
   4.2232425876215307e-01
   4.1981818545730581e-01
   4.1772906467245313e-01
   4.1605731941872093e-01
   4.1480326126059419e-01
   4.1396710826172894e-01
   4.1354899838264292e-01
   4.1354899838264292e-01
   4.1396710826172894e-01
   4.1480326126059419e-01
   4.1605731941872093e-01
   4.1772906467245308e-01
   4.1981818545730576e-01
   4.2232425876215296e-01
   4.2524672756786142e-01
   4.2858487358996444e-01
   4.3233778523473099e-01
   4.3650432067113548e-01
   4.4108306591853164e-01
   4.4607228785208625e-01
   4.5146988203613309e-01
   4.5727331531054971e-01
   4.6347956307809340e-01
   4.7008504127251394e-01
   4.7708553302937612e-01
   4.8447611013515218e-01
   4.9225104939654407e-01
   5.0040374415243760e-01
   5.0892661124657657e-01
   5.1781099389103757e-01
   5.2704706097976750e-01
   5.3662370355838063e-01
   5.4652842932127876e-01
   5.5674725618958787e-01
   5.6726460622237607e-01
   5.7806320132726852e-01
   5.8912396246207255e-01
   6.0042591425239755e-01
   6.1194609718620885e-01
   6.2365948977812369e-01
   6.3553894331580840e-01
   6.4755513199832671e-01
   6.5967652144043332e-01
   6.7186935863497477e-01
   6.8409768652395830e-01
   6.8989589327177314e-01
   6.8924517362254134e-01
   6.8857515470680275e-01
   6.8788802765427681e-01
   6.8718603295940484e-01
   6.8647145271788645e-01
   6.8574660280785227e-01
   6.8501382504717268e-01
   6.8427547935733013e-01
   6.8353393596305057e-01
   6.8279156765553206e-01
   6.8205074214563977e-01
   6.8131381453186979e-01
   6.8058311990626474e-01
   6.7986096611978408e-01
   6.7914962672693746e-01
   6.7845133412778280e-01
   6.7776827292369834e-01
   6.7710257350167624e-01
   6.7645630586026917e-01
   6.7583147368876029e-01
   6.7523000870964700e-01
   6.7465376529312149e-01
   6.7410451535092186e-01
   6.7358394351571471e-01
   6.7309364261106142e-01
   6.7263510941602001e-01
   6.7220974072754169e-01
   6.7181882972304230e-01
   6.7146356262485252e-01
   6.7114501566768903e-01
   6.7086415236981767e-01
   6.7062182110821789e-01
   6.7041875299777565e-01
   6.7025556007433984e-01
   6.7013273378135274e-01
   6.7005064375971679e-01
   6.7000953694055232e-01
   6.7000953694055232e-01
   6.7005064375971668e-01
   6.7013273378135274e-01
   6.7025556007433984e-01
   6.7041875299777565e-01
   6.7062182110821789e-01
   6.7086415236981756e-01
   6.7114501566768903e-01
   6.7146356262485241e-01
   6.7181882972304219e-01
   6.7220974072754169e-01
   6.7263510941602001e-01
   6.7309364261106130e-01
   6.7358394351571460e-01
   6.7410451535092186e-01
   6.7465376529312138e-01
   6.7523000870964689e-01
   6.7583147368876029e-01
   6.7645630586026917e-01
   6.7710257350167613e-01
   6.7776827292369823e-01
   6.7845133412778269e-01
   6.7914962672693735e-01
   6.7986096611978397e-01
   6.8058311990626463e-01
   6.8131381453186968e-01
   6.8205074214563965e-01
   6.8279156765553195e-01
   6.8353393596305034e-01
   6.8427547935733002e-01
   6.8501382504717256e-01
   6.8574660280785216e-01
   6.8647145271788645e-01
   6.8718603295940472e-01
   6.8788802765427670e-01
   6.8857515470680275e-01
   6.8924517362254134e-01
   6.8989589327177303e-01
   6.8989589327177325e-01
   6.8924517362254145e-01
   6.8857515470680297e-01
   6.8788802765427692e-01
   6.8718603295940495e-01
   6.8647145271788668e-01
   6.8574660280785238e-01
   6.8501382504717290e-01
   6.8427547935733035e-01
   6.8353393596305068e-01
   6.8279156765553228e-01
   6.8205074214563999e-01
   6.8131381453187001e-01
   6.8058311990626497e-01
   6.7986096611978430e-01
   6.7914962672693768e-01
   6.7845133412778302e-01
   6.7776827292369857e-01
   6.7710257350167657e-01
   6.7645630586026950e-01
   6.7583147368876062e-01
   6.7523000870964722e-01
   6.7465376529312171e-01
   6.7410451535092220e-01
   6.7358394351571493e-01
   6.7309364261106164e-01
   6.7263510941602034e-01
   6.7220974072754192e-01
   6.7181882972304241e-01
   6.7146356262485274e-01
   6.7114501566768925e-01
   6.7086415236981778e-01
   6.7062182110821811e-01
   6.7041875299777587e-01
   6.7025556007433995e-01
   6.7013273378135296e-01
   6.7005064375971690e-01
   6.7000953694055243e-01
   6.7000953694055243e-01
   6.7005064375971690e-01
   6.7013273378135285e-01
   6.7025556007433995e-01
   6.7041875299777576e-01
   6.7062182110821789e-01
   6.7086415236981767e-01
   6.7114501566768903e-01
   6.7146356262485252e-01
   6.7181882972304219e-01
   6.7220974072754169e-01
   6.7263510941602001e-01
   6.7309364261106130e-01
   6.7358394351571460e-01
   6.7410451535092175e-01
   6.7465376529312127e-01
   6.7523000870964689e-01
   6.7583147368876018e-01
   6.7645630586026906e-01
   6.7710257350167613e-01
   6.7776827292369812e-01
   6.7845133412778247e-01
   6.7914962672693724e-01
   6.7986096611978386e-01
   6.8058311990626452e-01
   6.8131381453186957e-01
   6.8205074214563943e-01
   6.8279156765553184e-01
   6.8353393596305023e-01
   6.8427547935732980e-01
   6.8501382504717234e-01
   6.8574660280785193e-01
   6.8647145271788623e-01
   6.8718603295940450e-01
   6.8788802765427648e-01
   6.8857515470680242e-01
   6.8924517362254101e-01
   6.8989589327177281e-01
   6.9360851003930857e-01
   7.0037019286991864e-01
   7.0707435559905973e-01
   7.1369728176568803e-01
   7.2021489221553092e-01
   7.2660285401100511e-01
   7.3283669979692223e-01
   7.3889195703000687e-01
   7.4474428625493139e-01
   7.5036962737910740e-01
   7.5574435266857165e-01
   7.6084542496440577e-01
   7.6565055941013060e-01
   7.7013838679265911e-01
   7.7428861643988089e-01
   7.7808219649376631e-01
   7.8150146929533537e-01
   7.8453031958240116e-01
   7.8715431321680884e-01
   7.8936082422764253e-01
   7.9113914808147212e-01
   7.9248059926917247e-01
   7.9337859152822765e-01
   7.9382869929483446e-01
   7.9382869929483446e-01
   7.9337859152822765e-01
   7.9248059926917247e-01
   7.9113914808147212e-01
   7.8936082422764264e-01
   7.8715431321680895e-01
   7.8453031958240127e-01
   7.8150146929533548e-01
   7.7808219649376653e-01
   7.7428861643988112e-01
   7.7013838679265922e-01
   7.6565055941013083e-01
   7.6084542496440599e-01
   7.5574435266857187e-01
   7.5036962737910762e-01
   7.4474428625493161e-01
   7.3889195703000710e-01
   7.3283669979692245e-01
   7.2660285401100533e-01
   7.2021489221553114e-01
   7.1369728176568825e-01
   7.0707435559906007e-01
   7.0037019286991897e-01
   6.9360851003930890e-01
