   1.2113106052997293e-01
   1.2681478610874755e-01
   1.3243759652390125e-01
   1.3799306937902814e-01
   1.4347438365335397e-01
   1.4887432669974357e-01
   1.5418530551506404e-01
   1.5939936254115436e-01
   1.6450819622199375e-01
   1.6950318650050336e-01
   1.7437542538642170e-01
   1.7911575266478069e-01
   1.8371479674290628e-01
   1.8816302055314707e-01
   1.9245077233967162e-01
   1.9656834106203941e-01
   2.0050601604765059e-01
   2.0425415042182068e-01
   2.0780322774070834e-01
   2.1114393115156313e-01
   2.1426721430992646e-01
   2.1716437319783022e-01
   2.1982711791403084e-01
   2.2224764345012099e-01
   2.2441869842793505e-01
   2.2633365075655340e-01
   2.2798654917339509e-01
   2.2937217966464943e-01
   2.3048611581611747e-01
   2.3132476222601300e-01
   2.3188539021509880e-01
   2.3216616519449088e-01
   2.3216616519449088e-01
   2.3188539021509880e-01
   2.3132476222601303e-01
   2.3048611581611750e-01
   2.2937217966464946e-01
   2.2798654917339511e-01
   2.2633365075655346e-01
   2.2441869842793508e-01
   2.2224764345012105e-01
   2.1982711791403090e-01
   2.1716437319783027e-01
   2.1426721430992651e-01
   2.1114393115156321e-01
   2.0780322774070842e-01
   2.0425415042182074e-01
   2.0050601604765070e-01
   1.9656834106203949e-01
   1.9245077233967170e-01
   1.8816302055314718e-01
   1.8371479674290636e-01
   1.7911575266478080e-01
   1.7437542538642178e-01
   1.6950318650050350e-01
   1.6450819622199386e-01
   1.5939936254115447e-01
   1.5418530551506415e-01
   1.4887432669974365e-01
   1.4347438365335402e-01
   1.3799306937902822e-01
   1.3243759652390130e-01
   1.2681478610874758e-01
   1.2113106052997295e-01
   1.1241644023045724e-01
   1.0067753857742781e-01
   8.8900434435315839e-02
   7.7093566396342184e-02
   6.5263909270321482e-02
   5.3417158079852020e-02
   4.1557917826201586e-02
   2.9689897389419313e-02
   1.7816106293288621e-02
   5.9390533730831283e-03
  -5.9390533730830390e-03
  -1.7816106293288531e-02
  -2.9689897389419219e-02
  -4.1557917826201496e-02
  -5.3417158079851930e-02
  -6.5263909270321399e-02
  -7.7093566396342114e-02
  -8.8900434435315756e-02
  -1.0067753857742776e-01
  -1.1241644023045719e-01
  -1.2113106052997288e-01
  -1.2681478610874752e-01
  -1.3243759652390125e-01
  -1.3799306937902814e-01
  -1.4347438365335397e-01
  -1.4887432669974357e-01
  -1.5418530551506407e-01
  -1.5939936254115439e-01
  -1.6450819622199375e-01
  -1.6950318650050339e-01
  -1.7437542538642170e-01
  -1.7911575266478069e-01
  -1.8371479674290628e-01
  -1.8816302055314707e-01
  -1.9245077233967159e-01
  -1.9656834106203938e-01
  -2.0050601604765056e-01
  -2.0425415042182063e-01
  -2.0780322774070831e-01
  -2.1114393115156305e-01
  -2.1426721430992640e-01
  -2.1716437319783014e-01
  -2.1982711791403073e-01
  -2.2224764345012091e-01
  -2.2441869842793497e-01
  -2.2633365075655329e-01
  -2.2798654917339500e-01
  -2.2937217966464932e-01
  -2.3048611581611736e-01
  -2.3132476222601289e-01
  -2.3188539021509866e-01
  -2.3216616519449074e-01
  -2.3216616519449074e-01
  -2.3188539021509866e-01
  -2.3132476222601286e-01
  -2.3048611581611739e-01
  -2.2937217966464932e-01
  -2.2798654917339500e-01
  -2.2633365075655329e-01
  -2.2441869842793497e-01
  -2.2224764345012091e-01
  -2.1982711791403073e-01
  -2.1716437319783016e-01
  -2.1426721430992640e-01
  -2.1114393115156307e-01
  -2.0780322774070828e-01
  -2.0425415042182063e-01
  -2.0050601604765056e-01
  -1.9656834106203938e-01
  -1.9245077233967162e-01
  -1.8816302055314707e-01
  -1.8371479674290628e-01
  -1.7911575266478072e-01
  -1.7437542538642170e-01
  -1.6950318650050342e-01
  -1.6450819622199378e-01
  -1.5939936254115442e-01
  -1.5418530551506407e-01
  -1.4887432669974360e-01
  -1.4347438365335397e-01
  -1.3799306937902814e-01
  -1.3243759652390125e-01
  -1.2681478610874752e-01
  -1.2113106052997290e-01
