   3.7211649123741464e-01
   3.3619206085317371e-01
   2.9956009241704151e-01
   2.6243216156918908e-01
   2.2497529342414635e-01
   1.8731561214005285e-01
   1.4954313157981838e-01
   1.1171727706785785e-01
   7.3872831161390123e-02
   3.6026093378208737e-02
  -1.8188736243606692e-03
  -3.9663975419317370e-02
  -7.7510816276916222e-02
  -1.1535442951926762e-01
  -1.5317700960147435e-01
  -1.9094167060989489e-01
  -2.2858630038549013e-01
  -2.6601764493423902e-01
  -3.0310584198154988e-01
  -3.3967972056518336e-01
  -3.7552328640342536e-01
  -4.1037390593139472e-01
  -4.4392276478442810e-01
  -4.7581818324100894e-01
  -5.0567229361077648e-01
  -5.3307139838015005e-01
  -5.5759002110675082e-01
  -5.7880824485621907e-01
  -5.9633144597568066e-01
  -6.0981104696185628e-01
  -6.1896452781062117e-01
  -6.2359275133914993e-01
  -6.2359275133914993e-01
  -6.1896452781062139e-01
  -6.0981104696185651e-01
  -5.9633144597568111e-01
  -5.7880824485621940e-01
  -5.5759002110675127e-01
  -5.3307139838015061e-01
  -5.0567229361077715e-01
  -4.7581818324100961e-01
  -4.4392276478442882e-01
  -4.1037390593139550e-01
  -3.7552328640342608e-01
  -3.3967972056518414e-01
  -3.0310584198155061e-01
  -2.6601764493423968e-01
  -2.2858630038549080e-01
  -1.9094167060989550e-01
  -1.5317700960147490e-01
  -1.1535442951926812e-01
  -7.7510816276916694e-02
  -3.9663975419317793e-02
  -1.8188736243610604e-03
   3.6026093378208376e-02
   7.3872831161389804e-02
   1.1171727706785754e-01
   1.4954313157981811e-01
   1.8731561214005260e-01
   2.2497529342414621e-01
   2.6243216156918897e-01
   2.9956009241704146e-01
   3.3619206085317371e-01
   3.7211649123741469e-01
   4.2520457567428988e-01
   4.9491717292269632e-01
   5.6224332648107778e-01
   6.2605804770305817e-01
   6.8501329470063610e-01
   7.3759250006955546e-01
   7.8220283059201334e-01
   8.1730167606535153e-01
   8.4154456030770319e-01
   8.5393261476188254e-01
   8.5393261476188265e-01
   8.4154456030770330e-01
   8.1730167606535176e-01
   7.8220283059201345e-01
   7.3759250006955568e-01
   6.8501329470063632e-01
   6.2605804770305828e-01
   5.6224332648107789e-01
   4.9491717292269649e-01
   4.2520457567429010e-01
   3.7211649123741475e-01
   3.3619206085317382e-01
   2.9956009241704157e-01
   2.6243216156918908e-01
   2.2497529342414629e-01
   1.8731561214005274e-01
   1.4954313157981827e-01
   1.1171727706785768e-01
   7.3872831161389943e-02
   3.6026093378208508e-02
  -1.8188736243609381e-03
  -3.9663975419317682e-02
  -7.7510816276916597e-02
  -1.1535442951926804e-01
  -1.5317700960147482e-01
  -1.9094167060989548e-01
  -2.2858630038549074e-01
  -2.6601764493423968e-01
  -3.0310584198155061e-01
  -3.3967972056518414e-01
  -3.7552328640342608e-01
  -4.1037390593139539e-01
  -4.4392276478442877e-01
  -4.7581818324100950e-01
  -5.0567229361077703e-01
  -5.3307139838015039e-01
  -5.5759002110675115e-01
  -5.7880824485621918e-01
  -5.9633144597568088e-01
  -6.0981104696185628e-01
  -6.1896452781062095e-01
  -6.2359275133914938e-01
  -6.2359275133914926e-01
  -6.1896452781062039e-01
  -6.0981104696185551e-01
  -5.9633144597567989e-01
  -5.7880824485621807e-01
  -5.5759002110674982e-01
  -5.3307139838014905e-01
  -5.0567229361077559e-01
  -4.7581818324100794e-01
  -4.4392276478442722e-01
  -4.1037390593139383e-01
  -3.7552328640342442e-01
  -3.3967972056518253e-01
  -3.0310584198154905e-01
  -2.6601764493423818e-01
  -2.2858630038548933e-01
  -1.9094167060989414e-01
  -1.5317700960147357e-01
  -1.1535442951926689e-01
  -7.7510816276915528e-02
  -3.9663975419316697e-02
  -1.8188736243600324e-03
   3.6026093378209334e-02
   7.3872831161390692e-02
   1.1171727706785836e-01
   1.4954313157981888e-01
   1.8731561214005329e-01
   2.2497529342414677e-01
   2.6243216156918947e-01
   2.9956009241704185e-01
   3.3619206085317399e-01
   3.7211649123741486e-01
