   3.4859961849661730e-01
   3.2002740253156942e-01
   2.9014113124534369e-01
   2.5916551051026027e-01
   2.2730184433852274e-01
   1.9472723298153630e-01
   1.6159516531744714e-01
   1.2803726508650703e-01
   9.4165952220582147e-02
   6.0077799458954174e-02
   2.5857392148043199e-02
  -8.4184715301808440e-03
  -4.2676377106377138e-02
  -7.6841806378720692e-02
  -1.1083467708079840e-01
  -1.4456502343887620e-01
  -1.7792894455458405e-01
  -2.1080496961793482e-01
  -2.4305101694291212e-01
  -2.7450215314498666e-01
  -3.0496938317029448e-01
  -3.3423971347927856e-01
  -3.6207772055932130e-01
  -3.8822881619667227e-01
  -4.1242432245502564e-01
  -4.3438835002199622e-01
  -4.5384631694602756e-01
  -4.7053476271596034e-01
  -4.8421192610171232e-01
  -4.9466839255424766e-01
  -5.0173700977333069e-01
  -5.0530124643732721e-01
  -5.0530124643732721e-01
  -5.0173700977333047e-01
  -4.9466839255424738e-01
  -4.8421192610171193e-01
  -4.7053476271595984e-01
  -4.5384631694602690e-01
  -4.3438835002199550e-01
  -4.1242432245502486e-01
  -3.8822881619667143e-01
  -3.6207772055932036e-01
  -3.3423971347927756e-01
  -3.0496938317029348e-01
  -2.7450215314498566e-01
  -2.4305101694291109e-01
  -2.1080496961793382e-01
  -1.7792894455458305e-01
  -1.4456502343887526e-01
  -1.1083467708079749e-01
  -7.6841806378719846e-02
  -4.2676377106376333e-02
  -8.4184715301800894e-03
   2.5857392148043893e-02
   6.0077799458954806e-02
   9.4165952220582716e-02
   1.2803726508650753e-01
   1.6159516531744755e-01
   1.9472723298153669e-01
   2.2730184433852305e-01
   2.5916551051026049e-01
   2.9014113124534385e-01
   3.2002740253156947e-01
   3.4859961849661736e-01
   3.8962052172848122e-01
   4.4260517379856390e-01
   4.9287674302961698e-01
   5.3966349300138461e-01
   5.8211320998739924e-01
   6.1933035050314822e-01
   6.5042651379193894e-01
   6.7458073349249825e-01
   6.9110342119421886e-01
   6.9949576389375967e-01
   6.9949576389376000e-01
   6.9110342119421986e-01
   6.7458073349249958e-01
   6.5042651379194083e-01
   6.1933035050315066e-01
   5.8211320998740201e-01
   5.3966349300138772e-01
   4.9287674302962042e-01
   4.4260517379856756e-01
   3.8962052172848494e-01
   3.4859961849662113e-01
   3.2002740253157319e-01
   2.9014113124534746e-01
   2.5916551051026393e-01
   2.2730184433852627e-01
   1.9472723298153968e-01
   1.6159516531745038e-01
   1.2803726508651012e-01
   9.4165952220585075e-02
   6.0077799458956936e-02
   2.5857392148045777e-02
  -8.4184715301784535e-03
  -4.2676377106374952e-02
  -7.6841806378718708e-02
  -1.1083467708079663e-01
  -1.4456502343887467e-01
  -1.7792894455458275e-01
  -2.1080496961793374e-01
  -2.4305101694291129e-01
  -2.7450215314498611e-01
  -3.0496938317029415e-01
  -3.3423971347927850e-01
  -3.6207772055932153e-01
  -3.8822881619667288e-01
  -4.1242432245502658e-01
  -4.3438835002199744e-01
  -4.5384631694602906e-01
  -4.7053476271596212e-01
  -4.8421192610171432e-01
  -4.9466839255424988e-01
  -5.0173700977333313e-01
  -5.0530124643732977e-01
  -5.0530124643732977e-01
  -5.0173700977333313e-01
  -4.9466839255425005e-01
  -4.8421192610171460e-01
  -4.7053476271596240e-01
  -4.5384631694602939e-01
  -4.3438835002199783e-01
  -4.1242432245502697e-01
  -3.8822881619667332e-01
  -3.6207772055932202e-01
  -3.3423971347927900e-01
  -3.0496938317029465e-01
  -2.7450215314498655e-01
  -2.4305101694291173e-01
  -2.1080496961793418e-01
  -1.7792894455458316e-01
  -1.4456502343887506e-01
  -1.1083467708079700e-01
  -7.6841806378719069e-02
  -4.2676377106375285e-02
  -8.4184715301787675e-03
   2.5857392148045492e-02
   6.0077799458956686e-02
   9.4165952220584853e-02
   1.2803726508650992e-01
   1.6159516531745022e-01
   1.9472723298153957e-01
   2.2730184433852615e-01
   2.5916551051026382e-01
   2.9014113124534735e-01
   3.2002740253157314e-01
   3.4859961849662108e-01
