   2.9934626919927609e-01
   2.7854303806235470e-01
   2.5621372525507907e-01
   2.3253964306145258e-01
   2.0769691465564730e-01
   1.8185417612086355e-01
   1.5517114431233420e-01
   1.2779801261197996e-01
   9.9875600547382634e-02
   7.1536158880509224e-02
   4.2904717325689776e-02
   1.4100855076915463e-02
  -1.4759227799108798e-02
  -4.3560459685815983e-02
  -7.2186588044450092e-02
  -1.0051793148030808e-01
  -1.2842931385615416e-01
  -1.5578830205561464e-01
  -1.8245386932757693e-01
  -2.0827560393612285e-01
  -2.3309357572005698e-01
  -2.5673895851962919e-01
  -2.7903548180992277e-01
  -2.9980174852625036e-01
  -3.1885440748176858e-01
  -3.3601210930600084e-01
  -3.5110010807387793e-01
  -3.6395530269556614e-01
  -3.7443145061691224e-01
  -3.8240424040478921e-01
  -3.8777588795324824e-01
  -3.9047892986444027e-01
  -3.9047892986444022e-01
  -3.8777588795324824e-01
  -3.8240424040478915e-01
  -3.7443145061691224e-01
  -3.6395530269556614e-01
  -3.5110010807387787e-01
  -3.3601210930600073e-01
  -3.1885440748176852e-01
  -2.9980174852625030e-01
  -2.7903548180992271e-01
  -2.5673895851962908e-01
  -2.3309357572005693e-01
  -2.0827560393612277e-01
  -1.8245386932757687e-01
  -1.5578830205561456e-01
  -1.2842931385615411e-01
  -1.0051793148030801e-01
  -7.2186588044450051e-02
  -4.3560459685815942e-02
  -1.4759227799108758e-02
   1.4100855076915494e-02
   4.2904717325689797e-02
   7.1536158880509237e-02
   9.9875600547382648e-02
   1.2779801261197996e-01
   1.5517114431233420e-01
   1.8185417612086355e-01
   2.0769691465564732e-01
   2.3253964306145261e-01
   2.5621372525507907e-01
   2.7854303806235470e-01
   2.9934626919927609e-01
   3.2834195650945164e-01
   3.6517463363596170e-01
   3.9952421838062313e-01
   4.3094725575891574e-01
   4.5898865002688932e-01
   4.8319927872855489e-01
   5.0315663270613009e-01
   5.1848694763109504e-01
   5.2888683352934385e-01
   5.3414217643105777e-01
   5.3414217643105788e-01
   5.2888683352934429e-01
   5.1848694763109571e-01
   5.0315663270613087e-01
   4.8319927872855595e-01
   4.5898865002689065e-01
   4.3094725575891718e-01
   3.9952421838062480e-01
   3.6517463363596342e-01
   3.2834195650945347e-01
   2.9934626919927804e-01
   2.7854303806235664e-01
   2.5621372525508096e-01
   2.3253964306145439e-01
   2.0769691465564902e-01
   1.8185417612086516e-01
   1.5517114431233572e-01
   1.2779801261198134e-01
   9.9875600547383911e-02
   7.1536158880510362e-02
   4.2904717325690789e-02
   1.4100855076916332e-02
  -1.4759227799108069e-02
  -4.3560459685815400e-02
  -7.2186588044449662e-02
  -1.0051793148030780e-01
  -1.2842931385615403e-01
  -1.5578830205561470e-01
  -1.8245386932757715e-01
  -2.0827560393612324e-01
  -2.3309357572005759e-01
  -2.5673895851962997e-01
  -2.7903548180992371e-01
  -2.9980174852625147e-01
  -3.1885440748176985e-01
  -3.3601210930600223e-01
  -3.5110010807387942e-01
  -3.6395530269556781e-01
  -3.7443145061691396e-01
  -3.8240424040479098e-01
  -3.8777588795325008e-01
  -3.9047892986444210e-01
  -3.9047892986444210e-01
  -3.8777588795325008e-01
  -3.8240424040479098e-01
  -3.7443145061691396e-01
  -3.6395530269556781e-01
  -3.5110010807387942e-01
  -3.3601210930600217e-01
  -3.1885440748176980e-01
  -2.9980174852625147e-01
  -2.7903548180992371e-01
  -2.5673895851962991e-01
  -2.3309357572005757e-01
  -2.0827560393612321e-01
  -1.8245386932757712e-01
  -1.5578830205561464e-01
  -1.2842931385615400e-01
  -1.0051793148030772e-01
  -7.2186588044449565e-02
  -4.3560459685815275e-02
  -1.4759227799107912e-02
   1.4100855076916516e-02
   4.2904717325690997e-02
   7.1536158880510597e-02
   9.9875600547384161e-02
   1.2779801261198162e-01
   1.5517114431233595e-01
   1.8185417612086535e-01
   2.0769691465564921e-01
   2.3253964306145455e-01
   2.5621372525508102e-01
   2.7854303806235675e-01
   2.9934626919927809e-01
