   3.8092573101285065e-01
   3.3843924457839536e-01
   2.9616519858989504e-01
   2.5423021573143495e-01
   2.1269939884575326e-01
   1.7158623304884224e-01
   1.3086224692090229e-01
   9.0466143546474045e-02
   5.0312299869959803e-02
   1.0298670086513032e-02
  -2.9685777160212680e-02
  -6.9753899083553575e-02
  -1.1001327742163017e-01
  -1.5055895030460104e-01
  -1.9146576971268287e-01
  -2.3278022048153046e-01
  -2.7451161180405781e-01
  -3.1662266614970908e-01
  -3.5901969149645796e-01
  -4.0154273637318633e-01
  -4.4395639225432715e-01
  -4.8594221033044271e-01
  -5.2709400585455957e-01
  -5.6691757373453777e-01
  -6.0483644738180542e-01
  -6.4020519371872830e-01
  -6.7233124895826057e-01
  -7.0050540249178239e-01
  -7.2403976005265114e-01
  -7.4231052277931941e-01
  -7.5480150396612855e-01
  -7.6114335576902503e-01
  -7.6114335576902492e-01
  -7.5480150396612811e-01
  -7.4231052277931875e-01
  -7.2403976005265036e-01
  -7.0050540249178139e-01
  -6.7233124895825946e-01
  -6.4020519371872697e-01
  -6.0483644738180409e-01
  -5.6691757373453644e-01
  -5.2709400585455812e-01
  -4.8594221033044138e-01
  -4.4395639225432582e-01
  -4.0154273637318516e-01
  -3.5901969149645679e-01
  -3.1662266614970802e-01
  -2.7451161180405681e-01
  -2.3278022048152960e-01
  -1.9146576971268212e-01
  -1.5055895030460034e-01
  -1.1001327742162956e-01
  -6.9753899083553061e-02
  -2.9685777160212246e-02
   1.0298670086513383e-02
   5.0312299869960067e-02
   9.0466143546474226e-02
   1.3086224692090243e-01
   1.7158623304884232e-01
   2.1269939884575331e-01
   2.5423021573143495e-01
   2.9616519858989504e-01
   3.3843924457839530e-01
   3.8092573101285065e-01
   4.4546765448760173e-01
   5.3159294930778322e-01
   6.1627776790018540e-01
   6.9809450380099447e-01
   7.7516096291609271e-01
   8.4519252275295453e-01
   9.0563543923837386e-01
   9.5388721209877658e-01
   9.8758654805819346e-01
   1.0049270482068848e+00
   1.0049270482068848e+00
   9.8758654805819335e-01
   9.5388721209877658e-01
   9.0563543923837386e-01
   8.4519252275295431e-01
   7.7516096291609271e-01
   6.9809450380099447e-01
   6.1627776790018540e-01
   5.3159294930778334e-01
   4.4546765448760195e-01
   3.8092573101285093e-01
   3.3843924457839564e-01
   2.9616519858989537e-01
   2.5423021573143528e-01
   2.1269939884575359e-01
   1.7158623304884257e-01
   1.3086224692090265e-01
   9.0466143546474406e-02
   5.0312299869960192e-02
   1.0298670086513431e-02
  -2.9685777160212264e-02
  -6.9753899083553131e-02
  -1.1001327742162972e-01
  -1.5055895030460056e-01
  -1.9146576971268237e-01
  -2.3278022048152991e-01
  -2.7451161180405720e-01
  -3.1662266614970846e-01
  -3.5901969149645724e-01
  -4.0154273637318560e-01
  -4.4395639225432632e-01
  -4.8594221033044188e-01
  -5.2709400585455868e-01
  -5.6691757373453688e-01
  -6.0483644738180453e-01
  -6.4020519371872753e-01
  -6.7233124895826002e-01
  -7.0050540249178206e-01
  -7.2403976005265092e-01
  -7.4231052277931930e-01
  -7.5480150396612888e-01
  -7.6114335576902559e-01
  -7.6114335576902559e-01
  -7.5480150396612899e-01
  -7.4231052277931964e-01
  -7.2403976005265136e-01
  -7.0050540249178250e-01
  -6.7233124895826069e-01
  -6.4020519371872808e-01
  -6.0483644738180520e-01
  -5.6691757373453755e-01
  -5.2709400585455923e-01
  -4.8594221033044244e-01
  -4.4395639225432676e-01
  -4.0154273637318605e-01
  -3.5901969149645757e-01
  -3.1662266614970874e-01
  -2.7451161180405748e-01
  -2.3278022048153010e-01
  -1.9146576971268256e-01
  -1.5055895030460070e-01
  -1.1001327742162986e-01
  -6.9753899083553256e-02
  -2.9685777160212361e-02
   1.0298670086513351e-02
   5.0312299869960123e-02
   9.0466143546474365e-02
   1.3086224692090265e-01
   1.7158623304884260e-01
   2.1269939884575362e-01
   2.5423021573143534e-01
   2.9616519858989543e-01
   3.3843924457839569e-01
   3.8092573101285093e-01
