   3.3501974447179350e-01
   3.0910735169164644e-01
   2.8175823982098536e-01
   2.5318729491225017e-01
   2.2359300803285154e-01
   1.9315580997602297e-01
   1.6203767414155873e-01
   1.3038282645355262e-01
   9.8319380923716934e-02
   6.5961716904889459e-02
   3.3413423026365734e-02
   7.7064742671852245e-04
  -3.1874290723382909e-02
  -6.4429161033165053e-02
  -9.6798078766433857e-02
  -1.2887788434284633e-01
  -1.6055477762724946e-01
  -1.9170135133848831e-01
  -2.2217418321911359e-01
  -2.5181216136908563e-01
  -2.8043572648715953e-01
  -3.0784721288213152e-01
  -3.3383245082765967e-01
  -3.5816375047903659e-01
  -3.8060431828676972e-01
  -4.0091406007848562e-01
  -4.1885660495345373e-01
  -4.3420725078536387e-01
  -4.4676140106933482e-01
  -4.5634295385335955e-01
  -4.6281203743193128e-01
  -4.6607148204968873e-01
  -4.6607148204968873e-01
  -4.6281203743193128e-01
  -4.5634295385335955e-01
  -4.4676140106933471e-01
  -4.3420725078536387e-01
  -4.1885660495345373e-01
  -4.0091406007848562e-01
  -3.8060431828676972e-01
  -3.5816375047903654e-01
  -3.3383245082765961e-01
  -3.0784721288213146e-01
  -2.8043572648715948e-01
  -2.5181216136908557e-01
  -2.2217418321911350e-01
  -1.9170135133848829e-01
  -1.6055477762724940e-01
  -1.2887788434284628e-01
  -9.6798078766433759e-02
  -6.4429161033164956e-02
  -3.1874290723382777e-02
   7.7064742671867565e-04
   3.3413423026365907e-02
   6.5961716904889639e-02
   9.8319380923717142e-02
   1.3038282645355279e-01
   1.6203767414155892e-01
   1.9315580997602314e-01
   2.2359300803285168e-01
   2.5318729491225034e-01
   2.8175823982098547e-01
   3.0910735169164649e-01
   3.3501974447179350e-01
   3.7184170964069485e-01
   4.1912733546881459e-01
   4.6372015118908688e-01
   5.0496853601805891e-01
   5.4217146040715558e-01
   5.7460845623109802e-01
   6.0157808419263181e-01
   6.2244207282583719e-01
   6.3667074796467904e-01
   6.4388430449207557e-01
   6.4388430449207534e-01
   6.3667074796467871e-01
   6.2244207282583663e-01
   6.0157808419263092e-01
   5.7460845623109702e-01
   5.4217146040715447e-01
   5.0496853601805758e-01
   4.6372015118908538e-01
   4.1912733546881298e-01
   3.7184170964069319e-01
   3.3501974447179173e-01
   3.0910735169164466e-01
   2.8175823982098375e-01
   2.5318729491224856e-01
   2.2359300803285004e-01
   1.9315580997602155e-01
   1.6203767414155740e-01
   1.3038282645355137e-01
   9.8319380923715810e-02
   6.5961716904888404e-02
   3.3413423026364811e-02
   7.7064742671770431e-04
  -3.1874290723383610e-02
  -6.4429161033165649e-02
  -9.6798078766434342e-02
  -1.2887788434284672e-01
  -1.6055477762724973e-01
  -1.9170135133848848e-01
  -2.2217418321911356e-01
  -2.5181216136908546e-01
  -2.8043572648715925e-01
  -3.0784721288213107e-01
  -3.3383245082765906e-01
  -3.5816375047903592e-01
  -3.8060431828676888e-01
  -4.0091406007848468e-01
  -4.1885660495345267e-01
  -4.3420725078536276e-01
  -4.4676140106933360e-01
  -4.5634295385335827e-01
  -4.6281203743193000e-01
  -4.6607148204968746e-01
  -4.6607148204968751e-01
  -4.6281203743193000e-01
  -4.5634295385335827e-01
  -4.4676140106933360e-01
  -4.3420725078536276e-01
  -4.1885660495345267e-01
  -4.0091406007848468e-01
  -3.8060431828676888e-01
  -3.5816375047903592e-01
  -3.3383245082765906e-01
  -3.0784721288213107e-01
  -2.8043572648715925e-01
  -2.5181216136908546e-01
  -2.2217418321911356e-01
  -1.9170135133848848e-01
  -1.6055477762724973e-01
  -1.2887788434284672e-01
  -9.6798078766434370e-02
  -6.4429161033165691e-02
  -3.1874290723383651e-02
   7.7064742671766225e-04
   3.3413423026364769e-02
   6.5961716904888362e-02
   9.8319380923715755e-02
   1.3038282645355131e-01
   1.6203767414155734e-01
   1.9315580997602147e-01
   2.2359300803284993e-01
   2.5318729491224851e-01
   2.8175823982098364e-01
   3.0910735169164461e-01
   3.3501974447179173e-01
