   2.6525208858299881e-01
   2.6554361469515558e-01
   2.6612685583273965e-01
   2.6700218864362218e-01
   2.6817017514081659e-01
   2.6963155911796199e-01
   2.7138726131327578e-01
   2.7343837327321452e-01
   2.7578614985469935e-01
   2.7843200029227189e-01
   2.8137747774394867e-01
   2.8462426721685863e-01
   2.8817417176100046e-01
   2.9202909680670797e-01
   2.9619103250872675e-01
   3.0066203394729646e-01
   3.0544419902442993e-01
   3.1053964388186212e-01
   3.1595047565612372e-01
   3.2167876237614429e-01
   3.2772649980003532e-01
   3.3409557498062875e-01
   3.4078772634441312e-01
   3.4780450006625346e-01
   3.5514720252332099e-01
   3.6281684861671232e-01
   3.7081410575910490e-01
   3.7913923334239136e-01
   3.8779201752156067e-01
   3.9677170118125360e-01
   4.0607690899061344e-01
   4.1570556750154136e-01
   4.2565482030658902e-01
   4.3592093834682916e-01
   4.4649922554848059e-01
   4.5738392007112544e-01
   4.6856809157117862e-01
   4.8004353502281982e-01
   4.9180066179549681e-01
   5.0382838886259673e-01
   5.1611402720959709e-01
   5.2864317072093969e-01
   5.4139958705109603e-01
   5.5436511222389517e-01
   5.6751955095102280e-01
   5.8084058491018320e-01
   5.9430369146875395e-01
   6.0788207557126284e-01
   6.2154661771845665e-01
   6.3526584114028972e-01
   6.4910470336701243e-01
   6.6302673884576857e-01
   6.7689405241835665e-01
   6.9066525176779359e-01
   7.0429675827498239e-01
   7.1774295882671812e-01
   7.3095639886934949e-01
   7.4388801834702611e-01
   7.5648743138296604e-01
   7.6870324963575987e-01
   7.8048344820179805e-01
   7.9177577175933289e-01
   8.0252817738844751e-01
   8.1268930919227067e-01
   8.2220899853456642e-01
   8.3103878245073481e-01
   8.3913243164167428e-01
   8.4644647848331800e-01
   8.5294073473812371e-01
   8.5857878819240874e-01
   8.6332846731008805e-01
   8.6716226322119194e-01
   8.7005769896845453e-01
   8.7199763691473653e-01
   8.7297051654586733e-01
   6.4203706929043824e-01
   6.4184275492088860e-01
   6.4165224153571354e-01
   6.4146603008258718e-01
   6.4128460976529844e-01
   6.4110845678992701e-01
   6.4093803314865250e-01
   6.4077378544394337e-01
   6.4061614375573561e-01
   6.4046552055407457e-01
   6.4032230965955717e-01
   6.4018688525377465e-01
   6.4005960094181524e-01
   6.3994078886875572e-01
   6.3983075889192331e-01
   6.3972979781058648e-01
   6.3963816865458734e-01
   6.3955611003330115e-01
   6.3948383554617538e-01
   6.3942153325596895e-01
   6.3936936522568477e-01
   6.3932746712006017e-01
   6.3929594787235300e-01
   6.3927488941703781e-01
   6.3926434648890085e-01
