   2.3503877962997266e-01
   2.4307708020737842e-01
   2.5160153236557348e-01
   2.6060873306468046e-01
   2.7009278746391568e-01
   2.8004484400952445e-01
   2.9045259136510981e-01
   3.0129972091682972e-01
   3.1256536102605192e-01
   3.2422349217197227e-01
   3.3624235563599175e-01
   3.4858387239751393e-01
   3.6120309334989609e-01
   3.7404770664422909e-01
   3.8705763267505860e-01
   4.0016474157919057e-01
   4.1329273165871228e-01
   4.2635720929032001e-01
   4.3926601099297857e-01
   4.5191980571035734e-01
   4.6421300938037402e-01
   4.7603503400990294e-01
   4.8727187950780765e-01
   4.9780805860066663e-01
   5.0752882390794540e-01
   5.1632264289904961e-01
   5.2408384276980313e-01
   5.3071532550108491e-01
   5.3613123599562640e-01
   5.4025945568039868e-01
   5.4304379234635336e-01
   5.4444574552362091e-01
   5.4444574552362091e-01
   5.4304379234635347e-01
   5.4025945568039868e-01
   5.3613123599562640e-01
   5.3071532550108502e-01
   5.2408384276980313e-01
   5.1632264289904961e-01
   5.0752882390794540e-01
   4.9780805860066668e-01
   4.8727187950780765e-01
   4.7603503400990294e-01
   4.6421300938037408e-01
   4.5191980571035739e-01
   4.3926601099297857e-01
   4.2635720929032006e-01
   4.1329273165871239e-01
   4.0016474157919069e-01
   3.8705763267505866e-01
   3.7404770664422909e-01
   3.6120309334989614e-01
   3.4858387239751398e-01
   3.3624235563599181e-01
   3.2422349217197233e-01
   3.1256536102605198e-01
   3.0129972091682972e-01
   2.9045259136510987e-01
   2.8004484400952445e-01
   2.7009278746391574e-01
   2.6060873306468052e-01
   2.5160153236557353e-01
   2.4307708020737845e-01
   2.3503877962997269e-01
   2.2357217848500588e-01
   2.0869441057105789e-01
   1.9431452679665234e-01
   1.8042074285840301e-01
   1.6699708905837890e-01
   1.5402416300916763e-01
   1.4147977951507196e-01
   1.2933952531587184e-01
   1.1757722732492612e-01
   1.0616534334318353e-01
   9.5075284159761506e-02
   8.4277675597345031e-02
   7.3742568534603120e-02
   6.3439604319470530e-02
   5.3338142336278968e-02
   4.3407355849051171e-02
   3.3616301642370894e-02
   2.3933968439872409e-02
   1.4329308611191322e-02
   4.7712572888338137e-03
  -4.7712572888337825e-03
  -1.4329308611191291e-02
  -2.3933968439872381e-02
  -3.3616301642370873e-02
  -4.3407355849051150e-02
  -5.3338142336278940e-02
  -6.3439604319470502e-02
  -7.3742568534603106e-02
  -8.4277675597345017e-02
  -9.5075284159761478e-02
  -1.0616534334318349e-01
  -1.1757722732492606e-01
  -1.2933952531587181e-01
  -1.4147977951507187e-01
  -1.5402416300916755e-01
  -1.6699708905837882e-01
  -1.8042074285840290e-01
  -1.9431452679665223e-01
  -2.0869441057105778e-01
  -2.2357217848500577e-01
  -2.3503877962997255e-01
  -2.4307708020737837e-01
  -2.5160153236557353e-01
  -2.6060873306468058e-01
  -2.7009278746391591e-01
  -2.8004484400952473e-01
  -2.9045259136511015e-01
  -3.0129972091683010e-01
  -3.1256536102605242e-01
  -3.2422349217197272e-01
  -3.3624235563599220e-01
  -3.4858387239751437e-01
  -3.6120309334989653e-01
  -3.7404770664422959e-01
  -3.8705763267505910e-01
  -4.0016474157919107e-01
  -4.1329273165871278e-01
  -4.2635720929032045e-01
  -4.3926601099297896e-01
  -4.5191980571035778e-01
  -4.6421300938037441e-01
  -4.7603503400990327e-01
  -4.8727187950780798e-01
  -4.9780805860066701e-01
  -5.0752882390794563e-01
  -5.1632264289904983e-01
  -5.2408384276980324e-01
  -5.3071532550108513e-01
  -5.3613123599562651e-01
  -5.4025945568039879e-01
  -5.4304379234635336e-01
  -5.4444574552362091e-01
  -5.4444574552362091e-01
  -5.4304379234635325e-01
  -5.4025945568039857e-01
  -5.3613123599562618e-01
  -5.3071532550108480e-01
  -5.2408384276980280e-01
  -5.1632264289904917e-01
  -5.0752882390794496e-01
  -4.9780805860066635e-01
  -4.8727187950780726e-01
  -4.7603503400990249e-01
  -4.6421300938037363e-01
  -4.5191980571035695e-01
  -4.3926601099297813e-01
  -4.2635720929031956e-01
  -4.1329273165871183e-01
  -4.0016474157919019e-01
  -3.8705763267505822e-01
  -3.7404770664422871e-01
  -3.6120309334989564e-01
  -3.4858387239751354e-01
  -3.3624235563599136e-01
  -3.2422349217197188e-01
  -3.1256536102605165e-01
  -3.0129972091682938e-01
  -2.9045259136510954e-01
  -2.8004484400952417e-01
  -2.7009278746391546e-01
  -2.6060873306468024e-01
  -2.5160153236557325e-01
  -2.4307708020737825e-01
  -2.3503877962997252e-01
