   2.2211169396583608e-01
   2.2822292705600897e-01
   2.3442715779452863e-01
   2.4071394317418895e-01
   2.4707163650892142e-01
   2.5348734058259170e-01
   2.5994686949370666e-01
   2.6643472120130746e-01
   2.7293406289434391e-01
   2.7942673138370694e-01
   2.8589325074079525e-01
   2.9231286936646389e-01
   2.9866361855699003e-01
   3.0492239442769442e-01
   3.1106506475026030e-01
   3.1706660184959651e-01
   3.2290124218726174e-01
   3.2854267263304049e-01
   3.3396424270238062e-01
   3.3913920123011493e-01
   3.4404095508261884e-01
   3.4864334661106217e-01
   3.5292094565421772e-01
   3.5684935105237103e-01
   3.6040549587976700e-01
   3.6356794998820480e-01
   3.6631721302320069e-01
   3.6863599086544696e-01
   3.7050944849408635e-01
   3.7192543258264310e-01
   3.7287465772699635e-01
   3.7335085105543975e-01
   3.7335085105543980e-01
   3.7287465772699635e-01
   3.7192543258264310e-01
   3.7050944849408635e-01
   3.6863599086544691e-01
   3.6631721302320069e-01
   3.6356794998820485e-01
   3.6040549587976700e-01
   3.5684935105237103e-01
   3.5292094565421772e-01
   3.4864334661106217e-01
   3.4404095508261884e-01
   3.3913920123011498e-01
   3.3396424270238056e-01
   3.2854267263304049e-01
   3.2290124218726174e-01
   3.1706660184959645e-01
   3.1106506475026025e-01
   3.0492239442769442e-01
   2.9866361855699003e-01
   2.9231286936646389e-01
   2.8589325074079525e-01
   2.7942673138370694e-01
   2.7293406289434391e-01
   2.6643472120130746e-01
   2.5994686949370666e-01
   2.5348734058259170e-01
   2.4707163650892142e-01
   2.4071394317418898e-01
   2.3442715779452866e-01
   2.2822292705600897e-01
   2.2211169396583608e-01
   2.1298656425839815e-01
   2.0086392914835882e-01
   1.8887337537713550e-01
   1.7702467109448380e-01
   1.6532426709123008e-01
   1.5377560602203222e-01
   1.4237942174877111e-01
   1.3113402505802307e-01
   1.2003557321530453e-01
   1.0907832183710953e-01
   9.8254858401599046e-02
   8.7556317397422798e-02
   7.6972577647332757e-02
   6.6492442759481615e-02
   5.6103805974581658e-02
   4.5793800910088098e-02
   3.5548939870085054e-02
   2.5355241506321638e-02
   1.5198349694406251e-02
   5.0636455398884398e-03
  -5.0636455398881466e-03
  -1.5198349694405956e-02
  -2.5355241506321343e-02
  -3.5548939870084756e-02
  -4.5793800910087792e-02
  -5.6103805974581346e-02
  -6.6492442759481296e-02
  -7.6972577647332438e-02
  -8.7556317397422465e-02
  -9.8254858401598713e-02
  -1.0907832183710921e-01
  -1.2003557321530418e-01
  -1.3113402505802274e-01
  -1.4237942174877077e-01
  -1.5377560602203189e-01
  -1.6532426709122977e-01
  -1.7702467109448342e-01
  -1.8887337537713511e-01
  -2.0086392914835841e-01
  -2.1298656425839771e-01
  -2.2211169396583563e-01
  -2.2822292705600858e-01
  -2.3442715779452833e-01
  -2.4071394317418868e-01
  -2.4707163650892119e-01
  -2.5348734058259154e-01
  -2.5994686949370654e-01
  -2.6643472120130740e-01
  -2.7293406289434391e-01
  -2.7942673138370705e-01
  -2.8589325074079536e-01
  -2.9231286936646406e-01
  -2.9866361855699025e-01
  -3.0492239442769464e-01
  -3.1106506475026058e-01
  -3.1706660184959684e-01
  -3.2290124218726202e-01
  -3.2854267263304082e-01
  -3.3396424270238095e-01
  -3.3913920123011537e-01
  -3.4404095508261917e-01
  -3.4864334661106255e-01
  -3.5292094565421811e-01
  -3.5684935105237137e-01
  -3.6040549587976739e-01
  -3.6356794998820524e-01
  -3.6631721302320103e-01
  -3.6863599086544729e-01
  -3.7050944849408673e-01
  -3.7192543258264343e-01
  -3.7287465772699668e-01
  -3.7335085105544003e-01
  -3.7335085105544003e-01
  -3.7287465772699663e-01
  -3.7192543258264332e-01
  -3.7050944849408657e-01
  -3.6863599086544713e-01
  -3.6631721302320092e-01
  -3.6356794998820496e-01
  -3.6040549587976711e-01
  -3.5684935105237109e-01
  -3.5292094565421783e-01
  -3.4864334661106217e-01
  -3.4404095508261884e-01
  -3.3913920123011493e-01
  -3.3396424270238056e-01
  -3.2854267263304043e-01
  -3.2290124218726163e-01
  -3.1706660184959634e-01
  -3.1106506475026008e-01
  -3.0492239442769420e-01
  -2.9866361855698981e-01
  -2.9231286936646361e-01
  -2.8589325074079497e-01
  -2.7942673138370666e-01
  -2.7293406289434358e-01
  -2.6643472120130712e-01
  -2.5994686949370627e-01
  -2.5348734058259131e-01
  -2.4707163650892100e-01
  -2.4071394317418854e-01
  -2.3442715779452822e-01
  -2.2822292705600850e-01
  -2.2211169396583560e-01
