   2.2353796748861571e-01
   2.2972438401001613e-01
   2.3601207239954050e-01
   2.4239048173440517e-01
   2.4884780606107409e-01
   2.5537093141143402e-01
   2.6194539156340885e-01
   2.6855533469712961e-01
   2.7518350323931157e-01
   2.8181122928900293e-01
   2.8841844806396288e-01
   2.9498373178445358e-01
   3.0148434630593035e-01
   3.0789633261044747e-01
   3.1419461495676387e-01
   3.2035313706227764e-01
   3.2634502714138014e-01
   3.3214279195552515e-01
   3.3771853924789519e-01
   3.4304422705548476e-01
   3.4809193743753963e-01
   3.5283417116393384e-01
   3.5724415891050909e-01
   3.6129618355748155e-01
   3.6496590733304879e-01
   3.6823069684014476e-01
   3.7106993850077480e-01
   3.7346533669454368e-01
   3.7540118689109037e-01
   3.7686461640197361e-01
   3.7784578601160401e-01
   3.7833804667651649e-01
   3.7833804667651649e-01
   3.7784578601160407e-01
   3.7686461640197372e-01
   3.7540118689109053e-01
   3.7346533669454385e-01
   3.7106993850077502e-01
   3.6823069684014498e-01
   3.6496590733304907e-01
   3.6129618355748183e-01
   3.5724415891050942e-01
   3.5283417116393423e-01
   3.4809193743754002e-01
   3.4304422705548521e-01
   3.3771853924789558e-01
   3.3214279195552560e-01
   3.2634502714138064e-01
   3.2035313706227808e-01
   3.1419461495676437e-01
   3.0789633261044791e-01
   3.0148434630593079e-01
   2.9498373178445397e-01
   2.8841844806396327e-01
   2.8181122928900326e-01
   2.7518350323931190e-01
   2.6855533469712989e-01
   2.6194539156340912e-01
   2.5537093141143424e-01
   2.4884780606107429e-01
   2.4239048173440533e-01
   2.3601207239954061e-01
   2.2972438401001624e-01
   2.2353796748861576e-01
   2.1431132511152748e-01
   2.0206118687445579e-01
   1.8995173907467863e-01
   1.7799258443567659e-01
   1.6618992509000424e-01
   1.5454688602352107e-01
   1.4306382710462870e-01
   1.3173863993438403e-01
   1.2056702701610035e-01
   1.0954276179988323e-01
   9.8657929023417440e-02
   8.7903145464941893e-02
   7.7267761769742607e-02
   6.6740046430146888e-02
   5.6307353312603510e-02
   4.5956274354052022e-02
   3.5672779211379027e-02
   2.5442343757965183e-02
   1.5250069393375828e-02
   5.0807951770406009e-03
  -5.0807951770405618e-03
  -1.5250069393375788e-02
  -2.5442343757965138e-02
  -3.5672779211378985e-02
  -4.5956274354051967e-02
  -5.6307353312603468e-02
  -6.6740046430146818e-02
  -7.7267761769742552e-02
  -8.7903145464941837e-02
  -9.8657929023417398e-02
  -1.0954276179988320e-01
  -1.2056702701610031e-01
  -1.3173863993438398e-01
  -1.4306382710462864e-01
  -1.5454688602352104e-01
  -1.6618992509000419e-01
  -1.7799258443567656e-01
  -1.8995173907467863e-01
  -2.0206118687445582e-01
  -2.1431132511152753e-01
  -2.2353796748861579e-01
  -2.2972438401001624e-01
  -2.3601207239954058e-01
  -2.4239048173440525e-01
  -2.4884780606107418e-01
  -2.5537093141143408e-01
  -2.6194539156340890e-01
  -2.6855533469712967e-01
  -2.7518350323931162e-01
  -2.8181122928900298e-01
  -2.8841844806396294e-01
  -2.9498373178445358e-01
  -3.0148434630593041e-01
  -3.0789633261044747e-01
  -3.1419461495676393e-01
  -3.2035313706227764e-01
  -3.2634502714138014e-01
  -3.3214279195552510e-01
  -3.3771853924789513e-01
  -3.4304422705548476e-01
  -3.4809193743753958e-01
  -3.5283417116393379e-01
  -3.5724415891050904e-01
  -3.6129618355748150e-01
  -3.6496590733304868e-01
  -3.6823069684014464e-01
  -3.7106993850077469e-01
  -3.7346533669454351e-01
  -3.7540118689109031e-01
  -3.7686461640197350e-01
  -3.7784578601160390e-01
  -3.7833804667651638e-01
  -3.7833804667651638e-01
  -3.7784578601160396e-01
  -3.7686461640197361e-01
  -3.7540118689109042e-01
  -3.7346533669454368e-01
  -3.7106993850077485e-01
  -3.6823069684014487e-01
  -3.6496590733304896e-01
  -3.6129618355748172e-01
  -3.5724415891050931e-01
  -3.5283417116393412e-01
  -3.4809193743753991e-01
  -3.4304422705548510e-01
  -3.3771853924789552e-01
  -3.3214279195552548e-01
  -3.2634502714138053e-01
  -3.2035313706227803e-01
  -3.1419461495676432e-01
  -3.0789633261044785e-01
  -3.0148434630593079e-01
  -2.9498373178445397e-01
  -2.8841844806396322e-01
  -2.8181122928900326e-01
  -2.7518350323931190e-01
  -2.6855533469712989e-01
  -2.6194539156340912e-01
  -2.5537093141143424e-01
  -2.4884780606107429e-01
  -2.4239048173440536e-01
  -2.3601207239954067e-01
  -2.2972438401001627e-01
  -2.2353796748861579e-01
