   2.3461038058105291e-01
   2.4267091800565047e-01
   2.5122685120016669e-01
   2.6027518204606126e-01
   2.6981042415625395e-01
   2.7982412711210081e-01
   2.9030436024981832e-01
   3.0123515951241825e-01
   3.1259594337410368e-01
   3.2436090689561292e-01
   3.3649840659745928e-01
   3.4897035301871271e-01
   3.6173163247902967e-01
   3.7472958452113941e-01
   3.8790356652414304e-01
   4.0118464167762674e-01
   4.1449543040600334e-01
   4.2775016783017983e-01
   4.4085501025699053e-01
   4.5370863126056904e-01
   4.6620314196321821e-01
   4.7822536007612149e-01
   4.8965843783139296e-01
   5.0038384024216687e-01
   5.1028364281258809e-01
   5.1924309314064698e-01
   5.2715335568335986e-01
   5.3391433566849733e-01
   5.3943745941723675e-01
   5.4364827683265793e-01
   5.4648874972424499e-01
   5.4791909835774266e-01
   5.4791909835774255e-01
   5.4648874972424488e-01
   5.4364827683265782e-01
   5.3943745941723664e-01
   5.3391433566849700e-01
   5.2715335568335953e-01
   5.1924309314064665e-01
   5.1028364281258765e-01
   5.0038384024216642e-01
   4.8965843783139262e-01
   4.7822536007612110e-01
   4.6620314196321772e-01
   4.5370863126056860e-01
   4.4085501025699009e-01
   4.2775016783017933e-01
   4.1449543040600284e-01
   4.0118464167762624e-01
   3.8790356652414254e-01
   3.7472958452113897e-01
   3.6173163247902923e-01
   3.4897035301871221e-01
   3.3649840659745883e-01
   3.2436090689561242e-01
   3.1259594337410329e-01
   3.0123515951241786e-01
   2.9030436024981793e-01
   2.7982412711210047e-01
   2.6981042415625373e-01
   2.6027518204606109e-01
   2.5122685120016658e-01
   2.4267091800565038e-01
   2.3461038058105288e-01
   2.2312345271326001e-01
   2.0822701130319274e-01
   1.9383628182359597e-01
   1.7993874480543545e-01
   1.6651773370777051e-01
   1.5355319157444419e-01
   1.4102232278450655e-01
   1.2890014804889113e-01
   1.1715997167624187e-01
   1.0577377041042924e-01
   9.4712513008285704e-02
   8.3946419318616433e-02
   7.3445167050560325e-02
   6.3178053761831277e-02
   5.3114120914325914e-02
   4.3222246177906057e-02
   3.3471209541561332e-02
   2.3829738233568886e-02
   1.4266534970592810e-02
   4.7502936569263406e-03
  -4.7502936569262851e-03
  -1.4266534970592753e-02
  -2.3829738233568831e-02
  -3.3471209541561270e-02
  -4.3222246177905987e-02
  -5.3114120914325845e-02
  -6.3178053761831207e-02
  -7.3445167050560256e-02
  -8.3946419318616350e-02
  -9.4712513008285606e-02
  -1.0577377041042914e-01
  -1.1715997167624177e-01
  -1.2890014804889102e-01
  -1.4102232278450641e-01
  -1.5355319157444408e-01
  -1.6651773370777040e-01
  -1.7993874480543531e-01
  -1.9383628182359580e-01
  -2.0822701130319252e-01
  -2.2312345271325973e-01
  -2.3461038058105260e-01
  -2.4267091800565013e-01
  -2.5122685120016630e-01
  -2.6027518204606087e-01
  -2.6981042415625356e-01
  -2.7982412711210036e-01
  -2.9030436024981787e-01
  -3.0123515951241775e-01
  -3.1259594337410329e-01
  -3.2436090689561248e-01
  -3.3649840659745883e-01
  -3.4897035301871226e-01
  -3.6173163247902929e-01
  -3.7472958452113908e-01
  -3.8790356652414265e-01
  -4.0118464167762641e-01
  -4.1449543040600301e-01
  -4.2775016783017955e-01
  -4.4085501025699037e-01
  -4.5370863126056882e-01
  -4.6620314196321805e-01
  -4.7822536007612138e-01
  -4.8965843783139296e-01
  -5.0038384024216676e-01
  -5.1028364281258809e-01
  -5.1924309314064709e-01
  -5.2715335568335997e-01
  -5.3391433566849733e-01
  -5.3943745941723698e-01
  -5.4364827683265815e-01
  -5.4648874972424522e-01
  -5.4791909835774288e-01
  -5.4791909835774288e-01
  -5.4648874972424522e-01
  -5.4364827683265815e-01
  -5.3943745941723698e-01
  -5.3391433566849744e-01
  -5.2715335568335986e-01
  -5.1924309314064709e-01
  -5.1028364281258798e-01
  -5.0038384024216676e-01
  -4.8965843783139285e-01
  -4.7822536007612132e-01
  -4.6620314196321799e-01
  -4.5370863126056887e-01
  -4.4085501025699031e-01
  -4.2775016783017961e-01
  -4.1449543040600301e-01
  -4.0118464167762641e-01
  -3.8790356652414271e-01
  -3.7472958452113903e-01
  -3.6173163247902923e-01
  -3.4897035301871221e-01
  -3.3649840659745883e-01
  -3.2436090689561242e-01
  -3.1259594337410324e-01
  -3.0123515951241775e-01
  -2.9030436024981782e-01
  -2.7982412711210031e-01
  -2.6981042415625350e-01
  -2.6027518204606082e-01
  -2.5122685120016630e-01
  -2.4267091800565013e-01
  -2.3461038058105257e-01
