   2.1719546404264836e-01
   2.2306435997932444e-01
   2.2900175711526508e-01
   2.3499763018592515e-01
   2.4104090756061458e-01
   2.4711944126633481e-01
   2.5321998531990508e-01
   2.5932818394736012e-01
   2.6542857132469078e-01
   2.7150458449323173e-01
   2.7753859107803103e-01
   2.8351193336005198e-01
   2.8940499011525772e-01
   2.9519725742874597e-01
   3.0086744941509674e-01
   3.0639361942428289e-01
   3.1175330188631051e-01
   3.1692367445135039e-01
   3.2188173952395993e-01
   3.2660452368318449e-01
   3.3106929284272968e-01
   3.3525378035943987e-01
   3.3913642467033478e-01
   3.4269661245774918e-01
   3.4591492283950553e-01
   3.4877336768713613e-01
   3.5125562291836704e-01
   3.5334724551445568e-01
   3.5503587109625512e-01
   3.5631138716461819e-01
   3.5716607757098601e-01
   3.5759473442252571e-01
   3.5759473442252571e-01
   3.5716607757098606e-01
   3.5631138716461830e-01
   3.5503587109625523e-01
   3.5334724551445584e-01
   3.5125562291836732e-01
   3.4877336768713635e-01
   3.4591492283950581e-01
   3.4269661245774952e-01
   3.3913642467033511e-01
   3.3525378035944026e-01
   3.3106929284273012e-01
   3.2660452368318488e-01
   3.2188173952396043e-01
   3.1692367445135078e-01
   3.1175330188631095e-01
   3.0639361942428334e-01
   3.0086744941509713e-01
   2.9519725742874642e-01
   2.8940499011525811e-01
   2.8351193336005237e-01
   2.7753859107803136e-01
   2.7150458449323206e-01
   2.6542857132469105e-01
   2.5932818394736040e-01
   2.5321998531990531e-01
   2.4711944126633498e-01
   2.4104090756061475e-01
   2.3499763018592529e-01
   2.2900175711526519e-01
   2.2306435997932453e-01
   2.1719546404264842e-01
   2.0840072425672496e-01
   1.9669539402439415e-01
   1.8509627715435820e-01
   1.7361350402847675e-01
   1.6225415927949582e-01
   1.5102254788159891e-01
   1.3992045559974825e-01
   1.2894740019373607e-01
   1.1810087081199082e-01
   1.0737655390183860e-01
   9.6768544712977092e-02
   8.6269544090061434e-02
   7.5871040752053337e-02
   6.5563479655193269e-02
   5.5336417348188324e-02
   4.5178665466937280e-02
   3.5078423695213558e-02
   2.5023403649135231e-02
   1.5000945237314265e-02
   4.9981271139703564e-03
  -4.9981271139700814e-03
  -1.5000945237313990e-02
  -2.5023403649134961e-02
  -3.5078423695213287e-02
  -4.5178665466937010e-02
  -5.5336417348188054e-02
  -6.5563479655193019e-02
  -7.5871040752053087e-02
  -8.6269544090061170e-02
  -9.6768544712976828e-02
  -1.0737655390183834e-01
  -1.1810087081199054e-01
  -1.2894740019373579e-01
  -1.3992045559974797e-01
  -1.5102254788159863e-01
  -1.6225415927949557e-01
  -1.7361350402847647e-01
  -1.8509627715435800e-01
  -1.9669539402439395e-01
  -2.0840072425672482e-01
  -2.1719546404264828e-01
  -2.2306435997932442e-01
  -2.2900175711526505e-01
  -2.3499763018592512e-01
  -2.4104090756061458e-01
  -2.4711944126633481e-01
  -2.5321998531990508e-01
  -2.5932818394736018e-01
  -2.6542857132469083e-01
  -2.7150458449323184e-01
  -2.7753859107803108e-01
  -2.8351193336005209e-01
  -2.8940499011525783e-01
  -2.9519725742874608e-01
  -3.0086744941509685e-01
  -3.0639361942428300e-01
  -3.1175330188631067e-01
  -3.1692367445135045e-01
  -3.2188173952396004e-01
  -3.2660452368318454e-01
  -3.3106929284272979e-01
  -3.3525378035943992e-01
  -3.3913642467033472e-01
  -3.4269661245774913e-01
  -3.4591492283950548e-01
  -3.4877336768713607e-01
  -3.5125562291836693e-01
  -3.5334724551445551e-01
  -3.5503587109625495e-01
  -3.5631138716461808e-01
  -3.5716607757098578e-01
  -3.5759473442252548e-01
  -3.5759473442252548e-01
  -3.5716607757098584e-01
  -3.5631138716461802e-01
  -3.5503587109625495e-01
  -3.5334724551445551e-01
  -3.5125562291836698e-01
  -3.4877336768713602e-01
  -3.4591492283950548e-01
  -3.4269661245774918e-01
  -3.3913642467033472e-01
  -3.3525378035943992e-01
  -3.3106929284272973e-01
  -3.2660452368318460e-01
  -3.2188173952396010e-01
  -3.1692367445135050e-01
  -3.1175330188631067e-01
  -3.0639361942428300e-01
  -3.0086744941509685e-01
  -2.9519725742874614e-01
  -2.8940499011525783e-01
  -2.8351193336005209e-01
  -2.7753859107803114e-01
  -2.7150458449323184e-01
  -2.6542857132469083e-01
  -2.5932818394736018e-01
  -2.5321998531990514e-01
  -2.4711944126633481e-01
  -2.4104090756061461e-01
  -2.3499763018592515e-01
  -2.2900175711526508e-01
  -2.2306435997932442e-01
  -2.1719546404264831e-01
