   2.1347410233367523e-01
   2.2188689710119147e-01
   2.3106141754549919e-01
   2.4101065002963462e-01
   2.5174613228154319e-01
   2.6327721546235472e-01
   2.7561020182325119e-01
   2.8874734631979437e-01
   3.0268571266777239e-01
   3.1741587797528359e-01
   3.3292048571808863e-01
   3.4917265492292365e-01
   3.6613426446671860e-01
   3.8375414579707218e-01
   4.0196623536566289e-01
   4.2068775956181864e-01
   4.3981754936665285e-01
   4.5923460805319494e-01
   4.7879708087581851e-01
   4.9834179762422470e-01
   5.1768457290271075e-01
   5.3662144990440597e-01
   5.5493105578137802e-01
   5.7237819545899538e-01
   5.8871874261957113e-01
   6.0370579146652847e-01
   6.1709691521152721e-01
   6.2866224689015859e-01
   6.3819297035815148e-01
   6.4550970329358170e-01
   6.5047018980910898e-01
   6.5297571479171745e-01
   6.5297571479171723e-01
   6.5047018980910820e-01
   6.4550970329358059e-01
   6.3819297035814981e-01
   6.2866224689015660e-01
   6.1709691521152477e-01
   6.0370579146652581e-01
   5.8871874261956825e-01
   5.7237819545899238e-01
   5.5493105578137480e-01
   5.3662144990440264e-01
   5.1768457290270742e-01
   4.9834179762422137e-01
   4.7879708087581518e-01
   4.5923460805319161e-01
   4.3981754936664957e-01
   4.2068775956181553e-01
   4.0196623536565984e-01
   3.8375414579706929e-01
   3.6613426446671588e-01
   3.4917265492292110e-01
   3.3292048571808625e-01
   3.1741587797528137e-01
   3.0268571266777033e-01
   2.8874734631979260e-01
   2.7561020182324963e-01
   2.6327721546235339e-01
   2.5174613228154213e-01
   2.4101065002963382e-01
   2.3106141754549858e-01
   2.2188689710119111e-01
   2.1347410233367511e-01
   2.0183428275916315e-01
   1.8697270956616718e-01
   1.7283047283290015e-01
   1.5937075209459212e-01
   1.4655464625809400e-01
   1.3434188993994586e-01
   1.2269142180574666e-01
   1.1156182693603854e-01
   1.0091167298459743e-01
   9.0699757547128376e-02
   8.0885281868146711e-02
   7.1427963871251055e-02
   6.2288101552900890e-02
   5.3426596054477818e-02
   4.4804942225970042e-02
   3.6385193209994310e-02
   2.8129904493695939e-02
   2.0002061982146643e-02
   1.1964997923485132e-02
   3.9822979475472552e-03
  -3.9822979475474078e-03
  -1.1964997923485286e-02
  -2.0002061982146796e-02
  -2.8129904493696099e-02
  -3.6385193209994469e-02
  -4.4804942225970222e-02
  -5.3426596054477991e-02
  -6.2288101552901078e-02
  -7.1427963871251249e-02
  -8.0885281868146905e-02
  -9.0699757547128557e-02
  -1.0091167298459761e-01
  -1.1156182693603869e-01
  -1.2269142180574683e-01
  -1.3434188993994603e-01
  -1.4655464625809417e-01
  -1.5937075209459226e-01
  -1.7283047283290032e-01
  -1.8697270956616738e-01
  -2.0183428275916337e-01
  -2.1347410233367536e-01
  -2.2188689710119147e-01
  -2.3106141754549903e-01
  -2.4101065002963429e-01
  -2.5174613228154269e-01
  -2.6327721546235405e-01
  -2.7561020182325041e-01
  -2.8874734631979343e-01
  -3.0268571266777128e-01
  -3.1741587797528237e-01
  -3.3292048571808719e-01
  -3.4917265492292215e-01
  -3.6613426446671693e-01
  -3.8375414579707040e-01
  -4.0196623536566101e-01
  -4.2068775956181670e-01
  -4.3981754936665080e-01
  -4.5923460805319283e-01
  -4.7879708087581635e-01
  -4.9834179762422254e-01
  -5.1768457290270853e-01
  -5.3662144990440375e-01
  -5.5493105578137591e-01
  -5.7237819545899338e-01
  -5.8871874261956914e-01
  -6.0370579146652659e-01
  -6.1709691521152565e-01
  -6.2866224689015748e-01
  -6.3819297035815048e-01
  -6.4550970329358115e-01
  -6.5047018980910876e-01
  -6.5297571479171768e-01
  -6.5297571479171779e-01
  -6.5047018980910920e-01
  -6.4550970329358182e-01
  -6.3819297035815148e-01
  -6.2866224689015859e-01
  -6.1709691521152699e-01
  -6.0370579146652814e-01
  -5.8871874261957069e-01
  -5.7237819545899504e-01
  -5.5493105578137758e-01
  -5.3662144990440552e-01
  -5.1768457290271019e-01
  -4.9834179762422420e-01
  -4.7879708087581796e-01
  -4.5923460805319444e-01
  -4.3981754936665229e-01
  -4.2068775956181814e-01
  -4.0196623536566228e-01
  -3.8375414579707168e-01
  -3.6613426446671804e-01
  -3.4917265492292315e-01
  -3.3292048571808813e-01
  -3.1741587797528314e-01
  -3.0268571266777194e-01
  -2.8874734631979404e-01
  -2.7561020182325091e-01
  -2.6327721546235450e-01
  -2.5174613228154308e-01
  -2.4101065002963459e-01
  -2.3106141754549925e-01
  -2.2188689710119161e-01
  -2.1347410233367539e-01
