   2.3859028935047058e-01
   2.4612294735816323e-01
   2.5398297425814570e-01
   2.6216157958555408e-01
   2.7064768913220549e-01
   2.7942766746776199e-01
   2.8848503341692378e-01
   2.9780017357398614e-01
   3.0735006031092832e-01
   3.1710798223401493e-01
   3.2704329662384751e-01
   3.3712121499085301e-01
   3.4730263440407183e-01
   3.5754402859161177e-01
   3.6779741382637027e-01
   3.7801040513822753e-01
   3.8812637825605406e-01
   3.9808475169789215e-01
   4.0782140142668566e-01
   4.1726921733721195e-01
   4.2635880646187957e-01
   4.3501934218898142e-01
   4.4317955209740828e-01
   4.5076882947618391e-01
   4.5771844560121794e-01
   4.6396283189914012e-01
   4.6944089385330467e-01
   4.7409731256741272e-01
   4.7788378595278069e-01
   4.8076016011187861e-01
   4.8269540305111858e-01
   4.8366837753107328e-01
   4.8366837753107328e-01
   4.8269540305111858e-01
   4.8076016011187866e-01
   4.7788378595278075e-01
   4.7409731256741278e-01
   4.6944089385330473e-01
   4.6396283189914023e-01
   4.5771844560121799e-01
   4.5076882947618402e-01
   4.4317955209740839e-01
   4.3501934218898147e-01
   4.2635880646187968e-01
   4.1726921733721206e-01
   4.0782140142668577e-01
   3.9808475169789231e-01
   3.8812637825605417e-01
   3.7801040513822765e-01
   3.6779741382637043e-01
   3.5754402859161188e-01
   3.4730263440407194e-01
   3.3712121499085312e-01
   3.2704329662384762e-01
   3.1710798223401498e-01
   3.0735006031092849e-01
   2.9780017357398625e-01
   2.8848503341692389e-01
   2.7942766746776210e-01
   2.7064768913220560e-01
   2.6216157958555419e-01
   2.5398297425814581e-01
   2.4612294735816334e-01
   2.3859028935047066e-01
   2.2765868344425183e-01
   2.1334799237423896e-01
   1.9939598263348704e-01
   1.8580216292431254e-01
   1.7256157201371047e-01
   1.5966541410482846e-01
   1.4710163003372617e-01
   1.3485540495068485e-01
   1.2290961490857574e-01
   1.1124521598943296e-01
   9.9841580369084498e-02
   8.8676784150064525e-02
   7.7727851971968021e-02
   6.6970963408176182e-02
   5.6381626037110652e-02
   4.5934819881406339e-02
   3.5605117675842402e-02
   2.5366785182162038e-02
   1.5193865536717121e-02
   5.0602514103291118e-03
  -5.0602514103289271e-03
  -1.5193865536716937e-02
  -2.5366785182161858e-02
  -3.5605117675842221e-02
  -4.5934819881406158e-02
  -5.6381626037110451e-02
  -6.6970963408175987e-02
  -7.7727851971967812e-02
  -8.8676784150064331e-02
  -9.9841580369084290e-02
  -1.1124521598943278e-01
  -1.2290961490857556e-01
  -1.3485540495068468e-01
  -1.4710163003372601e-01
  -1.5966541410482829e-01
  -1.7256157201371031e-01
  -1.8580216292431237e-01
  -1.9939598263348682e-01
  -2.1334799237423877e-01
  -2.2765868344425161e-01
  -2.3859028935047041e-01
  -2.4612294735816309e-01
  -2.5398297425814553e-01
  -2.6216157958555392e-01
  -2.7064768913220533e-01
  -2.7942766746776182e-01
  -2.8848503341692366e-01
  -2.9780017357398603e-01
  -3.0735006031092821e-01
  -3.1710798223401487e-01
  -3.2704329662384746e-01
  -3.3712121499085296e-01
  -3.4730263440407177e-01
  -3.5754402859161183e-01
  -3.6779741382637027e-01
  -3.7801040513822748e-01
  -3.8812637825605401e-01
  -3.9808475169789215e-01
  -4.0782140142668571e-01
  -4.1726921733721201e-01
  -4.2635880646187974e-01
  -4.3501934218898147e-01
  -4.4317955209740834e-01
  -4.5076882947618407e-01
  -4.5771844560121805e-01
  -4.6396283189914028e-01
  -4.6944089385330484e-01
  -4.7409731256741289e-01
  -4.7788378595278086e-01
  -4.8076016011187878e-01
  -4.8269540305111874e-01
  -4.8366837753107345e-01
  -4.8366837753107350e-01
  -4.8269540305111880e-01
  -4.8076016011187883e-01
  -4.7788378595278086e-01
  -4.7409731256741289e-01
  -4.6944089385330484e-01
  -4.6396283189914039e-01
  -4.5771844560121810e-01
  -4.5076882947618413e-01
  -4.4317955209740839e-01
  -4.3501934218898153e-01
  -4.2635880646187974e-01
  -4.1726921733721212e-01
  -4.0782140142668583e-01
  -3.9808475169789226e-01
  -3.8812637825605417e-01
  -3.7801040513822759e-01
  -3.6779741382637032e-01
  -3.5754402859161188e-01
  -3.4730263440407189e-01
  -3.3712121499085301e-01
  -3.2704329662384751e-01
  -3.1710798223401487e-01
  -3.0735006031092832e-01
  -2.9780017357398608e-01
  -2.8848503341692372e-01
  -2.7942766746776188e-01
  -2.7064768913220538e-01
  -2.6216157958555397e-01
  -2.5398297425814553e-01
  -2.4612294735816312e-01
  -2.3859028935047041e-01
