   2.3582246744803559e-01
   2.4381455195742521e-01
   2.5227446529709302e-01
   2.6119803093758942e-01
   2.7057857898737181e-01
   2.8040650290298380e-01
   2.9066878243673794e-01
   3.0134847693290739e-01
   3.1242419541684380e-01
   3.2386955272558837e-01
   3.3565262420112002e-01
   3.4773541516712220e-01
   3.6007336544270852e-01
   3.7261491334969971e-01
   3.8530114779992319e-01
   3.9806558077010196e-01
   4.1083407535432415e-01
   4.2352496611252755e-01
   4.3604940803222098e-01
   4.4831198749901563e-01
   4.6021162269110577e-01
   4.7164277137613175e-01
   4.8249695104253287e-01
   4.9266455983781876e-01
   5.0203696754836025e-01
   5.1050882496335659e-01
   5.1798051901889808e-01
   5.2436068209519449e-01
   5.2956864891325750e-01
   5.3353674574721943e-01
   5.3621229585123731e-01
   5.3755923311757792e-01
   5.3755923311757792e-01
   5.3621229585123731e-01
   5.3353674574721932e-01
   5.2956864891325739e-01
   5.2436068209519426e-01
   5.1798051901889786e-01
   5.1050882496335637e-01
   5.0203696754836002e-01
   4.9266455983781843e-01
   4.8249695104253254e-01
   4.7164277137613136e-01
   4.6021162269110544e-01
   4.4831198749901519e-01
   4.3604940803222053e-01
   4.2352496611252716e-01
   4.1083407535432370e-01
   3.9806558077010157e-01
   3.8530114779992275e-01
   3.7261491334969921e-01
   3.6007336544270813e-01
   3.4773541516712175e-01
   3.3565262420111963e-01
   3.2386955272558793e-01
   3.1242419541684341e-01
   3.0134847693290706e-01
   2.9066878243673766e-01
   2.8040650290298352e-01
   2.7057857898737164e-01
   2.6119803093758925e-01
   2.5227446529709296e-01
   2.4381455195742513e-01
   2.3582246744803556e-01
   2.2439937027948756e-01
   2.0956287321652708e-01
   1.9520865963939907e-01
   1.8132637900735007e-01
   1.6790142622667908e-01
   1.5491568555351129e-01
   1.4234817587507934e-01
   1.3017560414577634e-01
   1.1837283483983527e-01
   1.0691328376546079e-01
   9.5769244635469250e-02
   8.4912156543811970e-02
   7.4312820062988255e-02
   6.3941569136156701e-02
   5.3768405350661075e-02
   4.3763100590882509e-02
   3.3895273508966359e-02
   2.4134444743328411e-02
   1.4450075370943689e-02
   4.8115927091042553e-03
  -4.8115927091040471e-03
  -1.4450075370943479e-02
  -2.4134444743328199e-02
  -3.3895273508966144e-02
  -4.3763100590882301e-02
  -5.3768405350660860e-02
  -6.3941569136156479e-02
  -7.4312820062988019e-02
  -8.4912156543811734e-02
  -9.5769244635469000e-02
  -1.0691328376546053e-01
  -1.1837283483983500e-01
  -1.3017560414577609e-01
  -1.4234817587507906e-01
  -1.5491568555351101e-01
  -1.6790142622667878e-01
  -1.8132637900734974e-01
  -1.9520865963939868e-01
  -2.0956287321652667e-01
  -2.2439937027948711e-01
  -2.3582246744803509e-01
  -2.4381455195742466e-01
  -2.5227446529709241e-01
  -2.6119803093758875e-01
  -2.7057857898737114e-01
  -2.8040650290298302e-01
  -2.9066878243673716e-01
  -3.0134847693290656e-01
  -3.1242419541684296e-01
  -3.2386955272558748e-01
  -3.3565262420111919e-01
  -3.4773541516712142e-01
  -3.6007336544270779e-01
  -3.7261491334969898e-01
  -3.8530114779992247e-01
  -3.9806558077010140e-01
  -4.1083407535432359e-01
  -4.2352496611252710e-01
  -4.3604940803222048e-01
  -4.4831198749901519e-01
  -4.6021162269110549e-01
  -4.7164277137613148e-01
  -4.8249695104253271e-01
  -4.9266455983781865e-01
  -5.0203696754836025e-01
  -5.1050882496335659e-01
  -5.1798051901889819e-01
  -5.2436068209519471e-01
  -5.2956864891325772e-01
  -5.3353674574721976e-01
  -5.3621229585123775e-01
  -5.3755923311757836e-01
  -5.3755923311757836e-01
  -5.3621229585123786e-01
  -5.3353674574721988e-01
  -5.2956864891325794e-01
  -5.2436068209519493e-01
  -5.1798051901889852e-01
  -5.1050882496335692e-01
  -5.0203696754836058e-01
  -4.9266455983781904e-01
  -4.8249695104253315e-01
  -4.7164277137613192e-01
  -4.6021162269110599e-01
  -4.4831198749901580e-01
  -4.3604940803222098e-01
  -4.2352496611252760e-01
  -4.1083407535432415e-01
  -3.9806558077010190e-01
  -3.8530114779992308e-01
  -3.7261491334969954e-01
  -3.6007336544270829e-01
  -3.4773541516712192e-01
  -3.3565262420111974e-01
  -3.2386955272558798e-01
  -3.1242419541684341e-01
  -3.0134847693290701e-01
  -2.9066878243673755e-01
  -2.8040650290298336e-01
  -2.7057857898737142e-01
  -2.6119803093758898e-01
  -2.5227446529709258e-01
  -2.4381455195742477e-01
  -2.3582246744803514e-01
