   2.1218850656495356e-01
   2.2060394825560115e-01
   2.2979252019052140e-01
   2.3976809275732613e-01
   2.5054318097052625e-01
   2.6212819920472546e-01
   2.7453058738481595e-01
   2.8775379590541156e-01
   3.0179611852259958e-01
   3.1664936599812338e-01
   3.3229737885414395e-01
   3.4871438573812391e-01
   3.6586322513167890e-01
   3.8369346293208700e-01
   4.0213945709046434e-01
   4.2111844299048101e-01
   4.4052873907384593e-01
   4.6024820011410666e-01
   4.8013307330765176e-01
   5.0001743666262488e-01
   5.1971341551965444e-01
   5.3901237593071905e-01
   5.5768727705905419e-01
   5.7549632316802857e-01
   5.9218798530199379e-01
   6.0750736291767893e-01
   6.2120373088054659e-01
   6.3303897772388362e-01
   6.4279650315560022e-01
   6.5029002719439688e-01
   6.5537169197123057e-01
   6.5793882885807919e-01
   6.5793882885807919e-01
   6.5537169197123035e-01
   6.5029002719439633e-01
   6.4279650315559966e-01
   6.3303897772388273e-01
   6.2120373088054559e-01
   6.0750736291767782e-01
   5.9218798530199268e-01
   5.7549632316802735e-01
   5.5768727705905297e-01
   5.3901237593071782e-01
   5.1971341551965322e-01
   5.0001743666262366e-01
   4.8013307330765059e-01
   4.6024820011410555e-01
   4.4052873907384488e-01
   4.2111844299048001e-01
   4.0213945709046339e-01
   3.8369346293208612e-01
   3.6586322513167807e-01
   3.4871438573812324e-01
   3.3229737885414329e-01
   3.1664936599812282e-01
   3.0179611852259908e-01
   2.8775379590541111e-01
   2.7453058738481556e-01
   2.6212819920472519e-01
   2.5054318097052602e-01
   2.3976809275732591e-01
   2.2979252019052129e-01
   2.2060394825560109e-01
   2.1218850656495353e-01
   2.0056079172518637e-01
   1.8572539498298754e-01
   1.7161796289199610e-01
   1.5820050351105025e-01
   1.4543307507365899e-01
   1.3327449319622012e-01
   1.2168288924448464e-01
   1.1061614242682662e-01
   1.0003220576004598e-01
   8.9889343578699848e-02
   8.0146295872376150e-02
   7.0762382521009790e-02
   6.1697558500963375e-02
   5.2912429372013930e-02
   4.4368234828098256e-02
   3.6026806792648733e-02
   2.7850507446914790e-02
   1.9802151678803299e-02
   1.1844917712400347e-02
   3.9422491077500477e-03
  -3.9422491077503062e-03
  -1.1844917712400607e-02
  -1.9802151678803562e-02
  -2.7850507446915057e-02
  -3.6026806792649003e-02
  -4.4368234828098534e-02
  -5.2912429372014222e-02
  -6.1697558500963680e-02
  -7.0762382521010109e-02
  -8.0146295872376469e-02
  -8.9889343578700195e-02
  -1.0003220576004636e-01
  -1.1061614242682702e-01
  -1.2168288924448505e-01
  -1.3327449319622056e-01
  -1.4543307507365943e-01
  -1.5820050351105072e-01
  -1.7161796289199660e-01
  -1.8572539498298804e-01
  -2.0056079172518690e-01
  -2.1218850656495405e-01
  -2.2060394825560151e-01
  -2.2979252019052165e-01
  -2.3976809275732622e-01
  -2.5054318097052625e-01
  -2.6212819920472530e-01
  -2.7453058738481567e-01
  -2.8775379590541117e-01
  -3.0179611852259902e-01
  -3.1664936599812271e-01
  -3.3229737885414318e-01
  -3.4871438573812308e-01
  -3.6586322513167790e-01
  -3.8369346293208595e-01
  -4.0213945709046328e-01
  -4.2111844299047985e-01
  -4.4052873907384471e-01
  -4.6024820011410539e-01
  -4.8013307330765037e-01
  -5.0001743666262355e-01
  -5.1971341551965300e-01
  -5.3901237593071760e-01
  -5.5768727705905285e-01
  -5.7549632316802724e-01
  -5.9218798530199246e-01
  -6.0750736291767771e-01
  -6.2120373088054559e-01
  -6.3303897772388273e-01
  -6.4279650315559955e-01
  -6.5029002719439633e-01
  -6.5537169197123035e-01
  -6.5793882885807908e-01
  -6.5793882885807919e-01
  -6.5537169197123069e-01
  -6.5029002719439699e-01
  -6.4279650315560033e-01
  -6.3303897772388373e-01
  -6.2120373088054681e-01
  -6.0750736291767915e-01
  -5.9218798530199401e-01
  -5.7549632316802890e-01
  -5.5768727705905463e-01
  -5.3901237593071949e-01
  -5.1971341551965489e-01
  -5.0001743666262544e-01
  -4.8013307330765237e-01
  -4.6024820011410728e-01
  -4.4052873907384660e-01
  -4.2111844299048168e-01
  -4.0213945709046506e-01
  -3.8369346293208773e-01
  -3.6586322513167963e-01
  -3.4871438573812463e-01
  -3.3229737885414462e-01
  -3.1664936599812410e-01
  -3.0179611852260035e-01
  -2.8775379590541228e-01
  -2.7453058738481667e-01
  -2.6212819920472613e-01
  -2.5054318097052691e-01
  -2.3976809275732672e-01
  -2.2979252019052201e-01
  -2.2060394825560176e-01
  -2.1218850656495411e-01
