   2.0948498754355399e-01
   2.1790238712126003e-01
   2.2711597197053562e-01
   2.3714145645063645e-01
   2.4799340334006720e-01
   2.5968446529314299e-01
   2.7222448935676097e-01
   2.8561946947472522e-01
   2.9987033353801729e-01
   3.1497155479006184e-01
   3.3090958280092053e-01
   3.4766109738826939e-01
   3.6519110042291664e-01
   3.8345087601159533e-01
   4.0237586954880622e-01
   4.2188356070821043e-01
   4.4187143420741837e-01
   4.6221518393937472e-01
   4.8276731855640798e-01
   5.0335636624071123e-01
   5.2378689818733748e-01
   5.4384059795223816e-01
   5.6327859017953541e-01
   5.8184520043507104e-01
   5.9927324279116867e-01
   6.1529082193820506e-01
   6.2962949607078034e-01
   6.4203348681348171e-01
   6.5226946153312182e-01
   6.6013627577105405e-01
   6.6547397549207432e-01
   6.6817134329750105e-01
   6.6817134329750127e-01
   6.6547397549207521e-01
   6.6013627577105549e-01
   6.5226946153312371e-01
   6.4203348681348404e-01
   6.2962949607078333e-01
   6.1529082193820817e-01
   5.9927324279117211e-01
   5.8184520043507459e-01
   5.6327859017953907e-01
   5.4384059795224193e-01
   5.2378689818734137e-01
   5.0335636624071511e-01
   4.8276731855641181e-01
   4.6221518393937844e-01
   4.4187143420742203e-01
   4.2188356070821392e-01
   4.0237586954880961e-01
   3.8345087601159861e-01
   3.6519110042291969e-01
   3.4766109738827228e-01
   3.3090958280092325e-01
   3.1497155479006433e-01
   2.9987033353801956e-01
   2.8561946947472716e-01
   2.7222448935676269e-01
   2.5968446529314448e-01
   2.4799340334006839e-01
   2.3714145645063739e-01
   2.2711597197053629e-01
   2.1790238712126048e-01
   2.0948498754355416e-01
   1.9788683031828150e-01
   1.8311108277953048e-01
   1.6908060160011004e-01
   1.5575499235705456e-01
   1.4309218668444518e-01
   1.3104912888631232e-01
   1.1958231233843257e-01
   1.0864818931246326e-01
   9.8203475099039192e-02
   8.8205364575340048e-02
   7.8611676783342160e-02
   6.9380940728849316e-02
   6.0472433512000566e-02
   5.1846180065809065e-02
   4.3462922203269146e-02
   3.5284063339572611e-02
   2.7271594143547163e-02
   1.9388003459889894e-02
   1.1596178110249405e-02
   3.8592946079335447e-03
  -3.8592946079341359e-03
  -1.1596178110249999e-02
  -1.9388003459890495e-02
  -2.7271594143547767e-02
  -3.5284063339573228e-02
  -4.3462922203269770e-02
  -5.1846180065809704e-02
  -6.0472433512001218e-02
  -6.9380940728849996e-02
  -7.8611676783342868e-02
  -8.8205364575340811e-02
  -9.8203475099039969e-02
  -1.0864818931246406e-01
  -1.1958231233843342e-01
  -1.3104912888631320e-01
  -1.4309218668444609e-01
  -1.5575499235705553e-01
  -1.6908060160011110e-01
  -1.8311108277953159e-01
  -1.9788683031828264e-01
  -2.0948498754355524e-01
  -2.1790238712126139e-01
  -2.2711597197053707e-01
  -2.3714145645063794e-01
  -2.4799340334006881e-01
  -2.5968446529314471e-01
  -2.7222448935676274e-01
  -2.8561946947472705e-01
  -2.9987033353801923e-01
  -3.1497155479006389e-01
  -3.3090958280092253e-01
  -3.4766109738827133e-01
  -3.6519110042291852e-01
  -3.8345087601159727e-01
  -4.0237586954880805e-01
  -4.2188356070821226e-01
  -4.4187143420742014e-01
  -4.6221518393937644e-01
  -4.8276731855640959e-01
  -5.0335636624071278e-01
  -5.2378689818733892e-01
  -5.4384059795223938e-01
  -5.6327859017953641e-01
  -5.8184520043507204e-01
  -5.9927324279116945e-01
  -6.1529082193820561e-01
  -6.2962949607078078e-01
  -6.4203348681348194e-01
  -6.5226946153312182e-01
  -6.6013627577105383e-01
  -6.6547397549207388e-01
  -6.6817134329750039e-01
  -6.6817134329750039e-01
  -6.6547397549207421e-01
  -6.6013627577105427e-01
  -6.5226946153312249e-01
  -6.4203348681348271e-01
  -6.2962949607078178e-01
  -6.1529082193820672e-01
  -5.9927324279117067e-01
  -5.8184520043507326e-01
  -5.6327859017953763e-01
  -5.4384059795224049e-01
  -5.2378689818734003e-01
  -5.0335636624071389e-01
  -4.8276731855641070e-01
  -4.6221518393937749e-01
  -4.4187143420742120e-01
  -4.2188356070821320e-01
  -4.0237586954880888e-01
  -3.8345087601159805e-01
  -3.6519110042291925e-01
  -3.4766109738827200e-01
  -3.3090958280092309e-01
  -3.1497155479006439e-01
  -2.9987033353801962e-01
  -2.8561946947472744e-01
  -2.7222448935676308e-01
  -2.5968446529314493e-01
  -2.4799340334006900e-01
  -2.3714145645063811e-01
  -2.2711597197053718e-01
  -2.1790238712126145e-01
  -2.0948498754355530e-01
