   2.1928329287349968e-01
   2.2766788376201097e-01
   2.3675850101438625e-01
   2.4656406736430389e-01
   2.5709166783709797e-01
   2.6834585396963834e-01
   2.8032784342696071e-01
   2.9303460815918547e-01
   3.0645784686237826e-01
   3.2058284148249172e-01
   3.3538720314947618e-01
   3.5083952056496076e-01
   3.6689793376577845e-01
   3.8350866851926713e-01
   4.0060458136243260e-01
   4.1810378217421756e-01
   4.3590841945645853e-01
   4.5390373194857409e-01
   4.7195748693141032e-01
   4.8991993802582434e-01
   5.0762444028601483e-01
   5.2488885436155319e-01
   5.4151785093134464e-01
   5.5730618866356463e-01
   5.7204298231480066e-01
   5.8551690335037876e-01
   5.9752216791699142e-01
   6.0786507391844158e-01
   6.1637076131752844e-01
   6.2288980059855537e-01
   6.2730417653602355e-01
   6.2953223837350858e-01
   6.2953223837350858e-01
   6.2730417653602322e-01
   6.2288980059855481e-01
   6.1637076131752766e-01
   6.0786507391844069e-01
   5.9752216791699042e-01
   5.8551690335037765e-01
   5.7204298231479944e-01
   5.5730618866356341e-01
   5.4151785093134341e-01
   5.2488885436155197e-01
   5.0762444028601350e-01
   4.8991993802582307e-01
   4.7195748693140899e-01
   4.5390373194857281e-01
   4.3590841945645736e-01
   4.1810378217421640e-01
   4.0060458136243154e-01
   3.8350866851926613e-01
   3.6689793376577751e-01
   3.5083952056495993e-01
   3.3538720314947545e-01
   3.2058284148249100e-01
   3.0645784686237765e-01
   2.9303460815918492e-01
   2.8032784342696021e-01
   2.6834585396963795e-01
   2.5709166783709764e-01
   2.4656406736430364e-01
   2.3675850101438609e-01
   2.2766788376201091e-01
   2.1928329287349968e-01
   2.0760725882904471e-01
   1.9264814978688893e-01
   1.7836560044612171e-01
   1.6472835528625787e-01
   1.5170249128563329e-01
   1.3925216929458500e-01
   1.2734024296833232e-01
   1.1592874450599457e-01
   1.0497926495889218e-01
   9.4453245137254185e-02
   8.4312191329947314e-02
   7.4517828270819583e-02
   6.5032200109728086e-02
   5.5817728618041830e-02
   4.6837236498002872e-02
   3.8053942479293522e-02
   2.9431433872079325e-02
   2.0933621396119418e-02
   1.2524680410261309e-02
   4.1689821151904335e-03
  -4.1689821151903918e-03
  -1.2524680410261269e-02
  -2.0933621396119376e-02
  -2.9431433872079291e-02
  -3.8053942479293480e-02
  -4.6837236498002831e-02
  -5.5817728618041788e-02
  -6.5032200109728017e-02
  -7.4517828270819514e-02
  -8.4312191329947245e-02
  -9.4453245137254130e-02
  -1.0497926495889212e-01
  -1.1592874450599450e-01
  -1.2734024296833227e-01
  -1.3925216929458492e-01
  -1.5170249128563323e-01
  -1.6472835528625779e-01
  -1.7836560044612162e-01
  -1.9264814978688882e-01
  -2.0760725882904460e-01
  -2.1928329287349960e-01
  -2.2766788376201094e-01
  -2.3675850101438622e-01
  -2.4656406736430383e-01
  -2.5709166783709797e-01
  -2.6834585396963834e-01
  -2.8032784342696077e-01
  -2.9303460815918558e-01
  -3.0645784686237831e-01
  -3.2058284148249183e-01
  -3.3538720314947629e-01
  -3.5083952056496093e-01
  -3.6689793376577856e-01
  -3.8350866851926729e-01
  -4.0060458136243277e-01
  -4.1810378217421773e-01
  -4.3590841945645875e-01
  -4.5390373194857425e-01
  -4.7195748693141054e-01
  -4.8991993802582456e-01
  -5.0762444028601506e-01
  -5.2488885436155341e-01
  -5.4151785093134486e-01
  -5.5730618866356485e-01
  -5.7204298231480089e-01
  -5.8551690335037887e-01
  -5.9752216791699164e-01
  -6.0786507391844180e-01
  -6.1637076131752855e-01
  -6.2288980059855559e-01
  -6.2730417653602366e-01
  -6.2953223837350858e-01
  -6.2953223837350836e-01
  -6.2730417653602299e-01
  -6.2288980059855459e-01
  -6.1637076131752733e-01
  -6.0786507391844025e-01
  -5.9752216791698987e-01
  -5.8551690335037698e-01
  -5.7204298231479878e-01
  -5.5730618866356263e-01
  -5.4151785093134264e-01
  -5.2488885436155119e-01
  -5.0762444028601272e-01
  -4.8991993802582229e-01
  -4.7195748693140832e-01
  -4.5390373194857214e-01
  -4.3590841945645664e-01
  -4.1810378217421573e-01
  -4.0060458136243082e-01
  -3.8350866851926552e-01
  -3.6689793376577690e-01
  -3.5083952056495937e-01
  -3.3538720314947484e-01
  -3.2058284148249050e-01
  -3.0645784686237715e-01
  -2.9303460815918447e-01
  -2.8032784342695982e-01
  -2.6834585396963762e-01
  -2.5709166783709736e-01
  -2.4656406736430336e-01
  -2.3675850101438584e-01
  -2.2766788376201072e-01
  -2.1928329287349951e-01
