   2.3847327650267688e-01
   2.4593576427076286e-01
   2.5370860425075858e-01
   2.6178261164423405e-01
   2.7014636780131812e-01
   2.7878596222165325e-01
   2.8768472987742455e-01
   2.9682298886343456e-01
   3.0617778463520667e-01
   3.1572264844767034e-01
   3.2542737901104424e-01
   3.3525785777511757e-01
   3.4517590955516425e-01
   3.5513922131707543e-01
   3.6510133271971562e-01
   3.7501171232519603e-01
   3.8481593307833017e-01
   3.9445595957082774e-01
   4.0387055760485768e-01
   4.1299583354940228e-01
   4.2176590689156024e-01
   4.3011371425111444e-01
   4.3797193707479942e-01
   4.4527403849221514e-01
   4.5195538774860822e-01
   4.5795444368652527e-01
   4.6321396246431007e-01
   4.6768218964814617e-01
   4.7131399355131870e-01
   4.7407189569216790e-01
   4.7592695582526845e-01
   4.7685947328920514e-01
   4.7685947328920514e-01
   4.7592695582526845e-01
   4.7407189569216790e-01
   4.7131399355131870e-01
   4.6768218964814612e-01
   4.6321396246431007e-01
   4.5795444368652521e-01
   4.5195538774860827e-01
   4.4527403849221509e-01
   4.3797193707479937e-01
   4.3011371425111439e-01
   4.2176590689156018e-01
   4.1299583354940222e-01
   4.0387055760485763e-01
   3.9445595957082769e-01
   3.8481593307833006e-01
   3.7501171232519598e-01
   3.6510133271971551e-01
   3.5513922131707543e-01
   3.4517590955516420e-01
   3.3525785777511752e-01
   3.2542737901104424e-01
   3.1572264844767034e-01
   3.0617778463520662e-01
   2.9682298886343456e-01
   2.8768472987742455e-01
   2.7878596222165325e-01
   2.7014636780131812e-01
   2.6178261164423405e-01
   2.5370860425075858e-01
   2.4593576427076283e-01
   2.3847327650267688e-01
   2.2762303773109932e-01
   2.1340499784576658e-01
   1.9953014235950872e-01
   1.8599902243004657e-01
   1.7280773346320727e-01
   1.5994853261897202e-01
   1.4741039644088913e-01
   1.3517951866284017e-01
   1.2323975004180497e-01
   1.1157298332229422e-01
   1.0015948726415354e-01
   8.8978194156232787e-02
   7.8006945476829861e-02
   6.7222700417492967e-02
   5.6601711916762006e-02
   4.6119674700498589e-02
   3.5751849631532023e-02
   2.5473168461134153e-02
   1.5258322869260346e-02
   5.0818414950506725e-03
  -5.0818414950505970e-03
  -1.5258322869260269e-02
  -2.5473168461134083e-02
  -3.5751849631531954e-02
  -4.6119674700498520e-02
  -5.6601711916761936e-02
  -6.7222700417492884e-02
  -7.8006945476829792e-02
  -8.8978194156232732e-02
  -1.0015948726415348e-01
  -1.1157298332229416e-01
  -1.2323975004180494e-01
  -1.3517951866284014e-01
  -1.4741039644088910e-01
  -1.5994853261897202e-01
  -1.7280773346320727e-01
  -1.8599902243004657e-01
  -1.9953014235950875e-01
  -2.1340499784576658e-01
  -2.2762303773109926e-01
  -2.3847327650267683e-01
  -2.4593576427076277e-01
  -2.5370860425075853e-01
  -2.6178261164423400e-01
  -2.7014636780131812e-01
  -2.7878596222165325e-01
  -2.8768472987742455e-01
  -2.9682298886343450e-01
  -3.0617778463520662e-01
  -3.1572264844767034e-01
  -3.2542737901104424e-01
  -3.3525785777511757e-01
  -3.4517590955516420e-01
  -3.5513922131707548e-01
  -3.6510133271971551e-01
  -3.7501171232519603e-01
  -3.8481593307833017e-01
  -3.9445595957082774e-01
  -4.0387055760485768e-01
  -4.1299583354940234e-01
  -4.2176590689156024e-01
  -4.3011371425111444e-01
  -4.3797193707479942e-01
  -4.4527403849221520e-01
  -4.5195538774860827e-01
  -4.5795444368652533e-01
  -4.6321396246431013e-01
  -4.6768218964814617e-01
  -4.7131399355131876e-01
  -4.7407189569216801e-01
  -4.7592695582526851e-01
  -4.7685947328920519e-01
  -4.7685947328920519e-01
  -4.7592695582526851e-01
  -4.7407189569216801e-01
  -4.7131399355131876e-01
  -4.6768218964814617e-01
  -4.6321396246431013e-01
  -4.5795444368652533e-01
  -4.5195538774860827e-01
  -4.4527403849221514e-01
  -4.3797193707479937e-01
  -4.3011371425111444e-01
  -4.2176590689156024e-01
  -4.1299583354940228e-01
  -4.0387055760485763e-01
  -3.9445595957082774e-01
  -3.8481593307833012e-01
  -3.7501171232519592e-01
  -3.6510133271971551e-01
  -3.5513922131707543e-01
  -3.4517590955516420e-01
  -3.3525785777511746e-01
  -3.2542737901104418e-01
  -3.1572264844767034e-01
  -3.0617778463520656e-01
  -2.9682298886343450e-01
  -2.8768472987742449e-01
  -2.7878596222165319e-01
  -2.7014636780131807e-01
  -2.6178261164423400e-01
  -2.5370860425075853e-01
  -2.4593576427076277e-01
  -2.3847327650267683e-01
