  -1.3567525486448087e-01
  -1.0672171689271077e-01
  -7.9023603826571476e-02
  -5.2262924964976865e-02
  -2.6125765589016012e-02
  -3.0132982528264867e-04
   2.5519495077055390e-02
   5.1645801978174949e-02
   7.8388329657945746e-02
   1.0606090657357130e-01
   1.3498142240162339e-01
   1.6547202452515319e-01
   1.9785815448319360e-01
   2.3246592524406118e-01
   2.6961719278100715e-01
   3.0962149776065473e-01
   3.5276385711198421e-01
   3.9928719937670398e-01
   4.4936811850651992e-01
   5.0308466724008793e-01
   5.6037528055707908e-01
   6.2098883564356699e-01
   6.8442759154582611e-01
   7.4988756455285488e-01
   8.1620485996549408e-01
   8.8182121681805248e-01
   9.4478634271000261e-01
   1.0028162937125018e+00
   1.0534231853129401e+00
   1.0941193341831081e+00
   1.1226785930713519e+00
   1.1374140397792234e+00
   1.1374140397792236e+00
   1.1226785930713525e+00
   1.0941193341831090e+00
   1.0534231853129412e+00
   1.0028162937125031e+00
   9.4478634271000439e-01
   8.8182121681805425e-01
   8.1620485996549597e-01
   7.4988756455285677e-01
   6.8442759154582788e-01
   6.2098883564356855e-01
   5.6037528055708075e-01
   5.0308466724008949e-01
   4.4936811850652136e-01
   3.9928719937670532e-01
   3.5276385711198549e-01
   3.0962149776065589e-01
   2.6961719278100821e-01
   2.3246592524406209e-01
   1.9785815448319444e-01
   1.6547202452515389e-01
   1.3498142240162403e-01
   1.0606090657357187e-01
   7.8388329657946218e-02
   5.1645801978175365e-02
   2.5519495077055736e-02
  -3.0132982528236239e-04
  -2.6125765589015786e-02
  -5.2262924964976705e-02
  -7.9023603826571365e-02
  -1.0672171689271072e-01
  -1.3567525486448084e-01
  -1.8203968543027474e-01
  -2.4637995574912244e-01
  -3.1348429850642451e-01
  -3.8386999195864763e-01
  -4.5789695228697841e-01
  -5.3569671258975637e-01
  -6.1708209529165092e-01
  -7.0143995904445711e-01
  -7.8761626409262064e-01
  -8.7381305751616456e-01
  -9.5752980830211809e-01
  -1.0355928569461499e+00
  -1.1043187408995352e+00
  -1.1598396265038120e+00
  -1.1985755931916651e+00
  -1.2177761341162940e+00
  -1.2159983213766770e+00
  -1.1933780084650336e+00
  -1.1516037151528593e+00
  -1.0936021490138623e+00
  -1.0410017036509946e+00
  -9.9709223277489134e-01
  -9.4602210199645875e-01
  -8.8996773113768701e-01
  -8.3099001527583638e-01
  -7.7090854526570751e-01
  -7.1123336136320958e-01
  -6.5314563544537430e-01
  -5.9751355302633224e-01
  -5.4492933931995968e-01
  -4.9575581078647291e-01
  -4.5017423724070527e-01
  -4.0822852261908188e-01
  -3.6986323244251129e-01
  -3.3495471227997392e-01
  -3.0333556798802375e-01
  -2.7481329890701550e-01
  -2.4918406538972568e-01
  -2.2624256958773559e-01
  -2.0578892838611740e-01
  -1.8763327931203508e-01
  -1.7159871800304968e-01
  -1.5752303639174683e-01
  -1.4525962093122075e-01
  -1.3467778107655373e-01
  -1.2566270817103067e-01
  -1.1811521105219404e-01
  -1.1195133406027846e-01
  -1.0710193288998361e-01
  -1.0351226146355649e-01
  -1.0114160673723745e-01
  -9.9962996497186499e-02
  -9.9962996497186499e-02
  -1.0114160673723746e-01
  -1.0351226146355652e-01
  -1.0710193288998368e-01
  -1.1195133406027853e-01
  -1.1811521105219412e-01
  -1.2566270817103078e-01
  -1.3467778107655384e-01
  -1.4525962093122088e-01
  -1.5752303639174700e-01
  -1.7159871800304985e-01
  -1.8763327931203527e-01
  -2.0578892838611762e-01
  -2.2624256958773584e-01
  -2.4918406538972598e-01
  -2.7481329890701578e-01
  -3.0333556798802414e-01
  -3.3495471227997436e-01
  -3.6986323244251174e-01
  -4.0822852261908232e-01
  -4.5017423724070582e-01
  -4.9575581078647352e-01
  -5.4492933931996035e-01
  -5.9751355302633280e-01
  -6.5314563544537485e-01
  -7.1123336136321025e-01
  -7.7090854526570796e-01
  -8.3099001527583671e-01
  -8.8996773113768746e-01
  -9.4602210199645909e-01
  -9.9709223277489167e-01
  -1.0410017036509946e+00
