  -4.9408959603780396e-02
  -3.6377265740517258e-02
  -2.4442267858792978e-02
  -1.3244493562275292e-02
  -2.4463052021907513e-03
   8.2780702203593907e-03
   1.9252211806749856e-02
   3.0807119538502615e-02
   4.3291017612904367e-02
   5.7079586703483280e-02
   7.2586853203339699e-02
   9.0276935819586179e-02
   1.1067679315180215e-01
   1.3439000633497883e-01
   1.6211142843912776e-01
   1.9464217108040927e-01
   2.3290377185777669e-01
   2.7794932548337731e-01
   3.3096761124432322e-01
   3.9327344442369433e-01
   4.6627315219482657e-01
   5.5138776331983352e-01
   6.4990811201711929e-01
   7.6274678120957318e-01
   8.9004604168032186e-01
   1.0306094774840220e+00
   1.1811684081418770e+00
   1.3356009459584464e+00
   1.4844068974998641e+00
   1.6149518554748654e+00
   1.7130342004244650e+00
   1.7659036068674741e+00
   1.7659036068674987e+00
   1.7130342004245351e+00
   1.6149518554749709e+00
   1.4844068974999922e+00
   1.3356009459585847e+00
   1.1811684081420157e+00
   1.0306094774841539e+00
   8.9004604168044255e-01
   7.6274678120968109e-01
   6.4990811201721377e-01
   5.5138776331991557e-01
   4.6627315219489701e-01
   3.9327344442375439e-01
   3.3096761124437429e-01
   2.7794932548342055e-01
   2.3290377185781319e-01
   1.9464217108043996e-01
   1.6211142843915363e-01
   1.3439000633500053e-01
   1.1067679315182036e-01
   9.0276935819601431e-02
   7.2586853203352425e-02
   5.7079586703493855e-02
   4.3291017612913103e-02
   3.0807119538509800e-02
   1.9252211806755695e-02
   8.2780702203640588e-03
  -2.4463052021871106e-03
  -1.3244493562272572e-02
  -2.4442267858791094e-02
  -3.6377265740516154e-02
  -4.9408959603780035e-02
  -7.1459217668590091e-02
  -1.0326931567517712e-01
  -1.3829030773394488e-01
  -1.7758768384409129e-01
  -2.2233255756191894e-01
  -2.7381790666262595e-01
  -3.3346472620916856e-01
  -4.0280928267890048e-01
  -4.8345691553947434e-01
  -5.7697954272470897e-01
  -6.8472333895589721e-01
  -8.0748229690426732e-01
  -9.4499005518146317e-01
  -1.0952037696193087e+00
  -1.2534303189054479e+00
  -1.4115114333633179e+00
  -1.5575360259542963e+00
  -1.6767512997998493e+00
  -1.7541749281537093e+00
  -1.7785577942087221e+00
  -1.7543615143826408e+00
  -1.6872783682820853e+00
  -1.5785105351936202e+00
  -1.4415536656942740e+00
  -1.2903472546747172e+00
  -1.1366607112528126e+00
  -9.8896217099383843e-01
  -8.5245865481620053e-01
  -7.2973542173874206e-01
  -6.2153998676958366e-01
  -5.2747002926719677e-01
  -4.4648667268070191e-01
  -3.7725955908590780e-01
  -3.1838060540163626e-01
  -2.6848614726437092e-01
  -2.2631974086651294e-01
  -1.9075870030163325e-01
  -1.6081968026940022e-01
  -1.3565295196705179e-01
  -1.1453120837407847e-01
  -9.6836294677423607e-02
  -8.2045751979840542e-02
  -6.9720158076004790e-02
  -5.9491721925900104e-02
  -5.1054291426101614e-02
  -4.4154774629523816e-02
  -3.8585895797050983e-02
  -3.4180175222804546e-02
  -3.0805015236805941e-02
  -2.8358782215114182e-02
  -2.6767788980851200e-02
  -2.5984099860559270e-02
  -2.5984099860559266e-02
  -2.6767788980851193e-02
  -2.8358782215114169e-02
  -3.0805015236805920e-02
  -3.4180175222804511e-02
  -3.8585895797050948e-02
  -4.4154774629523760e-02
  -5.1054291426101545e-02
  -5.9491721925900028e-02
  -6.9720158076004693e-02
  -8.2045751979840431e-02
  -9.6836294677423454e-02
  -1.1453120837407832e-01
  -1.3565295196705163e-01
  -1.6081968026939999e-01
  -1.9075870030163300e-01
  -2.2631974086651269e-01
  -2.6848614726437064e-01
  -3.1838060540163587e-01
  -3.7725955908590730e-01
  -4.4648667268070136e-01
  -5.2747002926719599e-01
  -6.2153998676958278e-01
  -7.2973542173874095e-01
  -8.5245865481619931e-01
  -9.8896217099383710e-01
  -1.1366607112528113e+00
  -1.2903472546747154e+00
  -1.4415536656942725e+00
  -1.5785105351936188e+00
  -1.6872783682820844e+00
  -1.7543615143826405e+00
