  -3.2006669161820334e-01
  -2.7250078750868223e-01
  -2.2801192709635704e-01
  -1.8619561885230182e-01
  -1.4662389679143384e-01
  -1.0885694867865055e-01
  -7.2450152987455371e-02
  -3.6957830502818687e-02
  -1.9347599471638644e-03
   3.3063694245886795e-02
   6.8482130482817899e-02
   1.0476569337225540e-01
   1.4236005405033703e-01
   1.8171008697716273e-01
   2.2325641346727004e-01
   2.6742878786145829e-01
   3.1463505097334693e-01
   3.6524409112102030e-01
   4.1956098987731538e-01
   4.7779239381654071e-01
   5.4000033099838163e-01
   6.0604347471830833e-01
   6.7550665412039035e-01
   7.4762268831878242e-01
   8.2119572283672559e-01
   8.9454201696900415e-01
   9.6547131969245925e-01
   1.0313366489973870e+00
   1.0891778267692716e+00
   1.1359696527101009e+00
   1.1689574891739116e+00
   1.1860271529307584e+00
   1.1860271529307578e+00
   1.1689574891739098e+00
   1.1359696527100982e+00
   1.0891778267692680e+00
   1.0313366489973828e+00
   9.6547131969245448e-01
   8.9454201696899915e-01
   8.2119572283672038e-01
   7.4762268831877732e-01
   6.7550665412038535e-01
   6.0604347471830355e-01
   5.4000033099837719e-01
   4.7779239381653665e-01
   4.1956098987731166e-01
   3.6524409112101691e-01
   3.1463505097334388e-01
   2.6742878786145552e-01
   2.2325641346726752e-01
   1.8171008697716048e-01
   1.4236005405033497e-01
   1.0476569337225361e-01
   6.8482130482816317e-02
   3.3063694245885414e-02
  -1.9347599471650585e-03
  -3.6957830502819713e-02
  -7.2450152987456246e-02
  -1.0885694867865127e-01
  -1.4662389679143442e-01
  -1.8619561885230224e-01
  -2.2801192709635731e-01
  -2.7250078750868245e-01
  -3.2006669161820345e-01
  -3.9752421068369564e-01
  -5.0542434355660115e-01
  -6.1741421899911242e-01
  -7.3284727140831940e-01
  -8.5008274239734005e-01
  -9.6625387814572528e-01
  -1.0771375229127065e+00
  -1.1772457761114881e+00
  -1.2602635095017365e+00
  -1.3198850732601528e+00
  -1.3509427982695867e+00
  -1.3505233497446900e+00
  -1.3186671071623344e+00
  -1.2583581391673453e+00
  -1.1748091486727248e+00
  -1.0743396703478931e+00
  -9.6325212950924954e-01
  -8.4700510476957203e-01
  -7.2978607662217898e-01
  -6.1442728909159428e-01
  -5.3102254807978944e-01
  -4.7996998969847765e-01
  -4.3289279156762950e-01
  -3.8975964910902777e-01
  -3.5044417562591812e-01
  -3.1475786968255082e-01
  -2.8247520003738813e-01
  -2.5335206189779169e-01
  -2.2713891910043235e-01
  -2.0358983563363978e-01
  -1.8246841719196491e-01
  -1.6355148671732603e-01
  -1.4663113625062002e-01
  -1.3151564284075548e-01
  -1.1802961120159759e-01
  -1.0601360807136542e-01
  -9.5323478742473516e-02
  -8.5829480547235923e-02
  -7.7415327103720427e-02
  -6.9977207365720509e-02
  -6.3422822173122825e-02
  -5.7670465872162603e-02
  -5.2648169997921927e-02
  -4.8292918731159734e-02
  -4.4549940931246867e-02
  -4.1372080327835230e-02
  -3.8719243433051477e-02
  -3.6557923558202872e-02
  -3.4860798729794432e-02
  -3.3606401117974180e-02
  -3.2778855688122790e-02
  -3.2367686072781308e-02
  -3.2367686072781315e-02
  -3.2778855688122797e-02
  -3.3606401117974194e-02
  -3.4860798729794445e-02
  -3.6557923558202900e-02
  -3.8719243433051519e-02
  -4.1372080327835264e-02
  -4.4549940931246909e-02
  -4.8292918731159797e-02
  -5.2648169997921997e-02
  -5.7670465872162673e-02
  -6.3422822173122909e-02
  -6.9977207365720606e-02
  -7.7415327103720524e-02
  -8.5829480547236020e-02
  -9.5323478742473641e-02
  -1.0601360807136553e-01
  -1.1802961120159772e-01
  -1.3151564284075562e-01
  -1.4663113625062019e-01
  -1.6355148671732622e-01
  -1.8246841719196508e-01
  -2.0358983563363997e-01
  -2.2713891910043260e-01
  -2.5335206189779191e-01
  -2.8247520003738841e-01
  -3.1475786968255115e-01
  -3.5044417562591834e-01
  -3.8975964910902799e-01
  -4.3289279156762966e-01
  -4.7996998969847776e-01
  -5.3102254807978955e-01
