  -2.3086172318345061e-01
  -1.9278207653272861e-01
  -1.5632243733848869e-01
  -1.2121477869835137e-01
  -8.7178233336140429e-02
  -5.3923957363107587e-02
  -2.1158430324309363e-02
   1.1414320305330787e-02
   4.4091137695026116e-02
   7.7168401718709659e-02
   1.1094056184831527e-01
   1.4569814814179810e-01
   1.8172484104081507e-01
   2.1929313011811177e-01
   2.5865802677743427e-01
   3.0004822682504112e-01
   3.4365406479411825e-01
   3.8961159459936101e-01
   4.3798221985049618e-01
   4.8872755300208826e-01
   5.4167969818757045e-01
   5.9650803239952865e-01
   6.5268489055932077e-01
   7.0945435365804355e-01
   7.6581044076606397e-01
   8.2049298353161759e-01
   8.7201052863551609e-01
   9.1869868036062008e-01
   9.5881827969915379e-01
   9.9069026200879307e-01
   1.0128538757656449e+00
   1.0242249324659900e+00
   1.0242249324659907e+00
   1.0128538757656471e+00
   9.9069026200879651e-01
   9.5881827969915834e-01
   9.1869868036062563e-01
   8.7201052863552220e-01
   8.2049298353162414e-01
   7.6581044076607097e-01
   7.0945435365805065e-01
   6.5268489055932777e-01
   5.9650803239953554e-01
   5.4167969818757700e-01
   4.8872755300209431e-01
   4.3798221985050179e-01
   3.8961159459936628e-01
   3.4365406479412308e-01
   3.0004822682504545e-01
   2.5865802677743815e-01
   2.1929313011811530e-01
   1.8172484104081824e-01
   1.4569814814180088e-01
   1.1094056184831776e-01
   7.7168401718711838e-02
   4.4091137695028017e-02
   1.1414320305332416e-02
  -2.1158430324307989e-02
  -5.3923957363106449e-02
  -8.7178233336139513e-02
  -1.2121477869835068e-01
  -1.5632243733848822e-01
  -1.9278207653272830e-01
  -2.3086172318345055e-01
  -2.9152620508342297e-01
  -3.7517020352239427e-01
  -4.6130792888696953e-01
  -5.4984716571973757e-01
  -6.4026431598182110e-01
  -7.3149025282452729e-01
  -8.2180944563114688e-01
  -9.0880405757103766e-01
  -9.8938567452178505e-01
  -1.0599589578211766e+00
  -1.1167439933081189e+00
  -1.1562414211408547e+00
  -1.1757637271024077e+00
  -1.1739030864427027e+00
  -1.1507959809760859e+00
  -1.1080969737489943e+00
  -1.0486705746949725e+00
  -9.7610200082117460e-01
  -8.9416916595186779e-01
  -8.0639848414875892e-01
  -7.3884085384026421e-01
  -6.9331716845322544e-01
  -6.4769204527255164e-01
  -6.0273605548060072e-01
  -5.5905589028703362e-01
  -5.1710597798777824e-01
  -4.7720649117098879e-01
  -4.3956416471345339e-01
  -4.0429336047178316e-01
  -3.7143574537186269e-01
  -3.4097769402007833e-01
  -3.1286506325319385e-01
  -2.8701533651251498e-01
  -2.6332734049455558e-01
  -2.4168883687007689e-01
  -2.2198232372650925e-01
  -2.0408937212799005e-01
  -1.8789379205418830e-01
  -1.7328388157847568e-01
  -1.6015397113846558e-01
  -1.4840543537723225e-01
  -1.3794731030768059e-01
  -1.2869662413421937e-01
  -1.2057852584563235e-01
  -1.1352627617293712e-01
  -1.0748115003151451e-01
  -1.0239228745935304e-01
  -9.8216520689732786e-02
  -9.4918197799909038e-02
  -9.2469017884364527e-02
  -9.0847888519181297e-02
  -9.0040813090513691e-02
  -9.0040813090513691e-02
  -9.0847888519181297e-02
  -9.2469017884364541e-02
  -9.4918197799909065e-02
  -9.8216520689732828e-02
  -1.0239228745935308e-01
  -1.0748115003151458e-01
  -1.1352627617293719e-01
  -1.2057852584563242e-01
  -1.2869662413421948e-01
  -1.3794731030768068e-01
  -1.4840543537723239e-01
  -1.6015397113846566e-01
  -1.7328388157847580e-01
  -1.8789379205418844e-01
  -2.0408937212799025e-01
  -2.2198232372650942e-01
  -2.4168883687007706e-01
  -2.6332734049455575e-01
  -2.8701533651251526e-01
  -3.1286506325319408e-01
  -3.4097769402007855e-01
  -3.7143574537186291e-01
  -4.0429336047178338e-01
  -4.3956416471345355e-01
  -4.7720649117098896e-01
  -5.1710597798777835e-01
  -5.5905589028703384e-01
  -6.0273605548060094e-01
  -6.4769204527255175e-01
  -6.9331716845322555e-01
  -7.3884085384026432e-01
