  -3.3336395739874952e-01
  -2.8323283223283480e-01
  -2.3697292962759514e-01
  -1.9406189787041961e-01
  -1.5396251508247522e-01
  -1.1613522312688911e-01
  -8.0044661273390397e-02
  -4.5162042313015467e-02
  -1.0964759720356532e-02
   2.3065726380050486e-02
   5.7446906405069102e-02
   9.2698450363945209e-02
   1.2934498787173554e-01
   1.6791771410199424e-01
   2.0895393427876227e-01
   2.5299339095593870e-01
   3.0056983684278044e-01
   3.5219582435322866e-01
   4.0833811288925148e-01
   4.6938053781282824e-01
   5.3557084308183112e-01
   6.0694823352121208e-01
   6.8324988439579881e-01
   7.6379826113060645e-01
   8.4737788827968508e-01
   9.3212083069502982e-01
   1.0154338392483064e+00
   1.0940130815252100e+00
   1.1639965791117355e+00
   1.2212887586234036e+00
   1.2620477077449310e+00
   1.2832592198984305e+00
   1.2832592198984332e+00
   1.2620477077449386e+00
   1.2212887586234156e+00
   1.1639965791117508e+00
   1.0940130815252276e+00
   1.0154338392483255e+00
   9.3212083069504947e-01
   8.4737788827970451e-01
   7.6379826113062521e-01
   6.8324988439581658e-01
   6.0694823352122862e-01
   5.3557084308184633e-01
   4.6938053781284195e-01
   4.0833811288926392e-01
   3.5219582435323976e-01
   3.0056983684279032e-01
   2.5299339095594742e-01
   2.0895393427876996e-01
   1.6791771410200099e-01
   1.2934498787174142e-01
   9.2698450363950358e-02
   5.7446906405073564e-02
   2.3065726380054337e-02
  -1.0964759720353231e-02
  -4.5162042313012657e-02
  -8.0044661273388051e-02
  -1.1613522312688716e-01
  -1.5396251508247366e-01
  -1.9406189787041844e-01
  -2.3697292962759436e-01
  -2.8323283223283441e-01
  -3.3336395739874941e-01
  -4.1611035072575153e-01
  -5.3224170844728114e-01
  -6.5375920505184248e-01
  -7.8000817026798974e-01
  -9.0907849775796723e-01
  -1.0374732652386742e+00
  -1.1599112063192158e+00
  -1.2694479979078486e+00
  -1.3581092043319283e+00
  -1.4181090587131178e+00
  -1.4434569674248487e+00
  -1.4314395314818908e+00
  -1.3833569271589170e+00
  -1.3041651437899970e+00
  -1.2011963610532441e+00
  -1.0825254123860533e+00
  -9.5557111217227286e-01
  -8.2624988633445640e-01
  -6.9868987050611531e-01
  -5.7533736329145302e-01
  -4.8731655085821979e-01
  -4.3453781693512311e-01
  -3.8678864406033503e-01
  -3.4380876434416935e-01
  -3.0527632345956734e-01
  -2.7084005451338727e-01
  -2.4014147290609933e-01
  -2.1282954150785297e-01
  -1.8856984320551073e-01
  -1.6704986138704567e-01
  -1.4798157749190324e-01
  -1.3110227266387017e-01
  -1.1617416916471819e-01
  -1.0298335792005241e-01
  -9.1338319692376602e-02
  -8.1068247505630547e-02
  -7.2021307297604878e-02
  -6.4062924524391676e-02
  -5.7074150585644953e-02
  -5.0950140014626569e-02
  -4.5598754125124805e-02
  -4.0939296888232071e-02
  -3.6901382564456540e-02
  -3.3423930872831402e-02
  -3.0454283424365049e-02
  -2.7947434219159847e-02
  -2.5865366818380000e-02
  -2.4176491091188246e-02
  -2.2855173026045859e-02
  -2.1881351868174526e-02
  -2.1240239724305502e-02
  -2.0922099713927306e-02
  -2.0922099713927306e-02
  -2.1240239724305502e-02
  -2.1881351868174526e-02
  -2.2855173026045859e-02
  -2.4176491091188242e-02
  -2.5865366818379996e-02
  -2.7947434219159847e-02
  -3.0454283424365045e-02
  -3.3423930872831402e-02
  -3.6901382564456540e-02
  -4.0939296888232071e-02
  -4.5598754125124805e-02
  -5.0950140014626569e-02
  -5.7074150585644960e-02
  -6.4062924524391676e-02
  -7.2021307297604864e-02
  -8.1068247505630534e-02
  -9.1338319692376602e-02
  -1.0298335792005242e-01
  -1.1617416916471821e-01
  -1.3110227266387020e-01
  -1.4798157749190327e-01
  -1.6704986138704572e-01
  -1.8856984320551079e-01
  -2.1282954150785299e-01
  -2.4014147290609938e-01
  -2.7084005451338733e-01
  -3.0527632345956734e-01
  -3.4380876434416929e-01
  -3.8678864406033497e-01
  -4.3453781693512317e-01
  -4.8731655085821979e-01
