  -3.2858495232016449e-01
  -2.7951633064999037e-01
  -2.3395936263853404e-01
  -1.9144719959613096e-01
  -1.5149331926084014e-01
  -1.1360383639424504e-01
  -7.7284427654428098e-02
  -4.2043465278702431e-02
  -7.3925961488877411e-03
   2.7154271461561009e-02
   6.2082797105012306e-02
   9.7880177163544690e-02
   1.3503659497479276e-01
   1.7404542892979652e-01
   2.1540134664248267e-01
   2.5959517691789868e-01
   3.0710412768504192e-01
   3.5837552115889626e-01
   4.1380179154443192e-01
   4.7368413790503749e-01
   5.3818214578715484e-01
   6.0724723303113970e-01
   6.8053947046075436e-01
   7.5733087415436995e-01
   8.3640435064389185e-01
   9.1596631615179169e-01
   9.9360150564237548e-01
   1.0663071501913672e+00
   1.1306441137253485e+00
   1.1830268516981248e+00
   1.2201376767347913e+00
   1.2393999180130384e+00
   1.2393999180130397e+00
   1.2201376767347956e+00
   1.1830268516981310e+00
   1.1306441137253567e+00
   1.0663071501913768e+00
   9.9360150564238559e-01
   9.1596631615180191e-01
   8.3640435064390206e-01
   7.5733087415438005e-01
   6.8053947046076391e-01
   6.0724723303114847e-01
   5.3818214578716306e-01
   4.7368413790504488e-01
   4.1380179154443858e-01
   3.5837552115890225e-01
   3.0710412768504725e-01
   2.5959517691790340e-01
   2.1540134664248686e-01
   1.7404542892980021e-01
   1.3503659497479598e-01
   9.7880177163547508e-02
   6.2082797105014742e-02
   2.7154271461563108e-02
  -7.3925961488859561e-03
  -4.2043465278700932e-02
  -7.7284427654426863e-02
  -1.1360383639424404e-01
  -1.5149331926083937e-01
  -1.9144719959613041e-01
  -2.3395936263853365e-01
  -2.7951633064999021e-01
  -3.2858495232016449e-01
  -4.0908206627327931e-01
  -5.2167090305376174e-01
  -6.3903542142067538e-01
  -7.6050898360266495e-01
  -8.8428682654359303e-01
  -1.0071433607826907e+00
  -1.1242698963717492e+00
  -1.2293866902690793e+00
  -1.3152876351468794e+00
  -1.3748798892365521e+00
  -1.4025632479129484e+00
  -1.3955383895997775e+00
  -1.3545277748976901e+00
  -1.2835854659035599e+00
  -1.1890836702682033e+00
  -1.0783140185245537e+00
  -9.5820851273047236e-01
  -8.3449451478476500e-01
  -7.1133944087216738e-01
  -5.9136926230629872e-01
  -5.0529070015321897e-01
  -4.5322980471358393e-01
  -4.0575090313829881e-01
  -3.6269298770765895e-01
  -3.2381823855223713e-01
  -2.8884487775178530e-01
  -2.5747084702659812e-01
  -2.2939025998616724e-01
  -2.0430437596302772e-01
  -1.8192854434944358e-01
  -1.6199626280987531e-01
  -1.4426122041796896e-01
  -1.2849797183647435e-01
  -1.1450171158579486e-01
  -1.0208748258583815e-01
  -9.1089052908367038e-02
  -8.1357621551671214e-02
  -7.2760461531137188e-02
  -6.5179571375457657e-02
  -5.8510380107558997e-02
  -5.2660532853388960e-02
  -4.7548772048530016e-02
  -4.3103921114015925e-02
  -3.9263972230501716e-02
  -3.5975276583348148e-02
  -3.3191833562967621e-02
  -3.0874674450629559e-02
  -2.8991335796511929e-02
  -2.7515417793930991e-02
  -2.6426223327049806e-02
  -2.5708473920897739e-02
  -2.5352099486460802e-02
  -2.5352099486460805e-02
  -2.5708473920897743e-02
  -2.6426223327049816e-02
  -2.7515417793931005e-02
  -2.8991335796511947e-02
  -3.0874674450629577e-02
  -3.3191833562967642e-02
  -3.5975276583348176e-02
  -3.9263972230501744e-02
  -4.3103921114015953e-02
  -4.7548772048530037e-02
  -5.2660532853388980e-02
  -5.8510380107559018e-02
  -6.5179571375457671e-02
  -7.2760461531137202e-02
  -8.1357621551671214e-02
  -9.1089052908367066e-02
  -1.0208748258583818e-01
  -1.1450171158579490e-01
  -1.2849797183647441e-01
  -1.4426122041796902e-01
  -1.6199626280987536e-01
  -1.8192854434944358e-01
  -2.0430437596302772e-01
  -2.2939025998616724e-01
  -2.5747084702659812e-01
  -2.8884487775178519e-01
  -3.2381823855223707e-01
  -3.6269298770765890e-01
  -4.0575090313829881e-01
  -4.5322980471358387e-01
  -5.0529070015321897e-01
