  -2.6790075934239338e-01
  -2.2647488411637556e-01
  -1.8698861449470763e-01
  -1.4916262456962062e-01
  -1.1269761652775941e-01
  -7.7281622133058822e-02
  -4.2595005014485744e-02
  -8.3138100432505954e-03
   2.5887973828777808e-02
   6.0336732157301329e-02
   9.5357655584662623e-02
   1.3127282008059449e-01
   1.6839843253722614e-01
   2.0704070802448002e-01
   2.4748977296471009e-01
   2.9001090373590704e-01
   3.3483233152241854e-01
   3.8212880432500146e-01
   4.3200014904055495e-01
   4.8444430032203201e-01
   5.3932476811976826e-01
   5.9633343438110353e-01
   6.5495102722290055e-01
   7.1440967392073862e-01
   7.7366445870418055e-01
   8.3138345865486152e-01
   8.8596739956062076e-01
   9.3560952446423706e-01
   9.7840205467335295e-01
   1.0124869509899372e+00
   1.0362364351995796e+00
   1.0484361636280575e+00
   1.0484361636280572e+00
   1.0362364351995794e+00
   1.0124869509899370e+00
   9.7840205467335239e-01
   9.3560952446423640e-01
   8.8596739956062009e-01
   8.3138345865486074e-01
   7.7366445870417977e-01
   7.1440967392073784e-01
   6.5495102722289966e-01
   5.9633343438110276e-01
   5.3932476811976748e-01
   4.8444430032203123e-01
   4.3200014904055417e-01
   3.8212880432500079e-01
   3.3483233152241793e-01
   2.9001090373590643e-01
   2.4748977296470956e-01
   2.0704070802447958e-01
   1.6839843253722575e-01
   1.3127282008059415e-01
   9.5357655584662304e-02
   6.0336732157301051e-02
   2.5887973828777569e-02
  -8.3138100432507966e-03
  -4.2595005014485911e-02
  -7.7281622133058961e-02
  -1.1269761652775950e-01
  -1.4916262456962071e-01
  -1.8698861449470772e-01
  -2.2647488411637565e-01
  -2.6790075934239344e-01
  -3.3413337879593907e-01
  -4.2554980965799782e-01
  -5.1964282308536780e-01
  -6.1607993700860375e-01
  -7.1394664444234901e-01
  -8.1161142000482767e-01
  -9.0662814725205965e-01
  -9.9572646523994268e-01
  -1.0749493010430584e+00
  -1.1399841361536001e+00
  -1.1866883463777604e+00
  -1.2117319018317962e+00
  -1.2132020289961269e+00
  -1.1909836271723329e+00
  -1.1467829038931410e+00
  -1.0837856482339741e+00
  -1.0060702916224993e+00
  -9.1796022551656586e-01
  -8.2347817322874217e-01
  -7.2598979260406082e-01
  -6.5297759130105337e-01
  -6.0576970916490147e-01
  -5.6006375453471280e-01
  -5.1632168181148563e-01
  -4.7485872420595032e-01
  -4.3586804845658222e-01
  -3.9944501061521287e-01
  -3.6560931523999557e-01
  -3.3432423454448074e-01
  -3.0551263421560976e-01
  -2.7906991957628530e-01
  -2.5487421516010567e-01
  -2.3279417553365722e-01
  -2.1269483821505625e-01
  -1.9444190210077320e-01
  -1.7790476801021177e-01
  -1.6295862495562391e-01
  -1.4948581409050826e-01
  -1.3737665580803654e-01
  -1.2652988566806228e-01
  -1.1685281190899967e-01
  -1.0826128073357733e-01
  -1.0067951452325191e-01
  -9.4039871733647182e-02
  -8.8282564593132079e-02
  -8.3355361106779893e-02
  -7.9213290613183371e-02
  -7.5818366721489477e-02
  -7.3139337443411306e-02
  -7.1151469390651062e-02
  -6.9836370764961922e-02
  -6.9181856316065479e-02
  -6.9181856316065493e-02
  -6.9836370764961950e-02
  -7.1151469390651090e-02
  -7.3139337443411348e-02
  -7.5818366721489533e-02
  -7.9213290613183412e-02
  -8.3355361106779935e-02
  -8.8282564593132121e-02
  -9.4039871733647237e-02
  -1.0067951452325198e-01
  -1.0826128073357739e-01
  -1.1685281190899975e-01
  -1.2652988566806236e-01
  -1.3737665580803665e-01
  -1.4948581409050837e-01
  -1.6295862495562399e-01
  -1.7790476801021185e-01
  -1.9444190210077328e-01
  -2.1269483821505630e-01
  -2.3279417553365730e-01
  -2.5487421516010567e-01
  -2.7906991957628535e-01
  -3.0551263421560976e-01
  -3.3432423454448079e-01
  -3.6560931523999562e-01
  -3.9944501061521298e-01
  -4.3586804845658228e-01
  -4.7485872420595038e-01
  -5.1632168181148563e-01
  -5.6006375453471291e-01
  -6.0576970916490147e-01
  -6.5297759130105337e-01
