  -8.1593841155818247e-02
  -6.1182655945850858e-02
  -4.1933900321184353e-02
  -2.3483465235213170e-02
  -5.4806451850657346e-03
   1.2417653967552700e-02
   3.0552739375729485e-02
   4.9269961284448105e-02
   6.8924529216791458e-02
   8.9887278861889380e-02
   1.1255031297926398e-01
   1.3733236592248804e-01
   1.6468362323961008e-01
   1.9508954704979284e-01
   2.2907298887713934e-01
   2.6719348041625141e-01
   3.1004203817708775e-01
   3.5822905764452945e-01
   4.1236187892364906e-01
   4.7300740242000106e-01
   5.4063386584808237e-01
   6.1552495523547601e-01
   6.9765963893306338e-01
   7.8655396401334277e-01
   8.8106877492954672e-01
   9.7920251543864012e-01
   1.0779124086059633e+00
   1.1730373111905061e+00
   1.2594191088143927e+00
   1.3313128227447732e+00
   1.3831114539516198e+00
   1.4102844245158923e+00
   1.4102844245158839e+00
   1.3831114539515943e+00
   1.3313128227447335e+00
   1.2594191088143423e+00
   1.1730373111904484e+00
   1.0779124086059018e+00
   9.7920251543857806e-01
   8.8106877492948621e-01
   7.8655396401328526e-01
   6.9765963893300997e-01
   6.1552495523542716e-01
   5.4063386584803841e-01
   4.7300740241996170e-01
   4.1236187892361409e-01
   3.5822905764449858e-01
   3.1004203817706061e-01
   2.6719348041622770e-01
   2.2907298887711866e-01
   1.9508954704977488e-01
   1.6468362323959454e-01
   1.3733236592247464e-01
   1.1255031297925246e-01
   8.9887278861879513e-02
   6.8924529216783076e-02
   4.9269961284441055e-02
   3.0552739375723621e-02
   1.2417653967547918e-02
  -5.4806451850695310e-03
  -2.3483465235216053e-02
  -4.1933900321186379e-02
  -6.1182655945852059e-02
  -8.1593841155818650e-02
  -1.1493729957269412e-01
  -1.6191130854812325e-01
  -2.1200420165407854e-01
  -2.6610149520779736e-01
  -3.2508734532339267e-01
  -3.8981865491795276e-01
  -4.6107866721165375e-01
  -5.3950169884988475e-01
  -6.2545940095122388e-01
  -7.1889961984418194e-01
  -8.1913407951230166e-01
  -9.2458446540024697e-01
  -1.0325220703785922e+00
  -1.1388749461536658e+00
  -1.2382197546953722e+00
  -1.3240970158278265e+00
  -1.3897454701940946e+00
  -1.4292102488088536e+00
  -1.4385678330418534e+00
  -1.4168490065950101e+00
  -1.3791532264154527e+00
  -1.3300658605020670e+00
  -1.2609873206851432e+00
  -1.1773065806056733e+00
  -1.0846231933804189e+00
  -9.8802907568233056e-01
  -8.9168559473758280e-01
  -7.9868114360188525e-01
  -7.1108785945689901e-01
  -6.3012502176699337e-01
  -5.5635668833506680e-01
  -4.8987927569708328e-01
  -4.3047839738484467e-01
  -3.7774964021130719e-01
  -3.3118606840191361e-01
  -2.9023846998551361e-01
  -2.5435485466454161e-01
  -2.2300495326444228e-01
  -1.9569430557309328e-01
  -1.7197137434426901e-01
  -1.5143015463166021e-01
  -1.3370999653059165e-01
  -1.1849380636854361e-01
  -1.0550539836057507e-01
  -9.4506496701112899e-02
  -8.5293703747238866e-02
  -7.7695627464445610e-02
  -7.1570281515817791e-02
  -6.6802820605661409e-02
  -6.3303642391373899e-02
  -6.1006868893410650e-02
  -5.9869210403968996e-02
  -5.9869210403968982e-02
  -6.1006868893410601e-02
  -6.3303642391373816e-02
  -6.6802820605661298e-02
  -7.1570281515817624e-02
  -7.7695627464445402e-02
  -8.5293703747238631e-02
  -9.4506496701112608e-02
  -1.0550539836057475e-01
  -1.1849380636854323e-01
  -1.3370999653059121e-01
  -1.5143015463165971e-01
  -1.7197137434426843e-01
  -1.9569430557309261e-01
  -2.2300495326444153e-01
  -2.5435485466454072e-01
  -2.9023846998551261e-01
  -3.3118606840191245e-01
  -3.7774964021130586e-01
  -4.3047839738484306e-01
  -4.8987927569708156e-01
  -5.5635668833506480e-01
  -6.3012502176699114e-01
  -7.1108785945689656e-01
  -7.9868114360188269e-01
  -8.9168559473758002e-01
  -9.8802907568232767e-01
  -1.0846231933804162e+00
  -1.1773065806056706e+00
  -1.2609873206851410e+00
  -1.3300658605020657e+00
  -1.3791532264154522e+00
