  -4.6164945697553916e-02
  -3.3941714586450317e-02
  -2.2800377997055993e-02
  -1.2386082900480494e-02
  -2.3668334938519906e-03
   7.5769206243565959e-03
   1.7762349494831697e-02
   2.8514240923918115e-02
   4.0175212094451067e-02
   5.3116413157504185e-02
   6.7748994383878186e-02
   8.4536589764900041e-02
   1.0400902652590872e-01
   1.2677737886840046e-01
   1.5355030588772306e-01
   1.8515128140061618e-01
   2.2253572697360532e-01
   2.6680601987165581e-01
   3.1922058406975168e-01
   3.8119036532268613e-01
   4.5425136586117548e-01
   5.3999491306450598e-01
   6.3992754747807057e-01
   7.5522060679059477e-01
   8.8629983662545808e-01
   1.0322290223528499e+00
   1.1898824234974645e+00
   1.3530153745511184e+00
   1.5115597236993823e+00
   1.6517445487844753e+00
   1.7577478059477218e+00
   1.8151298113849885e+00
   1.8151298113848484e+00
   1.7577478059473235e+00
   1.6517445487838773e+00
   1.5115597236986602e+00
   1.3530153745503444e+00
   1.1898824234966958e+00
   1.0322290223521251e+00
   8.8629983662479894e-01
   7.5522060679001013e-01
   6.3992754747756087e-01
   5.3999491306406733e-01
   4.5425136586080117e-01
   3.8119036532236866e-01
   3.1922058406948356e-01
   2.6680601987143016e-01
   2.2253572697341575e-01
   1.8515128140045722e-01
   1.5355030588759003e-01
   1.2677737886828927e-01
   1.0400902652581594e-01
   8.4536589764822756e-02
   6.7748994383813974e-02
   5.3116413157451012e-02
   4.0175212094407234e-02
   2.8514240923882238e-02
   1.7762349494802633e-02
   7.5769206243334183e-03
  -2.3668334938700222e-03
  -1.2386082900493955e-02
  -2.2800377997065316e-02
  -3.3941714586455791e-02
  -4.6164945697555720e-02
  -6.6960343081781143e-02
  -9.7067271512651723e-02
  -1.3036828650027341e-01
  -1.6793944037123057e-01
  -2.1097371032871640e-01
  -2.6080220918054214e-01
  -3.1890700317853971e-01
  -3.8691714884186618e-01
  -4.6657359740026999e-01
  -5.5963961802532181e-01
  -6.6772100326440509e-01
  -7.9194609340448441e-01
  -9.3244628973377530e-01
  -1.0875907656824904e+00
  -1.2529991337872202e+00
  -1.4205303467808890e+00
  -1.5777431373545869e+00
  -1.7086216269703547e+00
  -1.7962832497208505e+00
  -1.8274727400055080e+00
  -1.8048158404672068e+00
  -1.7341391580739900e+00
  -1.6182500483369517e+00
  -1.4722891275874692e+00
  -1.3117712450381334e+00
  -1.1495837885830569e+00
  -9.9477949005895849e-01
  -8.5272970483176114e-01
  -7.2592703203737075e-01
  -6.1490536062893186e-01
  -5.1901567376733670e-01
  -4.3698609655002540e-01
  -3.6728664310068909e-01
  -3.0834754155272542e-01
  -2.5867875324312584e-01
  -2.1692744674554734e-01
  -1.8189875861562335e-01
  -1.5255612931437798e-01
  -1.2801118377449716e-01
  -1.0750900994923722e-01
  -9.0412127568344158e-02
  -7.6184899326596098e-02
  -6.4379238072614739e-02
  -5.4621955619259657e-02
  -4.6603823364769759e-02
  -4.0070275015081355e-02
  -3.4813619120061805e-02
  -3.0666609534228579e-02
  -2.7497225354109325e-02
  -2.5204527021814565e-02
  -2.3715475824841820e-02
  -2.2982626620065602e-02
  -2.2982626620065612e-02
  -2.3715475824841837e-02
  -2.5204527021814600e-02
  -2.7497225354109377e-02
  -3.0666609534228648e-02
  -3.4813619120061888e-02
  -4.0070275015081459e-02
  -4.6603823364769890e-02
  -5.4621955619259817e-02
  -6.4379238072614933e-02
  -7.6184899326596334e-02
  -9.0412127568344436e-02
  -1.0750900994923755e-01
  -1.2801118377449755e-01
  -1.5255612931437845e-01
  -1.8189875861562388e-01
  -2.1692744674554795e-01
  -2.5867875324312656e-01
  -3.0834754155272626e-01
  -3.6728664310069009e-01
  -4.3698609655002651e-01
  -5.1901567376733804e-01
  -6.1490536062893353e-01
  -7.2592703203737274e-01
  -8.5272970483176336e-01
  -9.9477949005896071e-01
  -1.1495837885830593e+00
  -1.3117712450381358e+00
  -1.4722891275874717e+00
  -1.6182500483369537e+00
  -1.7341391580739918e+00
  -1.8048158404672074e+00
