  -2.4009843320645324e-01
  -2.0121248789662713e-01
  -1.6400952945820338e-01
  -1.2822134084729309e-01
  -9.3565057717291136e-02
  -5.9748606289651965e-02
  -2.6474424346717297e-02
   6.5580154945851102e-03
   3.9650420766690501e-02
   7.3104214295028336e-02
   1.0721899044091693e-01
   1.4229048862938273e-01
   1.7860765214804911e-01
   2.1644829089062168e-01
   2.5607280169804997e-01
   2.9771532980713533e-01
   3.4157169867556003e-01
   3.8778342499166446e-01
   4.3641722083336104e-01
   4.8743963784633654e-01
   5.4068702367338373e-01
   5.9583184614788209e-01
   6.5234778717005926e-01
   7.0947783205803150e-01
   7.6621172962754258e-01
   8.2128123879560666e-01
   8.7318270845541968e-01
   9.2023564170691885e-01
   9.6068185191228161e-01
   9.9282213560410770e-01
   1.0151769974672404e+00
   1.0266476744175357e+00
   1.0266476744175357e+00
   1.0151769974672402e+00
   9.9282213560410737e-01
   9.6068185191228128e-01
   9.2023564170691841e-01
   8.7318270845541912e-01
   8.2128123879560599e-01
   7.6621172962754192e-01
   7.0947783205803094e-01
   6.5234778717005859e-01
   5.9583184614788154e-01
   5.4068702367338317e-01
   4.8743963784633598e-01
   4.3641722083336054e-01
   3.8778342499166402e-01
   3.4157169867555953e-01
   2.9771532980713489e-01
   2.5607280169804958e-01
   2.1644829089062131e-01
   1.7860765214804875e-01
   1.4229048862938240e-01
   1.0721899044091665e-01
   7.3104214295028072e-02
   3.9650420766690272e-02
   6.5580154945849073e-03
  -2.6474424346717474e-02
  -5.9748606289652118e-02
  -9.3565057717291275e-02
  -1.2822134084729320e-01
  -1.6400952945820346e-01
  -2.0121248789662718e-01
  -2.4009843320645324e-01
  -3.0207938360570491e-01
  -3.8754130536354897e-01
  -4.7551608028035364e-01
  -5.6585205197375188e-01
  -6.5793315980415645e-01
  -7.5056057295245782e-01
  -8.4185276358834304e-01
  -9.2919964065642213e-01
  -1.0093169886373563e+00
  -1.0784463474432306e+00
  -1.1327221848557896e+00
  -1.1686781274581921e+00
  -1.1837985084256368e+00
  -1.1769715944667156e+00
  -1.1487033343790183e+00
  -1.1010190810733818e+00
  -1.0370870849019009e+00
  -9.6068604967640192e-01
  -8.7566718285893541e-01
  -7.8552741097767242e-01
  -7.1666316771784055e-01
  -6.7077400373749574e-01
  -6.2520104910680563e-01
  -5.8063461263471516e-01
  -5.3760443677021275e-01
  -4.9649532623243159e-01
  -4.5756724296175177e-01
  -4.2097676734045847e-01
  -3.8679783410488450e-01
  -3.5504050662468356e-01
  -3.2566719898644669e-01
  -2.9860619708279718e-01
  -2.7376260262436192e-01
  -2.5102697084037590e-01
  -2.3028197357259567e-01
  -2.1140742655145556e-01
  -1.9428399625914153e-01
  -1.7879586374427464e-01
  -1.6483258000541792e-01
  -1.5229030586978229e-01
  -1.4107259162846511e-01
  -1.3109081926410748e-01
  -1.2226440310514436e-01
  -1.1452082279595593e-01
  -1.0779554496559909e-01
  -1.0203187621562135e-01
  -9.7180779357349756e-02
  -9.3200676606675484e-02
  -9.0057257170596525e-02
  -8.7723301901293488e-02
  -8.6178534094903989e-02
  -8.5409502784453459e-02
  -8.5409502784453459e-02
  -8.6178534094903975e-02
  -8.7723301901293460e-02
  -9.0057257170596511e-02
  -9.3200676606675442e-02
  -9.7180779357349700e-02
  -1.0203187621562128e-01
  -1.0779554496559901e-01
  -1.1452082279595585e-01
  -1.2226440310514426e-01
  -1.3109081926410737e-01
  -1.4107259162846497e-01
  -1.5229030586978215e-01
  -1.6483258000541778e-01
  -1.7879586374427450e-01
  -1.9428399625914139e-01
  -2.1140742655145539e-01
  -2.3028197357259550e-01
  -2.5102697084037573e-01
  -2.7376260262436181e-01
  -2.9860619708279701e-01
  -3.2566719898644653e-01
  -3.5504050662468334e-01
  -3.8679783410488439e-01
  -4.2097676734045825e-01
  -4.5756724296175161e-01
  -4.9649532623243142e-01
  -5.3760443677021252e-01
  -5.8063461263471494e-01
  -6.2520104910680563e-01
  -6.7077400373749563e-01
  -7.1666316771784055e-01
