  -1.2703079944905454e-01
  -9.9163132789047176e-02
  -7.2531377752922926e-02
  -4.6810004738288023e-02
  -2.1678940193095176e-02
   3.1780177445432595e-03
   2.8075186430852980e-02
   5.3327163068777335e-02
   7.9250963459572013e-02
   1.0616792905272561e-01
   1.3440516641441103e-01
   1.6429622506382044e-01
   1.9618062968482913e-01
   2.3040175689773815e-01
   2.6730238169426007e-01
   3.0721701444774135e-01
   3.5045991477826832e-01
   3.9730742899217042e-01
   4.4797310853195743e-01
   5.0257403062393513e-01
   5.6108703035677188e-01
   6.2329442186715345e-01
   6.8872056921699742e-01
   7.5656371202726380e-01
   8.2563194394079520e-01
   8.9429788470913885e-01
   9.6049214083220591e-01
   1.0217585575484851e+00
   1.0753908165826669e+00
   1.1186566131925666e+00
   1.1490918799536973e+00
   1.1648187162636878e+00
   1.1648187162636878e+00
   1.1490918799536969e+00
   1.1186566131925662e+00
   1.0753908165826662e+00
   1.0217585575484842e+00
   9.6049214083220491e-01
   8.9429788470913774e-01
   8.2563194394079409e-01
   7.5656371202726258e-01
   6.8872056921699631e-01
   6.2329442186715234e-01
   5.6108703035677088e-01
   5.0257403062393424e-01
   4.4797310853195660e-01
   3.9730742899216959e-01
   3.5045991477826760e-01
   3.0721701444774080e-01
   2.6730238169425952e-01
   2.3040175689773762e-01
   1.9618062968482869e-01
   1.6429622506382002e-01
   1.3440516641441067e-01
   1.0616792905272529e-01
   7.9250963459571763e-02
   5.3327163068777113e-02
   2.8075186430852793e-02
   3.1780177445431047e-03
  -2.1678940193095297e-02
  -4.6810004738288107e-02
  -7.2531377752922996e-02
  -9.9163132789047231e-02
  -1.2703079944905457e-01
  -1.7173125675318146e-01
  -2.3384986715798273e-01
  -2.9878265223088835e-01
  -3.6710435032065514e-01
  -4.3925586880403505e-01
  -5.1547881010197938e-01
  -5.9572942219978753e-01
  -6.7957225459045167e-01
  -7.6605961162361369e-01
  -8.5361246343592623e-01
  -9.3993162238352723e-01
  -1.0219819827867549e+00
  -1.0961006186075402e+00
  -1.1582707628202653e+00
  -1.2045679650572640e+00
  -1.2317223466910634e+00
  -1.2376726587903546e+00
  -1.2219527477839200e+00
  -1.1857827895328761e+00
  -1.1318334498330358e+00
  -1.0810770478286666e+00
  -1.0369768963468242e+00
  -9.8450260476433071e-01
  -9.2609101806637073e-01
  -8.6408668416240952e-01
  -8.0057901269736043e-01
  -7.3730999476130299e-01
  -6.7564368639270056e-01
  -6.1658085255938466e-01
  -5.6080104031468392e-01
  -5.0871720526855468e-01
  -4.6053234467734000e-01
  -4.1629176059467815e-01
  -3.7592783696294491e-01
  -3.3929641540806121e-01
  -3.0620514913544244e-01
  -2.7643485202975154e-01
  -2.4975507680083078e-01
  -2.2593513334694465e-01
  -2.0475161934650532e-01
  -1.8599335455207228e-01
  -1.6946442967550809e-01
  -1.5498591984509910e-01
  -1.4239667843397225e-01
  -1.3155351988591149e-01
  -1.2233101712074532e-01
  -1.1462107619192739e-01
  -1.0833240404486466e-01
  -1.0338995086612181e-01
  -9.9734383593700321e-02
  -9.7321629243658850e-02
  -9.6122513886197802e-02
  -9.6122513886197816e-02
  -9.7321629243658891e-02
  -9.9734383593700363e-02
  -1.0338995086612188e-01
  -1.0833240404486476e-01
  -1.1462107619192750e-01
  -1.2233101712074547e-01
  -1.3155351988591166e-01
  -1.4239667843397247e-01
  -1.5498591984509932e-01
  -1.6946442967550834e-01
  -1.8599335455207258e-01
  -2.0475161934650565e-01
  -2.2593513334694504e-01
  -2.4975507680083125e-01
  -2.7643485202975210e-01
  -3.0620514913544300e-01
  -3.3929641540806188e-01
  -3.7592783696294563e-01
  -4.1629176059467876e-01
  -4.6053234467734078e-01
  -5.0871720526855546e-01
  -5.6080104031468470e-01
  -6.1658085255938555e-01
  -6.7564368639270123e-01
  -7.3730999476130377e-01
  -8.0057901269736120e-01
  -8.6408668416241019e-01
  -9.2609101806637129e-01
  -9.8450260476433138e-01
  -1.0369768963468247e+00
  -1.0810770478286671e+00
