   4.5193295552408475e-01
   4.5193295552408475e-01
   4.5193295552408469e-01
   4.5193295552408469e-01
   4.5193295552408469e-01
   4.5193295552408463e-01
   4.5193295552408458e-01
   4.5193295552408458e-01
   4.5193295552408458e-01
   4.5193295552408458e-01
   4.5193295552408458e-01
   4.5193295552408452e-01
   4.5193295552408452e-01
   4.5193295552408452e-01
   4.5193295552408452e-01
   4.5193295552408452e-01
   4.5193295552408452e-01
   4.5193295552408452e-01
   4.5193295552408452e-01
   4.5193295552408452e-01
   4.5193295552408447e-01
   4.5193295552408447e-01
   4.5193295552408441e-01
   4.5193295552408441e-01
   4.5193295552408441e-01
   4.5193295552408441e-01
   4.5193295552408441e-01
   4.5193295552408447e-01
   4.5193295552408447e-01
   4.5193295552408447e-01
   4.5193295552408447e-01
   4.5193295552408447e-01
   4.5193295552408447e-01
   4.5193295552408447e-01
   4.5193295552408452e-01
   4.5193295552408452e-01
   4.5193295552408452e-01
   4.5193295552408452e-01
   4.5193295552408452e-01
   4.5193295552408452e-01
   4.5193295552408452e-01
   4.5193295552408452e-01
   4.5193295552408458e-01
   4.5193295552408463e-01
   4.5193295552408463e-01
   4.5193295552408463e-01
   4.5193295552408463e-01
   4.5193295552408463e-01
   4.5193295552408463e-01
   4.5193295552408469e-01
   4.5193295552408469e-01
   4.5193295552408469e-01
   4.5193295552408469e-01
   4.5193295552408469e-01
   4.5193295552408475e-01
   4.5193295552408475e-01
   4.5193295552408475e-01
   4.5193295552408475e-01
   4.5193295552408475e-01
   4.5193295552408475e-01
   4.5193295552408475e-01
   4.5193295552408475e-01
   4.5193295552408475e-01
   4.5193295552408475e-01
   4.5193295552408480e-01
   4.5193295552408497e-01
   4.5193295552408508e-01
   4.5193295552408513e-01
   4.5193295552408524e-01
   4.5193295552408536e-01
   4.5193295552408547e-01
   4.5193295552408552e-01
   4.5193295552408558e-01
   4.5193295552408563e-01
   4.5193295552408574e-01
   4.5193295552408580e-01
   4.5193295552408586e-01
   4.5193295552408586e-01
   4.5193295552408586e-01
   4.5193295552408586e-01
   4.5193295552408586e-01
   4.5193295552408591e-01
   4.5193295552408586e-01
   4.5193295552408586e-01
   4.5193295552408586e-01
   4.5193295552408580e-01
   4.5193295552408574e-01
   4.5193295552408574e-01
   4.5193295552408563e-01
   4.5193295552408552e-01
   4.5193295552408547e-01
   4.5193295552408536e-01
   4.5193295552408519e-01
   4.5193295552408513e-01
   4.5193295552408497e-01
   4.5193295552408491e-01
   4.5193295552408480e-01
   4.5193295552408463e-01
   4.5193295552408452e-01
   4.5193295552408441e-01
   4.5193295552408430e-01
   4.5193295552408413e-01
   4.5193295552408408e-01
   4.5193295552408391e-01
   4.5193295552408386e-01
   4.5193295552408375e-01
   4.5193295552408369e-01
   4.5193295552408358e-01
   4.5193295552408352e-01
   4.5193295552408347e-01
   4.5193295552408341e-01
   4.5193295552408330e-01
   4.5193295552408325e-01
   4.5193295552408325e-01
   4.5193295552408325e-01
   4.5193295552408325e-01
   4.5193295552408325e-01
   4.5193295552408325e-01
   4.5193295552408325e-01
   4.5193295552408330e-01
   4.5193295552408330e-01
   4.5193295552408347e-01
   4.5193295552408347e-01
   4.5193295552408352e-01
   4.5193295552408363e-01
   4.5193295552408375e-01
   4.5193295552408386e-01
   4.5193295552408391e-01
   4.5193295552408402e-01
   4.5193295552408413e-01
   4.5193295552408430e-01
   4.5193295552408441e-01
   4.5193295552408452e-01
   4.5193295552408463e-01
   4.5193295552408475e-01
   4.5193295552408486e-01
   4.5193295552408497e-01
   4.5193295552408513e-01
   4.5193295552408524e-01
   4.5193295552408530e-01
   4.5193295552408547e-01
   4.5193295552408552e-01
   4.5193295552408558e-01
   4.5193295552408569e-01
   4.5193295552408574e-01
   4.5193295552408580e-01
   4.5193295552408586e-01
   4.5193295552408591e-01
