   2.6580588558640250e-01
   2.7109091739882746e-01
   2.7655997398176024e-01
   2.8220080045616203e-01
   2.8799975455111987e-01
   2.9394172874226854e-01
   3.0001008079441649e-01
   3.0618657543211492e-01
   3.1245134010952397e-01
   3.1878283805754309e-01
   3.2515786193289631e-01
   3.3155155145982113e-01
   3.3793743841808827e-01
   3.4428752216898034e-01
   3.5057237860255153e-01
   3.5676130491693769e-01
   3.6282250199070276e-01
   3.6872329527644848e-01
   3.7443039413191065e-01
   3.7991018832871931e-01
   3.8512907916714867e-01
   3.9005384121958320e-01
   3.9465200928175131e-01
   3.9889228369680962e-01
   4.0274494591016202e-01
   4.0618227499449272e-01
   4.0917895503643631e-01
   4.1171246277325174e-01
   4.1376342477089811e-01
   4.1531593378512077e-01
   4.1635781476032141e-01
   4.1688083218398264e-01
   4.1688083218398264e-01
   4.1635781476032135e-01
   4.1531593378512072e-01
   4.1376342477089806e-01
   4.1171246277325163e-01
   4.0917895503643614e-01
   4.0618227499449255e-01
   4.0274494591016186e-01
   3.9889228369680946e-01
   3.9465200928175115e-01
   3.9005384121958298e-01
   3.8512907916714845e-01
   3.7991018832871915e-01
   3.7443039413191037e-01
   3.6872329527644826e-01
   3.6282250199070254e-01
   3.5676130491693742e-01
   3.5057237860255119e-01
   3.4428752216898006e-01
   3.3793743841808799e-01
   3.3155155145982085e-01
   3.2515786193289603e-01
   3.1878283805754293e-01
   3.1245134010952369e-01
   3.0618657543211469e-01
   3.0001008079441627e-01
   2.9394172874226837e-01
   2.8799975455111970e-01
   2.8220080045616197e-01
   2.7655997398176019e-01
   2.7109091739882740e-01
   2.6580588558640250e-01
   2.5807616951309853e-01
   2.4792410504942078e-01
   2.3800627548712211e-01
   2.2833625144098671e-01
   2.1892455859579490e-01
   2.0977898008689472e-01
   2.0090484876633410e-01
   1.9230532559899985e-01
   1.8398166156990517e-01
   1.7593344143583695e-01
   1.6815880843339132e-01
   1.6065466967698225e-01
   1.5341688246308521e-01
   1.4644042205989147e-01
   1.3971953182340124e-01
   1.3324785665926786e-01
   1.2701856096027955e-01
   1.2102443220620902e-01
   1.1525797142793347e-01
   1.0971147172142362e-01
   1.0437708595788502e-01
   9.9246884780912314e-02
   9.4312905915526893e-02
   8.9567195741770550e-02
   8.5001844010491850e-02
   8.0609012503629437e-02
   7.6380958367537763e-02
   7.2310052777038961e-02
   6.8388795520812271e-02
   6.4609826036004847e-02
   6.0965931361860640e-02
   5.7450051428816228e-02
   5.4055282050862893e-02
   5.0774875944873586e-02
   4.7602242060829553e-02
   4.4530943471191173e-02
   4.1554694035756692e-02
   3.8667354029943680e-02
   3.5862924899215248e-02
   3.3135543280066376e-02
   3.1155611464895695e-02
   2.9916519432010777e-02
   2.8739600468409232e-02
   2.7622446923750141e-02
   2.6562769148806842e-02
   2.5558391605819242e-02
   2.4607249102689407e-02
   2.3707383157710395e-02
   2.2856938499953180e-02
   2.2054159709110836e-02
   2.1297387997482670e-02
   2.0585058135845876e-02
   1.9915695524185473e-02
   1.9287913407613388e-02
   1.8700410237286837e-02
   1.8151967175718289e-02
   1.7641445745540798e-02
   1.7167785620540815e-02
   1.6730002557585551e-02
   1.6327186467944121e-02
   1.5958499626423098e-02
   1.5623175016700901e-02
   1.5320514811245351e-02
   1.5049888984229817e-02
   1.4810734055920642e-02
   1.4602551967088586e-02
   1.4424909082095681e-02
   1.4277435319423949e-02
   1.4159823408540519e-02
   1.4071828272132917e-02
   1.4013266532896659e-02
   1.3984016144212626e-02
   1.3984016144212626e-02
   1.4013266532896659e-02
   1.4071828272132917e-02
   1.4159823408540519e-02
   1.4277435319423951e-02
   1.4424909082095679e-02
   1.4602551967088586e-02
   1.4810734055920644e-02
   1.5049888984229815e-02
   1.5320514811245352e-02
   1.5623175016700899e-02
   1.5958499626423098e-02
   1.6327186467944121e-02
   1.6730002557585555e-02
   1.7167785620540815e-02
   1.7641445745540798e-02
   1.8151967175718289e-02
   1.8700410237286837e-02
   1.9287913407613388e-02
   1.9915695524185473e-02
   2.0585058135845876e-02
   2.1297387997482670e-02
   2.2054159709110836e-02
   2.2856938499953183e-02
   2.3707383157710399e-02
   2.4607249102689407e-02
   2.5558391605819245e-02
   2.6562769148806845e-02
   2.7622446923750144e-02
   2.8739600468409232e-02
   2.9916519432010780e-02
   3.1155611464895695e-02
