   1.4679655553049931e-01
   1.5417887561353427e-01
   1.6270386538127532e-01
   1.7242623363319939e-01
   1.8340669995671932e-01
   1.9571156893122460e-01
   2.0941209614483350e-01
   2.2458357719720867e-01
   2.4130407469905929e-01
   2.5965267993683172e-01
   2.7970718595716448e-01
   3.0154102865510263e-01
   3.2521933441465173e-01
   3.5079390089783336e-01
   3.7829693778434786e-01
   4.0773341542269953e-01
   4.3907192342157175e-01
   4.7223404327968987e-01
   5.0708240642951574e-01
   5.4340785809990411e-01
   5.8091648863882894e-01
   6.1921772290624999e-01
   6.5781514346277747e-01
   6.9610219222083403e-01
   7.3336522491663814e-01
   7.6879641182579650e-01
   8.0151849320511537e-01
   8.3062225259059930e-01
   8.5521573440434173e-01
   8.7448189166792356e-01
   8.8773895766301891e-01
   8.9449605349834527e-01
   8.9449605349834582e-01
   8.8773895766302091e-01
   8.7448189166792678e-01
   8.5521573440434606e-01
   8.3062225259060452e-01
   8.0151849320512147e-01
   7.6879641182580327e-01
   7.3336522491664513e-01
   6.9610219222084135e-01
   6.5781514346278480e-01
   6.1921772290625732e-01
   5.8091648863883627e-01
   5.4340785809991110e-01
   5.0708240642952240e-01
   4.7223404327969615e-01
   4.3907192342157769e-01
   4.0773341542270508e-01
   3.7829693778435292e-01
   3.5079390089783796e-01
   3.2521933441465589e-01
   3.0154102865510640e-01
   2.7970718595716787e-01
   2.5965267993683466e-01
   2.4130407469906195e-01
   2.2458357719721098e-01
   2.0941209614483550e-01
   1.9571156893122621e-01
   1.8340669995672065e-01
   1.7242623363320042e-01
   1.6270386538127607e-01
   1.5417887561353472e-01
   1.4679655553049947e-01
   1.3724753622998673e-01
   1.2550647759100392e-01
   1.1475062579277442e-01
   1.0490147972971681e-01
   9.5885754906764195e-02
   8.7635294725729729e-02
   8.0086906056767784e-02
   7.3182144442891492e-02
   6.6867067976108530e-02
   6.1091973973793567e-02
   5.5811128793394366e-02
   5.0982498219051958e-02
   4.6567483644384129e-02
   4.2530667607818748e-02
   3.8839570988052262e-02
   3.5464423240837602e-02
   3.2377946378698196e-02
   2.9555152903405140e-02
   2.6973157551515175e-02
   2.4611002470777056e-02
   2.2449495282772083e-02
   2.0471059384114719e-02
   1.8659595779172939e-02
   1.7000355709639765e-02
   1.5479823341377550e-02
   1.4085607779977033e-02
   1.2806343708344646e-02
   1.1631599968572095e-02
   1.0551795443559163e-02
   9.5581216293076521e-03
   8.6424713249998106e-03
   7.7973729038603229e-03
   7.0159296626363743e-03
   6.2917637808102729e-03
   5.6189644520524863e-03
   4.9920397797262881e-03
   4.4058720553564225e-03
   3.8556760638268255e-03
   3.3369600816751952e-03
   2.8454892552337531e-03
   2.4964472169780056e-03
   2.2862469492485570e-03
   2.0940381866118175e-03
   1.9183083858867456e-03
   1.7576746734880285e-03
   1.6108729657317729e-03
   1.4767480232874004e-03
   1.3542443616668463e-03
   1.2423979463418704e-03
   1.1403286072266536e-03
   1.0472331129022434e-03
   9.6237885013465837e-04
   8.8509805898911347e-04
   8.1478257820535003e-04
   7.5087905950709443e-04
   6.9288461320324063e-04
   6.4034285082802090e-04
   5.9284029368857820e-04
   5.5000311906530425e-04
   5.1149421846549345e-04
   4.7701054478507278e-04
   4.4628072750557755e-04
   4.1906293716196733e-04
   3.9514298227784486e-04
   3.7433262379352682e-04
   3.5646809372358551e-04
   3.4140880638736391e-04
   3.2903625207119188e-04
   3.1925306441650146e-04
   3.1198225419504244e-04
   3.0716660344167721e-04
   3.0476821517708960e-04
   3.0476821517708960e-04
   3.0716660344167715e-04
   3.1198225419504228e-04
   3.1925306441650130e-04
   3.2903625207119166e-04
   3.4140880638736364e-04
   3.5646809372358518e-04
   3.7433262379352639e-04
   3.9514298227784437e-04
   4.1906293716196678e-04
   4.4628072750557696e-04
   4.7701054478507213e-04
   5.1149421846549258e-04
   5.5000311906530338e-04
   5.9284029368857722e-04
   6.4034285082801993e-04
   6.9288461320323976e-04
   7.5087905950709346e-04
   8.1478257820534917e-04
   8.8509805898911260e-04
   9.6237885013465729e-04
   1.0472331129022425e-03
   1.1403286072266528e-03
   1.2423979463418696e-03
   1.3542443616668457e-03
   1.4767480232873997e-03
   1.6108729657317723e-03
   1.7576746734880280e-03
   1.9183083858867452e-03
   2.0940381866118175e-03
   2.2862469492485570e-03
   2.4964472169780052e-03
