  -8.7741755e-03
  -2.6314038e-02
  -4.3828444e-02
  -6.1300448e-02
  -7.8713148e-02
  -9.6049698e-02
  -1.1329333e-01
  -1.3042735e-01
  -1.4743520e-01
  -1.6430041e-01
  -1.8100667e-01
  -1.9753781e-01
  -2.1387786e-01
  -2.3001099e-01
  -2.4592160e-01
  -2.6159429e-01
  -2.7701391e-01
  -2.9216554e-01
  -3.0703452e-01
  -3.2160645e-01
  -3.3586726e-01
  -3.4980314e-01
  -3.6340060e-01
  -3.7664650e-01
  -3.8952802e-01
  -4.0203269e-01
  -4.1414842e-01
  -4.2586349e-01
  -4.3716657e-01
  -4.4804672e-01
  -4.5849340e-01
  -4.6849653e-01
  -4.7804642e-01
  -4.8713382e-01
  -4.9574996e-01
  -5.0388649e-01
  -5.1153554e-01
  -5.1868972e-01
  -5.2534210e-01
  -5.3148624e-01
  -5.3711620e-01
  -5.4222654e-01
  -5.4681231e-01
  -5.5086907e-01
  -5.5439290e-01
  -5.5738040e-01
  -5.5982866e-01
  -5.6173533e-01
  -5.6309855e-01
  -5.6391701e-01
  -5.6418992e-01
  -5.6391701e-01
  -5.6309855e-01
  -5.6173533e-01
  -5.5982866e-01
  -5.5738040e-01
  -5.5439290e-01
  -5.5086907e-01
  -5.4681231e-01
  -5.4222654e-01
  -5.3711620e-01
  -5.3148624e-01
  -5.2534210e-01
  -5.1868972e-01
  -5.1153554e-01
  -5.0388649e-01
  -4.9574996e-01
  -4.8713382e-01
  -4.7804642e-01
  -4.6849653e-01
  -4.5849340e-01
  -4.4804672e-01
  -4.3716657e-01
  -4.2586349e-01
  -4.1414842e-01
  -4.0203269e-01
  -3.8952802e-01
  -3.7664650e-01
  -3.6340060e-01
  -3.4980314e-01
  -3.3586726e-01
  -3.2160645e-01
  -3.0703452e-01
  -2.9216554e-01
  -2.7701391e-01
  -2.6159429e-01
  -2.4592160e-01
  -2.3001099e-01
  -2.1387786e-01
  -1.9753781e-01
  -1.8100667e-01
  -1.6430041e-01
  -1.4743520e-01
  -1.3042735e-01
  -1.1329333e-01
  -9.6049698e-02
  -7.8713148e-02
  -6.1300448e-02
  -4.3828444e-02
  -2.6314038e-02
  -8.7741755e-03
   8.7741755e-03
   2.6314038e-02
   4.3828444e-02
   6.1300448e-02
   7.8713148e-02
   9.6049698e-02
   1.1329333e-01
   1.3042735e-01
   1.4743520e-01
   1.6430041e-01
   1.8100667e-01
   1.9753781e-01
   2.1387786e-01
   2.3001099e-01
   2.4592160e-01
   2.6159429e-01
   2.7701391e-01
   2.9216554e-01
   3.0703452e-01
   3.2160645e-01
   3.3586726e-01
   3.4980314e-01
   3.6340060e-01
   3.7664650e-01
   3.8952802e-01
   4.0203269e-01
   4.1414842e-01
   4.2586349e-01
   4.3716657e-01
   4.4804672e-01
   4.5849340e-01
   4.6849653e-01
   4.7804642e-01
   4.8713382e-01
   4.9574996e-01
   5.0388649e-01
   5.1153554e-01
   5.1868972e-01
   5.2534210e-01
   5.3148624e-01
   5.3711620e-01
   5.4222654e-01
   5.4681231e-01
   5.5086907e-01
   5.5439290e-01
   5.5738040e-01
   5.5982866e-01
   5.6173533e-01
   5.6309855e-01
   5.6391701e-01
   5.6418992e-01
   5.6391701e-01
   5.6309855e-01
   5.6173533e-01
   5.5982866e-01
   5.5738040e-01
   5.5439290e-01
   5.5086907e-01
   5.4681231e-01
   5.4222654e-01
   5.3711620e-01
   5.3148624e-01
   5.2534210e-01
   5.1868972e-01
   5.1153554e-01
   5.0388649e-01
   4.9574996e-01
   4.8713382e-01
   4.7804642e-01
   4.6849653e-01
   4.5849340e-01
   4.4804672e-01
   4.3716657e-01
   4.2586349e-01
   4.1414842e-01
   4.0203269e-01
   3.8952802e-01
   3.7664650e-01
   3.6340060e-01
   3.4980314e-01
   3.3586726e-01
   3.2160645e-01
   3.0703452e-01
   2.9216554e-01
   2.7701391e-01
   2.6159429e-01
   2.4592160e-01
   2.3001099e-01
   2.1387786e-01
   1.9753781e-01
   1.8100667e-01
   1.6430041e-01
   1.4743520e-01
   1.3042735e-01
   1.1329333e-01
   9.6049698e-02
   7.8713148e-02
   6.1300448e-02
   4.3828444e-02
   2.6314038e-02
   8.7741755e-03
  -4.1256414e-16
  -7.7616601e-16
  -4.5155777e-16
  -5.2172504e-16
  -4.1478656e-16
  -4.0880626e-16
  -4.0432336e-16
  -5.5977729e-16
  -4.3358775e-16
  -6.4882012e-16
  -7.1327644e-16
  -4.9685949e-16
  -6.8740715e-16
  -6.7828493e-16
  -9.6883777e-16
  -1.0480572e-15
  -1.1701197e-15
  -1.3236468e-15
  -1.4968940e-15
  -1.4142030e-15
  -1.5365412e-15
  -1.4088218e-15
  -1.6118417e-15
  -1.6954328e-15
  -1.8171307e-15
  -2.1162114e-15
  -2.0167139e-15
  -2.4004424e-15
  -2.3820679e-15
  -2.6586742e-15
  -2.6388362e-15
  -2.9297163e-15
  -3.1680869e-15
  -3.2144250e-15
  -3.3147553e-15
  -3.4004028e-15
  -3.6013908e-15
  -3.7705010e-15
  -3.7864004e-15
  -3.8989045e-15
  -4.0324619e-15
  -4.0649604e-15
  -4.0856944e-15
  -4.1720677e-15
  -4.1759137e-15
  -4.3480555e-15
  -4.2611533e-15
  -4.3448099e-15
  -4.2415931e-15
  -4.1693365e-15
  -4.1836973e-15
  -4.0983789e-15
  -4.1888855e-15
  -4.2514434e-15
  -4.1777647e-15
  -4.4536714e-15
  -4.0023045e-15
  -3.9895761e-15
  -3.5920039e-15
  -3.4696910e-15
  -3.4641729e-15
  -3.1143434e-15
  -3.2723794e-15
  -3.2089283e-15
  -3.5111898e-15
  -3.2844426e-15
  -3.4597139e-15
  -3.1618256e-15
  -3.2074567e-15
  -2.8195755e-15
  -2.6949038e-15
  -2.6334449e-15
  -2.5668578e-15
  -2.4505734e-15
  -2.4838711e-15
  -2.3378448e-15
  -2.1962073e-15
  -1.8160178e-15
  -1.5317391e-15
  -1.2729590e-15
  -1.0611588e-15
  -7.0903807e-16
  -4.8964692e-16
  -2.7809752e-16
  -1.5811815e-16
   3.1323214e-17
   9.4510450e-17
   2.4162306e-16
   2.6472084e-16
   4.1568150e-16
   5.4388923e-16
   6.3743361e-16
   7.4347529e-16
   8.5629022e-16
   8.1334386e-16
   8.9146167e-16
   9.1679992e-16
   9.2735392e-16
   9.6400455e-16
   9.8858866e-16
   1.0196431e-15
   1.2209367e-15
   1.2271525e-15
   1.2686307e-15
   1.3963751e-15
   1.5162878e-15
   1.7036689e-15
   2.0151763e-15
   1.9846644e-15
   2.4544852e-15
   2.4880467e-15
   2.9715917e-15
   3.2420045e-15
   3.6330126e-15
   3.9596583e-15
   4.1500108e-15
   4.3416508e-15
   4.6091179e-15
   4.7040017e-15
   5.0442185e-15
   5.2156419e-15
   5.5673081e-15
   5.5907721e-15
   5.6502859e-15
   5.8163187e-15
   5.8067733e-15
   5.7598298e-15
   5.6618100e-15
   5.4972888e-15
   5.4792669e-15
   5.4395227e-15
   5.4288538e-15
   5.4792189e-15
   5.5140131e-15
   5.4340441e-15
   5.5907140e-15
   5.2864091e-15
   5.2929450e-15
   4.8677255e-15
   4.8742614e-15
   4.7266264e-15
   4.6182070e-15
   4.5713021e-15
   4.4786458e-15
   4.4528866e-15
   4.4213603e-15
   4.3014069e-15
   4.2575778e-15
   4.2306652e-15
   4.1360865e-15
   4.0153641e-15
   3.9123272e-15
   3.7816087e-15
   3.6547349e-15
   3.4548125e-15
   3.0880319e-15
   2.9396279e-15
   2.7204822e-15
   2.6005288e-15
   2.2768083e-15
   2.3137171e-15
   1.9715422e-15
   1.9776937e-15
   1.5255616e-15
   1.3448625e-15
   1.1541673e-15
   1.0003808e-15
   9.3425266e-16
   7.1049338e-16
   6.2744870e-16
   4.3367778e-16
   3.3217873e-16
   3.5524669e-16
   9.2271868e-18
   3.5370883e-17
  -1.9223306e-16
  -4.3367778e-16
  -5.7362345e-16
  -6.8742542e-16
  -8.2121963e-16
  -7.8431088e-16
  -7.7200796e-16
  -8.6735556e-16
  -9.1964295e-16
  -9.1195363e-16
  -1.0718915e-15
  -1.0580508e-15
  -1.1149517e-15
  -1.1610877e-15
  -1.2602799e-15
  -1.5270994e-15
  -1.8354412e-15
  -1.8385170e-15
  -2.2052976e-15
  -2.3760006e-15
  -2.6043735e-15
  -2.8781134e-15
  -2.9542376e-15
  -3.3510067e-15
  -3.3648475e-15
  -3.4901834e-15
  -3.5117135e-15
  -3.7639233e-15
  -3.8569641e-15
  -3.9630767e-15
  -4.0807234e-15
  -4.2083661e-15
  -4.3683040e-15
  -4.2937176e-15
  -4.3606147e-15
  -4.4882574e-15
  -4.7758381e-15
  -4.8396595e-15
  -5.0741838e-15
  -5.4240480e-15
  -5.3886771e-15
  -5.3606111e-15
  -5.2798732e-15
  -5.2233567e-15
  -5.3502305e-15
  -5.2356596e-15
  -5.1679935e-15
  -5.2525761e-15
  -5.0699547e-15
  -5.0359294e-15
  -5.0344877e-15
  -5.0306430e-15
  -5.1844775e-15
  -5.0841319e-15
  -5.0892981e-15
  -4.9945032e-15
  -5.1098430e-15
  -5.1257023e-15
  -5.2433489e-15
  -5.2990965e-15
  -5.3402344e-15
  -5.1305081e-15
  -5.0764906e-15
  -4.7919857e-15
  -4.8773372e-15
  -4.5451584e-15
  -4.4486574e-15
  -4.4724943e-15
  -4.3175545e-15
  -4.3844516e-15
  -4.1760710e-15
  -4.0368942e-15
  -4.0253602e-15
  -3.8046767e-15
  -3.6201330e-15
  -3.5878378e-15
  -3.3233251e-15
  -3.3971426e-15
  -3.2233639e-15
  -3.0987969e-15
  -2.8811891e-15
  -2.6328240e-15
  -2.3982996e-15
  -2.2152938e-15
  -1.9715422e-15
  -1.7823849e-15
  -1.7577791e-15
  -1.6009169e-15
  -1.4717363e-15
  -1.2172197e-15
  -9.3194587e-16
  -8.6735556e-16
  -6.5589920e-16
  -5.1902926e-16
  -4.8288944e-16
  -6.0284287e-16
  -5.1057100e-16
  -6.3975162e-16
  -3.3679232e-16
  -5.0749527e-16
  -3.2295154e-17
  -1.7377868e-16
  -1.3840780e-17
   1.0149905e-16
   0.0000000e+00
   3.0757289e-17
  -4.3060205e-17
  -9.3809733e-17
  -2.9219425e-17
  -8.9196139e-17
   9.8423326e-17
   2.1837675e-16
   3.8292825e-16
   5.9207782e-16
   6.2744870e-16
   7.8277301e-16
   8.9349926e-16
   1.1349440e-15
   1.1003420e-15
   1.3671615e-15
   1.6555111e-15
   2.0592005e-15
   2.2860355e-15
   2.4459734e-15
   2.7681560e-15
   2.9111774e-15
   3.2341290e-15
   3.3425484e-15
   3.5824553e-15
   3.8738806e-15
   3.9423156e-15
   4.2483506e-15
   4.0822612e-15
   4.2983312e-15
   4.4421215e-15
   4.4767235e-15
   4.6205138e-15
   4.6082109e-15
   4.7058653e-15
   4.6954847e-15
   4.8404284e-15
   4.8300478e-15
   5.0595741e-15
   5.0384285e-15
   5.0676479e-15
   5.1949062e-15
   5.1191663e-15
   5.2681470e-15
   5.2225877e-15
   5.5749509e-15
   5.3842557e-15
   5.7190296e-15
   5.4748936e-15
   5.7151849e-15
   5.5805978e-15
