   1.0867806992344626e+00
   1.0846441395486575e+00
   1.0803913231927786e+00
   1.0740623805100007e+00
   1.0657163383808779e+00
   1.0554297740824903e+00
   1.0432951100110281e+00
   1.0294186182310923e+00
   1.0139182121906070e+00
   9.9692110667897260e-01
   9.7856142633433651e-01
   9.5897783819132509e-01
   9.3831127563154537e-01
   9.1670281054615554e-01
   8.9429171849383360e-01
   8.7121376905804016e-01
   8.4759976128907344e-01
   8.2357431271894721e-01
   7.9925490044077407e-01
   7.7475114444649884e-01
   7.5016431694667052e-01
   7.2558705674066049e-01
   7.0110326474318041e-01
   6.7678815530563785e-01
   6.5270843775776466e-01
   6.2892260337859285e-01
   6.0548129453360222e-01
   5.8242773475414822e-01
   5.5979820088298293e-01
   5.3762252089699369e-01
   5.1592458351153703e-01
   4.9472284806974404e-01
   4.7403084545471735e-01
   4.5385766278798506e-01
   4.3420840647018671e-01
   4.1508463967223430e-01
   3.9648479170173551e-01
   3.7840453776330979e-01
   3.6083714852106941e-01
   3.4377380957848164e-01
   3.2720391153779338e-01
   3.1111531171076712e-01
   2.9549456884615644e-01
   2.8032715243700523e-01
   2.6559762829034739e-01
   2.5128982209896278e-01
   2.3738696276311702e-01
   2.2387180718124949e-01
   2.1072674817207798e-01
   1.9793390711454215e-01
   1.8858988638082597e-01
   1.8268109125225182e-01
   1.7708408721972366e-01
   1.7179046264112283e-01
   1.6679216375523517e-01
   1.6208150122528303e-01
   1.5765115493737542e-01
   1.5349417732360157e-01
   1.4960399544920014e-01
   1.4597441207591344e-01
   1.4259960588905032e-01
   1.3947413105370213e-01
   1.3659291624576486e-01
   1.3395126328569884e-01
   1.3154484548711104e-01
   1.2936970581807505e-01
   1.2742225496044007e-01
   1.2569926934105227e-01
   1.2419788919866447e-01
   1.2291561674120390e-01
   1.2185031443986374e-01
   1.2100020349906250e-01
   1.2036386253455726e-01
   1.1994022648579619e-01
   1.1972858578284681e-01
   1.8858988638082594e-01
   1.8268109125225179e-01
   1.7708408721972363e-01
   1.7179046264112280e-01
   1.6679216375523515e-01
   1.6208150122528300e-01
   1.5765115493737539e-01
   1.5349417732360154e-01
   1.4960399544920008e-01
   1.4597441207591341e-01
   1.4259960588905030e-01
   1.3947413105370213e-01
   1.3659291624576483e-01
   1.3395126328569881e-01
   1.3154484548711104e-01
   1.2936970581807503e-01
   1.2742225496044005e-01
   1.2569926934105224e-01
   1.2419788919866442e-01
   1.2291561674120387e-01
   1.2185031443986373e-01
   1.2100020349906247e-01
   1.2036386253455723e-01
   1.1994022648579618e-01
   1.1972858578284681e-01
