   1.1928452868482913e+00
   1.1900474675925834e+00
   1.1844837799479098e+00
   1.1762172297082576e+00
   1.1653401321003893e+00
   1.1519716056756422e+00
   1.1362544298890511e+00
   1.1183514163033763e+00
   1.0984414578348272e+00
   1.0767154235222038e+00
   1.0533720587917252e+00
   1.0286140348278312e+00
   1.0026442677491265e+00
   9.7566260138404604e-01
   9.4786291904455822e-01
   9.1943072201192022e-01
   8.9054118721997300e-01
   8.6135769505756876e-01
   8.3203080098741600e-01
   8.0269761199348144e-01
   7.7348152054155217e-01
   7.4449224431388206e-01
   7.1582611884015901e-01
   6.8756659160297473e-01
   6.5978486955857540e-01
   6.3254067664964553e-01
   6.0588308324969398e-01
   5.7985137512343654e-01
   5.5447593507321080e-01
   5.2977911572337544e-01
   5.0577608671253094e-01
   4.8247564382641278e-01
   4.5988097127580557e-01
   4.3799035140722592e-01
   4.1679781866053750e-01
   3.9629375660565963e-01
   3.7646543845818420e-01
   3.5729751265253640e-01
   3.3877243590206152e-01
   3.2087085675524535e-01
   3.0357195301808065e-01
   2.8685372660014230e-01
   2.7069325939565575e-01
   2.5506693376400696e-01
   2.3995062105424217e-01
   2.2531984144753295e-01
   2.1114989818816030e-01
   1.9741598905129801e-01
   1.8409329766547430e-01
   1.7115706707711492e-01
   1.6172626005919066e-01
   1.5578256484405198e-01
   1.5017069534266633e-01
   1.4487952303750426e-01
   1.3989847213672540e-01
   1.3521751549191252e-01
   1.3082716927700783e-01
   1.2671848672068839e-01
   1.2288305114508695e-01
   1.1931296852925632e-01
   1.1600085978556586e-01
   1.1293985291082598e-01
   1.1012357515092194e-01
   1.0754614529770684e-01
   1.0520216621949546e-01
   1.0308671771139412e-01
   1.0119534973860732e-01
   9.9524076134520897e-02
   9.8069368805539250e-02
   9.6828152486144251e-02
   9.5797800080257234e-02
   9.4976128618554173e-02
   9.4361395855754829e-02
   9.3952297526941883e-02
   9.3747965277535303e-02
   1.6172626005919066e-01
   1.5578256484405198e-01
   1.5017069534266630e-01
   1.4487952303750426e-01
   1.3989847213672538e-01
   1.3521751549191249e-01
   1.3082716927700783e-01
   1.2671848672068839e-01
   1.2288305114508694e-01
   1.1931296852925631e-01
   1.1600085978556585e-01
   1.1293985291082598e-01
   1.1012357515092194e-01
   1.0754614529770683e-01
   1.0520216621949546e-01
   1.0308671771139412e-01
   1.0119534973860730e-01
   9.9524076134520897e-02
   9.8069368805539237e-02
   9.6828152486144223e-02
   9.5797800080257220e-02
   9.4976128618554159e-02
   9.4361395855754801e-02
   9.3952297526941869e-02
   9.3747965277535289e-02
