   7.5539412313812333e+00
   1.0271310529644971e+01
  -1.1525797367756118e+01
   2.6092067354068654e-01
   1.1955186235069970e+01
  -1.3509082121245090e+01
   1.3318996474591017e+01
  -1.0100165715434313e+01
  -1.0092125258354523e+01
   1.3292883265469793e+01
  -1.3292766768007647e+01
   1.0091010204840098e+01
   1.0104779701312335e+01
  -1.3337514472856030e+01
   1.3664204939792683e+01
  -1.3337166706798280e+01
   1.0101774989374807e+01
   1.0103450665841212e+01
  -1.3342621504685994e+01
   1.3709680413525490e+01
  -1.3749815946597293e+01
   1.3754182267807591e+01
  -1.3754608239389844e+01
   1.3754200659753394e+01
  -1.3749986865089600e+01
   1.3711249220741696e+01
  -1.3356920740765359e+01
   1.0225702133685752e+01
   9.5869726568039475e+00
  -1.1421484502238945e+01
   3.2292466754678667e-01
   1.1952686028355213e+01
  -1.3554543026943112e+01
   1.3728018345565024e+01
  -1.3707281314897305e+01
   1.3342298167143133e+01
  -1.0103053561975461e+01
  -1.0103141737030162e+01
   1.3342585251680761e+01
  -1.3709675820623888e+01
   1.3749809841939427e+01
  -1.3754130171928180e+01
   1.3754130213899630e+01
  -1.3749810273952342e+01
   1.3709679790388108e+01
  -1.3342621430494948e+01
   1.0103450647360637e+01
   1.0101774993841893e+01
  -1.3337166707322032e+01
   1.3664204939850677e+01
  -1.3337514472862940e+01
   1.0104779701314055e+01
   1.0091010204839684e+01
  -1.3292766768007599e+01
   1.3292883265469786e+01
  -1.0092125258354521e+01
  -1.0100165715434315e+01
   1.3318996474591017e+01
  -1.3509082121245090e+01
   1.1955186235069970e+01
   2.6092067354068643e-01
  -1.1525797367756118e+01
   1.0271310529644971e+01
   7.5539412313812280e+00
  -1.3240274077923104e+01
   1.0135561488545925e+01
   8.9746218374833688e+00
  -9.9304428467429915e+00
  -5.6127523145562606e+00
   4.2970783761558780e+00
   1.1046126457776833e+01
  -1.3206950741148669e+01
   1.3449317607691711e+01
  -1.3475832770868093e+01
   1.3478485294129245e+01
  -1.3476543893766419e+01
   1.3455904544941218e+01
  -1.3267001695343291e+01
   1.1572752254722106e+01
   1.1753301842417012e+00
  -9.6850495923314899e+00
   1.1710819067746530e+00
   1.1566162550537637e+01
  -1.3220596386717368e+01
   1.3049943101603144e+01
  -9.9076631147801439e+00
  -9.7853322631344835e+00
   1.2660496268888753e+01
  -1.0117362438333473e+01
  -8.4770852346105681e+00
   8.4515077952043534e+00
   1.0211101964622086e+01
  -1.3062840588141430e+01
   1.3028004091930439e+01
  -9.8774639027788371e+00
  -9.8913787574113741e+00
   1.3072926473551767e+01
  -1.3434591413924405e+01
   1.3474266531238159e+01
  -1.3478706721786573e+01
   1.3480162019547098e+01
  -1.3489209495051274e+01
   1.3571682861851965e+01
  -1.4333817471432413e+01
   1.2684214620325472e+01
  -1.3340801070374768e+01
   1.1113175561747545e+01
   5.1867593087338921e+00
  -5.2604717773688066e+00
  -1.1044549521125219e+01
   1.3040424054006587e+01
  -1.0225054909447010e+01
  -9.2733234976354844e+00
   1.0324270739361678e+01
   5.0639114015909321e+00
  -4.4872639085117001e+00
  -1.0712642859279914e+01
   1.0542183915148726e+01
   5.4903394550378968e+00
  -4.6899709318339831e+00
  -1.1226063494298026e+01
   1.3472565816961096e+01
  -1.3723921313705793e+01
   1.3751368078436323e+01
  -1.3754356623055436e+01
   1.3754676432785274e+01
  -1.3754660082576223e+01
   1.3754188316049659e+01
  -1.3749820310368788e+01
   1.3709714887965252e+01
  -1.3342935079711374e+01
   1.0106128122369284e+01
   1.0090688424115090e+01
  -1.3292750342012326e+01
   1.3293064252728501e+01
  -1.0093693055005815e+01
  -1.0093693055005815e+01
   1.3293064252728501e+01
  -1.3292750342012326e+01
   1.0090688424115090e+01
   1.0106128122369284e+01
  -1.3342935079711374e+01
   1.3709714887965253e+01
  -1.3749820310368786e+01
   1.3754188316049659e+01
  -1.3754660082576223e+01
   1.3754676432785274e+01
  -1.3754356623055436e+01
   1.3751368078436323e+01
  -1.3723921313705793e+01
   1.3472565816961097e+01
  -1.1226063494298026e+01
  -4.6899709318339813e+00
   5.4903394550378986e+00
   1.0542183915148724e+01
  -1.0712642859279914e+01
  -4.4872639085116992e+00
   5.0639114015909330e+00
   1.0324270739361676e+01
  -9.2733234976354844e+00
  -1.0225054909447010e+01
   1.3040424054006587e+01
  -1.1044549521125219e+01
  -5.2604717773688039e+00
   5.1867593087338904e+00
   1.1113175561747543e+01
  -1.3340801070374768e+01
   1.2684214620325472e+01
