   1.2910787044370986e+00
   1.2322166979333580e+00
   1.1635160521109931e+00
   1.0892167946440132e+00
   1.0131907345426374e+00
   9.3868016686927647e-01
   8.6820522038603787e-01
   8.0359407291268758e-01
   7.4608358462363822e-01
   6.9644734254132001e-01
   6.5512274315484131e-01
   6.2232194634903193e-01
   5.9812083754079248e-01
   5.8252553113465011e-01
   5.7551839700305374e-01
   5.7708615218991555e-01
   5.8723205381019516e-01
   6.0597319479066780e-01
   6.3332267402401410e-01
   6.6925522398804127e-01
   7.1365399052240008e-01
   7.6623596692460971e-01
   8.2645472473133319e-01
   8.9338248096171891e-01
   9.6558028116856753e-01
   1.0409759013109263e+00
   1.1167832742053734e+00
   1.1895110033672038e+00
   1.2551125017506666e+00
   1.3093147002453136e+00
   1.3481171447469460e+00
   1.3683837994349624e+00
   1.3683837994349624e+00
   1.3481171447469458e+00
   1.3093147002453132e+00
   1.2551125017506661e+00
   1.1895110033672032e+00
   1.1167832742053723e+00
   1.0409759013109250e+00
   9.6558028116856598e-01
   8.9338248096171735e-01
   8.2645472473133141e-01
   7.6623596692460805e-01
   7.1365399052239820e-01
   6.6925522398803938e-01
   6.3332267402401221e-01
   6.0597319479066580e-01
   5.8723205381019317e-01
   5.7708615218991366e-01
   5.7551839700305185e-01
   5.8252553113464822e-01
   5.9812083754079071e-01
   6.2232194634903004e-01
   6.5512274315483954e-01
   6.9644734254131813e-01
   7.4608358462363644e-01
   8.0359407291268603e-01
   8.6820522038603620e-01
   9.3868016686927502e-01
   1.0131907345426361e+00
   1.0892167946440121e+00
   1.1635160521109922e+00
   1.2322166979333575e+00
   1.2910787044370986e+00
   1.3591980574178704e+00
   1.4303748397260863e+00
   1.4746084553580556e+00
   1.4872760183408502e+00
   1.4669903141001517e+00
   1.4159591249868921e+00
   1.3394183008655360e+00
   1.2443964216657566e+00
   1.1383150399170072e+00
   1.0278713882128421e+00
   9.1840690122885738e-01
   8.1373060313842704e-01
   7.1624756637713294e-01
   6.2723257728365489e-01
   5.4713344320125568e-01
   4.7584091746154783e-01
   4.1290154790426026e-01
   3.5767239304067416e-01
   3.0942658242845061e-01
   2.6742132106242461e-01
   2.3093903805743654e-01
   1.9931025049072804e-01
   1.7192448204959121e-01
   1.4823368798130590e-01
   1.2775119586584849e-01
   1.1004813522642785e-01
   9.4748613240456789e-02
   8.1524413701791004e-02
   7.0089681668380352e-02
   6.0195854085665829e-02
   5.1626969458655872e-02
   4.4195411428015856e-02
   3.7738094446907247e-02
   3.2113073122017936e-02
   2.7196542647225735e-02
   2.2880191263535993e-02
   1.9068863720516714e-02
   1.5678495329751047e-02
   1.2634278162949942e-02
   9.8690234999095731e-03
   7.9701450455137070e-03
   6.8893529740756522e-03
   5.9551891838058799e-03
   5.1477729483333980e-03
   4.4499204750417043e-03
   3.8467794412585274e-03
   3.3255130548115516e-03
   2.8750269495514819e-03
   2.4857331257103661e-03
   2.1493459253982849e-03
   1.8587057101953327e-03
   1.6076264940622475e-03
   1.3907642924992768e-03
   1.2035033884145955e-03
   1.0418580956043650e-03
   9.0238793001835599e-04
   7.8212438398304494e-04
   6.7850774527101478e-04
   5.8933261654534671e-04
   5.1270097578708681e-04
   4.4698177875244171e-04
   3.9077624370613916e-04
   3.4288807959297215e-04
   3.0229802400919063e-04
   2.6814214905479500e-04
   2.3969347333687902e-04
   2.1634648875830392e-04
   1.9760427276188232e-04
   1.8306791172769830e-04
   1.7242801041102748e-04
   1.6545810670725572e-04
   1.6200985158307425e-04
   1.6200985158307425e-04
   1.6545810670725574e-04
   1.7242801041102753e-04
   1.8306791172769841e-04
   1.9760427276188240e-04
   2.1634648875830406e-04
   2.3969347333687916e-04
   2.6814214905479522e-04
   3.0229802400919085e-04
   3.4288807959297231e-04
   3.9077624370613938e-04
   4.4698177875244192e-04
   5.1270097578708703e-04
   5.8933261654534692e-04
   6.7850774527101511e-04
   7.8212438398304516e-04
   9.0238793001835643e-04
   1.0418580956043652e-03
   1.2035033884145959e-03
   1.3907642924992775e-03
   1.6076264940622484e-03
   1.8587057101953335e-03
   2.1493459253982858e-03
   2.4857331257103674e-03
   2.8750269495514827e-03
   3.3255130548115516e-03
   3.8467794412585282e-03
   4.4499204750417052e-03
   5.1477729483333980e-03
   5.9551891838058799e-03
   6.8893529740756522e-03
   7.9701450455137070e-03
