   6.1772348006869660e-01
   5.9252137909430724e-01
   5.6992852076201617e-01
   5.5013394764131762e-01
   5.3327558899348793e-01
   5.1945122127507826e-01
   5.0872791832114617e-01
   5.0114978489544293e-01
   4.9674390109980193e-01
   4.9552447770249036e-01
   4.9749525036528758e-01
   5.0265013917053181e-01
   5.1097218203227568e-01
   5.2243072839153937e-01
   5.3697686449729976e-01
   5.5453704568458739e-01
   5.7500494806483493e-01
   5.9823163751776676e-01
   6.2401430452432260e-01
   6.5208404448942259e-01
   6.8209348348018961e-01
   7.1360545250819429e-01
   7.4608436700725922e-01
   7.7889240055079578e-01
   8.1129283417241305e-01
   8.4246295201381582e-01
   8.7151835976579040e-01
   8.9754948247857946e-01
   9.1966923225947694e-01
   9.3706860990034535e-01
   9.4907474993398155e-01
   9.5520425812125997e-01
   9.5520425812126009e-01
   9.4907474993398222e-01
   9.3706860990034635e-01
   9.1966923225947828e-01
   8.9754948247858113e-01
   8.7151835976579228e-01
   8.4246295201381771e-01
   8.1129283417241504e-01
   7.7889240055079778e-01
   7.4608436700726122e-01
   7.1360545250819618e-01
   6.8209348348019150e-01
   6.5208404448942447e-01
   6.2401430452432416e-01
   5.9823163751776831e-01
   5.7500494806483637e-01
   5.5453704568458884e-01
   5.3697686449730120e-01
   5.2243072839154059e-01
   5.1097218203227679e-01
   5.0265013917053292e-01
   4.9749525036528863e-01
   4.9552447770249131e-01
   4.9674390109980282e-01
   5.0114978489544382e-01
   5.0872791832114683e-01
   5.1945122127507892e-01
   5.3327558899348848e-01
   5.5013394764131796e-01
   5.6992852076201639e-01
   5.9252137909430735e-01
   6.1772348006869660e-01
   6.5957455081957472e-01
   7.1762356325558385e-01
   7.7659891979069351e-01
   8.3520803502412566e-01
   8.9184528417898501e-01
   9.4463222406053304e-01
   9.9150946956450359e-01
   1.0303839453008592e+00
   1.0593221192174429e+00
   1.0767637393890064e+00
   1.0817171809574770e+00
   1.0738936820571641e+00
   1.0537478635315163e+00
   1.0224142247869881e+00
   9.8155567722115378e-01
   9.3316024480225723e-01
   8.7932893031104598e-01
   8.2209121322477141e-01
   7.6327001851126508e-01
   7.0440218705385804e-01
   6.4670850413345660e-01
   5.9110102743968462e-01
   5.3821410072651843e-01
   4.8844721881925907e-01
   4.4201101330238479e-01
   3.9897079893939497e-01
   3.5928471900320386e-01
   3.2283536719493783e-01
   2.8945491024247855e-01
   2.5894435191523330e-01
   2.3108783793198559e-01
   2.0566294327552370e-01
   1.8244780979680308e-01
   1.6122587797579219e-01
   1.4178882069680593e-01
   1.2393815910116170e-01
   1.0748592990758458e-01
   9.2254682478663294e-02
   7.8077011445014777e-02
   6.4794774486484852e-02
   5.5449475955813940e-02
   4.9911706233401285e-02
   4.4929117092216204e-02
   4.0446695196397375e-02
   3.6414838971428075e-02
   3.2788852118550101e-02
   2.9528479029204465e-02
   2.6597480397766646e-02
   2.3963246838555788e-02
   2.1596448049484362e-02
   1.9470714959086293e-02
   1.7562352295075235e-02
   1.5850079084561028e-02
   1.4314794712667353e-02
   1.2939368309294694e-02
   1.1708449390463012e-02
   1.0608297842356043e-02
   9.6266314970568870e-03
   8.7524897052457078e-03
   7.9761114605127626e-03
   7.2888267711320141e-03
   6.6829601075619359e-03
   6.1517448774963913e-03
   5.6892479952133940e-03
   5.2903037187109897e-03
   4.9504560272605642e-03
   4.6659089042118572e-03
   4.4334839758568886e-03
   4.2505850376256425e-03
   4.1151690745706519e-03
   4.0257234547189415e-03
   3.9812490421344488e-03
   3.9812490421344496e-03
   4.0257234547189415e-03
   4.1151690745706519e-03
   4.2505850376256434e-03
   4.4334839758568903e-03
   4.6659089042118589e-03
   4.9504560272605660e-03
   5.2903037187109932e-03
   5.6892479952134001e-03
   6.1517448774963982e-03
   6.6829601075619437e-03
   7.2888267711320228e-03
   7.9761114605127748e-03
   8.7524897052457234e-03
   9.6266314970569009e-03
   1.0608297842356059e-02
   1.1708449390463029e-02
   1.2939368309294713e-02
   1.4314794712667370e-02
   1.5850079084561045e-02
   1.7562352295075256e-02
   1.9470714959086314e-02
   2.1596448049484379e-02
   2.3963246838555809e-02
   2.6597480397766667e-02
   2.9528479029204489e-02
   3.2788852118550121e-02
   3.6414838971428103e-02
   4.0446695196397396e-02
   4.4929117092216225e-02
   4.9911706233401285e-02
   5.5449475955813933e-02
