   1.1852605708548305e+00
   1.1321539016173596e+00
   1.0729407428022306e+00
   1.0106410142668778e+00
   9.4796278797220868e-01
   8.8717282225165239e-01
   8.3005785168278068e-01
   7.7795062401818149e-01
   7.3179329238649282e-01
   6.9221585745446557e-01
   6.5961448403124057e-01
   6.3422099380917540e-01
   6.1615957377556740e-01
   6.0548965639160413e-01
   6.0223538466029147e-01
   6.0640252894872682e-01
   6.1798356718536884e-01
   6.3695117275829716e-01
   6.6323979948466583e-01
   6.9671461095794163e-01
   7.3712690335284714e-01
   7.8405572473222007e-01
   8.3683700565083541e-01
   8.9448464170038322e-01
   9.5561293911151146e-01
   1.0183764779758038e+00
   1.0804505088640439e+00
   1.1390795571463666e+00
   1.1912193735846168e+00
   1.2337829322974907e+00
   1.2639732490025057e+00
   1.2796502315585565e+00
   1.2796502315585563e+00
   1.2639732490025051e+00
   1.2337829322974898e+00
   1.1912193735846157e+00
   1.1390795571463652e+00
   1.0804505088640428e+00
   1.0183764779758027e+00
   9.5561293911151035e-01
   8.9448464170038222e-01
   8.3683700565083452e-01
   7.8405572473221952e-01
   7.3712690335284681e-01
   6.9671461095794140e-01
   6.6323979948466594e-01
   6.3695117275829727e-01
   6.1798356718536940e-01
   6.0640252894872726e-01
   6.0223538466029225e-01
   6.0548965639160490e-01
   6.1615957377556829e-01
   6.3422099380917640e-01
   6.5961448403124157e-01
   6.9221585745446657e-01
   7.3179329238649371e-01
   7.7795062401818238e-01
   8.3005785168278146e-01
   8.8717282225165317e-01
   9.4796278797220934e-01
   1.0106410142668782e+00
   1.0729407428022313e+00
   1.1321539016173598e+00
   1.1852605708548307e+00
   1.2519295699331225e+00
   1.3272098696846919e+00
   1.3823293429455608e+00
   1.4123217309968055e+00
   1.4142742846970675e+00
   1.3879921287271817e+00
   1.3360444639941540e+00
   1.2631730621972530e+00
   1.1753042767941306e+00
   1.0785179109918612e+00
   9.7825366993341012e-01
   8.7886959571176204e-01
   7.8352050166929532e-01
   6.9425250615612166e-01
   6.1220446367844117e-01
   5.3783557818022776e-01
   4.7113299853567914e-01
   4.1178009910050561e-01
   3.5928254793474923e-01
   3.1305722882864701e-01
   2.7249174681116572e-01
   2.3698215910222686e-01
   2.0595535594089542e-01
   1.7888103900919552e-01
   1.5527690136999098e-01
   1.3470953260832061e-01
   1.1679276308850951e-01
   1.0118458082535198e-01
   8.7583351333739790e-02
   7.5723797422063588e-02
   6.5373014102801733e-02
   5.6326675078768991e-02
   4.8405511164742489e-02
   4.1452093256717414e-02
   3.5327923315938849e-02
   2.9910819727468313e-02
   2.5092573954133685e-02
   2.0776850756530192e-02
   1.6877302507018018e-02
   1.3315868072077033e-02
   1.0859921399532627e-02
   9.4523976433532591e-03
   8.2274258069479148e-03
   7.1613517337713647e-03
   6.2335884070888080e-03
   5.4262189658053446e-03
   4.7236510737555812e-03
   4.1123160414598490e-03
   3.5804069382807959e-03
   3.1176506692175651e-03
   2.7151096355234254e-03
   2.3650091624363313e-03
   2.0605873701823097e-03
   1.7959645947217939e-03
   1.5660298402122332e-03
   1.3663420727412058e-03
   1.1930444506272925e-03
   1.0427898358501490e-03
   9.1267614866555932e-04
   8.0019031731692891e-04
   7.0315974059291368e-04
   6.1971032597446388e-04
   5.4823029304407786e-04
   4.8733904313394091e-04
   4.3586049400898828e-04
   3.9280036459939604e-04
   3.5732697107607349e-04
   3.2875516337321016e-04
   3.0653309191190783e-04
   2.9023154893874814e-04
   2.7953567861781485e-04
   2.7423889576414667e-04
   2.7423889576414667e-04
   2.7953567861781491e-04
   2.9023154893874820e-04
   3.0653309191190799e-04
   3.2875516337321027e-04
   3.5732697107607360e-04
   3.9280036459939615e-04
   4.3586049400898844e-04
   4.8733904313394107e-04
   5.4823029304407807e-04
   6.1971032597446410e-04
   7.0315974059291379e-04
   8.0019031731692913e-04
   9.1267614866555953e-04
   1.0427898358501492e-03
   1.1930444506272927e-03
   1.3663420727412063e-03
   1.5660298402122329e-03
   1.7959645947217937e-03
   2.0605873701823093e-03
   2.3650091624363308e-03
   2.7151096355234250e-03
   3.1176506692175638e-03
   3.5804069382807950e-03
   4.1123160414598481e-03
   4.7236510737555804e-03
   5.4262189658053437e-03
   6.2335884070888062e-03
   7.1613517337713629e-03
   8.2274258069479130e-03
   9.4523976433532574e-03
   1.0859921399532626e-02
