   3.4647313726515211e-01
   3.2918954548273560e-01
   3.1524603026010700e-01
   3.0455572047990564e-01
   2.9704719578264860e-01
   2.9266787779075287e-01
   2.9138620292275452e-01
   2.9319281037760653e-01
   2.9810087880096581e-01
   3.0614565029299884e-01
   3.1738308720895103e-01
   3.3188751169298647e-01
   3.4974797665965157e-01
   3.7106300820417398e-01
   3.9593324459869150e-01
   4.2445138316560699e-01
   4.5668874968449080e-01
   4.9267775601262542e-01
   5.3238956084429379e-01
   5.7570647237985462e-01
   6.2238913433966714e-01
   6.7203944211280775e-01
   7.2406155856400700e-01
   7.7762538219442556e-01
   8.3163923059778488e-01
   8.8474089341361895e-01
   9.3531770914363532e-01
   9.8156565769713588e-01
   1.0215932902860705e+00
   1.0535679426778479e+00
   1.0758900003002150e+00
   1.0873691250443698e+00
   1.0873691250443702e+00
   1.0758900003002165e+00
   1.0535679426778504e+00
   1.0215932902860740e+00
   9.8156565769713999e-01
   9.3531770914363976e-01
   8.8474089341362372e-01
   8.3163923059778999e-01
   7.7762538219443056e-01
   7.2406155856401200e-01
   6.7203944211281252e-01
   6.2238913433967169e-01
   5.7570647237985895e-01
   5.3238956084429778e-01
   4.9267775601262914e-01
   4.5668874968449430e-01
   4.2445138316561021e-01
   3.9593324459869444e-01
   3.7106300820417665e-01
   3.4974797665965401e-01
   3.3188751169298863e-01
   3.1738308720895303e-01
   3.0614565029300062e-01
   2.9810087880096731e-01
   2.9319281037760786e-01
   2.9138620292275563e-01
   2.9266787779075387e-01
   2.9704719578264938e-01
   3.0455572047990626e-01
   3.1524603026010745e-01
   3.2918954548273588e-01
   3.4647313726515222e-01
   3.7793993462463321e-01
   4.2387054498194360e-01
   4.7365885847904404e-01
   5.2733468239104009e-01
   5.8477189106401861e-01
   6.4563311265670231e-01
   7.0930775650365863e-01
   7.7484937647151231e-01
   8.4092303038329719e-01
   9.0577854768401389e-01
   9.6726979008921310e-01
   1.0229402379904913e+00
   1.0701881288105441e+00
   1.1065076944145378e+00
   1.1297785184352773e+00
   1.1385502959122831e+00
   1.1322573729953478e+00
   1.1113066138963366e+00
   1.0770139656519493e+00
   1.0314075854744993e+00
   9.7695010667256665e-01
   9.1624584257812902e-01
   8.5178893888459895e-01
   7.8578482196017752e-01
   7.2005203987889654e-01
   6.5599335083903132e-01
   5.9461630650197128e-01
   5.3658284254455879e-01
   4.8227113706126351e-01
   4.3183821824368179e-01
   3.8527663191043576e-01
   3.4246212986978330e-01
   3.0319171833508318e-01
   2.6721274263985584e-01
   2.3424429445549397e-01
   2.0399238958020285e-01
   1.7616028365372949e-01
   1.5045510371074328e-01
   1.2659175380526666e-01
   1.0429484400035051e-01
   8.8643924438073854e-02
   7.9408874133683541e-02
   7.1135761443335652e-02
   6.3726075977442759e-02
   5.7091108456673659e-02
   5.1151079774165012e-02
   4.5834319181002475e-02
   4.1076498351788691e-02
   3.6819924094420781e-02
   3.3012889800120349e-02
   2.9609084001640692e-02
   2.6567053340416539e-02
   2.3849716636079675e-02
   2.1423926460070169e-02
   1.9260074536312011e-02
   1.7331737353389030e-02
   1.5615358523277797e-02
   1.4089964625922189e-02
   1.2736911512320336e-02
   1.1539658284789714e-02
   1.0483566420725211e-02
   9.5557217484538368e-03
   8.7447772164614083e-03
   8.0408146179773675e-03
   7.4352236406241062e-03
   6.9205968054288141e-03
   6.4906390414134589e-03
   6.1400908120640375e-03
   5.8646638693189389e-03
   5.6609888605403851e-03
   5.5265741555573624e-03
   5.4597753956493337e-03
   5.4597753956493337e-03
   5.5265741555573632e-03
   5.6609888605403851e-03
   5.8646638693189397e-03
   6.1400908120640375e-03
   6.4906390414134598e-03
   6.9205968054288159e-03
   7.4352236406241079e-03
   8.0408146179773692e-03
   8.7447772164614100e-03
   9.5557217484538368e-03
   1.0483566420725215e-02
   1.1539658284789716e-02
   1.2736911512320339e-02
   1.4089964625922194e-02
   1.5615358523277801e-02
   1.7331737353389033e-02
   1.9260074536312014e-02
   2.1423926460070169e-02
   2.3849716636079682e-02
   2.6567053340416546e-02
   2.9609084001640699e-02
   3.3012889800120356e-02
   3.6819924094420788e-02
   4.1076498351788698e-02
   4.5834319181002482e-02
   5.1151079774165012e-02
   5.7091108456673659e-02
   6.3726075977442759e-02
   7.1135761443335638e-02
   7.9408874133683527e-02
   8.8643924438073840e-02
