   3.1833530085080652e-01
   3.0170097050426370e-01
   2.8842653549419450e-01
   2.7840771885115911e-01
   2.7156191084564735e-01
   2.6783079879081739e-01
   2.6718197890214579e-01
   2.6960977215543336e-01
   2.7513536167579172e-01
   2.8380627183930851e-01
   2.9569511317788549e-01
   3.1089741642115082e-01
   3.2952826816121628e-01
   3.5171733564553431e-01
   3.7760172795140118e-01
   4.0731598963208293e-01
   4.4097837490641945e-01
   4.7867243564335282e-01
   5.2042292935473400e-01
   5.6616520313341911e-01
   6.1570766724766313e-01
   6.6868790990132243e-01
   7.2452460999953561e-01
   7.8236981136646155e-01
   8.4106927523866670e-01
   8.9914208363910209e-01
   9.5479337632383665e-01
   1.0059743461461010e+00
   1.0504993267110827e+00
   1.0862195378513440e+00
   1.1112374724728629e+00
   1.1241290054686228e+00
   1.1241290054686224e+00
   1.1112374724728613e+00
   1.0862195378513413e+00
   1.0504993267110794e+00
   1.0059743461460973e+00
   9.5479337632383232e-01
   8.9914208363909742e-01
   8.4106927523866204e-01
   7.8236981136645678e-01
   7.2452460999953106e-01
   6.6868790990131810e-01
   6.1570766724765902e-01
   5.6616520313341523e-01
   5.2042292935473033e-01
   4.7867243564334944e-01
   4.4097837490641628e-01
   4.0731598963208004e-01
   3.7760172795139857e-01
   3.5171733564553198e-01
   3.2952826816121406e-01
   3.1089741642114888e-01
   2.9569511317788377e-01
   2.8380627183930701e-01
   2.7513536167579039e-01
   2.6960977215543219e-01
   2.6718197890214479e-01
   2.6783079879081662e-01
   2.7156191084564668e-01
   2.7840771885115856e-01
   2.8842653549419411e-01
   3.0170097050426348e-01
   3.1833530085080641e-01
   3.4888356925506842e-01
   3.9368089135090240e-01
   4.4252337356705890e-01
   4.9555141006919068e-01
   5.5277354338230933e-01
   6.1401088389222813e-01
   6.7883081307699478e-01
   7.4647379148569426e-01
   8.1578174716312168e-01
   8.8514266476072101e-01
   9.5247250578036813e-01
   1.0152598543321532e+00
   1.0706965869374967e+00
   1.1159050570132840e+00
   1.1482471829954946e+00
   1.1656683960233323e+00
   1.1670025257022103e+00
   1.1521585238259096e+00
   1.1221354481645520e+00
   1.0788612540637985e+00
   1.0249021116918664e+00
   9.6311930944657298e-01
   8.9635038342065254e-01
   8.2716672411582082e-01
   7.5772732394157372e-01
   6.8972147181152477e-01
   6.2437836162679805e-01
   5.6251800402867069e-01
   5.0462136697215243e-01
   4.5090403656357209e-01
   4.0138400493131982e-01
   3.5593911932445654e-01
   3.1435299310432580e-01
   2.7635003920895673e-01
   2.4162115123940789e-01
   2.0984180593317617e-01
   1.8068427602066425e-01
   1.5382540834300423e-01
   1.2895114589568907e-01
   1.0575870954182640e-01
   8.9507006601727418e-02
   7.9945204326543909e-02
   7.1404136632531021e-02
   6.3776531072088555e-02
   5.6966076493748234e-02
   5.0886415423829698e-02
   4.5460197675302128e-02
   4.0618202164286799e-02
   3.6298529335623067e-02
   3.2445863593026342e-02
   2.9010803226984464e-02
   2.5949254197531232e-02
   2.3221883518882169e-02
   2.0793627738075034e-02
   1.8633251980080760e-02
   1.6712955163304365e-02
   1.5008017213704627e-02
   1.3496484382944872e-02
   1.2158889078998791e-02
   1.0978000928529748e-02
   9.9386060975629152e-03
   9.0273121933282536e-03
   8.2323763515724339e-03
   7.5435543781084535e-03
   6.9519690602853953e-03
   6.4499959937402975e-03
   6.0311654831631889e-03
   5.6900792741642814e-03
   5.4223410582017722e-03
   5.2244998655544949e-03
   5.0940056242075515e-03
   5.0291763169804634e-03
   5.0291763169804634e-03
   5.0940056242075515e-03
   5.2244998655544923e-03
   5.4223410582017705e-03
   5.6900792741642787e-03
   6.0311654831631855e-03
   6.4499959937402932e-03
   6.9519690602853901e-03
   7.5435543781084474e-03
   8.2323763515724270e-03
   9.0273121933282449e-03
   9.9386060975629065e-03
   1.0978000928529739e-02
   1.2158889078998782e-02
   1.3496484382944863e-02
   1.5008017213704618e-02
   1.6712955163304358e-02
   1.8633251980080749e-02
   2.0793627738075027e-02
   2.3221883518882162e-02
   2.5949254197531222e-02
   2.9010803226984457e-02
   3.2445863593026335e-02
   3.6298529335623060e-02
   4.0618202164286792e-02
   4.5460197675302121e-02
   5.0886415423829698e-02
   5.6966076493748241e-02
   6.3776531072088555e-02
   7.1404136632531021e-02
   7.9945204326543895e-02
   8.9507006601727404e-02
