   7.6259521760831817e-01
   7.3122306932150827e-01
   7.0160675618517354e-01
   6.7424907968903414e-01
   6.4955118689952029e-01
   6.2782502832299969e-01
   6.0930707472849643e-01
   5.9417177487859751e-01
   5.8254373040677154e-01
   5.7450795510247177e-01
   5.7011786514597840e-01
   5.6940082656168023e-01
   5.7236118807991410e-01
   5.7898077640769152e-01
   5.8921685122388445e-01
   6.0299753292070679e-01
   6.2021475093299583e-01
   6.4071483874790436e-01
   6.6428704823567097e-01
   6.9065049424638603e-01
   7.1944038745482142e-01
   7.5019487040143373e-01
   7.8234431016140582e-01
   8.1520544642817805e-01
   8.4798321111198849e-01
   8.7978312853189267e-01
   9.0963674228307201e-01
   9.3654129473688918e-01
   9.5951284240023205e-01
   9.7764931235763652e-01
   9.9019720094287600e-01
   9.9661346281704033e-01
   9.9661346281704044e-01
   9.9019720094287633e-01
   9.7764931235763686e-01
   9.5951284240023249e-01
   9.3654129473688974e-01
   9.0963674228307267e-01
   8.7978312853189333e-01
   8.4798321111198927e-01
   8.1520544642817871e-01
   7.8234431016140660e-01
   7.5019487040143440e-01
   7.1944038745482197e-01
   6.9065049424638658e-01
   6.6428704823567164e-01
   6.4071483874790480e-01
   6.2021475093299627e-01
   6.0299753292070724e-01
   5.8921685122388479e-01
   5.7898077640769163e-01
   5.7236118807991410e-01
   5.6940082656168023e-01
   5.7011786514597840e-01
   5.7450795510247166e-01
   5.8254373040677132e-01
   5.9417177487859718e-01
   6.0930707472849610e-01
   6.2782502832299947e-01
   6.4955118689951996e-01
   6.7424907968903391e-01
   7.0160675618517343e-01
   7.3122306932150816e-01
   7.6259521760831817e-01
   8.1197131318419558e-01
   8.7820840736482120e-01
   9.4247839332612238e-01
   1.0024316201590022e+00
   1.0554557455087068e+00
   1.0988808734670676e+00
   1.1302560102105605e+00
   1.1476561153666425e+00
   1.1499562777233576e+00
   1.1370046859270140e+00
   1.1096466723171385e+00
   1.0695929413511798e+00
   1.0191689810571538e+00
   9.6101052842130619e-01
   8.9777242873849772e-01
   8.3189953124694682e-01
   7.6548086860433517e-01
   7.0018430174455204e-01
   6.3725430777726344e-01
   5.7755087804346761e-01
   5.2160949304860138e-01
   4.6970722266104276e-01
   4.2192550216794972e-01
   3.7820467415866588e-01
   3.3838855001446533e-01
   3.0225915336564430e-01
   2.6956277922499078e-01
   2.4002886380343308e-01
   2.1338317070458218e-01
   1.8935663697964233e-01
   1.6769099630022397e-01
   1.4814206611798655e-01
   1.3048137963030243e-01
   1.1449667190215192e-01
   9.9991593203095974e-02
   8.6784917668395356e-02
   7.4709436429692661e-02
   6.3610665993843490e-02
   5.3345460113699950e-02
   4.3780582763432586e-02
   3.7079623054995806e-02
   3.3137239667075977e-02
   2.9615268397397948e-02
   2.6469152172681171e-02
   2.3659052846624864e-02
   2.1149361406276417e-02
   1.8908257202787864e-02
   1.6907311956803360e-02
   1.5121134470988848e-02
   1.3527052223317577e-02
   1.2104826286195879e-02
   1.0836396299243416e-02
   9.7056525049924857e-03
   8.6982321289904227e-03
   7.8013376440020802e-03
   7.0035746996156261e-03
   6.2948077224265816e-03
   5.6660313979599169e-03
   5.1092564340670188e-03
   4.6174081775738184e-03
   4.1842368125555255e-03
   3.8042380109855395e-03
   3.4725830359062506e-03
   3.1850574149466186e-03
   2.9380074091790386e-03
   2.7282936001267661e-03
   2.5532510073025174e-03
   2.4106552310146543e-03
   2.2986941912928266e-03
   2.2159451045751432e-03
   2.1613564061257582e-03
   2.1342343888310490e-03
   2.1342343888310490e-03
   2.1613564061257577e-03
   2.2159451045751432e-03
   2.2986941912928262e-03
   2.4106552310146539e-03
   2.5532510073025165e-03
   2.7282936001267652e-03
   2.9380074091790382e-03
   3.1850574149466172e-03
   3.4725830359062498e-03
   3.8042380109855382e-03
   4.1842368125555238e-03
   4.6174081775738167e-03
   5.1092564340670171e-03
   5.6660313979599161e-03
   6.2948077224265798e-03
   7.0035746996156226e-03
   7.8013376440020776e-03
   8.6982321289904192e-03
   9.7056525049924805e-03
   1.0836396299243413e-02
   1.2104826286195873e-02
   1.3527052223317572e-02
   1.5121134470988841e-02
   1.6907311956803353e-02
   1.8908257202787857e-02
   2.1149361406276410e-02
   2.3659052846624860e-02
   2.6469152172681167e-02
   2.9615268397397945e-02
   3.3137239667075970e-02
   3.7079623054995806e-02
