   5.5955360769596352e-01
   5.3644092233669860e-01
   5.1616428964740568e-01
   4.9882887436345941e-01
   4.8450508706003903e-01
   4.7323799818727708e-01
   4.6505496437599375e-01
   4.5997148887707856e-01
   4.5799538488150404e-01
   4.5912931769979565e-01
   4.6337178326718342e-01
   4.7071654733576329e-01
   4.8115053123887014e-01
   4.9465009469797072e-01
   5.1117564267611615e-01
   5.3066448229371577e-01
   5.5302189042249983e-01
   5.7811043882569413e-01
   6.0573777991001698e-01
   6.3564334021869640e-01
   6.6748471282096156e-01
   7.0082498085537415e-01
   7.3512271184967526e-01
   7.6972686246028665e-01
   8.0387919793972140e-01
   8.3672687863425899e-01
   8.6734738880934847e-01
   8.9478680749670803e-01
   9.1811050301740738e-01
   9.3646286038351456e-01
   9.4913009909286139e-01
   9.5559831431153708e-01
   9.5559831431153697e-01
   9.4913009909286106e-01
   9.3646286038351378e-01
   9.1811050301740649e-01
   8.9478680749670680e-01
   8.6734738880934714e-01
   8.3672687863425754e-01
   8.0387919793971985e-01
   7.6972686246028510e-01
   7.3512271184967370e-01
   7.0082498085537248e-01
   6.6748471282096011e-01
   6.3564334021869495e-01
   6.0573777991001565e-01
   5.7811043882569291e-01
   5.5302189042249850e-01
   5.3066448229371466e-01
   5.1117564267611504e-01
   4.9465009469796961e-01
   4.8115053123886914e-01
   4.7071654733576240e-01
   4.6337178326718254e-01
   4.5912931769979487e-01
   4.5799538488150332e-01
   4.5997148887707801e-01
   4.6505496437599325e-01
   4.7323799818727663e-01
   4.8450508706003875e-01
   4.9882887436345913e-01
   5.1616428964740557e-01
   5.3644092233669849e-01
   5.5955360769596363e-01
   5.9872977738212452e-01
   6.5372186602277738e-01
   7.1047477635172196e-01
   7.6804124482326896e-01
   8.2517978521320878e-01
   8.8035616806812544e-01
   9.3178226826375121e-01
   9.7750233424257982e-01
   1.0155298113962350e+00
   1.0440260975013262e+00
   1.0614982710076104e+00
   1.0669808293844594e+00
   1.0601628242866707e+00
   1.0414303644925846e+00
   1.0118139522973890e+00
   9.7285367045700699e-01
   9.2641379160519166e-01
   8.7448558612400440e-01
   8.1901228443307506e-01
   7.6175759542373211e-01
   7.0422493062459335e-01
   6.4762319760353892e-01
   5.9286865617165208e-01
   5.4061051515267045e-01
   4.9126917566954348e-01
   4.4507867500987969e-01
   4.0212775890404978e-01
   3.6239645629522005e-01
   3.2578682050512647e-01
   2.9214765614283728e-01
   2.6129370305434474e-01
   2.3302004905842305e-01
   2.0711262327432586e-01
   1.8335557872348027e-01
   1.6153627142793925e-01
   1.4144842290592693e-01
   1.2289393552366951e-01
   1.0568372598510151e-01
   8.9637854978507375e-02
   7.4585160655114613e-02
   6.3983100336595281e-02
   5.7689734995942786e-02
   5.2017678670374781e-02
   4.6906468201242363e-02
   4.2301452558970595e-02
   3.8153271336989023e-02
   3.4417371718034787e-02
   3.1053563702057443e-02
   2.8025612465125603e-02
   2.5300866139488839e-02
   2.2849916967398569e-02
   2.0646293613199359e-02
   1.8666182367072213e-02
   1.6888175001716629e-02
   1.5293041122978353e-02
   1.3863522967581969e-02
   1.2584150732050459e-02
   1.1441076657079793e-02
   1.0421926234587962e-02
   9.5156650460422130e-03
   8.7124798777059882e-03
   8.0036728894625521e-03
   7.3815677379691054e-03
   6.8394266717211770e-03
   6.3713777251849391e-03
   5.9723512417612463e-03
   5.6380250514241580e-03
   5.3647777189800728e-03
   5.1496493636386653e-03
   4.9903096306277116e-03
   4.8850324715929662e-03
   4.8326774631805118e-03
   4.8326774631805127e-03
   4.8850324715929670e-03
   4.9903096306277116e-03
   5.1496493636386670e-03
   5.3647777189800737e-03
   5.6380250514241606e-03
   5.9723512417612480e-03
   6.3713777251849409e-03
   6.8394266717211787e-03
   7.3815677379691080e-03
   8.0036728894625556e-03
   8.7124798777059899e-03
   9.5156650460422165e-03
   1.0421926234587967e-02
   1.1441076657079798e-02
   1.2584150732050462e-02
   1.3863522967581974e-02
   1.5293041122978359e-02
   1.6888175001716636e-02
   1.8666182367072220e-02
   2.0646293613199369e-02
   2.2849916967398572e-02
   2.5300866139488839e-02
   2.8025612465125607e-02
   3.1053563702057446e-02
   3.4417371718034787e-02
   3.8153271336989016e-02
   4.2301452558970588e-02
   4.6906468201242356e-02
   5.2017678670374774e-02
   5.7689734995942786e-02
   6.3983100336595281e-02
