   3.3241838228585091e-01
   3.1545927991588191e-01
   3.0185210032050297e-01
   2.9150113605535022e-01
   2.8432923810625266e-01
   2.8028082583591651e-01
   2.7932377530201680e-01
   2.8145041442572016e-01
   2.8667775082446073e-01
   2.9504696169877531e-01
   3.0662208028130178e-01
   3.2148771508117913e-01
   3.3974553209278796e-01
   3.6150911342386732e-01
   3.8689667867394972e-01
   4.1602102372229882e-01
   4.4897591075349086e-01
   4.8581806387493731e-01
   5.2654393940982969e-01
   5.7106063167849452e-01
   6.1915076122516943e-01
   6.7043211963014826e-01
   7.2431436143960137e-01
   7.7995722264576806e-01
   8.3623750564417199e-01
   8.9173495103205913e-01
   9.4474915679108373e-01
   9.9335942337206073e-01
   1.0355351304958249e+00
   1.0692949693880653e+00
   1.0928998847816571e+00
   1.1050504595402615e+00
   1.1050504595402610e+00
   1.0928998847816560e+00
   1.0692949693880636e+00
   1.0355351304958227e+00
   9.9335942337205796e-01
   9.4474915679108051e-01
   8.9173495103205580e-01
   8.3623750564416854e-01
   7.7995722264576461e-01
   7.2431436143959804e-01
   6.7043211963014515e-01
   6.1915076122516632e-01
   5.7106063167849175e-01
   5.2654393940982702e-01
   4.8581806387493476e-01
   4.4897591075348853e-01
   4.1602102372229666e-01
   3.8689667867394767e-01
   3.6150911342386544e-01
   3.3974553209278624e-01
   3.2148771508117752e-01
   3.0662208028130039e-01
   2.9504696169877409e-01
   2.8667775082445968e-01
   2.8145041442571922e-01
   2.7932377530201596e-01
   2.8028082583591579e-01
   2.8432923810625210e-01
   2.9150113605534972e-01
   3.0185210032050258e-01
   3.1545927991588174e-01
   3.3241838228585086e-01
   3.6342926641141976e-01
   4.0880005764743554e-01
   4.5812486053222279e-01
   5.1148895968889529e-01
   5.6883355242590672e-01
   6.2990011184399175e-01
   6.9416600019941499e-01
   7.6077626727871361e-01
   8.2848127440095565e-01
   8.9559554436975763e-01
   9.5999863225791970e-01
   1.0192010626711185e+00
   1.0704936490424906e+00
   1.1111834830780116e+00
   1.1388947091018655e+00
   1.1518834034232073e+00
   1.1492961929695764e+00
   1.1313049121309784e+00
   1.0990790688476095e+00
   1.0546040907127014e+00
   1.0003959525532125e+00
   9.3918378921605994e-01
   8.7362627083036160e-01
   8.0610320778238131e-01
   7.3859509036516602e-01
   6.7264107604433632e-01
   6.0935453283381202e-01
   5.4947326340732283e-01
   4.9342521336038181e-01
   4.4139621993397249e-01
   3.9339186654350705e-01
   3.4928974214091124e-01
   3.0888118971179995e-01
   2.7190320658277201e-01
   2.3806188828118222e-01
   2.0704901159672204e-01
   1.7855327164467624e-01
   1.5226747889497680e-01
   1.2789277708019203e-01
   1.0514070937208350e-01
   8.9183178088868512e-02
   7.9780091212125717e-02
   7.1367963939833218e-02
   6.3844057277777061e-02
   5.7115983339886288e-02
   5.1100770965406460e-02
   4.5723985820807715e-02
   4.0918911930338232e-02
   3.6625797293469674e-02
   3.2791163406342937e-02
   2.9367176682794476e-02
   2.6311078661891651e-02
   2.3584671273069832e-02
   2.1153853150008329e-02
   1.8988202929076100e-02
   1.7060605559223844e-02
   1.5346917832919922e-02
   1.3825669584317794e-02
   1.2477797265495433e-02
   1.1286406887009492e-02
   1.0236563583828228e-02
   9.3151053348054288e-03
   8.5104786190018759e-03
   7.8125940331255153e-03
   7.2127001202864317e-03
   6.7032738712034801e-03
   6.2779265556144421e-03
   5.9313237249739772e-03
   5.6591183988544593e-03
   5.4578966082119429e-03
   5.3251346203336321e-03
   5.2591673143663423e-03
   5.2591673143663423e-03
   5.3251346203336321e-03
   5.4578966082119420e-03
   5.6591183988544576e-03
   5.9313237249739746e-03
   6.2779265556144404e-03
   6.7032738712034783e-03
   7.2127001202864291e-03
   7.8125940331255136e-03
   8.5104786190018725e-03
   9.3151053348054236e-03
   1.0236563583828224e-02
   1.1286406887009487e-02
   1.2477797265495427e-02
   1.3825669584317787e-02
   1.5346917832919915e-02
   1.7060605559223833e-02
   1.8988202929076090e-02
   2.1153853150008319e-02
   2.3584671273069825e-02
   2.6311078661891644e-02
   2.9367176682794465e-02
   3.2791163406342930e-02
   3.6625797293469674e-02
   4.0918911930338225e-02
   4.5723985820807715e-02
   5.1100770965406467e-02
   5.7115983339886295e-02
   6.3844057277777075e-02
   7.1367963939833232e-02
   7.9780091212125731e-02
   8.9183178088868512e-02
