   1.0737105632886252e+00
   1.0265463992159485e+00
   9.7639433630571992e-01
   9.2529100223221816e-01
   8.7501957433473132e-01
   8.2706142300377106e-01
   7.8259116018138708e-01
   7.4250110340189068e-01
   7.0744197041485168e-01
   6.7786943561235846e-01
   6.5408946580433547e-01
   6.3629821929882679e-01
   6.2461439260617291e-01
   6.1910322309089938e-01
   6.1979204841533275e-01
   6.2667757104745969e-01
   6.3972495320847100e-01
   6.5885872470366713e-01
   6.8394535786812605e-01
   7.1476738719043320e-01
   7.5098928153345379e-01
   7.9211609380100845e-01
   8.3744740000232931e-01
   8.8603131961611870e-01
   9.3662641473267860e-01
   9.8768254691644985e-01
   1.0373542952108432e+00
   1.0835606334657273e+00
   1.1241002510173310e+00
   1.1568218287179179e+00
   1.1798334544893399e+00
   1.1917190726977727e+00
   1.1917190726977727e+00
   1.1798334544893399e+00
   1.1568218287179179e+00
   1.1241002510173310e+00
   1.0835606334657273e+00
   1.0373542952108434e+00
   9.8768254691644997e-01
   9.3662641473267871e-01
   8.8603131961611870e-01
   8.3744740000232942e-01
   7.9211609380100856e-01
   7.5098928153345390e-01
   7.1476738719043331e-01
   6.8394535786812627e-01
   6.5885872470366724e-01
   6.3972495320847111e-01
   6.2667757104745980e-01
   6.1979204841533275e-01
   6.1910322309089949e-01
   6.2461439260617291e-01
   6.3629821929882691e-01
   6.5408946580433547e-01
   6.7786943561235835e-01
   7.0744197041485168e-01
   7.4250110340189068e-01
   7.8259116018138697e-01
   8.2706142300377106e-01
   8.7501957433473121e-01
   9.2529100223221816e-01
   9.7639433630571992e-01
   1.0265463992159483e+00
   1.0737105632886252e+00
   1.1374743467050517e+00
   1.2141171092643332e+00
   1.2768879502982842e+00
   1.3210765327945069e+00
   1.3430065889708651e+00
   1.3407393614530234e+00
   1.3144788583778364e+00
   1.2665281290087720e+00
   1.2008133487193817e+00
   1.1221502356879340e+00
   1.0354880567701801e+00
   9.4531699709954653e-01
   8.5531949836589916e-01
   7.6825117502066198e-01
   6.8598587191652738e-01
   6.0965061000487775e-01
   5.3979142751188036e-01
   4.7653313284187343e-01
   4.1971490170967291e-01
   3.6899633406810312e-01
   3.2393555747123165e-01
   2.8404395025937507e-01
   2.4882272603234717e-01
   2.1778616018631924e-01
   1.9047536433468404e-01
   1.6646559568765831e-01
   1.4536928615396444e-01
   1.2683633730608740e-01
   1.1055274670000514e-01
   9.6238282602195177e-02
   8.3643678334093696e-02
   7.2547647588384376e-02
   6.2753906755086949e-02
   5.4088313249770405e-02
   4.6396178184520499e-02
   3.9539779015963103e-02
   3.3396077144067407e-02
   2.7854632757529686e-02
   2.2815701758113024e-02
   1.8188495478220025e-02
   1.4983926540843672e-02
   1.3134402246641386e-02
   1.1513411890522818e-02
   1.0092759682858509e-02
   8.8477316570341382e-03
   7.7566670935710659e-03
   6.8005825832139826e-03
   5.9628423487486778e-03
   5.2288691973900511e-03
   4.5858911470043531e-03
   4.0227193662391815e-03
   3.5295535974132568e-03
   3.0978116984061808e-03
   2.7199803521948986e-03
   2.3894843561237311e-03
   2.1005722230109732e-03
   1.8482161078295350e-03
   1.6280243214983143e-03
   1.4361649113584214e-03
   1.2692989798176429e-03
   1.1245225816590382e-03
   9.9931618949367020e-04
   8.9150084833683571e-04
   7.9920025655714447e-04
   7.2080811348957990e-04
   6.5496016559549641e-04
   6.0051046477820654e-04
   5.5651142573788471e-04
   5.2219733534455146e-04
   4.9697102707007732e-04
   4.8039348859262753e-04
   4.7217622172675831e-04
   4.7217622172675836e-04
   4.8039348859262753e-04
   4.9697102707007732e-04
   5.2219733534455135e-04
   5.5651142573788460e-04
   6.0051046477820644e-04
   6.5496016559549630e-04
   7.2080811348957969e-04
   7.9920025655714415e-04
   8.9150084833683550e-04
   9.9931618949366976e-04
   1.1245225816590380e-03
   1.2692989798176425e-03
   1.4361649113584210e-03
   1.6280243214983141e-03
   1.8482161078295350e-03
   2.1005722230109727e-03
   2.3894843561237311e-03
   2.7199803521948990e-03
   3.0978116984061812e-03
   3.5295535974132573e-03
   4.0227193662391832e-03
   4.5858911470043548e-03
   5.2288691973900528e-03
   5.9628423487486804e-03
   6.8005825832139852e-03
   7.7566670935710694e-03
   8.8477316570341434e-03
   1.0092759682858514e-02
   1.1513411890522818e-02
   1.3134402246641386e-02
   1.4983926540843672e-02
