   5.0635205870091671e-01
   4.8493755341666217e-01
   4.6653108544092908e-01
   4.5117597870054571e-01
   4.3889435809802757e-01
   4.2969504385982632e-01
   4.2357961530474253e-01
   4.2054678947253288e-01
   4.2059524882694266e-01
   4.2372501794571560e-01
   4.2993744165974562e-01
   4.3923376378859280e-01
   4.5161225239491554e-01
   4.6706377032210417e-01
   4.8556565603519575e-01
   5.0707376948545180e-01
   5.3151258472474527e-01
   5.5876329367638478e-01
   5.8865004631672613e-01
   6.2092471573976582e-01
   6.5525096231599678e-01
   6.9118888500040832e-01
   7.2818216480826736e-01
   7.6555024991943565e-01
   8.0248865889157528e-01
   8.3808066838330098e-01
   8.7132323487768915e-01
   9.0116872813930049e-01
   9.2658182307177572e-01
   9.4660788850180799e-01
   9.6044598935690229e-01
   9.6751707882177507e-01
   9.6751707882177462e-01
   9.6044598935690129e-01
   9.4660788850180644e-01
   9.2658182307177350e-01
   9.0116872813929771e-01
   8.7132323487768604e-01
   8.3808066838329753e-01
   8.0248865889157173e-01
   7.6555024991943199e-01
   7.2818216480826370e-01
   6.9118888500040465e-01
   6.5525096231599322e-01
   6.2092471573976249e-01
   5.8865004631672302e-01
   5.5876329367638178e-01
   5.3151258472474239e-01
   5.0707376948544902e-01
   4.8556565603519308e-01
   4.6706377032210172e-01
   4.5161225239491332e-01
   4.3923376378859075e-01
   4.2993744165974368e-01
   4.2372501794571393e-01
   4.2059524882694116e-01
   4.2054678947253149e-01
   4.2357961530474136e-01
   4.2969504385982527e-01
   4.3889435809802668e-01
   4.5117597870054504e-01
   4.6653108544092864e-01
   4.8493755341666189e-01
   5.0635205870091660e-01
   5.4332699337497747e-01
   5.9577296728655316e-01
   6.5062592775416650e-01
   7.0721783803119231e-01
   7.6461305880195074e-01
   8.2158495385539343e-01
   8.7661706947873519e-01
   9.2794097732222902e-01
   9.7362070872216833e-01
   1.0116869889760312e+00
   1.0403130199811075e+00
   1.0580095140908856e+00
   1.0638048114591725e+00
   1.0573721002413021e+00
   1.0390738769892951e+00
   1.0099126820422901e+00
   9.7140024414152382e-01
   9.2537562516986160e-01
   8.7381042573885970e-01
   8.1863474858553609e-01
   7.6160548472133438e-01
   7.0422447893762019e-01
   6.4770288988456404e-01
   5.9296159962155492e-01
   5.4065557088494043e-01
   4.9121114919106257e-01
   4.4486786517644294e-01
   4.0171911824813872e-01
   3.6174855228136615e-01
   3.2486072619362194e-01
   2.9090584857408203e-01
   2.5969901053696315e-01
   2.3103466323144950e-01
   2.0469717582852009e-01
   1.8046827340528626e-01
   1.5813205720201354e-01
   1.3747819224569749e-01
   1.1830373156495450e-01
   1.0041394295307957e-01
   8.3622417423474288e-02
   7.1791029592164116e-02
   6.4763626281488754e-02
   5.8426295539167866e-02
   5.2712390792540149e-02
   4.7561588243044635e-02
   4.2919337770902073e-02
   3.8736349643818883e-02
   3.4968118458077589e-02
   3.1574484308309635e-02
   2.8519230230739417e-02
   2.5769714358639079e-02
   2.3296534868709674e-02
   2.1073225610295364e-02
   1.9075980242710081e-02
   1.7283402721094559e-02
   1.5676282040479987e-02
   1.4237389251367855e-02
   1.2951294884176070e-02
   1.1804205054590365e-02
   1.0783814660492217e-02
   9.8791762192100528e-03
   9.0805830284451747e-03
   8.3794654635749848e-03
   7.7682993471535665e-03
   7.2405254428973545e-03
   6.7904792362361447e-03
   6.4133302668699472e-03
   6.1050303761223763e-03
   5.8622703237614917e-03
   5.6824443159836030e-03
   5.5636220690839172e-03
   5.5045281126547569e-03
   5.5045281126547560e-03
   5.5636220690839172e-03
   5.6824443159836030e-03
   5.8622703237614926e-03
   6.1050303761223763e-03
   6.4133302668699481e-03
   6.7904792362361455e-03
   7.2405254428973553e-03
   7.7682993471535683e-03
   8.3794654635749866e-03
   9.0805830284451782e-03
   9.8791762192100546e-03
   1.0783814660492219e-02
   1.1804205054590367e-02
   1.2951294884176071e-02
   1.4237389251367857e-02
   1.5676282040479987e-02
   1.7283402721094562e-02
   1.9075980242710084e-02
   2.1073225610295367e-02
   2.3296534868709681e-02
   2.5769714358639086e-02
   2.8519230230739420e-02
   3.1574484308309649e-02
   3.4968118458077596e-02
   3.8736349643818897e-02
   4.2919337770902080e-02
   4.7561588243044642e-02
   5.2712390792540149e-02
   5.8426295539167866e-02
   6.4763626281488754e-02
   7.1791029592164102e-02
