   7.8335802493635021e-01
   7.5100978356715831e-01
   7.2024572700534439e-01
   6.9162937003941849e-01
   6.6561404049304507e-01
   6.4255494478650654e-01
   6.2272330291141964e-01
   6.0632071376532315e-01
   5.9349247571938091e-01
   5.8433905072647807e-01
   5.7892520213030596e-01
   5.7728656389812905e-01
   5.7943353381045648e-01
   5.8535245201527042e-01
   5.9500405685778557e-01
   6.0831922892129064e-01
   6.2519206829280827e-01
   6.4547042618858830e-01
   6.6894415783947858e-01
   6.9533160539986205e-01
   7.2426517786420075e-01
   7.5527737396225225e-01
   7.8778916752876926e-01
   8.2110326767341979e-01
   8.5440523756922626e-01
   8.8677559638230519e-01
   9.1721558599366426e-01
   9.4468803083209718e-01
   9.6817256876849356e-01
   9.8673166865909889e-01
   9.9958081500254414e-01
   1.0061538747018202e+00
   1.0061538747018204e+00
   9.9958081500254470e-01
   9.8673166865909989e-01
   9.6817256876849489e-01
   9.4468803083209874e-01
   9.1721558599366615e-01
   8.8677559638230707e-01
   8.5440523756922826e-01
   8.2110326767342179e-01
   7.8778916752877126e-01
   7.5527737396225414e-01
   7.2426517786420264e-01
   6.9533160539986372e-01
   6.6894415783948014e-01
   6.4547042618858963e-01
   6.2519206829280949e-01
   6.0831922892129153e-01
   5.9500405685778635e-01
   5.8535245201527120e-01
   5.7943353381045715e-01
   5.7728656389812971e-01
   5.7892520213030640e-01
   5.8433905072647851e-01
   5.9349247571938124e-01
   6.0632071376532337e-01
   6.2272330291141986e-01
   6.4255494478650677e-01
   6.6561404049304529e-01
   6.9162937003941871e-01
   7.2024572700534450e-01
   7.5100978356715820e-01
   7.8335802493635021e-01
   8.3385296474502424e-01
   9.0122701014366247e-01
   9.6609986356513278e-01
   1.0259508381812856e+00
   1.0780224190405641e+00
   1.1195576645647627e+00
   1.1481068211860883e+00
   1.1618521719655877e+00
   1.1598786790199365e+00
   1.1423193313963860e+00
   1.1103336499540299e+00
   1.0659256308171994e+00
   1.0116524006672920e+00
   9.5029767695569489e-01
   8.8457877815707286e-01
   8.1693087107452678e-01
   7.4938210919990311e-01
   6.8351002466064048e-01
   6.2045753169664730e-01
   5.6098478895058279e-01
   5.0553700285619463e-01
   4.5431425781841744e-01
   4.0733519643175514e-01
   3.6449076845113471e-01
   3.2558714671397426e-01
   2.9037853021732324e-01
   2.5859129590104829e-01
   2.2994116055370684e-01
   2.0414492273213952e-01
   1.8092813378959571e-01
   1.6002979128092609e-01
   1.4120490569881478e-01
   1.2422558341187924e-01
   1.0888110012404585e-01
   9.4977307829559363e-02
   8.2335618661249943e-02
   7.0791735072397929e-02
   6.0194241738248049e-02
   5.0403135571040453e-02
   4.1288342430616159e-02
   3.4907333052847031e-02
   3.1157743665521424e-02
   2.7812051523692524e-02
   2.4826992256883951e-02
   2.2163934444729562e-02
   1.9788392189774524e-02
   1.7669587437389434e-02
   1.5780057536786574e-02
   1.4095303784864796e-02
   1.2593476985032638e-02
   1.1255096361819488e-02
   1.0062798482878419e-02
   9.0011131426246029e-03
   8.0562634499728430e-03
   7.2159876329226432e-03
   6.4693803234367724e-03
   5.8067513167524296e-03
   5.2195000103370907e-03
   4.7000039200377070e-03
   4.2415198457492918e-03
   3.8380964174778505e-03
   3.4844968963844473e-03
   3.1761312356636037e-03
   2.9089965242843803e-03
   2.6796250440009623e-03
   2.4850392678452131e-03
   2.3227132176950075e-03
   2.1905396805435595e-03
   2.0868028587799950e-03
   2.0101561000689990e-03
   1.9596044181685542e-03
   1.9344915780807673e-03
   1.9344915780807668e-03
   1.9596044181685542e-03
   2.0101561000689981e-03
   2.0868028587799946e-03
   2.1905396805435586e-03
   2.3227132176950062e-03
   2.4850392678452118e-03
   2.6796250440009610e-03
   2.9089965242843790e-03
   3.1761312356636024e-03
   3.4844968963844460e-03
   3.8380964174778492e-03
   4.2415198457492901e-03
   4.7000039200377052e-03
   5.2195000103370890e-03
   5.8067513167524279e-03
   6.4693803234367698e-03
   7.2159876329226406e-03
   8.0562634499728395e-03
   9.0011131426245995e-03
   1.0062798482878416e-02
   1.1255096361819487e-02
   1.2593476985032636e-02
   1.4095303784864795e-02
   1.5780057536786574e-02
   1.7669587437389434e-02
   1.9788392189774528e-02
   2.2163934444729565e-02
   2.4826992256883954e-02
   2.7812051523692524e-02
   3.1157743665521428e-02
   3.4907333052847038e-02
