   8.2557375647913644e-01
   7.9118827735539010e-01
   7.5798739749700250e-01
   7.2667292977263875e-01
   6.9781818125364747e-01
   6.7187838454097748e-01
   6.4920534563532284e-01
   6.3006367054535251e-01
   6.1464664812248448e-01
   6.0309050512703888e-01
   5.9548625037070979e-01
   5.9188867748212981e-01
   5.9232231843216643e-01
   5.9678426327737755e-01
   6.0524382024843359e-01
   6.1763901882716588e-01
   6.3386999058842830e-01
   6.5378933220940982e-01
   6.7718969683076091e-01
   7.0378910817034357e-01
   7.3321487550406383e-01
   7.6498752030247441e-01
   7.9850678766226468e-01
   8.3304253275523588e-01
   8.6773389073059548e-01
   9.0160041531726121e-01
   9.3356849793084518e-01
   9.6251505716663799e-01
   9.8732806908961834e-01
   1.0069801626972370e+00
   1.0206078461763137e+00
   1.0275859761050841e+00
   1.0275859761050841e+00
   1.0206078461763142e+00
   1.0069801626972377e+00
   9.8732806908961901e-01
   9.6251505716663877e-01
   9.3356849793084606e-01
   9.0160041531726220e-01
   8.6773389073059648e-01
   8.3304253275523699e-01
   7.9850678766226579e-01
   7.6498752030247530e-01
   7.3321487550406472e-01
   7.0378910817034446e-01
   6.7718969683076180e-01
   6.5378933220941060e-01
   6.3386999058842886e-01
   6.1763901882716632e-01
   6.0524382024843393e-01
   5.9678426327737788e-01
   5.9232231843216665e-01
   5.9188867748213003e-01
   5.9548625037070990e-01
   6.0309050512703899e-01
   6.1464664812248448e-01
   6.3006367054535251e-01
   6.4920534563532284e-01
   6.7187838454097759e-01
   6.9781818125364747e-01
   7.2667292977263886e-01
   7.5798739749700250e-01
   7.9118827735539010e-01
   8.2557375647913656e-01
   8.7832483068346046e-01
   9.4789905902952865e-01
   1.0137790932437174e+00
   1.0730878593283928e+00
   1.1227846096265044e+00
   1.1599736546909956e+00
   1.1822712255912358e+00
   1.1881561565365071e+00
   1.1772152603196473e+00
   1.1502127839167571e+00
   1.1089628740395434e+00
   1.0560433868511561e+00
   9.9443103163647006e-01
   9.2714559333442126e-01
   8.5696841506829879e-01
   7.8626429635948158e-01
   7.1690372832996863e-01
   6.5026308529258270e-01
   5.8727442813923680e-01
   5.2849957260830549e-01
   4.7420997262879311e-01
   4.2446117324691246e-01
   3.7915633911331720e-01
   3.3809722854843477e-01
   3.0102320698838242e-01
   2.6763994333418728e-01
   2.3763975174260868e-01
   2.1071546341132794e-01
   1.8656945597208216e-01
   1.6491915923849979e-01
   1.4550006069025495e-01
   1.2806698019903201e-01
   1.1239417846431302e-01
   9.8274704656055881e-02
   8.5519269002067744e-02
   7.3954837749399330e-02
   6.3423083891590779e-02
   5.3778781248409742e-02
   4.4888197106143404e-02
   3.6627515984612717e-02
   3.0853209071559470e-02
   2.7468725570032625e-02
   2.4456427436303774e-02
   2.1775573509536256e-02
   1.9389883709525626e-02
   1.7267057131558596e-02
   1.5378341111492220e-02
   1.3698146300134453e-02
   1.2203703149832951e-02
   1.0874755594183598e-02
   9.6932880765990340e-03
   8.6432824443248967e-03
   7.7105015650278204e-03
   6.8822968399968685e-03
   6.1474370800015145e-03
   5.4959564769454499e-03
   4.9190196474817238e-03
   4.4088019450404916e-03
   3.9583834358661108e-03
   3.5616551143877757e-03
   3.2132360953043546e-03
   2.9084006658605527e-03
   2.6430142135660637e-03
   2.4134771636067807e-03
   2.2166761678607096e-03
   2.0499418851005007e-03
   1.9110127808793002e-03
   1.7980044569028159e-03
   1.7093840944485588e-03
   1.6439496655871360e-03
   1.6008136305075435e-03
   1.5793909000089770e-03
   1.5793909000089770e-03
   1.6008136305075429e-03
   1.6439496655871351e-03
   1.7093840944485577e-03
   1.7980044569028142e-03
   1.9110127808792982e-03
   2.0499418851004985e-03
   2.2166761678607066e-03
   2.4134771636067772e-03
   2.6430142135660598e-03
   2.9084006658605488e-03
   3.2132360953043499e-03
   3.5616551143877705e-03
   3.9583834358661056e-03
   4.4088019450404864e-03
   4.9190196474817168e-03
   5.4959564769454430e-03
   6.1474370800015075e-03
   6.8822968399968616e-03
   7.7105015650278125e-03
   8.6432824443248898e-03
   9.6932880765990253e-03
   1.0874755594183589e-02
   1.2203703149832943e-02
   1.3698146300134446e-02
   1.5378341111492212e-02
   1.7267057131558589e-02
   1.9389883709525615e-02
   2.1775573509536246e-02
   2.4456427436303767e-02
   2.7468725570032618e-02
   3.0853209071559466e-02
